487
655
343
687
487
731
383
703
351
779
299
583
415
739
331
655
395
627
519
735
475
683
323
703
431
663
539
503
423
739
555
695
607
739
519
687
419
615
483
635
387
631
563
639
443
659
467
783
479
723
483
783
463
615
463
575
355
583
543
827
387
715
479
611
491
827
487
655
619
623
247
667
431
595
367
719
523
651
475
651
431
607
531
731
399
571
463
599
439
719
527
719
471
731
359
679
447
691
383
667
399
639
467
711
435
831
307
615
479
571
415
755
567
735
435
571
347
607
467
559
471
607
439
759
499
707
379
615
627
679
611
659
499
687
419
507
415
575
375
435
451
579
447
747
535
675
507
719
591
759
479
611
583
671
383
723
423
751
263
651
459
615
355
867
487
787
543
659
507
791
383
519
559
675
547
727
435
635
523
583
383
683
367
463
559
631
419
567
431
707
555
583
371
751
403
843
471
679
455
687
471
767
455
635
491
751
643
635
483
627
519
731
479
723
335
455
339
639
467
555
427
755
367
691
451
755
419
799
367
551
307
731
515
635
531
655
515
567
535
699
543
783
431
747
371
587
339
563
471
611
359
595
399
683
339
679
579
431
527
635
347
747
507
619
567
587
411
691
567
635
387
747
651
735
391
507
443
719
451
595
563
619
271
555
475
719
583
611
439
599
519
659
435
711
499
647
639
439
475
603
583
747
427
611
531
603
451
747
427
707
407
723
547
667
375
691
479
627
459
623
443
555
447
591
327
651
535
655
471
743
551
559
503
683
499
815
507
599
439
515
495
647
383
755
535
539
563
595
435
687
443
827
407
639
451
635
415
743
455
731
443
643
411
611
503
599
435
531
563
595
555
579
503
711
447
611
487
559
351
659
587
611
555
759
503
639
583
663
347
819
363
683
371
751
343
879
239
747
471
707
435
691
507
623
487
567
495
699
471
683
423
559
595
719
487
511
563
727
487
739
631
759
535
647
447
715
475
639
531
663
603
647
375
747
419
759
419
659
503
663
579
611
459
563
403
687
475
639
459
747
491
635
547
647
483
507
415
703
547
859
627
695
575
719
467
691
455
707
463
839
403
455
579
767
479
823
491
635
487
775
439
631
519
771
507
631
507
651
387
759
327
691
575
695
491
671
539
511
99
419
283
435
139
527
431
703
483
707
423
579
595
547
391
595
543
467
343
459
395
523
383
275
419
475
383
559
435
283
479
299
403
483
471
403
455
403
267
459
451
327
519
419
543
511
463
351
519
379
443
499
435
531
451
379
455
475
475
387
495
483
599
479
379
367
407
415
503
475
355
423
535
291
439
235
391
463
431
615
371
399
415
355
571
463
415
415
535
455
503
623
531
503
451
383
423
339
475
419
419
567
335
335
467
299
371
431
455
343
487
375
291
379
519
343
491
423
547
515
391
419
347
427
347
415
567
531
583
459
599
447
443
363
443
435
619
495
363
423
607
355
339
395
699
415
347
387
463
383
395
527
427
351
355
459
475
415
499
483
555
527
467
479
471
507
523
355
427
375
431
407
435
483
387
503
475
455
483
419
571
411
411
487
559
543
655
447
587
527
355
435
547
383
551
367
455
471
399
431
403
435
395
263
559
259
387
527
475
407
367
495
295
399
379
467
463
543
543
351
471
435
463
539
539
447
511
419
467
423
439
311
503
339
491
471
491
411
579
467
435
427
419
403
399
323
443
467
591
495
543
663
531
407
439
467
351
187
487
535
547
359
427
415
383
359
527
579
603
411
499
495
435
443
471
363
591
371
511
299
383
635
407
343
475
547
407
391
511
583
367
447
603
347
375
375
423
531
327
383
443
419
411
495
447
347
319
455
547
443
491
399
395
495
535
439
511
347
479
355
447
403
403
519
331
431
355
455
443
451
439
339
619
491
535
495
503
251
383
407
547
315
399
427
443
423
423
403
343
427
511
419
367
507
395
287
475
507
315
323
439
527
499
571
543
323
367
511
491
527
451
403
407
487
383
419
451
447
515
487
443
491
491
355
579
375
359
515
443
367
471
491
435
403
559
355
539
503
423
327
403
319
619
503
467
475
359
323
359
487
475
479
423
547
491
403
503
355
179
411
403
459
539
395
423
511
459
335
471
291
455
283
595
447
387
351
487
555
431
483
335
391
443
375
531
487
535
463
443
471
383
515
399
319
499
287
483
407
459
511
379
407
399
303
527
255
535
267
431
411
263
423
447
419
495
539
607
311
491
419
475
487
515
479
479
411
475
427
487
371
551
435
499
411
499
415
567
323
431
267
287
423
643
287
411
479
483
367
571
335
499
503
435
323
363
463
367
383
331
487
587
555
79
283
0
359
