1539
1919
1527
1671
1579
1867
1551
1698
1531
1703
1475
1855
1627
1891
1555
1887
1559
1702
1583
1895
1630
1918
1519
1958
1891
2039
1731
1738
1683
1971
1543
1895
1543
1738
1651
1939
1711
1990
1491
1854
1523
1719
1579
1723
1519
1751
1555
1879
1495
1727
1575
1858
1663
1619
1451
1883
1467
1871
1470
1863
1607
1663
1635
1707
1675
1879
1647
1683
1579
1935
1619
1851
1591
1871
1387
1959
1619
1746
1687
1911
1687
1747
1519
1727
1647
1955
1611
1659
1471
1707
1747
1907
1438
1739
1499
1699
1599
1923
1579
1906
1595
1859
1423
1695
1639
1871
1447
1655
1595
1611
1459
1619
1623
1882
1547
1727
1530
1738
1523
1639
1555
1747
1551
1731
1599
1847
1431
1855
1495
1987
1415
1939
1703
1647
1567
1667
1591
1847
1466
1707
1623
1939
1583
1931
1671
1887
1951
1955
1643
1739
1659
1955
1623
1971
1523
1859
1559
1735
1626
1871
1619
1959
1426
1983
1627
1891
1599
1627
1723
1867
1979
1795
1647
2007
1527
1859
1623
1854
1683
1735
1619
1879
1571
1947
1659
1727
1475
1875
1730
1867
1667
1871
1535
1742
1659
1695
1467
1962
1659
1903
1367
1922
1507
1878
1587
1703
1562
1899
1503
1627
1379
1715
1571
1679
1563
1891
1691
1887
1571
1751
1631
1591
1491
1975
1587
1715
1459
1739
1579
1875
1539
1747
1599
1699
1751
1979
1527
1879
1479
1947
1707
1923
1551
1607
1615
1671
1527
1731
1459
1674
1523
1619
1595
1899
1655
1723
1551
1751
1611
1915
1519
1911
1495
1922
1534
1867
1499
1691
1515
1699
1427
1862
1755
1847
1667
1871
1619
2003
1539
1898
1570
1911
1495
1722
1639
1899
1603
1723
1859
2175
1539
1731
1599
1943
1679
1731
1535
1919
1539
1659
1663
1659
1639
1887
1514
1747
1515
1927
1495
1710
1587
1931
1483
1879
1591
1939
1675
1883
1455
1927
1571
2019
1619
1987
1415
1695
1679
1863
1535
1858
1995
1779
1723
1886
1507
1991
1582
1879
1510
1727
1635
1739
1527
1871
1567
1719
1583
1627
1603
1947
1583
1863
1518
1727
1594
1703
1559
1751
1491
1666
1691
1955
1531
1743
1623
1738
1583
1887
1578
1907
1443
1679
1663
1906
1407
1731
1475
1735
1711
1643
1506
1935
1527
1863
1607
1943
1490
1703
1559
1843
1655
1859
1575
1939
1443
1951
1655
1687
1527
1919
1507
1751
1539
1882
1435
1715
1675
1955
1507
1730
1439
1863
1599
1999
1551
1871
1603
1723
1522
1899
1415
1899
1538
2035
1515
1679
1599
1847
1603
1711
1635
1979
1647
1719
1603
1875
1647
1683
1479
1655
1599
1843
1614
1739
1699
1675
1631
1682
1615
1923
1491
1738
1555
1878
1639
1866
1559
1739
1431
1847
1622
1855
1671
2023
1519
1875
1555
1855
1579
1630
1470
1887
1523
1987
1655
1611
1619
1683
1543
1843
1663
1879
1651
1927
1439
1879
1547
1855
1558
1867
1459
2007
1643
1735
1583
1935
1915
1455
1295
1439
1203
1443
1335
1919
1471
1879
1626
1867
1543
1871
1587
1567
1539
1483
1403
1431
1407
1467
1571
1506
1419
1483
1623
1519
1323
1459
1623
1635
1519
1415
1547
1591
1507
1579
1583
1647
1543
1523
1567
1667
1687
1607
1591
1659
1691
1583
1607
1551
1667
1507
1523
1499
1587
1455
1511
1619
1543
1439
1883
1611
1639
1643
1579
1514
1483
1499
1575
1547
1587
1511
1598
1615
1518
1555
1547
1591
1467
1555
1579
1551
1531
1570
1495
1551
1691
1471
1559
1591
1502
1583
1667
1551
1531
1551
1599
1863
1339
1423
1563
1563
1495
1555
1387
1519
1543
1583
1527
1654
1495
1579
1487
1495
1535
1563
1503
1659
1407
1531
1531
1531
1531
1531
1531
1531
1531
1531
1531
1531
1531
1531
1531
1531
1531
1531
1531
1531
1531
1531
1531
1531
1531
1531
1531
1467
1543
1487
1539
1575
1515
1495
1494
1615
1539
1631
1555
1678
1447
1575
1383
1542
1706
1539
1531
1546
1586
1487
1467
1595
1551
1439
1499
1611
1531
1646
1586
1659
1547
1598
1555
1559
1543
1443
1583
1419
1643
1550
1426
1587
1543
1575
1443
1623
1599
1411
1575
1487
1487
1715
1639
1506
1475
1571
1535
1415
1475
1551
1543
1598
1562
1430
1558
1487
1691
1515
1639
1519
1482
1451
1547
1519
1670
1631
1431
1659
1651
1531
1511
1559
1703
1575
1559
1627
1567
1571
1562
1523
1527
1563
1615
1467
1607
1559
1567
1559
1563
1567
1599
1499
1531
1559
1611
1627
1714
1682
1659
1531
1575
1399
1539
1535
1534
1571
1543
1647
1575
1643
1567
1674
1431
1599
1591
1607
1547
1495
1651
1651
1511
1675
1571
1551
1547
1543
1519
1695
1611
1447
1603
1519
1723
1594
1599
1571
1587
1403
1599
1603
1563
1467
1911
1463
1535
1551
1439
1467
1439
1515
1526
1527
1579
1523
1527
1747
1587
1527
1559
1527
1667
1599
1654
1579
1495
1663
1651
1419
1462
1587
1635
1479
1619
1595
1523
1415
1535
1543
1623
1518
1487
1639
1595
1531
1651
1459
1475
1703
1547
1643
1643
1631
1591
1587
1563
1607
1487
1439
1423
1619
1518
1551
1631
1699
1687
1615
1602
1719
1467
1483
1458
1423
1555
1515
1523
1519
1631
1503
1394
1519
1711
1499
1479
1586
1471
1555
1635
1599
1551
1623
1619
1478
1555
1539
1491
1527
1639
1623
1603
1571
1475
1395
1559
1655
1519
1387
1579
1539
1603
1587
1643
1491
1614
1414
1587
1687
1523
1659
1619
1607
1531
1479
1551
1579
1523
1483
1615
1546
1511
1431
1603
1522
1467
1503
1531
1619
1551
1398
1570
1459
1655
1539
1515
1518
1503
1587
1587
1431
1579
1543
1527
1511
1491
1467
1622
1654
1498
1499
1498
1599
1623
1635
1682
1595
1335
1555
1627
1519
1535
1623
1630
1511
1691
1599
1519
1555
1646
1411
1671
1595
1551
1615
1483
1547
1431
1566
1603
1611
1667
1447
1615
1619
1558
1511
1535
1559
1475
1595
1591
1543
1491
1466
1579
1470
1566
1491
1659
1527
1607
1499
1715
1635
1531
1375
1475
1367
1515
1531
1438
1435
1551
1623
958
1067
1691
1871
1535
1083
