1575
1904
1554
1759
1539
1721
1673
1726
1602
1717
1687
1887
1489
1818
1498
1752
1589
1791
1613
1829
1569
1728
1523
1768
1582
1850
1506
1841
1605
1746
1545
1711
1647
1931
1679
1900
1499
1707
1532
1750
1577
1687
1591
1773
1635
1738
1579
1759
1711
1878
1670
1799
1703
1865
1547
1732
1637
1895
1671
1824
1573
1777
1585
1793
1733
1894
1612
1713
1577
1703
1636
1884
1617
1680
1466
1953
1627
1894
1635
1706
1663
1819
1586
1763
1661
1774
1695
1700
1565
1690
1446
1715
1634
1663
1623
1887
1562
1823
1654
1718
1716
1747
1708
1643
1685
1794
1271
1794
1503
1843
1547
1688
1648
1817
1591
1814
1671
1810
1509
1786
1765
1842
1561
1745
1649
1835
1650
1811
1601
1749
1597
1851
1582
2020
1695
1854
1649
1806
1561
1815
1635
1818
1635
1813
1593
1806
1600
1872
1759
1939
1717
1913
1673
1867
1669
1890
1719
1770
1481
1955
1778
1767
1631
1730
1722
1776
1645
1887
1470
1933
1521
1829
1679
1747
1641
1957
1661
1806
1619
1733
1563
1869
1537
1835
1614
1746
1553
1670
1581
1875
1614
1919
1733
1951
1560
1910
1481
1771
1535
1739
1654
1806
1541
1782
1670
1780
1711
1837
1638
1802
1443
1982
1581
1811
1495
1853
1646
1758
1675
1669
1595
1785
1622
1811
1534
1918
1525
1767
1723
1775
1503
1807
1595
1841
1490
1779
1602
1765
1683
1746
1618
1753
1565
1734
1629
1827
1587
1881
1627
1861
1456
1749
1625
1835
1715
1883
1587
1915
1501
1793
1528
1982
1573
1619
1655
1986
1753
1794
1583
1890
1627
1971
1642
1698
1538
1698
1639
1646
1555
1875
1591
1747
1609
1692
1554
1687
1743
1875
1541
1723
1479
1699
1803
1871
1557
1739
1611
1826
1437
1815
1577
1863
1603
1787
1669
1922
1565
1860
1511
1867
1618
1737
1675
2317
1695
1819
1491
1839
1690
1770
1587
1875
1555
1839
1707
1882
1606
1953
1703
1793
1651
1663
1703
1873
1626
1673
1563
1743
1561
1615
1618
1905
1584
1719
1615
1763
1589
1846
1654
1785
1701
1723
1577
1791
1559
1808
1494
1690
1511
1787
1722
1967
1571
1735
1643
1827
1553
1671
1589
1742
1579
1799
1635
1736
1659
1662
1697
1719
1634
1811
1546
1840
1519
1760
1647
1730
1669
1637
1636
1729
1475
1681
1539
1841
1718
1736
1666
1790
1590
1686
1689
1978
1734
1822
1666
1854
1513
1847
1667
1801
1503
1791
1616
1870
1590
1814
1653
1839
1503
1723
1603
1775
1589
1708
1585
1721
1575
1627
1497
1821
1610
1748
1454
1863
1699
1706
1596
1883
1649
1840
1620
1898
1407
1650
1687
1752
1591
1949
1679
1742
1567
1705
1615
1785
1575
1787
1531
1893
1577
1839
1410
1866
1551
1627
1614
1872
1582
1778
1497
1826
1597
1836
1590
1794
1647
1675
1571
1690
1510
1870
1527
1763
1497
1891
1580
1771
1507
1682
1642
1843
1674
1670
1495
1706
1551
1613
1559
1609
1369
1498
1391
1324
1159
1746
1592
1831
1625
1640
1599
1759
1563
1577
1571
1573
1633
1615
1500
1482
1675
1587
1594
1571
1634
1294
1558
1518
1519
1508
1604
1529
1531
1541
1559
1685
1563
1482
1515
1495
1719
1575
1588
1534
1666
1678
1611
1441
1635
1601
1563
1672
1655
1475
1743
1451
1547
1515
1546
1632
1630
1567
1655
1473
1610
1533
1593
1525
1624
1638
1569
1659
1623
1397
1615
1566
1603
1638
1599
1571
1697
1555
1595
1639
1611
1561
1459
1584
1483
1651
1589
1418
1598
1595
1627
1555
1663
1679
1631
1579
1649
1676
1495
1493
1575
1458
1645
1589
1583
1642
1515
1451
1649
1515
1571
1731
1488
1423
1575
1535
1564
1564
1564
1564
1564
1564
1564
1564
1564
1564
1564
1564
1564
1564
1564
1564
1564
1564
1564
1564
1564
1564
1564
1564
1564
1564
1731
1565
1721
1618
1567
1526
1599
1666
1593
1551
1647
1597
1675
1570
1469
1629
1483
1508
1655
1655
1601
1609
1591
1719
1682
1555
1503
1478
1554
1559
1671
1583
1517
1365
1546
1643
1634
1524
1553
1579
1690
1485
1595
1632
1579
1531
1605
1638
1558
1435
1641
1700
1551
1607
1623
1543
1574
1543
1550
1453
1482
1555
1627
1652
1455
1571
1634
1551
1695
1311
1487
1616
1650
1557
1703
1583
1595
1545
1702
1647
1449
1571
1671
1698
1531
1635
1641
1661
1583
1531
1478
1625
1583
1538
1443
1533
1571
1587
1587
1677
1469
1478
1543
1485
1539
1542
1499
1731
1507
1577
1639
1689
1559
1538
1537
1505
1507
1698
1607
1551
1625
1431
1570
1679
1623
1606
1721
1498
1582
1333
1669
1521
1514
1589
1482
1491
1566
1553
1600
1503
1582
1590
1495
1498
1605
1623
1454
1590
1643
1400
1595
1437
1597
1593
1621
1515
1537
1689
1569
1583
1660
1491
1570
1481
1569
1551
1588
1475
1537
1605
1511
1635
1639
1452
1570
1672
1590
1513
1533
1442
1658
1531
1769
1645
1703
1609
1527
1611
1602
1487
1542
1546
1626
1455
1595
1693
1495
1470
1559
1542
1673
1502
1683
1654
1578
1397
1614
1619
1403
1587
1550
1521
1656
1571
1519
1667
1854
1623
1674
1447
1511
1497
1438
1631
1555
1624
1550
1604
1479
1491
1660
1521
1583
1569
1449
1711
1567
1550
1583
1475
1506
1449
1539
1518
1610
1485
1669
1490
1589
1537
1731
1536
1583
1587
1635
1603
1599
1594
1629
1654
1398
1470
1523
1638
1734
1517
1651
1403
1563
1466
1514
1569
1550
1587
1595
1621
1523
1525
1641
1575
1421
1534
1491
1697
1431
1529
1626
1534
1433
1597
1536
1507
1646
1579
1589
1569
1645
1498
1586
1586
1554
1573
1559
1719
1470
1471
1772
1567
1493
1531
1715
1575
1635
1579
1612
1507
1738
1519
1681
1506
1682
1385
1611
1665
1555
1591
1505
1580
1477
1493
1583
1745
1531
1479
1671
1604
1611
1560
1474
1502
1610
1601
1749
1497
1679
1581
1535
1519
1675
1587
1485
1656
1549
1549
1585
1611
1703
1555
1721
1643
1634
1435
1511
1665
1617
1659
1746
1651
1485
1537
1514
1488
1462
1517
1184
1587
1055
747
1447
489
