1546
1743
1637
1855
1567
1747
1455
1589
1581
1759
1507
1743
1555
1754
1515
1743
1583
1890
1550
1663
1579
1719
1515
1745
1562
1803
1591
1671
1623
1690
1651
1659
1451
1731
1719
1867
1643
1702
1703
1617
1646
1731
1599
1731
1499
1758
1655
1751
1575
1791
1663
1770
1566
1762
1642
1715
1419
1779
1642
1811
1525
1627
1607
1639
1563
1527
1619
1667
1482
1779
1563
1711
1526
1727
1534
1695
1531
1679
1429
1703
1478
1775
1530
1715
1438
1878
1551
1669
1662
1803
1582
1707
1651
1722
1525
1699
1483
1947
1579
1703
1595
1599
1639
1742
1642
1766
1475
1778
1599
1671
1681
1650
1510
1678
1535
1723
1523
1823
1590
1739
1491
1727
1571
1723
1545
1766
1551
1702
1675
1655
1587
1679
1587
1707
1423
1822
1534
1815
1627
1658
1683
1687
1649
1802
1659
1755
1573
1670
1442
1805
1735
1759
1431
1734
1499
1715
1550
1706
1579
1799
1562
1679
1519
1871
1599
1739
1554
1658
1613
1641
1634
1726
1691
1846
1491
1805
1530
1643
1483
1719
1519
1746
1487
1651
1403
1730
1479
1699
1699
1775
1597
1787
1606
1958
1491
1755
1463
1734
1591
1789
1479
1695
1687
1626
1675
1939
1559
1746
1571
1755
1555
1726
1535
1671
1659
1671
1779
1775
1511
1922
1486
1639
1622
1931
1623
1847
1514
1691
1501
1715
1675
1703
1671
1655
1398
1591
1466
1807
1599
1827
1618
1819
1659
1603
1539
1805
1362
1643
1563
1650
1505
1802
1667
1751
1507
1702
1655
1707
1571
1755
1439
1635
1451
1835
1595
1815
1483
1770
1547
1787
1619
1794
1503
1755
1381
1831
1599
1614
1579
1773
1631
1607
1575
1679
1650
1870
1563
1794
1494
1723
1515
1779
1554
1857
1591
1759
1583
1713
1467
1710
1631
1761
1371
1762
1538
1610
1582
1611
1501
1775
1487
1711
1526
1695
1471
1655
1458
1727
1447
1742
1683
1703
1506
1695
1563
1791
1550
1771
1591
1679
1595
1675
1591
1811
1551
1773
1595
1703
1414
1829
1655
1771
1587
1854
1475
1739
1659
1643
1463
1922
1595
1787
1615
1751
1511
1819
1375
1927
1671
1827
1578
1907
1521
1673
1723
1743
1618
1854
1503
1815
1611
1723
1515
1691
1427
1679
1499
1735
1598
1650
1467
1917
1547
1767
1650
1811
1603
1686
1538
1762
1614
1695
1682
1639
1490
1575
1507
1818
1570
1983
1486
1807
1478
1646
1463
1699
1363
1898
1707
1815
1683
1863
1501
1739
1595
1823
1618
1642
1455
1731
1498
1635
1503
1758
1519
1851
1491
1750
1626
1703
1471
1679
1749
1758
1475
1727
1555
1774
1627
1811
1495
1851
1741
1823
1643
1623
1467
1855
1607
1866
1671
1851
1549
1763
1559
1731
1631
1679
1430
1755
1615
1807
1583
1835
1565
1722
1503
1858
1674
1839
1570
1871
1582
1722
1574
1777
1579
1647
1459
1835
1498
1694
1590
1777
1615
1843
1523
1758
1554
1718
1483
1807
1650
1767
1535
1835
1419
1423
1399
1462
1398
1419
1271
1715
1511
1775
1651
1778
1463
1779
1623
1451
1519
1394
1569
1586
1595
1454
1471
1603
1563
1686
1699
1691
1403
1631
1491
1515
1658
1523
1642
1567
1578
1562
1631
1575
1487
1635
1654
1578
1563
1489
1539
1674
1503
1591
1479
1567
1646
1559
1517
1521
1477
1507
1570
1543
1521
1463
1578
1455
1539
1538
1770
1478
1563
1623
1463
1567
1543
1595
1433
1627
1566
1579
1531
1607
1575
1590
1690
1667
1447
1411
1562
1477
1626
1546
1539
1566
1475
1442
1562
1563
1707
1523
1523
1623
1414
1538
1543
1434
1503
1507
1547
1623
1557
1450
1575
1535
1531
1491
1451
1503
1654
1507
1587
1531
1642
1507
1611
1562
1562
1562
1562
1562
1562
1562
1562
1562
1562
1562
1562
1562
1562
1562
1562
1562
1562
1562
1562
1562
1562
1562
1562
1562
1562
1379
1482
1442
1471
1519
1438
1509
1523
1523
1638
1626
1550
1463
1507
1606
1462
1491
1511
1587
1518
1519
1486
1514
1622
1619
1611
1641
1443
1694
1595
1606
1499
1475
1451
1527
1523
1466
1598
1549
1602
1407
1490
1515
1627
1459
1506
1505
1599
1406
1535
1438
1583
1559
1650
1451
1654
1543
1583
1490
1626
1483
1439
1723
1567
1443
1467
1622
1494
1598
1649
1579
1539
1558
1510
1347
1579
1479
1559
1387
1507
1526
1574
1490
1575
1555
1654
1487
1530
1547
1675
1583
1607
1507
1677
1642
1566
1458
1483
1487
1555
1471
1610
1569
1531
1515
1425
1494
1467
1527
1694
1603
1483
1519
1451
1398
1558
1603
1473
1463
1583
1526
1659
1703
1411
1547
1589
1467
1431
1643
1511
1623
1503
1575
1457
1611
1567
1391
1622
1423
1551
1615
1570
1555
1583
1499
1467
1431
1711
1579
1723
1447
1469
1287
1531
1391
1554
1562
1638
1599
1551
1530
1471
1591
1431
1630
1631
1547
1502
1547
1625
1531
1574
1506
1655
1578
1559
1515
1503
1507
1639
1578
1507
1466
1603
1503
1487
1439
1385
1343
1619
1495
1523
1527
1579
1563
1483
1499
1451
1451
1582
1570
1389
1622
1503
1455
1407
1599
1619
1471
1507
1430
1495
1543
1579
1514
1442
1527
1610
1591
1542
1567
1511
1515
1527
1554
1647
1511
1527
1475
1597
1495
1663
1351
1558
1551
1571
1398
1595
1438
1522
1346
1611
1475
1487
1459
1589
1435
1471
1443
1527
1670
1523
1486
1466
1575
1530
1491
1467
1563
1591
1475
1547
1530
1507
1479
1555
1487
1435
1627
1459
1611
1655
1518
1503
1595
1355
1614
1659
1466
1410
1638
1607
1591
1527
1521
1595
1395
1599
1519
1471
1482
1455
1555
1539
1559
1506
1521
1451
1607
1639
1571
1527
1318
1518
1514
1406
1551
1459
1551
1519
1574
1587
1554
1454
1482
1639
1347
1527
1547
1511
1546
1555
1539
1622
1581
1467
1543
1531
1431
1539
1423
1503
1519
1667
1511
1649
1370
1507
1527
1455
1551
1559
1523
1559
1587
1535
1567
1459
1547
1509
1543
1419
1471
1538
1419
1555
1335
1487
1586
1659
1639
1430
1539
1463
1462
1619
1546
1434
1515
1555
1515
1455
1521
2147
1603
1843
1483
0
2103
