777
927
638
1071
683
907
667
971
611
911
651
861
641
871
621
802
847
706
705
1007
671
719
627
907
805
738
709
767
763
835
639
882
645
898
755
834
619
859
583
927
766
789
625
787
655
829
739
841
779
899
647
987
703
889
627
854
677
786
679
874
649
866
613
897
751
794
619
701
647
839
561
899
643
898
626
619
616
910
593
833
522
814
707
801
803
951
674
837
727
790
753
859
787
875
530
868
837
953
653
934
663
838
682
943
629
865
538
990
647
785
699
834
707
819
541
763
673
902
509
909
657
751
389
925
741
822
589
1150
735
905
731
869
587
842
702
946
667
723
598
823
773
866
593
981
707
962
605
914
633
967
741
869
724
799
605
893
715
756
699
943
727
957
723
869
579
786
703
987
801
854
690
919
535
830
631
921
741
893
799
849
686
925
651
799
547
890
679
909
606
675
677
843
670
810
842
822
702
853
631
835
585
1031
666
673
551
810
677
1065
685
947
699
847
699
943
789
911
707
870
723
779
710
911
534
846
849
937
695
803
806
883
617
729
735
1134
730
797
663
939
755
897
853
883
682
874
638
862
793
812
734
847
635
871
654
791
603
913
641
931
614
797
638
891
741
1019
815
842
642
734
731
846
731
938
590
987
639
825
707
663
651
829
677
755
689
771
755
967
691
842
801
886
773
803
540
775
715
929
750
847
635
859
679
771
593
823
699
763
767
967
765
915
561
891
746
932
715
873
733
982
621
925
779
893
794
895
546
927
598
853
807
774
697
779
591
1006
731
903
703
855
734
781
810
839
594
855
575
763
711
871
545
751
682
863
810
1067
611
711
678
787
659
914
515
810
807
1005
749
933
594
955
783
789
653
795
662
821
645
866
771
870
547
849
675
898
615
965
765
969
747
817
822
1059
765
899
567
911
674
826
687
967
624
725
617
815
604
865
731
803
615
914
625
997
634
867
731
927
674
773
733
1067
591
742
667
833
706
903
689
854
663
825
794
971
607
771
470
822
710
807
779
937
694
875
655
855
638
993
689
789
622
871
560
999
739
909
633
921
519
815
674
727
773
735
581
925
627
783
771
779
597
949
699
879
631
910
721
958
610
958
683
863
649
990
707
874
641
785
619
782
858
945
617
775
695
875
543
763
651
903
766
578
471
541
427
419
419
699
577
842
723
842
770
869
587
719
555
639
693
582
590
683
695
623
637
662
643
641
669
571
521
655
619
630
642
569
581
689
543
537
653
662
619
662
778
703
739
431
539
626
823
667
706
663
662
574
618
673
709
595
546
666
664
771
626
678
543
681
650
574
673
665
552
635
643
677
634
804
687
759
630
695
675
637
634
824
727
555
618
695
579
653
514
553
609
659
718
557
581
605
625
647
773
561
631
562
623
602
769
575
539
677
675
585
647
653
611
623
511
687
738
751
647
754
719
451
646
701
755
591
607
682
778
671
624
747
707
479
601
701
674
622
607
530
531
647
734
602
670
654
729
606
478
567
662
826
557
625
694
709
565
545
653
638
786
634
591
630
639
621
581
590
717
495
511
647
617
557
615
599
794
583
699
667
584
708
739
565
578
574
634
661
710
665
697
629
615
665
459
686
762
655
616
682
610
471
546
598
747
649
638
631
735
663
541
725
583
655
678
683
707
650
698
613
593
681
711
582
622
627
571
626
589
542
698
806
471
459
701
551
514
583
686
599
683
671
575
599
367
690
635
503
719
719
681
706
498
789
680
775
629
571
499
703
714
591
814
529
627
829
761
682
677
677
794
542
907
574
775
511
711
577
642
591
657
650
539
486
557
715
599
607
727
586
527
550
535
591
609
558
787
587
715
562
642
601
902
631
739
691
618
553
579
506
657
513
566
619
817
565
767
770
495
657
715
619
635
714
641
698
709
683
617
651
663
747
817
755
625
590
702
635
590
663
526
555
734
731
523
737
785
759
747
546
575
569
724
522
650
561
662
647
603
622
631
683
635
634
614
690
475
599
671
547
699
569
544
595
671
623
654
618
546
802
691
778
648
703
717
607
659
631
533
622
777
694
505
615
627
654
595
713
607
713
611
610
699
593
586
615
611
623
625
615
729
773
699
566
642
571
741
502
603
627
639
566
558
506
630
695
681
674
541
691
625
611
611
511
699
541
715
547
599
611
770
712
670
682
690
683
817
674
678
607
679
592
583
655
595
551
441
537
671
537
679
790
697
611
653
643
526
525
661
666
607
639
679
681
699
615
699
583
610
643
656
664
642
665
557
670
527
763
727
603
825
774
587
703
630
573
579
675
702
563
522
601
623
583
495
605
787
707
763
687
666
661
703
561
627
527
659
541
1211
1214
922
847
510
1519
