527
639
319
678
279
459
251
523
315
491
439
451
447
551
367
519
311
451
263
483
466
595
271
446
223
386
167
471
403
503
507
687
330
466
311
538
359
559
243
475
278
535
203
555
547
467
451
490
203
478
291
458
315
451
462
574
235
471
307
463
535
567
235
455
359
551
395
675
295
570
375
507
211
567
523
483
387
619
347
531
491
494
391
539
335
599
475
623
379
514
395
558
463
511
263
455
310
595
307
594
323
499
450
586
394
487
347
458
531
663
351
506
467
507
135
695
206
671
279
610
391
535
387
643
315
563
327
439
539
643
375
515
343
446
263
451
227
583
327
730
379
482
371
531
543
659
347
531
342
439
279
535
355
571
294
527
251
531
183
531
383
571
347
563
298
559
171
491
318
598
319
526
339
614
295
479
331
531
383
443
287
507
351
527
455
651
331
559
447
486
335
643
322
598
363
599
378
267
447
411
495
479
219
563
507
563
211
526
391
575
487
503
338
467
435
483
322
686
343
627
375
659
379
679
531
354
335
615
267
351
323
519
479
507
195
635
403
454
419
539
435
503
198
623
351
507
318
531
315
535
315
590
335
567
415
535
518
651
335
463
363
543
418
527
363
506
391
530
318
343
258
639
375
555
291
578
291
563
290
491
283
475
282
387
503
507
287
575
495
731
267
555
322
459
187
651
307
523
219
582
403
495
407
451
310
547
343
535
462
567
263
478
347
519
315
627
343
563
286
531
351
666
495
643
367
495
255
491
299
647
327
550
371
647
163
599
430
583
275
523
427
575
551
499
334
499
202
470
534
415
286
611
363
438
330
531
294
470
370
483
334
467
235
442
179
518
315
611
263
523
207
527
307
511
403
559
371
583
342
554
243
503
355
467
407
623
286
579
295
531
299
491
258
471
255
371
411
551
354
362
375
462
303
475
395
559
291
395
275
511
367
583
327
587
354
531
443
595
251
682
311
650
319
547
314
643
323
439
355
642
322
479
346
527
339
435
247
499
355
379
307
619
315
467
315
738
351
574
263
535
371
451
250
631
255
587
347
590
307
411
467
495
379
551
506
610
359
547
251
555
303
511
338
527
359
459
434
666
387
383
303
747
439
562
279
567
454
467
423
579
403
563
331
575
295
523
442
175
90
238
51
275
15
535
171
466
190
551
475
495
338
291
319
354
394
255
407
383
247
431
467
303
454
310
203
195
459
363
419
203
243
346
423
414
223
299
243
307
287
395
383
182
467
242
222
255
247
367
247
163
275
383
311
195
311
407
267
259
322
314
315
383
270
235
331
239
327
259
478
279
331
227
331
471
323
475
382
291
382
307
275
379
355
275
215
243
211
283
175
427
287
223
351
342
239
415
302
319
251
255
183
379
487
291
331
383
263
483
371
314
363
303
322
350
370
239
283
191
267
267
267
267
267
267
267
267
267
267
267
267
267
267
267
267
267
267
267
267
267
267
267
267
267
267
395
295
302
167
123
314
295
154
475
382
467
99
338
378
398
266
423
439
350
171
210
123
231
331
303
247
359
314
314
254
215
378
250
259
287
315
75
335
363
190
267
254
379
323
303
371
315
215
443
387
459
371
207
183
311
299
231
227
407
251
334
222
175
355
302
383
191
178
355
239
427
398
266
347
263
423
203
371
483
346
391
263
266
367
359
331
219
299
275
342
371
403
271
362
410
287
455
211
195
291
183
323
383
327
410
455
443
359
331
63
387
251
227
307
367
287
287
263
339
306
242
443
419
423
299
286
310
227
367
198
315
278
214
271
479
379
263
182
363
303
323
358
382
198
422
259
351
307
403
195
487
375
159
254
167
175
227
363
351
335
227
315
315
247
131
215
299
251
155
294
355
319
211
174
271
303
259
310
335
427
306
234
315
311
323
251
255
378
443
355
182
275
418
167
195
271
302
330
171
199
326
262
191
323
211
323
378
455
319
343
239
171
335
271
215
223
367
251
347
286
267
303
423
326
227
175
339
163
287
146
347
431
235
290
295
323
378
286
283
183
335
395
295
239
339
187
346
343
306
370
307
327
411
319
331
367
322
211
347
291
479
367
363
355
255
298
310
275
279
319
383
178
351
191
267
255
375
355
307
318
327
211
451
375
219
462
322
271
294
210
278
230
415
339
323
239
223
311
279
219
267
318
403
347
362
327
267
263
219
218
455
351
323
227
347
406
327
179
382
407
199
338
267
103
255
347
287
295
163
415
391
299
327
339
223
314
447
414
295
179
314
239
295
242
367
255
331
331
259
367
387
295
379
299
410
314
339
195
418
247
331
247
315
439
423
327
263
219
262
79
270
154
187
219
411
391
15
75
391
606
