845
1071
749
998
1011
1087
669
911
878
790
886
887
791
746
743
997
782
973
873
1059
707
1083
827
947
811
886
674
1067
815
1083
878
811
699
1125
703
890
767
847
731
998
767
861
870
983
866
1101
761
902
730
1039
619
843
715
943
771
765
754
979
619
947
935
901
719
1023
934
965
711
971
799
1049
689
999
675
997
851
1009
687
887
966
971
923
1095
759
1133
738
799
685
1093
763
1071
615
851
731
1002
715
990
741
1163
753
895
843
971
809
939
883
863
779
974
737
966
683
981
879
1011
815
1007
775
981
655
919
807
882
761
1063
750
787
899
995
915
905
735
1035
571
974
759
1038
686
1023
795
1013
771
991
723
1017
703
867
914
711
689
1047
765
1019
770
1091
785
1130
891
1067
722
1011
745
839
650
838
890
977
831
1025
682
858
889
995
743
1031
727
1062
771
1143
849
971
903
871
803
903
883
955
809
913
811
891
635
931
823
998
799
934
962
999
771
993
791
930
646
894
777
993
767
1011
850
975
751
1007
794
1006
686
997
698
923
779
887
805
1049
679
977
867
939
651
951
807
1107
671
981
902
1066
854
1019
766
938
799
927
731
863
790
883
882
893
635
946
846
853
717
899
815
918
831
1015
943
966
942
963
781
1110
819
897
698
965
639
877
693
926
757
863
893
954
841
871
695
1058
763
873
787
1083
843
1011
889
899
710
934
842
967
811
799
814
943
723
933
870
926
719
923
713
962
725
903
850
887
713
875
907
969
774
905
751
911
703
899
855
1007
653
1125
962
1019
813
803
833
1079
711
901
1029
967
825
1015
887
1113
685
971
739
765
771
973
909
973
683
915
802
931
771
909
733
1022
707
1007
810
946
731
1026
899
1047
749
891
747
869
811
989
675
1066
618
961
867
1030
787
983
865
1055
850
863
670
865
742
894
734
835
791
929
815
1014
625
886
631
1003
671
891
678
1055
769
967
710
1059
839
923
813
1063
783
909
750
959
637
1042
778
1023
722
903
742
1135
723
974
735
987
735
958
683
1005
867
954
899
983
761
1003
707
951
683
1086
743
902
858
779
659
937
790
995
694
1015
821
917
719
1043
883
939
853
1034
726
1047
851
877
690
1037
903
1067
851
939
662
971
679
953
731
950
757
1122
681
987
707
818
839
915
823
875
930
1011
743
922
831
1059
687
903
713
897
759
1102
794
990
643
1027
803
1055
891
926
839
625
473
730
586
783
239
795
747
879
743
885
738
933
838
793
727
779
711
689
759
771
747
743
883
678
927
783
835
579
763
803
743
499
791
750
743
591
658
735
651
819
751
786
695
723
775
899
802
699
639
723
785
711
730
727
655
785
690
739
743
727
759
703
926
471
737
779
651
711
755
837
661
762
762
757
743
715
790
821
602
562
762
734
827
775
791
943
797
715
742
677
847
755
735
813
798
731
755
563
783
495
795
687
710
734
934
707
709
799
835
685
699
714
887
625
787
670
523
759
669
643
757
779
803
791
807
855
799
727
770
743
723
683
741
707
759
711
573
591
762
611
602
739
727
766
827
743
573
775
675
775
646
575
686
822
847
698
783
703
706
795
546
567
739
734
630
607
747
665
719
759
547
654
829
938
855
745
914
790
719
758
767
855
790
725
745
637
739
675
783
779
743
766
755
722
866
707
831
751
695
650
790
759
653
741
639
731
597
779
735
635
750
699
801
635
677
751
850
619
674
666
703
739
819
806
735
741
742
826
574
715
751
871
833
921
849
747
895
777
782
750
721
839
601
731
718
623
695
591
799
923
791
755
766
855
731
786
807
691
797
583
615
619
707
593
817
843
731
695
711
827
759
689
507
667
882
766
835
749
719
619
679
681
735
750
813
621
766
726
623
671
735
750
671
710
667
683
801
693
871
562
659
678
753
603
791
861
743
761
829
855
835
731
687
807
802
663
669
775
647
610
787
831
715
769
743
878
851
783
711
769
827
879
871
727
695
807
874
722
847
719
755
615
743
614
739
695
735
783
770
874
759
823
807
826
714
723
753
639
855
695
767
735
603
683
873
703
678
734
871
702
743
783
577
749
693
889
807
827
570
803
771
723
761
681
502
767
675
687
687
763
639
769
667
773
789
722
621
690
738
646
877
806
605
615
798
703
751
722
738
811
717
742
719
657
907
749
718
758
757
767
643
727
591
715
661
719
818
803
815
878
741
599
729
735
667
643
687
702
693
806
690
849
675
730
767
871
726
755
799
823
595
561
822
682
707
806
805
789
801
811
698
745
775
651
751
767
663
678
685
831
745
657
943
754
699
815
711
799
659
783
750
666
755
771
881
743
783
726
823
807
691
857
742
717
793
781
887
657
718
719
807
647
703
659
861
715
863
739
746
671
619
798
710
862
801
663
625
758
643
597
247
563
895
497
0
1427
