1463
1566
1422
1647
1505
1678
1338
1607
1329
1610
1407
1715
1533
1579
1582
1667
1595
1667
1519
1615
1367
1690
1467
1646
1461
1595
1390
1632
1324
1690
1545
1561
1467
1859
1441
1667
1461
1626
1518
1637
1410
1747
1537
1575
1373
1768
1335
1609
1479
1703
1454
1699
1351
1632
1519
1647
1393
1623
1355
1527
1502
1615
1695
1641
1387
1559
1573
1447
1466
1432
1454
1675
1637
1690
1351
1689
1458
1554
1409
1699
1463
1852
1501
1606
1481
1689
1470
1707
1631
1675
1537
1679
1469
1657
1548
1563
1659
1733
1438
1674
1461
1603
1651
1591
1617
1643
1443
1539
1611
1651
1435
1667
1349
1871
1413
1645
1475
1548
1456
1507
1406
1618
1459
1762
1435
1598
1623
1655
1641
1707
1451
1585
1601
1681
1493
1577
1461
1590
1514
1686
1558
1746
1521
1707
1486
1755
1475
1726
1527
1571
1439
1666
1274
1789
1469
1693
1363
1575
1385
1617
1493
1506
1355
1739
1281
1643
1381
1587
1445
1537
1523
1571
1578
1743
1554
1779
1517
1726
1409
1731
1566
1589
1350
1716
1427
1606
1587
1665
1399
1614
1567
1551
1459
1630
1466
1633
1335
1823
1445
1646
1497
1743
1335
1443
1573
1712
1505
1626
1435
1605
1361
1722
1427
1695
1358
1541
1478
1831
1352
1571
1497
1713
1507
1667
1591
1701
1387
1599
1371
1743
1357
1595
1460
1735
1487
1524
1617
1571
1675
1603
1507
1678
1519
1558
1472
1659
1331
1517
1438
1555
1570
1614
1445
1613
1298
1574
1299
1564
1431
1639
1483
1561
1374
1565
1454
1607
1447
1506
1418
1723
1559
1599
1647
1817
1571
1675
1598
1650
1349
1625
1502
1690
1463
1577
1545
1651
1453
1725
1546
1701
1602
1602
1400
1630
1403
1782
1414
1583
1443
1738
1438
1746
1403
1623
1550
1645
1497
1602
1546
1654
1522
1599
1374
1711
1465
1709
1481
1688
1435
1635
1509
1699
1498
1642
1373
1699
1407
1543
1412
1717
1450
1695
1427
1727
1503
1578
1546
1525
1423
1523
1507
1829
1471
1511
1427
1715
1307
1714
1487
1587
1301
1710
1393
1619
1461
1517
1659
1478
1523
1640
1472
1723
1483
1614
1414
1647
1362
1659
1411
1617
1385
1677
1610
1676
1423
1719
1605
1590
1337
1691
1442
1750
1427
1699
1658
1645
1497
1699
1518
1715
1273
1597
1467
1590
1438
1551
1579
1589
1336
1511
1528
1687
1402
1584
1545
1665
1379
1618
1525
1625
1595
1687
1509
1637
1347
1602
1491
1715
1455
1613
1530
1647
1425
1507
1379
1719
1426
1725
1487
1753
1384
1597
1547
1603
1359
1610
1491
1594
1250
1494
1373
1835
1401
1796
1511
1518
1397
1643
1569
1713
1371
1613
1474
1701
1526
1499
1365
1559
1346
1606
1381
1645
1343
1663
1403
1641
1539
1667
1617
1602
1527
1651
1434
1578
1430
1603
1466
1722
1426
1747
1261
1735
1403
1707
1506
1740
1510
1570
1407
1731
1435
1706
1571
1727
1486
1583
1473
1403
1010
1371
1052
1319
1060
1615
1545
1538
1485
1594
1479
1545
1489
1257
1402
1396
1570
1411
1442
1335
1577
1417
1298
1321
1463
1228
1487
1429
1461
1520
1465
1413
1533
1363
1459
1550
1406
1434
1427
1471
1418
1337
1371
1383
1623
1453
1463
1292
1479
1449
1435
1407
1330
1507
1495
1362
1382
1314
1475
1350
1315
1411
1365
1303
1399
1455
1497
1523
1370
1370
1378
1230
1441
1499
1431
1427
1581
1278
1463
1643
1385
1431
1275
1408
1511
1559
1434
1556
1266
1458
1297
1319
1494
1539
1418
1335
1396
1397
1474
1495
1471
1487
1557
1350
1411
1329
1439
1439
1475
1503
1409
1358
1540
1321
1330
1246
1443
1406
1300
1197
1449
1441
1427
1393
1431
1502
1514
1499
1464
1435
1479
1378
1393
1544
1287
1482
1381
1490
1535
1390
1473
1481
1478
1566
1401
1505
1426
1489
1428
1410
1376
1367
1391
1343
1491
1407
1390
1555
1503
1466
1411
1339
1343
1343
1436
1514
1454
1429
1434
1519
1299
1506
1465
1351
1433
1485
1385
1506
1366
1323
1312
1385
1326
1358
1412
1347
1382
1515
1527
1494
1355
1355
1467
1439
1407
1278
1469
1483
1407
1407
1423
1507
1390
1441
1397
1513
1488
1536
1407
1417
1545
1303
1465
1479
1394
1411
1368
1429
1273
1427
1561
1442
1561
1535
1414
1566
1331
1465
1447
1346
1456
1417
1447
1422
1484
1250
1438
1403
1459
1291
1393
1289
1278
1339
1374
1471
1482
1510
1460
1474
1439
1375
1491
1444
1459
1531
1386
1387
1546
1467
1525
1427
1309
1365
1370
1387
1457
1467
1570
1530
1459
1487
1429
1325
1342
1543
1387
1414
1362
1275
1539
1431
1313
1415
1502
1387
1587
1529
1374
1505
1287
1402
1563
1560
1511
1407
1409
1463
1370
1407
1559
1475
1543
1439
1417
1470
1490
1507
1435
1343
1522
1367
1433
1457
1312
1476
1439
1411
1469
1462
1455
1379
1339
1451
1375
1507
1336
1503
1418
1439
1320
1378
1292
1532
1507
1239
1286
1478
1427
1381
1614
1386
1453
1567
1407
1557
1391
1291
1467
1468
1395
1310
1415
1519
1387
1414
1443
1502
1533
1402
1495
1559
1491
1346
1585
1492
1510
1459
1450
1614
1371
1379
1475
1321
1439
1495
1505
1398
1511
1440
1428
1387
1278
1416
1454
1417
1366
1431
1543
1548
1263
1502
1449
1385
1390
1475
1434
1515
1602
1295
1352
1554
1475
1422
1286
1263
1430
1401
1455
1417
1493
1387
1393
1361
1383
1391
1519
1410
1427
1390
1503
1402
1346
1570
1373
1373
1482
1350
1479
1429
1436
1357
1605
1407
1477
1381
1402
1379
1489
1401
1441
1467
1482
1642
1419
1442
1466
1415
1442
1577
1398
1595
1333
1466
1431
1302
1523
1251
1472
1483
1413
1561
1555
1502
1492
1342
1413
1263
1506
1455
1487
1343
1421
1349
1322
1395
1367
1541
1445
1342
1427
1467
1362
1481
1434
1329
1403
1452
1279
1596
1502
1469
1466
1365
1471
1577
1382
1513
1399
1491
1424
1347
1450
1413
1477
1470
1506
1333
1677
1462
1443
1285
1366
1534
1392
1436
1427
1327
1418
1507
1785
1483
1796
1990
0
2245
