955
1224
1045
1221
815
1186
787
1145
963
1071
882
1202
815
1022
909
1091
932
1086
894
1128
895
879
983
1074
995
1135
929
1214
894
1139
934
1135
784
1086
847
1099
857
1155
887
1070
945
1172
975
1077
1023
1156
767
1192
1175
1131
876
1215
848
1092
911
1006
779
1082
778
1210
922
1047
942
1032
828
1180
899
1102
959
1014
908
1095
897
1132
896
1015
1040
1114
871
1068
1026
1112
955
1100
939
1084
847
1108
903
1302
923
1199
934
1238
870
1096
988
1179
907
1074
926
1089
911
1095
781
1038
924
1144
1011
1091
906
1056
929
1062
924
1071
961
1158
1011
1141
980
1062
848
1222
1034
1060
939
1340
827
1152
966
1238
959
1055
1045
1123
870
1001
932
1028
1013
1183
827
929
825
1111
850
1054
898
1019
870
1200
941
1169
795
1134
1031
1041
927
1141
1048
1167
986
1129
949
1044
897
1000
769
1080
986
1243
777
1179
796
960
1005
1079
911
1036
834
1109
939
1062
819
1105
990
1130
773
1161
827
1197
957
1259
893
1030
903
1030
821
1060
993
1085
1030
923
981
1118
832
1257
907
908
1111
1021
697
1180
880
1197
978
1102
996
1184
777
1126
741
1350
876
1163
843
1052
1047
1081
855
1108
899
1237
906
994
1035
1072
1011
1143
856
1131
897
1106
951
929
967
1125
857
1191
994
1166
738
1041
895
1028
939
1045
1127
1075
857
1186
847
1028
928
1122
851
1150
1058
1134
960
1029
958
1234
985
1206
823
1259
892
1089
943
1175
1043
1099
955
1081
911
1129
872
1186
1102
1174
798
1092
985
1097
827
1223
933
1115
899
1059
966
1234
925
1156
908
1199
884
787
854
1160
894
1138
798
1218
878
1122
840
1151
937
1119
942
1101
996
976
880
1169
738
1179
992
1207
875
1177
835
1168
917
1102
885
1159
751
1096
827
1251
939
1016
838
1204
884
1083
836
1062
920
1035
956
1046
835
973
974
1023
935
1231
864
1011
942
1063
867
1041
1120
1198
758
1044
914
963
986
1061
995
1195
924
1155
1134
1187
772
1058
958
1016
815
1159
757
1082
942
1033
863
1158
850
979
1019
1160
978
1091
895
1168
974
1115
1011
1049
865
986
998
992
900
1060
1091
1119
894
1203
945
1094
991
1111
1012
1130
943
989
969
1240
890
1295
912
1241
966
1171
1101
1035
781
1187
920
1160
1095
1214
866
1155
756
1055
937
1170
900
1069
963
1159
915
1066
1067
1117
911
1076
816
1108
950
1048
995
1097
923
1035
972
1199
885
1028
907
1176
945
985
915
1152
987
1309
1022
1098
876
1060
965
1060
842
1119
915
1162
956
1054
1022
965
1039
1034
890
1183
945
1186
880
849
469
889
592
825
604
1249
892
1185
824
1238
1015
1066
918
833
868
844
901
952
983
971
948
871
901
1011
931
940
971
868
853
867
936
771
1099
1000
1043
805
813
925
923
894
978
977
882
883
939
888
944
855
836
956
825
991
861
738
931
910
878
900
1029
914
792
921
825
839
1028
881
876
945
877
786
878
929
1000
830
838
856
885
810
919
791
819
907
866
1056
931
785
816
968
978
954
808
835
1045
832
821
875
942
931
1057
898
896
747
898
839
1069
866
966
927
1132
841
862
846
1078
943
941
858
777
864
835
882
840
897
897
897
897
897
897
897
897
897
897
897
897
897
897
897
897
897
897
897
897
897
897
897
897
897
897
964
850
846
864
929
938
963
862
796
919
1036
887
794
899
779
941
882
861
877
954
935
838
829
974
940
926
834
890
829
912
822
904
843
884
956
891
749
879
925
951
887
922
879
962
976
1033
775
966
792
894
810
791
672
982
835
786
857
968
810
864
711
963
825
838
959
1000
841
852
966
903
1031
972
851
994
873
943
823
908
777
813
992
944
1004
870
857
754
775
835
962
879
944
1056
955
882
878
802
822
933
881
916
815
940
957
802
876
980
898
909
815
967
828
911
932
842
799
825
863
908
909
899
853
972
923
965
880
822
821
889
850
907
990
1000
925
1043
852
929
724
935
915
737
767
1137
844
882
762
828
1031
1045
774
991
745
904
851
927
747
886
790
1020
746
1039
856
905
940
951
973
1042
875
874
842
946
926
819
804
1010
897
893
857
959
850
898
844
946
978
832
769
890
839
1023
864
973
847
818
886
939
830
727
824
947
814
859
878
857
978
978
888
957
894
733
893
920
905
866
876
1016
900
978
835
808
794
903
889
873
892
874
805
811
945
811
829
967
926
930
917
981
992
772
827
938
1062
1051
926
900
908
765
937
977
893
1037
896
998
900
808
791
836
861
911
845
861
844
883
900
749
995
932
971
793
831
863
982
900
861
799
752
869
976
955
732
877
1066
883
811
775
806
799
1104
918
862
843
847
959
899
755
969
854
868
767
849
871
1131
921
737
769
878
815
967
898
926
905
973
893
698
1059
866
995
920
759
826
849
1200
1049
913
1030
903
946
967
772
897
941
971
812
812
924
951
996
839
1030
848
894
735
893
1042
847
803
899
798
865
911
899
932
957
977
889
775
1013
877
892
770
979
816
895
1055
949
1036
842
811
880
821
871
763
734
746
928
733
1562
1161
933
860
0
1013
