1431
1554
1503
1755
1607
1731
1703
1851
1491
1915
1627
1687
1507
1703
1883
1695
1871
1627
1467
1655
1523
1723
1427
1883
1423
1727
1363
1751
1563
1631
1542
1887
1622
1735
1439
1695
1555
1707
1330
1883
1558
1867
1586
1911
1454
1703
1483
1723
1587
1855
1539
1611
1479
1703
1563
1759
1467
1743
1543
1599
1579
1871
1575
1671
1466
1903
1451
1843
1631
1943
1435
1707
1547
1587
1647
1710
1591
2019
1495
1923
1555
1663
1619
1543
1595
1643
1575
1955
1487
1687
1679
1634
1363
2059
1499
1651
1582
1691
1451
1643
1551
1911
1563
1567
1499
1527
1527
1639
1631
1919
1639
1735
1639
1706
1455
1755
1559
1719
1439
1663
1499
1711
1550
1939
1611
1695
1479
1887
1627
1735
1659
1951
1559
1662
1543
1855
1458
1643
1451
1895
1563
1891
1558
1975
1575
1631
1523
1903
1411
1891
1587
1955
1459
1731
1523
1867
1435
1698
1535
1859
1599
1682
1587
1683
1555
1719
1519
1691
1603
1623
1511
1887
1563
1847
1483
1719
1587
1723
1534
1647
1375
1715
1499
1743
1547
1879
1519
1675
1643
1987
1415
1735
1507
1926
1447
1867
1483
1727
1419
1735
1618
1711
1627
1887
1599
1967
1566
1739
1495
1751
1607
1671
1447
1659
1531
1759
1627
1699
1411
1727
1571
1675
1487
1866
1999
1731
1471
1667
1555
1659
1663
1663
1523
1759
1402
1615
1575
1727
1515
1707
1463
1711
1555
1587
1558
1731
1611
1667
1571
1847
1595
1859
1479
1911
1599
1658
1487
1939
1579
1735
1471
1674
1627
1687
1595
1903
1575
1882
1479
1891
1723
1983
1495
1855
1471
1751
1626
1710
1479
1931
1455
1659
1546
1743
1519
1695
1547
1719
1683
1695
1619
1662
1595
1943
1678
1703
1487
1743
1439
1907
1455
1647
1527
1959
1571
1911
1595
1515
1575
2011
1535
1691
1375
1935
1587
1635
1631
1927
1391
1735
1551
1846
1651
1630
1535
1855
1419
1722
1523
1759
1491
1579
1619
2007
1447
1626
1427
1727
1679
1971
1755
1979
1399
1851
1499
1731
1531
1887
1642
1691
1443
1723
1559
1755
1427
1655
1567
1710
1595
1627
1587
1559
1495
1615
1475
1862
1479
1643
1579
1667
1575
1679
1547
1846
1463
1711
1587
1751
1551
1671
1582
1679
1563
1711
1467
1599
1631
1742
1571
1623
1506
1759
1575
1859
1435
1583
1511
1911
1507
1547
1655
1547
1559
1655
1663
1743
1479
1635
1423
1879
1471
1894
1575
1887
1451
1903
1463
1755
1563
1667
1638
1651
1583
1630
1575
1859
1527
1939
1547
1931
1647
1639
1651
1759
1526
2003
1459
1855
1350
1847
1435
1723
1527
1879
1551
1887
1535
1699
1587
1859
1623
1670
1655
1723
1471
1710
1419
1643
1535
1871
1511
2027
1635
1727
1511
1702
1482
1758
1555
1867
1422
1759
1663
1851
1743
1735
1599
1867
1467
1855
1495
1943
1567
1759
1495
1851
1495
1711
1598
1859
1547
1619
1579
1639
1479
1687
1703
1351
1210
1423
1279
1355
1191
1671
1411
1751
1359
1855
1355
1710
1575
1483
1567
1463
1458
1558
1495
1379
1451
1411
1427
1671
1587
1447
1467
1307
1551
1487
1495
1443
1647
1471
1503
1407
1503
1547
1551
1563
1475
1467
1379
1467
1430
1475
1507
1579
1571
1430
1455
1587
1479
1563
1471
1598
1567
1411
1439
1515
1371
1439
1663
1527
1563
1715
1351
1515
1455
1459
1627
1427
1559
1383
1515
1299
1511
1447
1487
1463
1451
1411
1579
1331
1575
1583
1595
1551
1567
1358
1551
1395
1539
1574
1603
1438
1471
1567
1587
1463
1555
1439
1487
1455
1527
1518
1658
1507
1375
1395
1495
1563
1359
1483
1439
1459
1443
1595
1515
1487
1538
1311
1619
1379
1443
1503
1403
1527
1567
1527
1551
1531
1526
1543
1563
1414
1395
1531
1551
1427
1647
1467
1495
1515
1491
1551
1555
1467
1435
1511
1603
1383
1495
1555
1607
1459
1607
1367
1547
1615
1503
1590
1451
1515
1319
1487
1463
1583
1447
1435
1535
1523
1503
1459
1483
1530
1503
1491
1595
1643
1595
1494
1635
1471
1691
1495
1495
1455
1531
1519
1559
1515
1459
1491
1443
1303
1527
1590
1639
1559
1458
1323
1431
1539
1659
1531
1591
1551
1535
1594
1567
1463
1527
1543
1495
1543
1447
1459
1342
1475
1687
1447
1431
1451
1546
1523
1527
1459
1631
1475
1511
1531
1363
1454
1507
1547
1515
1591
1483
1335
1359
1390
1611
1451
1431
1487
1463
1467
1363
1495
1523
1615
1711
1599
1539
1631
1495
1635
1587
1459
1523
1327
1471
1451
1535
1594
1627
1631
1619
1527
1415
1607
1587
1483
1719
1479
1415
1563
1407
1531
1407
1575
1587
1463
1659
1523
1483
1463
1471
1455
1515
1395
1635
1347
1587
1415
1519
1571
1343
1531
1495
1419
1551
1375
1507
1443
1395
1627
1479
1595
1563
1559
1567
1579
1483
1519
1479
1487
1455
1555
1662
1471
1587
1479
1543
1451
1603
1383
1550
1639
1431
1555
1599
1419
1479
1539
1455
1459
1507
1447
1519
1399
1507
1463
1415
1447
1487
1447
1499
1618
1571
1391
1571
1391
1599
1419
1487
1683
1478
1531
1683
1619
1555
1559
1539
1543
1391
1470
1531
1567
1539
1531
1491
1515
1467
1603
1575
1403
1483
1599
1575
1519
1539
1511
1575
1611
1455
1463
1495
1458
1455
1455
1531
1495
1591
1571
1551
1311
1539
1491
1467
1459
1719
1523
1606
1319
1479
1475
1487
1387
1627
1507
1611
1615
1435
1330
1471
1379
1575
1451
1503
1555
1639
1654
1535
1535
1543
1555
1594
1499
1523
1511
1479
1515
1623
1531
1659
1471
1415
1506
1442
1523
1515
1467
1462
1487
1379
1579
1587
1491
1451
1363
1647
1567
1531
1618
1431
1539
1487
1478
1555
1463
1479
1279
1555
1554
1502
1483
1403
1487
1535
1523
1479
1551
1379
1335
1679
1555
1655
1631
1402
1446
1399
1515
1471
1418
1483
1422
1455
1499
1515
1555
1431
1623
1371
1471
1439
1467
1519
1442
1539
1499
1579
1463
1467
1547
1571
1563
1543
1654
1555
1431
1407
1439
1483
1379
1455
1703
1531
1639
451
1883
1506
1051
0
2002
