694
995
739
1049
726
911
841
826
653
1014
618
703
670
750
635
897
759
794
703
954
705
895
667
943
678
663
567
802
813
779
758
779
863
926
766
887
655
855
811
1030
575
719
594
981
699
971
827
969
807
942
687
894
799
874
647
987
711
999
642
1077
863
1098
630
847
741
819
587
775
791
1023
499
918
535
1027
663
911
851
887
758
918
647
890
626
955
693
891
825
895
618
927
757
819
745
907
699
911
657
875
589
990
741
938
567
891
689
935
741
971
745
843
847
1054
558
937
555
849
645
945
690
834
669
803
699
859
661
847
650
931
599
1195
685
871
610
963
735
871
711
951
783
1019
783
811
611
1081
663
1034
699
846
790
991
761
866
791
898
598
1014
771
879
634
923
726
915
827
843
743
931
803
723
831
930
687
758
678
851
522
879
673
911
651
997
751
802
717
877
831
919
702
817
729
875
627
873
971
839
563
931
671
1015
679
966
687
939
738
827
711
883
674
1003
781
1027
723
859
759
853
715
882
686
927
605
938
775
965
650
839
746
919
726
829
651
931
627
950
635
885
775
1031
647
909
715
951
475
947
747
970
738
981
673
903
785
882
590
937
661
1059
710
991
779
974
646
1083
711
975
671
863
735
857
645
914
637
859
642
815
858
941
695
869
723
859
650
903
879
978
883
838
707
815
683
931
775
1035
534
938
619
819
795
891
802
863
799
883
726
938
787
771
726
955
638
986
675
991
619
683
639
945
743
975
690
853
687
946
715
885
554
823
791
969
677
733
618
951
695
1013
709
978
678
890
758
870
643
1023
751
906
663
785
719
819
606
902
602
871
695
823
491
806
821
915
771
809
605
887
722
974
663
955
701
1031
575
1018
863
859
727
939
683
983
729
766
741
703
627
883
522
1077
585
1103
865
1018
767
1039
779
875
718
783
615
815
646
826
611
847
759
966
719
927
819
1086
713
975
843
770
779
955
621
994
607
913
623
991
670
1007
773
909
801
850
567
911
663
938
783
750
563
855
698
965
703
793
799
961
851
987
655
910
763
997
607
959
691
894
693
851
759
893
726
735
930
1018
795
761
763
955
686
979
803
987
622
894
745
891
726
847
691
903
730
999
707
871
617
877
691
819
726
1117
679
827
759
967
702
935
835
691
610
821
607
971
833
843
718
1039
743
771
478
627
527
599
367
847
618
873
699
971
775
843
725
582
807
723
631
723
525
571
715
751
679
547
633
703
762
679
663
746
803
673
755
718
590
809
751
757
782
627
549
733
691
683
726
702
759
597
719
803
729
514
762
653
455
631
761
746
534
669
723
875
665
729
645
857
519
579
659
678
791
731
786
697
671
627
691
754
710
675
775
555
819
681
546
717
654
698
662
703
685
609
579
671
607
791
630
779
587
639
735
551
550
779
579
723
643
643
630
687
527
687
655
597
619
627
627
663
599
583
595
595
595
595
595
595
595
595
595
595
595
595
595
595
595
595
595
595
595
595
595
595
595
595
595
595
645
618
709
667
627
569
755
629
674
635
673
641
531
803
873
803
837
591
667
755
689
739
698
579
717
577
626
682
635
714
507
635
497
654
618
599
734
705
683
718
683
686
733
699
745
603
715
699
642
455
899
723
606
506
783
725
627
567
609
635
727
727
715
702
631
619
558
587
633
633
799
706
657
547
745
666
641
791
675
682
726
533
605
693
535
678
659
603
551
703
515
797
807
754
667
451
783
703
615
523
710
557
655
710
719
630
769
775
705
663
739
643
715
493
539
775
495
542
669
601
687
593
763
679
706
662
821
629
710
594
510
518
591
566
787
651
791
654
655
779
675
747
582
761
703
671
797
637
771
594
623
687
687
650
707
643
763
678
731
807
638
750
826
674
595
659
737
682
683
715
711
581
731
703
827
602
710
683
821
733
649
541
591
655
687
583
639
763
563
707
765
697
663
759
491
663
733
451
585
691
683
550
753
690
662
673
755
741
739
621
763
695
685
850
826
719
719
611
731
707
777
621
771
787
794
811
623
683
781
459
785
793
835
727
631
622
610
547
581
638
637
499
709
785
643
682
797
498
595
695
683
929
639
665
697
698
679
843
755
631
691
711
647
734
870
795
647
658
734
669
874
759
691
690
671
737
702
519
699
613
711
621
942
703
779
695
695
518
607
675
717
651
747
706
737
666
773
599
726
883
791
686
845
667
667
699
606
534
783
619
610
743
590
734
641
611
634
483
771
573
775
670
719
811
701
762
639
735
690
743
850
695
619
766
678
699
565
667
631
703
646
555
679
631
671
661
658
767
513
659
657
603
881
523
627
570
690
655
726
685
466
615
661
571
741
535
705
651
491
682
686
533
683
622
1271
651
423
911
1595
595
