588
996
598
770
645
719
545
820
636
816
472
639
680
787
632
894
732
916
695
893
566
905
684
810
560
834
543
1079
592
823
717
947
634
783
606
685
632
753
551
858
524
1054
639
852
550
857
848
804
666
774
598
787
800
882
602
726
566
869
548
914
577
729
579
825
671
725
570
787
744
852
463
719
501
731
466
661
626
906
696
830
746
555
594
772
579
922
683
777
656
908
570
714
559
808
635
747
568
868
680
821
695
697
536
745
627
921
680
878
644
988
458
827
635
793
500
977
714
772
424
789
746
749
638
720
630
799
640
822
762
876
563
847
533
918
704
884
567
767
545
821
654
866
684
800
630
918
788
813
538
706
672
832
665
808
549
926
660
849
739
824
610
921
664
770
660
890
683
762
583
839
708
1000
602
805
461
852
670
737
673
727
804
794
612
964
435
722
579
767
786
938
498
815
860
781
831
889
692
754
626
882
606
906
623
784
507
992
631
753
518
875
674
751
568
912
593
850
631
852
607
828
683
868
710
728
671
786
697
819
629
812
623
806
604
764
660
910
800
729
622
884
640
742
399
885
595
979
661
848
599
692
625
845
696
884
634
912
745
853
672
890
566
814
470
745
708
875
576
817
567
866
637
804
713
871
631
860
585
883
631
901
723
742
653
827
617
791
570
668
839
797
722
910
567
790
785
797
714
858
697
812
616
787
593
678
627
962
867
970
603
978
524
868
612
897
380
753
642
808
686
718
633
925
710
778
625
887
560
874
691
844
587
798
558
835
738
842
758
812
749
847
630
773
758
746
796
844
606
694
623
744
676
763
626
870
512
659
604
977
715
728
741
721
474
794
709
850
732
740
846
849
714
872
606
799
551
801
613
804
543
913
703
890
666
802
502
845
720
819
673
927
551
822
645
765
613
815
640
968
632
854
736
789
629
784
652
787
555
679
604
746
686
648
619
715
578
838
666
836
682
835
722
831
625
859
656
866
706
828
514
875
649
912
620
854
728
830
596
670
641
702
591
773
472
930
589
963
462
810
677
871
662
712
678
786
460
771
623
968
724
780
649
792
613
879
591
918
631
889
724
761
625
803
688
775
710
887
636
925
637
674
639
1089
588
906
552
798
653
825
561
895
572
772
811
1013
607
765
563
601
294
628
427
481
290
890
631
788
526
687
641
856
848
578
671
642
693
627
568
544
628
687
617
538
632
457
595
667
634
612
645
705
609
465
688
578
722
579
539
645
697
707
613
509
681
654
549
579
566
578
684
639
623
668
491
473
585
695
652
595
583
572
591
535
705
725
641
506
573
612
542
583
536
573
618
553
618
627
749
562
686
529
630
595
474
639
578
584
632
524
650
671
633
596
517
691
621
420
670
628
798
667
510
411
708
602
592
660
709
614
555
642
620
674
501
567
678
677
665
571
619
460
569
649
603
572
703
606
549
506
610
585
478
570
712
627
643
354
591
525
779
619
678
555
561
520
649
600
485
665
602
748
742
552
499
516
531
690
545
636
537
583
676
481
581
497
617
522
505
558
579
635
703
565
553
667
527
682
627
494
546
521
485
578
720
694
625
504
656
534
750
602
633
545
675
511
619
467
683
555
718
607
714
595
525
541
520
665
636
692
558
583
692
556
823
483
694
584
577
600
573
548
645
683
773
609
686
563
603
606
621
423
471
591
649
625
608
596
757
613
695
670
593
483
610
549
664
580
593
611
716
673
709
519
710
676
700
689
610
630
768
629
554
593
737
607
531
642
707
759
611
559
614
610
615
528
585
620
561
723
625
636
439
465
765
786
538
527
497
703
575
676
567
614
564
533
782
433
579
572
516
731
600
582
656
660
574
699
615
555
676
399
580
578
530
646
646
487
598
592
665
596
718
486
570
532
684
561
689
632
599
729
825
594
739
799
671
628
641
519
577
627
571
530
474
660
559
620
623
474
657
573
553
620
798
630
716
653
730
655
707
581
450
549
661
655
546
618
468
688
546
654
657
513
451
614
471
633
796
544
391
657
742
603
737
640
694
556
581
524
606
503
700
593
757
608
636
603
575
454
697
716
526
568
602
513
566
627
645
605
506
538
596
613
635
611
644
687
693
578
579
606
680
542
614
731
579
625
492
698
648
650
634
590
723
552
672
623
518
543
521
495
565
575
605
645
648
614
715
401
705
584
605
620
712
520
657
563
606
715
676
513
498
743
582
673
674
657
700
577
554
582
617
686
539
600
533
675
722
621
493
608
442
522
638
560
560
572
535
578
523
657
792
800
410
469
564
525
528
536
576
582
598
546
570
646
713
624
701
683
828
532
741
672
563
596
550
545
537
537
923
725
1342
1128
691
1458
