1710
1883
1687
1851
1687
1847
1557
1858
1663
1863
1638
1775
1711
1879
1559
1775
1651
1833
1511
1779
1559
1835
1711
1742
1438
1815
1581
1815
1755
1859
1591
1923
1637
1867
1531
1862
1743
1867
1475
1782
1838
1914
1407
1795
1643
1898
1683
1887
1638
1755
1607
1787
1539
1919
1619
1775
1599
1667
1557
1879
1671
1683
1587
1789
1643
1871
1610
1843
1771
1746
1571
1711
1613
1958
1619
1787
1666
1931
1582
1811
1779
1850
1667
1775
1735
1803
1575
1911
1639
1763
1519
1662
1594
1807
1618
1879
1693
1875
1858
1791
1631
1763
1534
1763
1727
1755
1675
1922
1690
1731
1543
2043
1691
1815
1743
1650
1707
1850
1687
1859
1695
1987
1479
1766
1679
1871
1635
1823
1683
1843
1639
1851
1643
1779
1598
1858
1630
1915
1642
1774
1535
1743
1731
1959
1627
1779
1611
1703
1695
1799
1715
1791
1699
1947
1698
1802
1575
1803
1511
1747
1651
1783
1566
1963
1643
1839
1615
1875
1638
1789
1563
1851
1846
1867
1647
1899
1799
1922
1675
1726
1567
1835
1698
1850
1699
1847
1691
1959
1642
1887
1759
1905
1659
1959
1586
1831
1714
1794
1703
1863
1631
1919
1567
1858
1598
1915
1519
1887
1718
1801
1623
1807
1766
1979
1619
1763
1639
1795
1679
1577
1683
1895
1586
1826
1655
1875
1638
1919
1627
1854
1518
1935
1629
1811
1615
1838
1659
1895
1595
1782
1423
1962
1574
1703
1779
1743
1759
1775
1542
1919
1711
1815
1667
1858
1813
1819
1623
1851
1623
1906
1523
1999
1635
1787
1715
1855
1722
1898
1651
1910
1618
1787
1547
1806
1719
1889
1563
1795
1603
1791
1654
1807
1463
1775
1631
1963
1618
1779
1754
1826
1579
1751
1703
1891
1595
1818
1734
1795
1785
1890
1542
1791
1587
1851
1639
1806
1611
1802
1539
1814
1675
2051
1635
1763
1655
1683
1779
1855
1646
1815
1697
1999
1618
1823
1647
1883
1647
1759
1535
1951
1719
1933
1583
2035
1503
1786
1623
2006
1611
1735
1575
1863
1526
1783
1782
1859
1559
1867
1671
1891
1667
1902
1590
1869
1647
1811
1703
1935
1637
1799
1547
1827
1607
1815
1591
1803
1554
1803
1746
1905
1682
1911
1787
1811
1571
1919
1722
1799
1487
1763
1590
1942
1595
1663
1762
1722
1607
1911
1679
1831
1771
1794
1587
2015
1707
1769
1673
1702
1710
1771
1734
1911
1807
1739
1622
1947
1510
1691
1703
1813
1639
1811
1759
1955
1675
1771
1618
1790
1642
1947
1706
1843
1679
1778
1458
1899
1639
1702
1639
1901
1555
2019
1615
1767
1681
1861
1715
1879
1562
1655
1575
1715
1735
1978
1507
1983
1594
1791
1598
1851
1583
1863
1695
1847
1535
1741
1515
1915
1710
1867
1643
1851
1531
1814
1735
1979
1538
1806
1727
1827
1623
1787
1715
1791
1603
1799
1635
1818
1627
1995
1681
1827
1799
1833
1681
1946
1689
1827
1642
1947
1667
1807
1715
1927
1699
1951
1687
1583
1255
1487
1441
1643
1219
1903
1543
1923
1557
1735
1495
1862
1602
1623
1607
1778
1723
1511
1647
1495
1603
1571
1534
1671
1711
1559
1593
1606
1763
1647
1506
1587
1535
1507
1622
1421
1562
1582
1671
1619
1427
1526
1750
1726
1694
1561
1715
1571
1711
1687
1629
1507
1614
1555
1519
1661
1446
1662
1706
1510
1599
1702
1671
1691
1634
1582
1499
1643
1807
1627
1451
1603
1835
1679
1634
1615
1727
1707
1763
1590
1571
1607
1555
1535
1615
1771
1625
1675
1558
1635
1555
1615
1755
1619
1555
1614
1555
1710
1677
1691
1583
1695
1598
1527
1671
1659
1711
1651
1726
1715
1631
1526
1539
1651
1567
1550
1494
1635
1539
1590
1618
1539
1567
1691
1573
1770
1595
1586
1682
1570
1622
1543
1662
1650
1563
1647
1659
1663
1631
1699
1535
1623
1601
1643
1739
1643
1570
1646
1617
1675
1483
1530
1650
1626
1663
1571
1751
1563
1510
1759
1707
1551
1619
1603
1607
1695
1507
1563
1550
1527
1641
1802
1639
1742
1611
1710
1673
1714
1555
1495
1666
1523
1651
1487
1563
1659
1654
1551
1603
1639
1759
1659
1699
1682
1555
1670
1638
1643
1415
1615
1722
1603
1667
1782
1695
1559
1775
1743
1587
1759
1646
1750
1391
1587
1502
1458
1769
1725
1599
1714
1587
1649
1683
1510
1679
1559
1643
1471
1561
1511
1714
1702
1539
1547
1738
1567
1667
1607
1691
1475
1663
1646
1678
1547
1570
1467
1589
1687
1739
1619
1671
1710
1651
1747
1723
1695
1783
1711
1679
1503
1687
1678
1597
1563
1761
1615
1733
1582
1771
1695
1778
1571
1543
1693
1738
1631
1451
1595
1543
1615
1506
1771
1730
1667
1599
1642
1571
1547
1619
1679
1751
1625
1666
1479
1635
1498
1687
1738
1651
1687
1583
1514
1553
1627
1643
1658
1654
1546
1439
1730
1663
1547
1683
1659
1647
1675
1678
1595
1659
1555
1606
1555
1491
1687
1415
1679
1583
1643
1751
1739
1659
1635
1599
1699
1599
1603
1419
1575
1619
1595
1727
1507
1627
1711
1571
1603
1535
1615
1639
1651
1602
1734
1635
1783
1695
1645
1602
1651
1767
1671
1627
1535
1595
1683
1723
1706
1587
1658
1643
1546
1637
1559
1607
1545
1647
1587
1655
1507
1478
1594
1831
1739
1651
1647
1622
1514
1635
1603
1607
1601
1602
1591
1531
1635
1567
1773
1671
1611
1571
1483
1735
1635
1659
1547
1610
1426
1650
1575
1671
1591
1605
1751
1731
1618
1667
1575
1771
1439
1531
1575
1642
1539
1647
1567
1627
1551
1618
1625
1635
1622
1699
1719
1698
1706
1603
1671
1767
1511
1655
1571
1727
1595
1525
1569
1579
1603
1566
1666
1823
1587
1643
1511
1699
1603
1623
1398
1631
1667
1722
1539
1775
1705
1739
1642
1731
1607
1547
1579
1659
1514
1626
1663
1855
1478
1663
1790
1631
1623
1790
1431
1567
1658
1743
1487
1687
1777
1735
1606
1563
1658
1582
1515
1606
1515
1627
1594
1755
1567
1719
1719
1583
1535
1515
1587
1635
1742
1566
1535
1519
1671
1687
1511
1742
1547
1427
1643
1462
1615
1479
1474
1047
1483
1107
1467
1343
1283
