467
499
230
450
239
534
267
519
343
511
315
443
251
415
271
403
419
547
294
483
411
495
307
499
307
526
415
323
495
447
379
462
430
627
355
479
431
523
271
563
287
678
219
450
211
539
290
427
314
479
351
615
335
587
151
479
275
667
291
387
342
455
315
523
371
503
222
511
243
590
294
527
211
458
379
619
363
503
367
515
291
599
338
523
419
371
199
467
199
575
323
590
515
499
435
523
382
535
395
446
319
407
243
515
231
455
147
346
239
471
358
547
431
578
195
471
275
531
343
447
343
503
287
619
335
567
339
522
339
575
463
710
239
387
267
399
315
567
279
554
391
443
207
519
455
495
371
367
407
543
298
335
463
499
302
526
263
511
382
491
375
706
242
579
211
418
315
438
315
527
323
491
235
563
403
651
250
591
427
391
403
559
227
611
158
351
351
495
427
459
294
523
262
599
339
403
391
539
99
563
283
402
287
459
339
563
182
567
459
503
243
586
331
539
351
575
258
343
378
475
187
398
431
471
423
571
259
479
299
534
135
423
314
478
271
550
423
603
227
514
314
486
350
551
283
586
250
423
371
542
311
507
450
638
414
338
347
527
255
419
290
491
307
419
127
611
322
451
271
515
378
475
311
451
507
427
291
443
251
439
311
359
351
427
306
495
330
447
307
491
351
479
307
467
319
527
251
634
343
526
291
475
171
611
159
539
251
587
378
450
286
411
231
483
387
555
142
559
455
375
215
598
279
427
399
399
299
523
167
486
251
562
415
663
371
482
302
507
367
435
259
423
375
499
323
355
243
479
367
419
399
419
407
435
307
494
383
531
419
366
311
546
370
467
363
623
403
531
431
470
231
602
391
587
435
434
386
539
367
335
295
611
267
527
278
527
187
611
267
511
139
407
306
450
415
471
435
587
103
399
383
406
375
511
263
511
395
350
406
598
155
431
335
399
223
563
235
546
354
535
283
543
218
435
235
551
274
615
283
491
346
499
418
475
439
475
343
363
347
479
342
527
246
430
443
543
310
531
239
558
347
615
191
483
167
659
259
527
367
543
350
391
327
515
239
662
271
431
175
551
279
539
462
639
290
471
335
611
455
415
347
607
226
583
315
523
171
295
303
567
291
447
423
587
231
434
311
311
23
262
83
198
0
531
279
479
342
355
415
387
271
315
247
351
250
323
323
287
247
218
251
91
299
223
167
326
411
323
115
247
335
387
279
307
327
335
123
250
230
139
283
183
315
175
310
283
395
307
350
219
295
250
330
170
394
247
439
399
159
311
291
347
323
299
299
275
155
359
247
323
383
279
362
275
315
323
287
163
387
175
307
182
214
315
346
199
311
147
242
247
246
263
203
375
234
331
335
135
511
387
322
251
387
319
295
247
407
351
207
355
242
207
290
290
275
295
306
211
451
262
214
299
226
287
315
290
215
227
203
283
251
191
243
287
170
195
330
251
263
363
259
91
339
203
267
338
187
227
295
363
299
222
339
347
231
322
246
419
359
187
303
183
286
207
451
218
271
271
183
243
294
326
339
123
450
319
187
287
231
31
258
203
259
263
195
267
379
222
303
215
179
219
319
267
263
362
154
82
371
171
231
383
283
371
247
466
403
271
267
327
435
274
327
331
299
475
123
123
402
339
299
255
215
206
311
219
271
199
131
263
363
383
198
343
287
363
206
335
226
327
231
170
311
227
235
187
398
179
454
167
343
327
310
271
275
207
310
210
235
239
127
115
307
375
323
362
503
318
219
351
382
223
235
198
219
403
119
295
271
367
127
263
215
314
335
331
323
210
271
242
119
391
423
98
351
199
367
267
327
83
258
163
123
355
366
302
199
227
322
226
307
271
331
191
370
183
243
358
351
191
263
178
119
303
183
191
375
202
255
111
283
218
303
318
331
359
323
191
255
403
239
254
386
275
255
291
247
279
243
130
203
263
331
175
271
367
358
246
299
326
334
291
271
378
206
183
415
274
375
303
326
338
479
242
123
319
323
287
147
430
327
203
167
231
275
187
267
347
379
99
355
331
323
323
359
251
319
327
367
311
391
203
271
454
151
307
378
119
278
314
455
171
314
358
335
251
323
231
331
318
207
235
419
315
451
243
379
274
227
199
306
323
247
363
359
259
247
274
363
283
303
286
378
283
203
271
271
395
367
355
234
91
295
367
311
151
263
323
418
259
279
223
271
186
295
235
299
382
375
367
267
318
187
307
291
231
247
87
367
267
179
295
315
215
359
395
330
287
295
334
307
182
362
186
250
335
419
334
183
415
255
163
367
279
227
155
307
286
219
259
402
231
443
247
222
255
206
266
267
23
522
90
151
438
