885
1123
802
992
883
1139
714
1071
777
1100
795
1043
771
1028
822
900
908
1085
787
1056
993
1060
773
1080
808
1003
839
1003
848
1271
886
1055
875
1049
895
1052
872
1022
781
1017
811
1023
1011
993
927
965
931
981
755
1027
893
950
851
1162
939
1034
831
1118
850
998
914
1067
960
1092
818
1099
976
963
834
1083
857
996
855
1212
847
1054
855
1088
803
994
742
869
1022
1203
926
1220
850
991
887
974
855
1029
854
1118
671
1113
802
875
822
941
860
1065
909
1204
883
1073
869
1069
864
1016
706
1048
899
1164
857
1153
816
1057
724
1118
735
1007
727
895
778
1120
805
1103
793
1037
806
1086
877
1059
929
1024
796
1060
769
912
907
975
837
1103
888
1105
659
1147
822
1037
924
1060
913
1119
848
961
847
1025
856
1022
825
1043
1094
989
733
1149
909
1048
826
913
789
999
738
951
796
996
950
984
779
1140
873
1097
802
1054
877
1020
885
1114
841
1055
845
969
889
1151
903
1101
879
1106
739
963
857
975
860
1067
878
1023
853
1021
909
1049
774
1062
956
1016
880
1097
980
1017
683
842
922
1166
952
1059
965
1139
902
1092
830
1104
737
1056
861
1045
946
966
829
1142
922
1154
882
1080
819
1032
692
1165
795
903
853
1105
817
1156
887
1155
972
1105
859
966
720
1070
923
1241
811
1010
944
1088
1005
1139
885
1094
787
1120
837
1064
912
1076
834
1029
881
871
812
1002
807
1090
933
1119
941
1117
901
1075
891
1005
922
976
812
965
906
1085
871
1124
864
1051
785
1040
777
1116
863
937
935
1203
1013
1105
860
951
778
1010
1003
1164
945
1244
1029
1067
808
1213
910
1017
925
1189
855
1047
958
1000
986
1058
868
1090
942
1053
993
1055
834
976
927
1038
864
1078
799
977
798
1119
848
1055
853
970
789
1040
1011
1141
875
1049
937
1051
852
999
932
1102
945
1050
863
1151
904
968
1007
1099
833
902
934
1177
933
1158
923
1120
916
1199
810
1179
859
1112
780
1043
680
1117
767
972
952
1198
769
1010
815
1059
1067
1025
824
1117
997
1126
835
1025
860
1064
954
1034
974
1141
931
1103
804
1086
832
1045
957
1121
927
1089
854
1074
904
1041
925
1076
754
1070
810
1047
828
1139
863
1195
927
1151
967
1211
833
1025
943
1089
811
1167
935
1084
714
1041
857
1076
866
1095
939
1132
941
957
934
1035
824
1083
864
1043
917
1137
977
1117
750
1114
1050
1049
895
1142
879
1213
735
1112
1130
1108
822
1108
934
1201
896
1007
822
993
659
1042
842
912
879
959
1033
723
513
885
721
762
623
1014
775
902
706
1150
835
1154
967
927
845
918
879
966
919
882
778
832
866
833
890
697
752
878
864
835
923
932
834
850
851
737
785
1032
793
753
743
853
959
837
930
860
852
942
846
925
821
707
787
939
836
966
885
770
890
835
760
938
760
830
795
889
812
779
896
902
714
746
818
684
809
724
808
791
937
728
1036
849
771
759
837
938
829
845
895
782
809
819
919
726
898
820
696
865
757
794
868
869
850
806
862
853
830
871
914
974
811
794
822
992
830
828
701
801
773
865
934
757
794
757
841
875
805
768
805
766
780
795
824
837
785
768
851
907
871
799
934
915
934
756
874
832
800
869
975
825
939
969
754
785
918
951
789
658
787
934
859
952
875
765
838
858
866
786
841
819
882
854
857
908
842
1021
818
812
831
913
822
945
822
911
814
775
827
971
890
819
864
989
918
855
817
734
856
966
735
882
803
913
805
744
789
677
833
681
896
915
790
966
876
706
964
776
866
931
852
726
737
914
893
843
826
654
875
773
846
854
865
858
896
768
792
818
848
833
869
962
752
803
795
795
777
741
859
859
952
913
954
799
958
1045
909
814
954
961
878
662
710
777
871
708
769
839
777
769
905
821
898
758
836
797
840
874
691
821
861
807
949
863
786
878
958
902
718
739
765
749
756
803
763
784
801
714
894
919
800
761
822
1016
769
939
794
907
810
1038
943
795
726
765
917
766
810
841
899
711
954
721
990
837
835
807
792
848
866
879
815
908
956
752
877
755
747
1050
926
890
886
767
894
820
844
899
838
876
886
882
681
782
824
760
869
915
853
678
909
827
910
959
727
916
872
718
823
758
846
796
931
814
923
908
869
844
887
768
891
874
782
792
975
907
767
803
796
829
836
916
808
778
739
734
869
776
724
908
798
795
835
756
769
849
858
779
794
938
871
819
938
855
967
758
914
877
796
758
904
753
881
862
780
894
726
739
833
875
1003
797
829
815
790
841
872
899
808
790
781
835
932
691
992
890
785
781
904
793
833
841
920
770
831
642
857
759
717
752
858
822
819
745
876
674
944
771
875
750
807
1023
744
818
774
766
842
799
674
892
702
868
844
763
968
955
809
905
846
902
862
760
908
859
855
764
851
793
821
792
774
921
763
862
830
764
828
759
932
857
687
898
911
690
899
871
785
825
667
781
785
658
772
786
46
370
852
763
1642
1237
