758
1175
743
906
787
1071
851
1015
847
1143
747
1063
835
886
779
983
715
1071
871
1034
835
1074
895
1175
730
1135
795
1062
715
863
847
1015
771
1007
843
979
823
975
778
1035
847
1111
863
1026
811
1070
762
967
867
1031
715
946
774
983
754
1083
819
1062
782
1058
882
971
906
1118
727
1003
863
1051
775
1075
771
938
794
947
835
983
894
995
759
979
906
923
775
935
883
1015
807
1051
995
1078
967
1070
983
1103
795
1023
871
1007
755
935
899
1035
706
1019
771
951
819
1031
778
1107
911
998
922
1207
943
1062
907
1087
903
1043
931
1007
891
942
942
982
837
867
851
1035
759
943
643
1194
798
1139
859
1059
779
911
887
951
859
1019
755
1162
758
946
839
1042
779
951
818
971
817
979
775
1091
919
886
794
1079
770
935
807
1079
739
995
706
927
714
1015
854
1063
951
982
755
1119
791
1107
958
1091
851
1031
990
1122
842
1103
755
1059
919
1018
699
1102
819
1043
635
1110
879
1062
875
1043
859
891
863
947
807
1090
887
903
811
919
770
911
846
982
838
1022
746
1015
702
1139
955
959
739
1087
855
1019
895
963
666
1027
946
1139
787
1139
694
1034
811
1023
771
986
879
935
803
1083
687
1006
807
1011
702
834
771
882
787
1087
743
1023
767
1143
795
978
847
987
883
910
871
1067
807
1130
775
979
759
1123
875
1007
934
1015
1007
1062
743
871
923
1063
874
974
787
963
922
950
730
958
783
1015
783
1183
802
955
779
1011
743
1119
803
987
710
1015
803
1102
807
967
823
1087
955
1083
835
1031
851
1027
922
1027
963
1029
895
1059
695
1054
899
1031
898
1062
775
1111
839
903
759
959
919
1066
843
1042
743
1111
795
1075
819
1119
919
1059
795
1051
927
1015
959
1126
655
923
866
1011
763
1027
911
951
654
1021
838
1039
719
1034
781
879
823
983
827
1014
771
1091
767
859
803
955
722
1126
799
875
955
1062
715
1015
811
943
839
1022
981
1023
851
1043
859
1179
851
963
747
1099
915
971
811
1055
835
1043
843
1063
799
1067
838
1022
907
983
786
1075
943
1158
887
1018
886
979
927
938
843
1210
787
891
767
1019
862
1099
787
1083
799
1043
815
847
806
1043
819
1251
902
1018
863
975
971
1147
1007
1011
831
979
863
1031
931
1158
963
935
754
955
651
1234
875
1047
842
1071
819
1047
823
995
850
987
891
1111
959
1006
755
1247
790
1119
779
1075
935
1147
867
1030
811
939
831
955
838
987
811
962
899
774
507
694
542
727
598
1051
799
979
679
979
931
1022
686
739
931
891
775
735
871
762
815
795
854
823
931
811
698
831
839
763
855
771
811
891
743
779
819
743
823
863
755
654
755
718
782
906
819
795
818
830
755
839
882
819
846
863
903
735
751
889
931
739
815
762
819
819
747
839
870
755
703
839
803
711
791
775
883
759
863
711
803
718
898
775
843
755
683
799
751
790
863
827
787
686
830
875
675
714
794
739
619
758
735
783
795
959
947
839
783
807
967
851
699
875
838
779
787
910
779
655
818
791
835
647
811
910
798
739
903
803
710
615
758
831
839
731
750
647
763
843
759
687
811
847
783
779
786
958
787
779
723
782
855
859
875
871
699
843
814
771
871
751
759
779
715
835
807
718
790
847
799
723
795
962
831
803
875
758
823
751
723
911
759
799
843
819
750
826
795
782
711
907
807
614
659
703
822
823
803
679
679
607
863
699
866
935
775
818
795
779
863
726
947
823
679
867
782
779
775
775
691
875
839
799
675
595
787
683
803
747
887
803
839
695
866
775
830
866
779
799
863
771
703
722
963
887
663
731
731
783
843
882
698
746
923
751
762
735
911
715
675
823
726
614
751
783
711
715
935
834
678
815
859
755
582
779
775
787
679
782
811
739
770
723
699
747
879
771
790
1007
735
859
719
794
703
786
947
643
715
787
779
790
779
838
867
707
814
865
842
679
731
727
894
931
798
799
982
839
771
819
867
923
871
686
767
807
527
818
891
811
891
715
827
859
879
767
858
954
759
755
779
811
607
715
755
671
666
911
819
718
855
791
911
886
871
627
871
779
681
595
759
766
726
866
798
759
711
875
771
767
991
690
814
703
767
879
863
751
759
754
847
830
930
763
691
687
767
655
890
743
887
647
839
714
918
615
795
743
875
759
799
750
759
591
995
643
830
683
874
687
946
691
691
707
763
806
943
827
691
802
847
775
711
667
878
819
703
975
818
715
858
759
875
639
758
815
779
759
851
754
751
919
667
854
770
902
734
751
919
707
923
722
855
890
734
867
746
722
951
903
863
863
843
679
927
853
631
771
831
799
691
839
927
847
839
755
851
903
975
707
839
719
819
835
894
891
787
919
703
723
803
779
919
567
922
863
871
650
819
751
859
567
962
799
803
775
791
679
855
643
750
555
715
699
623
835
799
814
838
807
1451
695
395
1103
667
1075
