589
762
527
819
731
943
574
639
582
614
555
751
547
833
463
713
667
829
571
759
651
811
511
931
590
627
435
719
610
746
518
833
458
806
554
803
591
663
678
827
666
751
559
913
539
866
503
851
579
851
658
775
598
735
665
739
607
787
607
611
439
751
639
731
427
798
638
799
479
639
551
606
487
887
595
815
769
766
459
815
542
747
515
687
459
851
631
683
555
771
562
742
626
785
503
719
655
807
627
855
727
706
431
899
455
799
539
786
466
843
491
617
451
575
503
787
581
791
535
801
542
827
711
867
535
707
555
915
639
819
511
783
534
751
519
718
539
898
369
759
627
823
570
811
651
915
554
671
554
905
451
679
654
783
539
707
682
738
602
735
583
842
447
743
542
710
631
667
582
867
553
795
605
862
711
659
579
815
787
1011
699
739
523
887
431
739
643
863
611
859
583
783
499
722
647
827
567
910
699
711
498
867
627
798
711
899
738
746
554
823
506
729
571
710
606
827
603
791
659
809
698
745
554
755
562
766
435
743
631
667
521
769
553
894
615
935
531
771
565
823
559
814
627
825
483
727
507
831
479
831
503
775
575
726
647
790
603
862
563
763
617
771
615
747
670
661
618
863
587
666
683
599
542
803
635
847
551
851
526
854
651
781
611
794
614
838
503
739
623
750
462
843
594
875
495
723
483
867
554
739
567
899
527
829
547
855
605
798
695
690
595
846
567
767
626
754
515
855
467
859
597
811
646
751
635
775
622
695
583
915
667
763
557
671
631
787
595
842
562
841
495
867
607
738
562
694
607
579
397
907
610
723
455
834
663
663
463
730
529
759
473
843
491
694
639
850
547
739
659
739
583
967
619
858
602
759
551
743
555
859
483
733
523
735
543
899
662
731
542
807
643
703
403
847
487
850
562
702
555
813
635
895
635
709
395
739
331
691
734
770
691
819
695
818
567
758
595
759
629
831
455
779
679
767
515
899
607
855
587
763
567
801
447
947
779
767
618
793
350
735
619
758
490
831
423
851
605
922
593
702
605
810
503
765
542
727
554
695
414
842
542
814
531
835
666
565
607
654
619
858
547
683
694
650
498
822
499
723
563
811
575
674
663
863
623
859
557
815
545
887
559
599
423
731
553
775
589
671
283
451
251
361
171
619
687
611
553
687
567
698
517
583
563
537
515
635
399
407
571
535
606
507
675
691
467
515
519
583
450
471
479
567
483
547
603
615
554
443
603
347
687
490
571
614
483
693
595
766
467
459
599
519
583
579
651
527
398
563
522
653
602
553
627
486
487
435
587
595
419
443
455
455
499
559
478
519
571
590
533
590
627
518
607
391
666
511
655
547
583
579
527
525
627
447
523
551
593
583
623
487
443
427
522
450
507
579
590
423
567
511
443
583
621
495
487
405
559
555
555
555
555
555
555
555
555
555
555
555
555
555
555
555
555
555
555
555
555
555
555
555
555
555
555
463
427
525
467
547
639
423
686
642
539
555
595
627
611
537
607
775
615
575
674
551
487
539
451
518
555
551
643
555
630
307
467
597
487
515
531
583
441
510
471
554
395
523
655
665
645
618
527
558
515
495
543
531
463
535
575
519
577
509
591
499
527
498
627
623
427
446
587
677
506
566
525
563
547
551
582
695
410
555
594
634
607
495
567
611
619
493
502
598
519
435
531
618
698
514
647
411
643
474
515
507
495
551
526
551
683
651
550
595
467
521
491
555
571
617
539
519
623
431
487
486
602
479
654
719
595
594
719
593
435
607
499
547
551
519
522
707
602
483
415
569
606
505
407
586
611
475
526
475
523
455
495
491
587
527
439
498
583
558
695
502
563
715
578
623
502
562
643
467
595
615
682
575
563
643
663
622
510
533
605
419
491
447
475
638
579
439
677
567
539
634
655
511
613
458
606
549
655
519
511
631
647
527
502
555
542
450
695
446
586
513
619
473
515
466
583
606
519
511
675
475
494
655
503
693
526
471
471
418
679
610
458
403
499
517
455
450
443
538
534
707
395
438
513
483
491
531
631
610
594
691
543
478
551
613
615
455
647
551
543
619
599
402
625
527
427
447
479
490
577
615
463
535
579
379
583
643
519
603
565
535
559
539
663
447
479
591
631
555
627
607
415
543
442
583
567
475
483
475
691
471
595
565
563
535
647
458
579
398
422
559
419
523
434
517
466
567
575
639
575
483
586
507
527
475
527
694
567
555
562
587
587
450
542
579
491
543
541
499
419
559
523
535
555
617
507
535
527
567
535
651
547
530
599
511
443
513
647
699
541
591
687
653
595
583
671
423
487
551
475
338
463
486
663
555
615
646
915
1151
1075
1015
