777
959
751
853
841
998
820
1091
709
1103
771
987
779
1087
741
1002
819
1047
767
971
787
994
767
965
803
977
670
1059
939
987
878
1059
897
1043
871
1102
838
965
669
951
675
1109
723
1031
806
954
823
1003
758
1093
891
982
902
858
763
1025
745
938
759
843
835
1122
811
947
851
1047
821
951
782
947
913
1107
739
938
847
927
903
831
839
1030
755
987
742
935
853
1139
903
971
835
938
671
931
853
919
711
1153
854
1054
778
867
838
1127
799
915
889
1002
886
954
781
973
787
1055
693
1003
738
891
843
975
851
879
806
1049
762
963
845
1023
807
1051
818
811
747
757
778
1000
739
990
791
947
883
951
798
815
811
1110
933
983
698
1046
893
950
770
1091
871
834
701
971
767
1049
891
1055
769
1047
761
1009
687
949
791
898
783
1102
815
992
638
969
767
1107
639
1043
807
1036
594
1004
881
935
746
1017
797
1035
918
1025
681
951
703
951
811
859
767
1026
887
942
915
1062
690
899
707
1097
693
923
917
1005
757
998
742
1175
843
995
747
1045
773
1011
714
913
795
1039
854
951
859
869
807
758
911
859
827
1045
850
879
807
1093
919
993
885
1111
886
1071
742
995
819
1007
655
1081
697
963
886
1199
689
949
861
1069
703
934
873
969
842
877
759
991
822
1007
947
787
808
1035
795
941
883
783
895
917
839
960
889
1055
809
1068
645
1077
697
1031
726
1059
835
1009
743
1114
731
1022
778
985
719
1026
863
1017
793
1003
921
1031
747
993
941
986
791
1035
802
927
700
1050
747
1022
775
1183
899
1023
790
1003
738
1019
659
889
818
915
802
991
838
993
693
1045
811
736
887
1173
953
1065
891
1118
678
961
780
1005
867
902
915
961
795
871
786
939
627
1047
747
895
762
1027
799
1020
729
1007
762
977
773
959
751
1009
877
1057
776
1019
761
1006
739
994
777
905
607
1083
775
1130
635
1059
723
1069
743
871
741
968
747
945
827
1051
737
1073
719
937
865
1054
699
1003
847
971
929
911
659
979
815
983
842
1105
929
1007
869
1042
707
857
751
857
787
1039
879
947
993
962
731
986
718
1025
729
959
855
923
919
909
699
1050
679
983
923
1011
958
1061
861
914
658
870
769
887
807
966
742
1090
878
1102
830
1039
849
913
858
985
713
915
857
1001
845
831
759
1030
663
1047
720
967
718
978
781
1099
859
853
855
1027
739
838
742
907
718
931
723
971
817
959
883
595
466
701
485
675
457
1043
631
945
815
871
647
991
797
835
666
639
719
671
867
615
751
759
661
747
787
823
761
717
639
733
874
763
661
842
830
807
851
873
811
786
656
885
721
750
874
629
761
771
739
734
581
823
567
725
834
727
767
831
861
781
854
863
790
574
747
722
827
797
677
687
639
663
850
675
762
812
835
937
794
789
875
927
895
882
775
817
723
582
769
619
745
582
799
975
854
694
722
646
603
715
717
785
806
745
625
731
794
691
675
741
763
767
850
787
775
783
910
721
859
626
626
626
626
626
626
626
626
626
626
626
626
626
626
626
626
626
626
626
626
626
626
626
626
626
626
714
675
738
777
769
583
763
831
791
758
729
798
805
703
797
701
843
759
735
742
794
853
779
533
769
583
649
947
755
762
757
926
717
690
846
822
831
693
658
862
887
634
682
785
803
957
570
691
658
779
851
835
690
735
687
849
711
807
875
874
803
884
797
743
738
823
727
822
686
815
786
845
699
753
857
810
779
745
678
739
733
815
634
627
778
591
751
797
583
771
722
847
787
656
673
829
851
626
553
621
689
683
635
663
729
685
713
755
743
719
890
761
711
715
721
887
775
727
699
855
753
762
785
839
727
863
767
911
683
787
783
856
738
819
863
866
750
852
802
897
911
814
763
922
835
935
791
695
729
799
879
732
667
665
834
783
806
752
798
655
709
717
759
810
723
771
787
803
579
706
810
829
856
927
735
759
766
646
739
715
751
783
697
674
834
838
787
675
818
767
743
911
611
745
615
731
735
730
775
843
637
841
745
733
741
933
850
763
903
733
739
690
918
775
606
909
797
795
907
873
643
763
755
803
709
819
631
738
854
855
749
734
771
778
842
902
753
770
831
814
791
761
622
919
689
905
667
813
687
669
736
795
727
830
651
696
714
879
737
706
723
871
743
794
674
743
693
879
901
795
807
681
515
923
642
663
791
715
713
793
721
869
878
843
777
765
759
686
735
826
681
738
622
783
745
794
798
707
856
727
810
747
811
707
641
787
601
750
661
713
665
807
781
695
746
796
855
755
766
727
809
687
802
783
894
871
723
607
783
723
759
925
775
833
789
743
834
754
752
783
675
748
727
769
866
819
795
895
831
731
873
718
795
805
654
695
871
846
847
858
753
730
768
807
794
811
839
735
683
723
729
889
817
822
858
182
0
431
551
830
292
