798
773
659
941
643
958
622
827
722
818
758
851
647
807
639
923
651
879
523
803
639
867
717
783
574
870
587
795
662
903
667
827
594
975
615
787
667
811
411
715
723
1035
646
813
851
807
670
854
555
919
635
1011
610
726
551
767
454
851
751
979
585
959
519
851
651
723
667
834
599
811
663
813
675
827
567
926
635
871
503
891
735
871
557
842
711
811
539
907
655
851
683
843
703
802
595
719
702
923
691
883
659
899
494
939
695
967
747
746
597
891
547
907
631
827
766
979
595
793
611
710
671
719
611
875
567
713
583
875
815
731
691
959
667
971
566
835
706
807
555
779
683
966
659
810
678
882
667
803
687
903
635
803
593
835
763
875
702
815
737
903
574
795
503
775
778
967
598
1019
594
887
691
747
715
726
594
815
707
999
561
790
643
927
579
967
767
786
611
955
606
971
775
891
747
975
587
835
694
770
822
907
410
835
759
885
639
895
671
827
659
765
635
891
803
882
463
751
575
905
810
979
651
834
638
915
819
874
719
751
605
879
675
906
567
827
635
931
530
899
619
894
571
846
631
891
674
763
667
842
538
846
494
797
599
643
603
779
589
991
687
826
718
889
511
783
739
822
619
889
651
835
498
919
615
827
651
706
565
723
623
935
687
955
655
830
655
903
646
871
693
909
662
859
531
871
547
823
679
943
607
723
715
914
426
811
655
703
631
855
487
690
499
787
674
815
483
835
623
706
627
835
845
819
795
931
614
877
679
943
766
822
611
906
602
1051
755
831
706
835
715
931
771
831
527
790
510
879
731
915
645
839
602
971
670
919
739
934
639
967
591
757
599
737
581
863
630
863
739
822
847
1027
583
747
662
825
731
827
598
699
554
723
546
978
690
939
559
895
555
867
706
838
742
763
430
934
531
831
587
871
459
774
711
839
711
891
430
923
650
757
691
659
651
967
601
727
519
858
815
771
731
871
699
779
655
790
771
707
571
887
639
889
546
783
567
751
719
890
682
907
650
849
734
834
690
851
695
619
590
883
611
771
679
925
675
895
535
799
591
917
622
843
735
907
623
914
822
799
646
835
638
858
539
951
603
803
735
778
755
835
683
843
741
949
607
755
675
763
654
963
727
891
655
850
731
970
610
825
707
651
247
726
315
571
275
743
647
841
599
954
634
843
753
635
639
703
535
586
631
683
571
698
642
647
623
591
595
499
631
551
551
623
539
638
539
607
703
607
627
686
586
626
559
614
543
623
542
487
606
703
602
734
646
598
651
559
691
647
707
683
567
546
670
575
579
647
650
570
699
678
735
561
666
595
639
675
483
619
517
523
447
547
694
667
571
655
486
631
715
549
598
581
627
646
553
519
647
658
659
607
591
659
682
654
723
711
559
581
659
691
491
759
691
735
667
519
587
639
670
591
655
566
651
539
623
621
726
747
575
550
578
485
667
526
770
511
718
617
559
671
647
611
682
679
559
607
683
615
547
455
659
647
771
703
667
583
747
623
539
579
575
574
655
583
635
530
658
590
610
602
727
595
766
507
650
535
703
711
666
595
647
657
535
571
738
579
654
635
567
663
687
539
647
577
683
599
683
581
755
573
399
630
607
542
623
522
543
463
594
579
643
627
647
535
635
627
431
563
751
630
643
667
751
549
647
650
678
762
606
542
730
503
558
611
681
671
671
595
603
791
775
507
578
643
641
411
563
547
503
585
710
555
667
599
630
595
662
631
662
443
618
527
586
610
535
559
641
574
685
642
611
559
767
539
574
499
599
602
503
603
611
627
755
759
523
571
687
579
635
583
655
513
427
709
679
623
719
647
494
551
663
602
563
470
639
663
611
666
671
614
630
439
822
498
754
675
663
649
563
583
599
587
635
659
739
650
659
603
577
723
575
774
573
723
702
599
658
546
751
655
515
618
570
502
607
643
559
507
611
606
627
630
754
643
603
710
582
602
615
679
690
563
431
603
723
623
670
590
675
646
639
593
659
671
731
635
665
562
603
567
739
714
590
571
579
607
547
638
535
463
602
665
710
723
735
745
570
569
619
630
759
591
679
521
671
499
570
709
670
607
657
603
671
525
697
582
567
645
615
518
663
571
622
774
711
621
787
563
555
587
547
487
643
490
547
502
626
611
719
617
747
559
479
679
663
618
615
523
563
629
659
579
695
641
469
531
603
739
579
659
487
679
619
503
662
551
663
615
651
705
567
729
797
591
594
647
871
663
475
513
586
671
737
579
687
531
649
570
631
499
642
726
715
511
671
663
759
550
523
611
653
559
586
543
563
595
563
618
686
751
541
619
575
679
513
591
714
623
515
551
659
643
210
123
0
554
