829
915
751
985
755
1070
726
927
783
1131
679
983
831
1030
931
1035
750
861
838
999
817
1027
683
995
733
1049
737
1169
807
1107
799
1087
758
993
713
965
759
923
735
843
899
1115
675
1165
687
999
739
1051
866
1095
806
1131
627
1067
657
1058
849
915
751
977
1025
1063
738
1134
734
981
875
899
766
979
835
1067
859
1101
839
907
855
943
791
898
822
961
962
882
671
1111
790
955
799
975
745
913
795
1075
859
973
749
1123
739
919
779
1019
642
1007
723
1035
734
891
850
971
938
1127
911
1081
745
1059
707
1059
887
950
771
1006
659
1006
814
1047
667
1010
693
887
761
1106
831
987
831
919
857
1143
794
983
623
1054
651
1058
834
1105
711
1006
854
986
615
991
657
1023
827
834
806
974
623
1011
715
999
893
875
813
970
789
1019
751
875
694
922
785
979
723
898
825
865
794
1003
803
985
787
815
781
1191
887
1141
786
1054
871
886
917
1003
847
971
726
891
759
923
782
967
694
1029
850
955
818
955
718
973
869
994
867
1093
683
979
830
987
886
1075
787
1079
787
971
747
958
671
929
695
1049
793
987
897
1047
871
1019
711
1023
815
1010
749
841
803
955
709
898
741
1159
762
983
679
978
694
937
897
1067
843
985
803
923
867
1150
847
925
803
1023
903
939
931
1043
587
1047
579
1102
819
999
778
1001
863
953
715
1063
841
1001
719
1034
831
1043
751
1119
862
1175
894
959
821
1014
699
961
707
1011
782
1093
697
1039
763
1003
989
1115
829
1011
713
935
895
1101
665
963
789
1075
605
1006
783
1075
866
927
775
1070
826
971
839
1010
718
1003
799
958
795
1042
825
1055
758
875
1006
935
923
1015
557
858
707
843
863
971
767
1017
943
1007
789
1187
761
930
861
923
823
1025
879
883
711
1017
558
983
891
1079
915
1013
662
1047
770
990
841
969
734
1043
1014
957
719
937
894
1155
749
1026
703
977
797
1002
797
955
934
1011
769
1135
895
995
827
991
778
1034
806
977
631
975
950
1062
805
1091
767
931
570
1154
1001
999
803
877
919
1046
719
861
699
1015
826
987
839
1005
861
1186
775
1025
695
1199
713
966
685
987
994
871
711
947
853
913
886
966
795
1155
687
771
695
961
755
903
787
855
779
1065
631
1047
913
1067
827
982
721
970
737
1053
723
1058
651
1025
803
887
847
967
846
1010
695
1130
761
939
761
1043
842
990
907
883
777
854
805
893
969
982
767
549
477
731
486
701
547
871
822
970
710
1014
883
919
830
723
745
747
847
763
630
693
813
743
873
714
819
853
691
703
731
855
746
669
746
929
775
963
727
735
722
763
745
725
715
719
723
754
715
730
659
915
793
851
779
622
629
811
857
758
779
609
821
751
650
819
623
701
655
731
742
738
751
731
811
814
762
787
755
773
859
657
935
843
695
759
843
917
847
759
799
894
862
895
835
799
682
775
827
759
715
635
798
494
727
751
727
626
959
707
830
806
907
739
863
735
723
849
775
895
731
731
921
921
921
921
921
921
921
921
921
921
921
921
921
921
921
921
921
921
921
921
921
921
921
921
921
921
817
829
763
658
755
831
918
959
719
655
919
595
791
659
691
651
634
743
826
743
815
795
859
782
711
807
903
869
718
658
686
691
762
799
811
667
733
711
711
731
887
690
733
839
689
694
735
795
819
673
751
835
703
725
731
827
711
718
847
791
671
913
763
743
859
651
699
695
963
679
821
709
817
711
655
769
767
755
823
863
687
663
803
679
730
714
733
775
889
731
831
703
842
643
915
635
707
715
598
659
723
697
615
787
693
802
859
906
779
779
895
785
666
683
711
739
747
677
662
757
758
717
695
747
879
763
673
651
774
939
685
751
659
695
711
627
827
735
758
722
863
699
781
717
734
657
771
806
731
785
793
783
863
763
853
650
897
555
862
751
779
721
789
637
823
799
831
775
883
767
867
733
623
729
759
743
783
803
659
719
683
781
859
766
690
798
618
927
710
781
875
819
591
659
819
799
719
694
795
694
803
769
785
739
939
785
751
710
777
883
671
862
723
525
895
647
771
671
699
787
691
707
933
743
742
567
609
691
725
763
747
663
846
771
737
627
866
719
722
710
791
809
779
663
754
759
902
729
866
595
774
757
795
707
819
627
718
627
763
931
775
595
735
695
811
723
855
699
862
698
866
861
695
682
679
695
943
827
798
842
778
695
897
695
869
737
871
703
643
658
589
659
743
723
774
771
847
921
762
759
782
717
695
799
851
593
775
767
479
767
847
782
598
755
755
803
726
701
702
759
727
787
839
675
711
798
715
657
795
683
921
875
775
750
690
739
631
814
611
775
753
506
643
774
722
639
901
851
743
719
874
819
723
737
757
843
802
795
729
830
795
725
830
711
811
715
699
623
767
663
699
730
655
825
771
1655
1127
971
1075
1039
