437
717
326
737
526
556
487
637
557
622
382
591
506
495
340
575
375
453
487
711
486
654
499
556
544
697
326
695
425
580
443
661
497
575
412
766
414
770
446
612
507
727
507
511
327
685
313
700
543
579
407
567
470
693
451
719
352
542
283
562
595
701
471
525
590
697
439
782
543
816
356
534
510
587
421
840
536
494
628
657
504
722
421
695
627
659
349
718
458
562
382
709
485
655
387
754
550
631
516
763
580
652
479
704
353
646
457
587
487
772
521
593
499
605
315
729
571
786
472
794
355
681
403
649
432
779
606
759
433
635
439
694
429
690
423
646
281
667
424
553
529
709
337
718
377
654
462
756
407
627
449
568
495
661
379
700
448
627
501
691
662
697
491
575
529
725
363
631
408
619
406
675
418
537
550
609
586
780
478
680
304
579
439
608
470
610
446
673
399
712
309
639
635
743
395
762
442
574
324
811
487
735
549
667
304
629
329
567
453
637
469
763
515
726
274
763
367
543
476
645
418
755
417
703
579
570
387
599
464
697
239
598
355
642
383
739
407
719
548
746
577
804
451
553
512
711
401
678
597
577
345
656
417
585
429
725
494
721
470
523
582
674
352
783
576
650
322
797
325
705
432
599
464
667
584
501
419
797
522
522
433
731
450
731
438
628
401
662
445
731
334
612
571
635
590
587
579
580
366
770
521
811
353
653
449
545
486
726
390
794
543
644
499
599
485
704
417
565
514
694
555
658
557
546
585
667
431
750
407
685
581
673
515
669
414
778
435
668
464
759
495
697
458
853
422
672
388
614
509
501
350
723
476
783
570
693
537
731
471
585
395
671
467
643
368
579
585
721
469
641
439
639
373
570
455
788
489
666
365
650
517
738
581
628
547
828
436
576
570
646
410
686
509
694
415
693
439
553
631
702
555
754
550
732
408
611
478
581
509
755
390
683
491
643
436
687
318
675
587
611
495
666
379
606
498
646
361
494
337
597
557
635
500
579
397
711
442
862
310
599
400
705
425
696
574
684
466
679
547
673
375
670
449
629
406
565
491
572
470
598
470
590
583
686
362
728
299
720
441
676
469
605
391
616
467
626
460
714
499
771
511
747
328
741
455
716
551
649
409
906
498
621
427
734
485
722
403
355
170
381
263
416
91
664
677
635
445
893
438
709
457
559
526
505
585
440
373
346
343
406
435
396
429
446
405
483
412
428
549
525
286
487
473
515
420
462
523
245
488
383
418
339
514
446
583
382
430
407
355
566
390
421
371
247
500
421
363
449
491
446
514
539
442
389
407
558
393
485
413
316
307
383
618
446
554
509
466
479
487
474
409
388
597
498
422
357
451
467
383
227
306
543
582
439
503
530
396
400
351
368
572
398
523
376
451
441
561
471
399
287
503
518
299
370
382
335
397
477
419
399
410
492
361
469
543
410
470
461
426
362
563
565
355
419
438
397
436
405
499
459
450
349
439
437
511
251
283
376
413
391
519
399
431
439
554
432
518
527
485
470
421
546
519
352
537
511
433
323
312
335
451
427
426
575
378
374
233
390
403
427
295
599
404
347
430
594
407
515
410
397
575
553
431
514
393
388
257
343
565
439
406
273
441
546
419
412
427
453
471
483
342
394
578
469
421
330
494
435
362
401
423
423
458
446
519
453
515
405
327
543
498
445
385
267
386
447
467
474
455
467
426
505
375
464
263
482
318
442
511
310
420
621
581
557
479
309
381
464
330
308
398
451
471
496
466
315
365
441
350
454
437
471
457
598
546
353
367
440
405
378
412
315
489
418
388
310
554
470
457
402
486
421
332
331
459
320
364
461
509
409
367
463
491
442
453
386
417
371
556
402
367
462
370
513
505
344
453
478
549
572
461
483
472
369
555
353
425
456
411
555
635
462
528
509
554
339
498
449
367
343
354
462
594
338
383
423
551
347
447
435
451
583
507
395
346
441
549
376
551
539
415
538
506
446
513
424
524
549
647
386
402
427
458
427
478
417
407
506
407
496
431
418
406
385
446
326
448
448
435
449
312
270
435
348
364
363
575
531
406
475
536
477
210
483
473
451
647
307
446
483
405
514
380
358
539
429
379
263
255
554
346
430
331
347
457
479
479
379
467
415
397
395
359
510
360
377
484
391
427
477
545
345
459
354
443
503
401
438
501
477
326
179
435
295
331
529
584
366
467
415
451
451
436
551
410
430
307
337
466
445
408
269
530
587
398
331
391
335
586
518
413
414
469
313
472
311
498
366
417
453
451
428
453
602
284
370
531
449
381
283
407
357
449
422
483
318
503
407
455
423
407
483
453
224
296
359
363
379
591
467
859
341
822
1146
