458
670
528
666
439
589
533
663
538
714
486
603
390
741
542
713
398
631
451
638
519
598
486
725
423
745
397
614
469
663
540
675
475
671
407
821
523
695
386
478
553
607
339
742
399
591
594
689
371
712
562
739
403
645
615
726
442
719
491
766
454
542
570
739
539
815
587
751
501
743
459
569
471
617
407
627
499
809
467
738
523
765
601
690
534
593
402
522
455
646
415
745
501
705
561
751
574
582
590
743
457
622
427
671
403
803
458
719
355
635
399
806
555
618
566
914
545
657
545
699
302
767
571
719
475
694
447
774
487
757
433
720
498
711
607
675
407
694
563
675
425
603
553
667
506
790
405
853
525
723
403
623
427
751
435
634
459
719
490
618
579
619
507
891
439
661
562
674
399
783
455
771
461
847
379
711
571
675
361
707
521
869
503
618
493
713
585
655
462
730
599
755
515
689
486
730
522
651
466
717
387
690
373
653
571
707
540
646
526
820
611
663
413
710
478
559
446
643
439
851
562
859
535
703
629
733
507
679
551
725
495
530
418
852
450
775
547
815
557
671
457
567
568
631
562
625
366
706
657
790
443
731
463
679
590
745
641
822
468
687
619
735
439
622
445
608
414
623
470
543
512
691
285
629
435
713
398
641
495
631
556
738
438
833
445
715
445
723
527
683
486
719
481
783
636
675
462
682
630
590
527
861
465
685
397
730
538
697
552
799
326
767
467
651
569
558
487
679
502
782
489
754
542
754
487
731
451
682
349
651
363
815
458
715
638
917
515
651
531
741
627
722
527
882
443
875
533
677
421
609
431
587
511
689
541
826
487
693
575
607
443
635
554
602
429
703
533
791
385
679
506
623
535
742
443
873
585
723
306
726
621
807
311
591
535
611
407
639
330
784
380
559
563
618
419
635
467
763
472
730
448
875
491
855
415
782
527
709
469
643
453
566
531
677
460
606
463
734
390
734
549
730
478
825
525
781
529
666
599
821
459
675
509
630
427
751
391
825
334
611
495
605
558
713
510
563
413
774
466
691
433
622
423
647
502
714
405
709
341
626
463
666
609
909
614
735
471
667
410
811
473
569
383
598
483
702
579
703
547
751
355
668
408
687
319
838
441
591
482
589
459
663
431
674
393
778
354
537
179
263
202
422
251
593
546
643
389
613
399
821
598
433
514
519
401
471
543
524
435
512
627
299
445
459
406
419
529
527
466
463
462
409
391
362
459
390
411
402
558
543
563
560
519
507
316
407
522
434
467
483
446
433
443
359
394
418
455
535
382
343
487
420
513
407
385
386
449
633
543
410
311
517
607
454
503
461
442
387
574
438
495
435
507
407
339
327
471
434
278
399
488
371
547
458
641
526
393
542
445
223
597
394
515
481
429
279
565
487
466
507
538
433
459
451
315
410
535
503
463
448
561
470
439
555
490
347
506
429
496
431
499
362
307
459
377
377
564
417
410
585
519
455
469
630
349
502
553
462
463
438
457
467
426
397
501
473
387
301
491
382
413
370
404
358
417
525
485
395
581
567
435
478
443
341
621
490
449
431
431
315
458
433
489
410
455
457
551
529
370
539
498
460
603
457
467
515
398
477
543
493
501
415
475
395
383
425
499
543
446
509
415
337
549
443
531
382
323
343
587
301
326
392
571
573
455
437
529
353
518
393
484
319
565
430
505
324
473
247
483
422
583
430
514
562
549
408
359
475
531
469
513
455
391
261
306
359
538
494
435
298
411
394
403
601
499
571
377
439
441
458
567
505
517
479
347
455
547
314
373
489
409
499
606
459
427
312
555
546
543
363
571
398
528
425
522
446
475
349
543
449
645
401
430
293
582
487
534
453
310
323
375
607
517
351
408
545
531
355
547
431
474
325
507
415
467
480
470
425
374
391
546
481
459
486
394
537
438
475
461
521
355
402
546
467
579
575
434
523
379
458
563
587
501
483
557
483
570
403
543
351
586
503
466
446
342
435
452
583
551
399
475
341
558
315
651
367
393
466
423
561
357
447
553
439
551
671
475
487
494
423
403
338
426
347
499
550
454
505
455
575
502
491
377
269
351
565
531
434
462
387
473
463
511
441
479
649
539
422
505
427
378
455
415
470
497
455
603
515
374
389
399
474
491
443
489
509
355
447
395
288
539
319
557
543
493
489
425
527
390
442
467
586
503
523
465
425
526
419
479
519
415
639
416
485
430
375
473
553
457
397
423
427
465
280
337
455
583
506
491
423
421
521
439
375
461
636
569
471
485
438
457
434
519
450
367
477
443
629
579
491
426
495
465
511
454
535
379
481
458
463
574
404
438
486
305
331
479
430
947
0
441
643
967
1031
