291
707
439
515
419
623
335
439
391
547
415
551
259
499
259
443
475
763
547
455
259
495
491
651
439
487
427
651
439
499
399
451
395
631
299
635
383
667
355
639
439
631
279
567
375
459
415
623
363
639
251
631
275
727
191
479
467
551
475
515
435
531
279
587
371
635
291
643
483
551
315
587
319
655
463
523
411
671
347
675
299
635
523
439
511
567
511
587
319
659
455
571
347
539
283
671
411
647
243
607
471
567
347
559
479
619
251
519
307
571
191
611
399
643
387
555
603
531
295
603
547
583
363
539
467
579
471
643
443
783
367
619
495
531
255
511
363
479
539
443
403
651
351
555
279
547
355
527
355
551
311
599
415
675
235
567
403
415
315
391
395
667
231
687
419
575
391
487
427
439
371
519
483
599
367
675
359
479
383
451
267
491
347
615
547
563
243
443
315
571
339
675
343
487
179
543
391
667
407
619
551
627
271
599
383
471
419
619
415
635
239
475
383
651
255
599
499
583
387
467
255
519
303
551
431
507
303
547
307
575
387
355
395
559
215
635
399
723
295
491
359
611
427
575
311
603
199
551
447
667
391
391
403
647
283
515
331
523
227
499
287
391
191
543
415
551
335
595
323
655
331
475
443
575
359
467
443
591
347
475
471
439
279
551
555
615
403
479
351
659
467
479
327
607
307
515
451
443
315
659
403
575
247
635
379
703
367
679
339
611
463
623
151
487
299
659
331
411
411
523
359
595
231
591
363
515
375
519
287
555
339
527
239
455
407
519
347
479
323
703
199
695
371
571
407
503
339
683
495
739
467
487
295
635
267
647
347
547
263
547
347
583
323
455
423
747
411
495
271
603
355
679
323
527
195
443
335
631
463
523
391
659
239
611
279
527
451
491
499
439
359
475
403
611
511
483
423
667
411
387
387
559
367
731
407
511
403
439
395
463
603
507
615
483
407
503
407
595
299
511
295
775
419
483
299
627
511
687
479
667
403
459
303
615
459
647
467
667
415
675
251
599
367
371
391
627
315
507
295
607
447
635
399
555
399
683
487
367
355
503
331
559
459
455
199
547
491
607
391
575
395
427
355
667
323
631
395
579
491
391
395
631
343
671
543
575
323
503
363
543
523
483
467
667
347
507
271
251
83
387
163
415
95
459
323
539
315
527
359
507
339
607
515
247
315
279
299
375
243
395
271
323
271
475
371
383
371
423
319
327
435
351
295
367
387
323
307
287
367
387
415
395
507
355
143
523
411
443
319
351
303
383
347
243
323
315
259
315
399
295
223
215
495
299
367
311
479
351
307
435
463
487
311
231
287
259
259
275
435
419
491
299
295
431
455
259
555
435
319
231
403
259
251
339
487
499
303
387
455
387
471
519
259
367
311
391
519
271
243
363
451
319
395
391
319
187
315
379
283
383
291
447
527
175
467
267
355
423
303
355
207
271
383
99
375
375
395
283
463
451
439
247
291
235
355
439
407
175
0
275
411
307
319
343
115
363
371
267
275
299
379
335
315
463
383
235
411
211
447
291
395
359
447
407
387
283
315
215
319
359
455
459
235
471
391
363
383
415
527
399
491
243
347
335
347
359
447
295
243
331
215
303
535
395
291
279
291
259
431
303
335
311
239
347
471
251
347
511
307
227
283
407
271
331
355
311
451
279
235
279
303
307
307
387
383
335
375
379
371
307
355
311
319
139
267
243
447
303
343
303
287
335
399
491
275
275
351
199
415
159
459
251
291
363
431
507
503
287
283
295
327
327
207
327
267
323
419
195
399
463
359
315
459
367
367
275
383
263
351
179
379
339
487
263
431
279
415
279
459
447
431
219
371
431
303
263
467
335
263
343
219
499
447
295
311
359
275
311
251
307
407
275
367
343
303
419
327
219
407
379
335
427
431
443
511
367
263
343
339
383
255
359
375
463
395
251
279
419
399
215
323
247
467
455
407
355
215
439
247
387
239
399
419
507
391
391
383
387
427
451
355
395
247
211
275
355
387
419
371
507
343
399
327
463
343
407
359
351
391
303
267
339
319
551
395
267
419
247
383
235
419
347
355
371
403
247
383
295
331
387
283
407
423
219
251
431
259
303
347
355
383
363
327
407
383
459
395
363
479
259
419
343
299
275
367
307
255
203
547
367
351
395
331
171
331
359
351
487
247
439
371
447
483
403
343
363
339
275
343
319
291
323
491
311
307
187
207
299
375
299
391
339
427
319
323
463
439
343
363
311
399
391
271
255
435
415
283
527
355
283
315
239
291
179
507
331
323
403
299
475
379
335
291
375
379
447
447
279
127
459
319
179
283
199
239
279
287
335
443
303
255
579
587
603
