379
479
431
415
399
671
303
519
363
539
227
471
315
527
331
467
467
655
299
463
495
603
287
531
407
603
331
611
451
651
195
559
411
811
303
675
363
499
399
539
507
663
511
599
411
699
279
675
419
523
315
475
379
547
411
563
647
747
391
591
307
623
347
683
383
539
303
591
443
675
235
567
375
631
511
627
475
615
247
503
439
591
399
383
399
595
387
703
343
659
287
463
523
555
251
535
423
623
367
547
315
519
311
467
399
599
403
663
431
755
363
663
355
691
459
583
271
503
415
583
375
611
327
583
395
687
323
691
371
563
319
679
435
567
391
399
271
727
495
627
439
619
371
575
443
683
299
511
439
539
407
503
351
571
455
595
259
559
207
671
347
487
307
651
503
731
359
655
399
515
375
519
347
495
327
647
347
675
483
547
431
659
411
611
163
691
431
527
231
591
387
467
291
571
499
491
259
679
235
527
311
683
447
483
387
651
319
571
459
543
291
683
363
499
387
467
347
539
219
583
519
415
467
507
343
703
327
583
455
575
259
531
335
507
383
655
475
515
607
659
491
539
383
403
471
443
323
451
375
419
499
527
515
727
331
635
339
731
395
639
207
523
479
467
563
603
323
447
343
683
391
595
391
607
351
455
403
671
219
647
491
583
375
651
339
819
411
695
499
395
387
663
419
571
415
459
291
447
487
375
399
555
395
563
403
523
247
539
251
571
315
671
387
647
375
647
475
551
427
579
323
555
523
467
395
519
339
603
395
579
363
699
347
675
299
607
287
659
291
639
375
475
419
575
455
671
411
607
359
783
439
679
459
591
343
527
503
531
379
527
315
559
379
467
411
571
379
567
391
679
455
667
455
687
471
583
411
607
311
595
415
631
371
671
363
559
355
759
303
487
351
539
379
667
511
579
355
447
451
475
479
575
363
459
495
551
351
503
391
643
287
587
315
547
259
523
411
659
315
555
303
651
315
603
479
455
351
475
395
607
163
483
299
527
295
495
359
599
323
667
411
635
343
551
419
535
367
715
463
719
491
415
395
511
327
487
399
531
367
567
431
511
351
587
399
575
515
647
583
511
167
535
383
471
367
523
571
635
359
543
403
607
251
583
403
515
471
547
223
535
247
703
399
611
479
547
479
331
323
363
63
363
67
559
507
559
423
703
431
527
407
347
219
283
459
379
503
375
407
319
371
431
435
331
387
439
403
463
411
259
315
335
379
259
411
403
331
419
315
403
259
263
319
403
315
351
407
347
307
439
511
547
339
355
215
315
311
319
219
299
271
343
495
275
467
271
327
295
287
343
315
439
323
339
339
279
339
471
447
515
235
239
327
403
399
251
463
279
343
411
435
271
347
315
331
371
539
231
451
367
343
319
383
259
407
199
683
431
423
411
519
379
347
283
619
375
355
283
351
427
347
363
479
411
387
347
495
407
431
471
499
459
351
327
283
403
391
343
423
303
331
419
323
411
259
423
339
383
467
363
375
339
427
355
443
339
431
283
603
363
419
379
463
451
359
271
447
399
339
427
343
367
407
319
547
323
287
379
299
399
331
403
327
251
463
351
351
431
471
367
399
543
415
371
283
323
307
207
387
307
427
391
423
479
327
403
319
383
327
343
279
371
347
275
519
103
359
379
419
303
447
427
447
347
395
415
399
167
343
223
439
363
227
283
391
439
303
199
191
427
427
327
339
363
263
295
395
355
459
271
627
487
407
267
451
299
247
407
367
371
271
335
371
463
459
447
299
299
299
319
431
343
351
467
327
439
487
215
319
243
335
199
291
355
439
299
427
407
351
443
339
339
175
343
283
351
351
451
443
291
367
323
499
283
427
487
291
403
495
243
335
507
407
279
287
299
451
343
443
275
379
315
379
295
303
323
407
347
455
375
411
387
391
219
403
255
327
303
275
327
167
311
343
307
383
315
375
191
475
387
275
415
343
179
319
375
303
343
319
323
335
371
203
427
383
323
535
463
339
375
335
475
407
403
299
339
487
235
243
467
563
375
367
295
527
427
455
407
375
287
291
271
403
331
415
331
367
387
463
363
391
319
339
451
403
327
235
455
419
415
403
315
283
327
375
439
219
291
419
239
295
355
263
383
387
307
355
519
187
335
571
271
343
323
319
359
367
363
399
339
475
367
423
283
271
351
275
259
351
287
391
303
323
351
363
351
347
359
419
359
347
555
535
327
323
399
415
439
315
315
395
375
355
367
431
399
375
367
311
411
379
279
259
471
443
443
375
215
435
239
387
363
299
287
527
275
335
311
395
363
307
471
395
287
467
215
331
307
439
251
267
251
343
299
359
423
307
287
247
283
255
183
215
739
