343
659
455
471
483
571
515
519
435
559
411
727
359
635
435
619
451
739
435
607
199
711
447
395
355
587
447
491
483
531
211
679
319
631
371
779
547
663
339
627
295
487
371
659
427
603
523
551
459
563
307
691
395
583
395
563
303
563
499
587
367
643
375
591
311
679
523
667
459
467
459
667
443
479
327
731
591
495
335
683
399
631
439
527
339
643
279
655
411
559
439
635
199
559
543
715
351
607
467
575
327
647
191
699
439
443
403
575
387
619
451
611
543
555
471
539
383
495
315
499
283
571
263
491
347
571
427
667
439
663
323
587
427
631
423
507
327
675
419
779
343
543
315
511
459
483
279
631
567
627
375
491
407
755
495
719
391
563
415
619
343
651
383
759
407
519
411
503
359
691
511
643
503
423
459
659
575
671
463
691
387
579
307
627
287
815
471
663
591
579
431
591
443
779
435
523
391
703
403
451
467
683
383
587
403
583
355
619
455
579
511
611
419
619
419
523
487
579
519
671
371
667
467
727
283
711
343
567
495
511
207
607
595
619
343
511
435
463
347
535
503
715
435
475
579
755
279
559
499
487
495
543
307
599
451
575
503
739
387
467
411
779
511
567
355
575
503
555
355
691
523
871
327
643
363
627
455
623
447
567
491
483
383
795
363
563
463
651
483
551
475
695
399
491
283
527
359
547
603
631
343
535
363
687
371
719
499
523
571
719
383
507
359
547
343
503
451
675
467
531
483
735
507
551
439
655
483
719
423
675
403
707
535
667
459
591
503
783
395
699
435
619
455
543
503
595
323
615
323
795
443
423
379
791
327
703
411
575
407
627
379
471
367
671
471
631
575
483
511
599
463
563
439
679
431
775
319
543
531
423
519
687
495
675
587
619
443
751
527
519
431
635
451
719
451
491
463
595
339
659
463
535
431
719
383
499
351
491
327
647
255
607
443
627
371
471
423
567
431
695
407
715
407
579
287
527
375
659
383
507
367
563
363
695
271
679
347
467
391
451
295
703
279
687
319
639
291
515
571
647
351
511
375
779
255
547
451
515
403
603
415
639
451
559
487
503
371
599
507
579
303
719
467
551
319
643
535
703
371
767
431
667
407
691
527
659
347
715
479
615
463
715
391
631
563
495
419
343
103
271
159
287
159
723
451
611
263
527
419
547
515
551
379
431
391
411
399
591
499
507
447
407
475
375
359
395
347
367
439
471
379
351
415
363
407
367
427
299
247
255
367
315
363
615
263
299
283
391
347
371
355
439
339
395
315
339
431
423
543
263
243
495
423
411
351
519
431
403
535
279
495
407
431
331
483
491
459
311
303
287
415
483
335
459
415
303
319
483
407
391
423
419
451
367
563
343
455
347
379
383
303
311
343
555
347
343
379
391
287
311
415
451
439
303
455
451
427
339
343
547
547
547
547
547
547
547
547
547
547
547
547
547
547
547
547
547
547
547
547
547
547
547
547
547
547
491
283
291
403
351
431
267
427
411
479
319
399
499
471
383
255
459
387
483
327
315
371
415
227
383
359
563
507
423
303
499
271
459
487
295
403
411
343
423
483
227
375
491
335
219
415
387
411
355
315
535
315
359
427
411
519
215
379
443
467
367
303
447
443
415
531
359
447
279
407
407
295
315
507
435
443
487
579
387
543
391
343
411
379
403
363
291
483
287
331
319
519
423
275
331
331
291
307
511
379
403
267
459
427
407
515
567
459
471
419
483
391
291
431
323
379
303
419
395
523
519
383
539
219
423
343
431
451
399
335
323
443
267
355
223
443
491
383
315
395
363
399
251
547
491
407
447
295
479
491
435
431
291
543
307
311
303
247
255
395
335
411
363
495
343
495
419
287
247
367
435
343
479
523
419
379
483
391
315
539
455
435
383
367
219
463
307
463
491
455
391
343
399
231
395
615
251
467
399
419
455
539
523
359
507
491
215
383
347
395
319
307
451
407
419
451
463
383
347
327
375
415
491
259
271
431
563
343
315
327
451
383
379
491
387
291
435
423
283
415
307
451
491
287
423
459
315
327
403
395
587
519
351
347
423
347
347
359
223
391
331
327
351
363
531
503
363
303
287
523
503
279
347
203
255
455
311
247
407
403
263
447
487
523
331
443
423
223
383
479
383
419
427
519
363
435
415
279
315
451
375
443
239
371
387
551
219
347
579
307
463
267
195
479
383
331
347
295
347
347
299
287
399
403
515
379
339
379
347
363
355
407
531
391
351
531
411
515
279
483
475
395
379
519
323
423
503
483
427
395
439
295
347
367
387
235
275
435
359
467
391
351
223
283
279
491
375
251
335
291
439
223
375
391
503
907
475
843
1111
