1795
1119
943
1135
1087
1247
1095
1151
891
1083
1243
1331
843
1339
1111
1151
983
1199
1111
1275
1039
1279
979
1167
875
1311
999
1303
1027
1147
1095
1215
1051
1163
939
1219
891
1155
867
1219
939
1207
895
1163
1059
1119
1055
1015
995
1155
975
1207
819
1147
979
1067
951
1271
1159
1159
955
1123
959
1115
1059
1259
1071
1271
943
1307
915
1087
919
1231
983
1199
1115
1151
1111
1295
1067
1087
835
1127
975
1123
1031
1063
1087
1167
987
1039
999
1143
1075
1167
987
1175
1019
1075
1075
1095
1115
1175
843
1191
839
1131
895
1223
935
1267
1047
1295
1023
1039
983
1079
1095
1275
1015
1115
859
1215
1175
1183
1051
1255
955
1111
1011
1179
1019
1231
1111
1235
827
1267
1135
1199
843
1279
923
1255
1059
1147
999
1287
1035
1183
1131
1295
915
1127
895
1067
983
1147
983
1211
1067
1175
1147
1303
867
1223
1015
1315
991
1087
895
1119
1015
1307
839
1127
1063
1183
1023
1259
907
1219
1031
1263
991
1223
943
1239
987
1059
923
1167
999
1283
939
1255
1135
1255
967
1187
995
1035
1007
1319
983
1347
911
1123
975
1239
1015
1183
999
1123
1091
1195
939
1147
1007
1255
1019
1231
1003
1227
979
1279
979
1199
1095
1175
915
1239
1023
1115
967
1251
835
1119
995
1239
1023
1275
1163
1023
855
1215
939
1151
1003
1211
1099
1263
831
1111
911
1087
1019
1279
935
1227
979
1235
867
1287
1047
1227
899
1295
967
1175
1075
1191
959
1271
923
1183
1055
1207
971
1127
1087
1051
967
1331
923
1247
883
1359
1027
1287
887
1359
1019
1183
899
1163
795
1283
1023
1167
1019
1231
967
1111
1063
1231
987
1327
967
1203
1075
1291
991
1027
1083
1091
919
1047
767
1299
1059
1227
971
1255
1051
1115
847
1103
1135
1115
879
1203
975
1199
899
1167
1023
1255
1011
1267
923
1235
987
1175
983
1067
1163
1275
923
1339
1007
1171
1059
1099
1059
1255
1131
1119
875
1035
983
1147
991
1211
959
1231
1083
1219
999
1307
863
1207
975
1087
867
1247
1031
1139
1039
1239
1063
1159
907
1131
1211
1311
999
1175
1139
1179
875
1123
1099
1143
991
1187
923
1143
911
1235
1007
1199
927
1295
1043
1071
943
1195
971
1175
783
1023
943
1227
863
1283
843
1155
971
1043
947
1067
1067
1183
1003
1103
871
1131
955
1195
1023
1215
859
1215
1159
1107
1167
1247
855
1315
879
1143
951
1267
823
1103
975
1179
1159
1235
1059
1215
935
1143
975
1379
999
1163
1071
1243
1019
1223
1055
1167
975
1267
1027
1211
1055
1271
951
1251
931
1207
1019
1139
839
1155
1063
1055
1067
1151
931
1247
1199
1215
1023
1119
931
1207
931
1283
975
1199
911
1171
1119
903
651
951
567
1063
651
1091
983
1155
951
1151
979
1291
831
899
839
1007
927
851
1063
1083
943
987
943
1007
1083
923
899
991
931
879
947
1019
959
1035
971
895
995
975
855
891
863
931
1071
967
915
819
1039
1003
1027
839
899
1047
827
943
931
851
779
867
1087
991
1079
1079
967
1043
1051
907
1055
987
879
967
1139
983
995
903
1071
971
839
871
967
1099
1075
919
995
927
911
1083
927
1007
1067
1051
1031
1115
1043
783
855
959
955
759
975
923
899
911
951
1015
995
1011
879
1035
1027
967
975
895
1039
931
1027
839
1083
1027
1123
939
931
967
1083
1011
895
867
1067
1055
983
795
959
887
995
939
1047
1055
1023
875
903
991
835
827
983
879
983
1015
951
895
919
951
939
991
979
1003
999
895
939
983
983
1055
1023
991
1015
979
915
911
1103
955
847
847
967
1051
907
971
911
871
979
943
1095
1003
991
927
911
883
987
867
931
927
1115
811
779
943
855
919
983
1043
983
975
1071
867
947
863
1011
955
1127
895
1007
975
999
1059
1019
991
975
899
923
939
963
1039
1079
1003
1019
971
855
991
1079
911
1079
1007
1011
935
1071
895
943
995
1059
859
883
947
827
923
1027
983
963
899
1123
971
1027
879
911
915
875
875
1015
927
979
1123
959
999
887
1075
831
1031
955
763
983
875
915
971
1035
991
887
1119
1095
859
1019
951
947
915
991
1019
1047
919
975
923
1035
923
911
847
907
875
891
883
971
1099
1007
879
1011
959
991
891
963
907
1103
1099
839
899
835
955
1007
963
987
911
923
879
987
863
1051
863
1115
1011
927
1003
1067
959
851
931
899
987
931
883
1035
1007
959
943
907
1047
1039
791
855
1043
959
919
1095
971
991
963
1083
947
1023
1035
907
1007
931
871
1019
887
1019
979
751
891
1039
839
983
843
1007
959
1035
939
995
919
931
931
995
895
1095
1011
991
935
1135
1019
875
1055
899
1147
1175
1131
995
967
887
879
919
875
875
967
1059
859
987
987
919
1031
895
927
1067
983
983
839
987
839
935
851
999
963
999
951
999
1091
931
1063
1051
891
1059
1115
891
871
1023
999
1007
1099
867
911
943
883
1119
943
947
999
947
975
855
963
835
1091
1155
891
871
911
1023
1027
1011
923
947
1015
927
899
939
959
883
963
827
1047
899
879
883
1015
991
991
963
899
939
835
975
1023
987
903
1103
951
1063
783
1063
1031
791
1063
1039
1039
995
975
963
1071
907
1011
891
811
919
871
903
1047
975
987
847
863
947
927
983
931
859
915
967
1071
971
831
919
1027
855
1011
827
939
847
863
959
939
2127
1871
2147
1195
255
2215
