943
1263
1011
1159
1039
1195
1242
1519
987
1459
1023
1198
1083
1215
1063
1255
1047
1451
1047
1519
990
1115
1039
1259
975
1463
1254
1263
1171
1275
931
1206
1119
1267
926
1567
1175
1151
1159
1254
859
1167
1247
1515
967
1243
1131
1519
1107
1571
1031
1499
967
1483
1115
1279
1062
1175
1139
1195
1018
1254
1091
1498
1083
1107
1086
1439
1167
1247
1022
1243
1107
1435
994
1479
1023
1275
883
1495
991
1174
1079
1203
967
1171
999
1275
1175
1134
1111
1199
1023
1435
1002
1499
1051
1247
1055
1539
1087
1438
1139
1503
1002
1494
1098
1155
1119
1211
1059
1159
1003
1219
971
1151
955
1199
1019
1219
1079
1483
1051
1243
919
1495
1055
1607
1043
1263
1171
1439
1115
1179
1095
1266
951
1259
1143
1531
1023
1231
1063
1175
1043
1151
1107
1515
1047
1467
1063
1495
1102
1487
1051
1446
1055
1483
939
1547
1014
1471
1063
1434
1047
1487
923
1211
1067
1515
995
1095
1015
1446
1011
1151
942
1226
995
1215
979
1199
1027
1211
999
1178
1151
1471
1022
1475
999
1547
1063
1171
1086
1215
1027
1590
1019
1479
843
1439
951
1251
1055
1215
1123
1247
1151
1195
1075
1499
1183
1211
883
1459
943
1459
971
1130
1171
1199
1043
1247
1022
1271
1030
1495
1055
1451
934
1495
942
1139
946
1243
1079
1211
999
1459
1118
1215
1082
1451
1043
1431
1127
1483
1082
1183
879
1119
950
1235
1103
1187
1171
1175
1027
1550
1159
1231
927
1591
1011
1275
1031
1215
1119
1275
1075
1483
1035
1251
1035
1223
1063
1558
1135
1506
1103
1115
994
1247
963
1523
1055
1127
1087
1215
1035
1455
979
1267
931
1470
939
1171
935
1231
1111
1239
1115
1467
1059
1207
1155
1199
1003
1439
1071
1134
1055
1178
1143
1135
947
1107
1086
1431
1047
1215
1159
1463
1143
1267
947
1463
1091
1151
1139
1219
1119
1227
1171
1511
1175
1483
1171
1231
1135
1171
1087
1263
1083
1227
1039
1463
1002
1190
975
1519
951
1467
1083
1171
963
1247
891
1243
1115
1251
1091
1195
1035
1234
999
1487
1011
1274
895
1174
1002
1207
1075
1503
906
1214
1023
1167
1034
1435
935
1483
919
1239
946
1039
1067
1178
1018
1251
1091
1103
1027
1218
999
1219
1063
1555
895
1250
975
1183
1151
1247
979
1483
967
1499
994
1187
1082
1207
999
1503
1091
1439
1103
1535
887
1479
1015
1443
1027
1211
1067
1183
1011
1191
1175
1211
991
1467
1015
1534
951
1439
1102
1615
967
1467
983
1443
930
1499
1203
1435
1103
1259
1043
1435
1142
1243
1011
1130
971
1262
987
1227
994
1231
1211
1511
1094
1103
1047
1507
1103
1459
990
1499
927
1187
1147
1475
870
1127
975
1227
994
1507
935
1243
1115
1199
1135
1195
978
1207
1159
1267
1019
1502
1015
1167
983
1083
735
978
642
918
783
1531
1035
1095
999
1251
931
1435
1079
1131
1143
1179
1083
867
1031
919
1079
898
1038
1099
1127
931
1011
1039
1075
1115
975
1091
947
1103
1023
1114
990
963
1063
1027
1027
1119
1115
967
999
1003
1019
1099
911
1119
1159
959
923
950
1023
934
1027
1023
1007
1031
947
939
1083
1055
902
1135
1035
955
942
1083
1043
858
875
995
1095
1075
1099
927
1075
915
1159
1003
1031
947
979
1075
963
1087
1107
923
1067
1079
1151
1075
1031
999
1055
938
1091
851
899
986
1055
1147
938
935
1031
1051
971
1131
1030
959
1046
1078
991
1035
987
978
867
1098
1098
1098
1098
1098
1098
1098
1098
1098
1098
1098
1098
1098
1098
1098
1098
1098
1098
1098
1098
1098
1098
1098
1098
1098
1098
995
1054
958
907
1003
1046
875
927
1091
1035
1075
886
927
1043
1203
1007
942
1155
891
983
1006
1103
1123
963
975
983
975
1071
1158
1019
1171
1022
971
983
987
1094
1007
1051
867
1019
1019
963
1083
1215
1075
1087
1091
975
874
871
1031
1019
963
1055
863
998
1175
1051
1039
979
991
1067
898
931
1054
1087
1003
951
951
1034
1163
1063
1011
1063
995
979
963
1187
1107
1099
955
950
947
979
1019
947
999
1091
995
911
951
1019
839
1099
983
1055
1003
1195
1047
1035
1027
923
963
1199
1003
1023
1026
1083
1003
1023
1039
1063
1019
1039
1039
1046
943
1030
1047
991
955
1047
1059
967
1122
1059
963
959
1099
871
1035
967
999
998
975
935
1003
1050
939
959
1035
1015
1087
1095
1019
923
1055
1067
999
947
963
1107
915
1003
1059
1039
1051
1003
1027
919
967
1183
911
1051
1075
931
1003
1139
1039
1019
955
1039
1046
1023
1035
1146
1023
970
923
927
1119
1043
999
955
991
1083
843
1259
1035
1094
883
1086
1034
1019
1163
963
1107
1083
955
1083
1011
939
1119
1023
1094
1199
971
1118
971
999
1027
915
943
1103
1039
923
1002
1026
1187
1079
1007
1058
1135
1091
931
1042
1075
1066
1119
951
943
935
907
1023
967
1007
1015
987
935
1063
1002
995
990
1019
1023
1203
995
934
939
1103
1071
1051
838
1098
1179
1011
1067
1107
1095
927
1019
1047
982
943
1038
1159
1095
1035
991
1227
1034
979
1111
883
911
1111
1026
1030
859
951
999
1015
1011
963
1127
1151
1023
911
1063
1019
1011
1191
919
931
1099
899
990
1019
967
943
879
1103
1099
1118
1023
1034
991
899
855
1051
1046
978
919
951
958
1111
911
1071
1079
1023
1027
1023
1043
1119
895
995
967
1063
1067
851
971
983
947
959
1055
991
891
1099
878
1110
1035
907
1003
926
1046
1147
1003
1110
1107
1090
958
1075
1039
1039
998
1102
991
1039
1099
1111
903
1038
1167
1183
967
1007
939
1075
1043
1207
1071
1015
1059
967
914
1503
162
0
1135
806
127
