1283
1379
1303
1318
1223
1575
1267
1443
1247
1379
1335
1454
1179
1443
1243
1398
1303
1399
1323
1479
1191
1475
1247
1379
1275
1359
1179
1479
1311
1423
1243
1551
1239
1491
1267
1347
1179
1287
1151
1331
1203
1307
1147
1463
1371
1403
1267
1515
1310
1443
1347
1411
1243
1427
1215
1507
1379
1471
1223
1503
1171
1407
1134
1471
1322
1319
1179
1403
1427
1387
1071
1435
1235
1603
1163
1395
1251
1467
1135
1547
1303
1495
1307
1507
1391
1542
1354
1507
1187
1419
1083
1471
1227
1343
1319
1487
1219
1487
1183
1363
1203
1443
1195
1283
1155
1623
1182
1390
1191
1374
1171
1463
1259
1375
1247
1379
1099
1338
1263
1415
1163
1427
1159
1379
1223
1426
1199
1495
1327
1467
1303
1511
1359
1599
1319
1515
1211
1411
1215
1419
1351
1407
1299
1551
1154
1507
1223
1563
1223
1499
1251
1311
1167
1411
1287
1427
1331
1387
1379
1623
1207
1479
1234
1211
1439
1391
1223
1491
1218
1451
1303
1386
1287
1375
1435
1463
1283
1383
1130
1383
1199
1323
1263
1407
1262
1423
1255
1523
1435
1243
1215
1603
1271
1399
1175
1451
1367
1559
1239
1383
1163
1519
1439
1287
1271
1379
1311
1479
1243
1347
1335
1391
1231
1486
1295
1355
1247
1451
1231
1451
1171
1519
1259
1411
1167
1371
1347
1511
1351
1515
1275
1323
1203
1411
1195
1439
1515
1386
1279
1407
1239
1307
1239
1583
1111
1367
1131
1418
1339
1535
1311
1667
1159
1387
1299
1486
1287
1463
1279
1550
1267
1455
1155
1619
1071
1358
1267
1418
1299
1523
1287
1451
1335
1539
1287
1375
1267
1439
1319
1339
1267
1443
1315
1407
1379
1507
1259
1431
1387
1331
1287
1555
1283
1447
1235
1331
1323
1395
1206
1407
1235
1535
1311
1627
1259
1395
1275
1563
1235
1451
1235
1451
1271
1463
1251
1331
1291
1395
1234
1551
1255
1543
1323
1435
1343
1555
1219
1366
1238
1399
1203
1423
1339
1463
1315
1279
1383
1547
1271
1439
1267
1547
1075
1543
1255
1491
1183
1427
1259
1383
1235
1475
1259
1507
1303
1483
1143
1359
1211
1639
1303
1427
1367
1503
1307
1323
1235
1362
1275
1471
1302
1543
1243
1575
1399
1443
1235
1443
1191
1627
1115
1519
1315
1439
1407
1543
1255
1483
1363
1523
1291
1375
1223
1395
1154
1363
1335
1395
1251
1487
1255
1339
1255
1399
1183
1467
1179
1374
1075
1383
1302
1495
1263
1471
1387
1407
1403
1486
1315
1479
1303
1487
1255
1307
1223
1495
1251
1283
1307
1447
1239
1543
1179
1407
1219
1379
1259
1459
1319
1494
1286
1375
1095
1483
1303
1451
1243
1327
1295
1427
1267
1551
1211
1518
1207
1475
1351
1455
1207
1387
1259
1439
1294
1423
1303
1527
1319
1519
1167
1375
1359
1378
1355
1539
1259
1595
1255
1479
1271
1555
1291
1571
1335
1559
1262
1555
1223
1443
1319
1403
1263
1567
1283
1359
1335
1495
1219
1347
923
1199
1043
1187
887
1371
1279
1431
1231
1363
1215
1490
1207
1087
1303
1211
1207
1219
1231
1107
1187
1195
1283
1219
1307
1183
1175
1427
1275
1379
1227
1287
1151
1299
1343
1359
1219
1211
1031
1263
1159
1099
1235
1227
1303
1203
1283
1323
1211
1223
1211
1206
1211
1223
1103
1126
1183
1262
1223
1375
1151
1211
1267
1167
1263
1178
1195
1203
1307
1043
1127
1123
1215
1255
1275
1075
1363
1303
1315
1203
1147
1327
1155
1354
1203
1219
1239
1287
1299
1119
1187
1119
1247
1191
1147
1295
1159
1323
1279
1175
1111
1075
1275
1234
1099
1307
1283
1191
1071
1251
1355
1311
1187
1207
1283
1259
1331
1295
1223
1167
1131
1222
1347
1295
1243
1263
1079
1298
1179
1223
1287
1127
1207
1251
1211
1131
1259
1219
1183
1139
1351
1163
1275
1375
1287
1203
1195
1143
1155
1235
1163
1271
1251
1231
1059
1167
1203
1143
1207
1155
1243
1347
1267
1235
1251
1259
1290
1111
1175
1222
1211
1215
1371
1191
1183
1187
1354
1307
1055
1227
1255
1018
1187
1191
1278
1127
1074
1151
1143
1291
1147
1275
1155
1243
1199
1155
1319
1207
1099
1035
1235
1183
1403
1239
1131
1219
1211
1263
1411
1239
1354
1251
1215
1291
1175
1091
1339
1243
1143
1263
1175
1255
1171
1103
1271
1315
1346
1139
1235
1195
1055
1279
1275
1171
1155
1215
1287
1163
1255
1223
1203
1203
1207
1246
1403
1267
1267
1115
1107
1307
1327
1147
1239
1403
1359
1155
1119
1254
1263
1243
1222
1110
1347
1219
1239
1303
1195
1299
1095
1283
1307
1195
1235
1203
1127
1122
1355
1099
1195
1251
1155
1259
1295
1311
1283
1247
1263
1279
1263
1143
1183
1231
1138
1239
1147
1199
1291
1175
1291
1186
1207
1247
1359
1215
1211
1194
1195
1186
1175
1215
1303
1155
1151
1247
1283
1227
1227
1259
1279
1115
1195
1215
1247
1263
1175
1087
1175
1179
1219
1171
1183
1159
1199
1075
1255
1271
1039
1255
1247
1287
1243
1247
1119
1215
1327
1171
1379
1214
1111
1183
1175
1171
1235
1303
1198
1255
1227
1251
1163
1075
1227
1275
1163
1135
1155
1162
1351
1147
1199
1203
1103
1235
1135
1219
1255
1219
1295
1315
1187
1287
1199
1351
1211
1187
1319
1199
1239
1262
1127
1107
1223
1155
1167
1199
1246
1247
1155
1219
1271
1167
1307
1171
1251
1271
1311
1163
1319
1323
1327
1263
1299
1043
1199
1299
1311
1314
1291
1231
1143
1370
1263
1127
1119
1183
1199
1219
1215
1135
1303
1167
1287
1271
1287
1115
1159
1139
1191
1159
1195
1271
1283
1267
1227
1235
1227
1211
1227
1151
1303
1263
1359
1207
1311
1143
1295
1071
1103
1087
1247
1327
1067
1295
1275
1331
1195
1175
1135
1215
1183
1194
1351
1231
1215
1203
1223
1347
1315
1179
1307
1311
1234
1183
1219
1267
1199
1347
1123
1127
1327
1115
1159
1055
1271
1259
1183
1263
1127
1143
1187
1267
1319
1091
1363
1191
1091
1223
1211
1187
1119
1231
1266
1399
1046
1095
1095
1203
1131
1299
1223
1367
2219
383
1890
687
1979
439
