1151
1378
1031
1134
1029
1191
1075
1251
911
1235
1042
1135
1102
1245
1021
1174
1139
1355
1151
1063
1066
1295
1003
1331
1057
1142
1165
1386
1038
1215
1113
1311
1095
1319
1065
1257
1105
1270
1075
1291
1065
1167
1199
1399
915
1234
1095
1341
1099
1218
966
1390
1049
1154
1214
1309
1086
1309
1166
1273
1115
1255
1243
1309
950
1258
1061
1458
1119
1355
1197
1242
1025
1131
1051
1193
1102
1357
1061
1429
1183
1342
1009
1403
1057
1287
1106
1271
939
1295
959
1083
1019
1185
1103
1182
1039
1203
1151
1355
1049
1109
1007
1227
1039
1281
985
1298
1143
1327
1215
1231
1027
1195
1069
1231
1129
1235
1159
1414
1139
1229
1066
1362
959
1231
1170
1215
983
1330
1063
1362
1151
1210
1169
1290
1107
1363
1013
1181
1003
1315
899
1243
1071
1269
1042
1313
1119
1342
1055
1366
1091
1263
1114
1335
978
1271
1147
1411
1051
1259
1041
1291
1133
1295
947
1217
989
1194
1179
1119
959
1123
1169
1427
1122
1166
1059
1294
1041
1245
1091
1157
999
1173
1095
1283
1134
1231
1046
1341
1021
1222
986
1355
1030
1235
1107
1207
1090
1211
1245
1299
967
1241
889
1234
1143
1471
1045
1315
954
1414
1066
1367
1027
1126
1035
1383
1106
1270
1131
1365
1102
1289
1085
1227
1062
1341
1046
1254
1095
1190
1034
1294
1103
1371
1195
1311
1075
1345
1102
1234
1199
1242
971
1155
983
1219
1141
1253
1119
1239
1067
1458
1206
1213
1151
1287
938
1231
1059
1353
999
1209
1086
1263
1011
1239
1118
1271
1023
1383
1087
1214
1105
1315
1122
1345
1027
1183
1035
1195
1078
1262
1043
1239
1085
1345
1114
1239
975
1251
1066
1291
1151
1259
1093
1235
1049
1251
1006
1407
1067
1362
1058
1294
1127
1229
1054
1394
1095
1191
1139
1163
1007
1147
1211
1262
1002
1158
1170
1302
1041
1187
1121
1186
1147
1199
1017
1383
1103
1202
1063
1202
1179
1246
993
1207
1047
1345
906
1267
1109
1245
1067
1195
1091
1227
1118
1151
1027
1263
1079
1343
993
1298
1071
1226
1003
1302
1002
1323
1086
1181
1065
1322
1059
1275
1079
1243
1093
1357
1098
1319
1014
1249
1014
1205
1018
1179
1010
1307
1162
1187
1203
1390
1010
1297
1001
1401
1030
1134
1091
1210
1085
1098
1255
1339
1086
1359
987
1406
1053
1334
1049
1303
977
1213
1025
1393
1035
1157
1067
1447
1083
1274
1150
1311
1111
1175
1175
1182
945
1254
1037
1235
1055
1291
1149
1266
935
1246
1193
1306
1099
1267
1082
1227
1059
1258
958
1223
1167
1257
1067
1230
1042
1279
1175
1247
1087
1147
1109
1159
1083
1338
1090
1275
963
1341
1089
1366
1057
1077
994
1411
1137
1129
1129
1054
1133
1257
969
1195
1021
1217
1111
1294
1127
1355
1017
1391
1123
1359
1053
1275
890
1325
1086
1323
1086
1291
1114
1337
971
1166
697
979
770
987
911
1255
1015
1271
851
1235
983
1283
1003
815
1143
1127
1166
1063
958
1151
919
943
1162
1083
1087
979
1095
933
1075
986
1035
1055
1026
979
1019
963
1003
970
1195
926
939
1075
1173
967
1063
1050
951
1099
1047
1099
969
1087
985
1223
1171
995
899
1031
989
1097
1043
963
1025
1023
938
1107
1075
1098
1111
1003
1037
783
945
871
978
1051
1171
1099
1071
1067
1203
966
1133
1066
1135
1011
1111
923
1153
1061
1087
954
1047
835
1055
1134
1127
969
1026
1079
1099
1175
977
1107
967
1026
1041
1123
1027
911
1007
1175
863
1131
1019
1163
1095
951
929
962
933
1107
1127
970
1130
1059
1099
1043
1157
1007
958
1054
1007
1273
978
899
1109
981
1071
1065
1029
1047
1067
999
1011
1047
997
1099
971
1055
1094
1082
1163
927
979
971
1011
983
1013
967
1055
901
1113
931
1035
1042
1103
1061
927
958
1103
1017
1111
987
1174
1097
1066
1013
1171
1051
895
885
1058
1190
890
1053
943
911
1095
1039
1031
1171
871
1177
1027
1071
983
1022
1099
1154
955
1193
1047
983
1039
977
1122
1090
990
987
1079
1075
1007
1042
1039
1074
1119
939
1159
1002
1095
959
954
987
1051
895
1079
943
1097
1150
1139
977
977
925
1055
1218
1043
963
1021
1026
1062
937
979
1091
963
975
1095
1115
1063
1026
1063
1006
1147
1126
1179
1125
1046
1269
1011
1093
1007
945
1098
1091
1182
1079
1035
1011
951
1057
1082
998
1131
1005
875
971
1097
1081
987
1053
1053
1019
1123
1051
923
969
1119
1035
1106
1042
1087
1158
1167
1062
1129
1105
1094
1093
1109
887
1141
986
1061
1017
1178
947
999
1103
1073
1011
989
981
967
1187
1015
1099
1225
1046
1167
1010
1183
1057
977
974
1087
1170
1058
1005
1075
1018
1026
1089
1110
1118
1018
1067
1029
1027
1119
1051
1010
1050
1003
926
966
1043
1118
1018
993
979
1094
1106
1387
1251
1009
1111
1043
1163
1058
847
1085
866
1103
1110
1006
1075
1098
1061
1019
1031
1110
979
1019
1054
1089
927
1017
1035
1091
1090
1139
1057
987
1167
943
943
958
997
1223
1151
1111
963
1078
1091
997
1007
933
1141
1002
1098
1170
967
1077
1009
1099
1011
1249
1109
957
971
1047
1081
998
1007
1183
1010
1083
1015
1106
979
906
1075
953
1175
961
925
1174
1033
1086
1098
1007
1030
991
1157
839
1063
1057
970
1025
957
1018
1041
1066
1011
1075
1195
1026
1006
1029
1103
1037
1010
1063
839
1101
993
1078
1042
1043
1002
947
1191
1031
919
1031
926
1119
847
1041
991
1187
990
1175
1114
1087
997
1009
1023
1179
1173
1059
983
1022
967
1067
1043
1009
1111
1087
871
1006
1105
1106
1167
955
1099
1143
1147
1119
1079
1022
1047
1043
997
1122
1031
1127
1087
1143
1081
1107
1103
918
943
970
1078
1002
991
939
1070
1891
2178
1278
0
763
1675
