915
1163
1019
1203
991
1115
1127
1235
1039
1195
903
1087
991
1139
975
1123
927
1211
975
1155
843
1063
991
975
1075
1015
935
1247
911
1163
887
1235
1091
1299
755
1255
855
1199
1011
1103
1003
1171
991
1175
899
1151
931
1075
975
1075
875
1131
1055
1159
1027
1087
915
1115
1015
1263
1035
1227
1023
1195
1055
1251
1023
1247
1127
1235
955
1259
963
1107
943
1267
967
1183
903
1043
999
1203
923
1083
847
1291
891
1171
1015
1155
867
1171
871
1235
999
1139
991
1151
1019
1211
1059
1095
963
1115
943
1111
891
1151
939
1107
943
1239
967
1231
1043
1231
883
1203
963
1095
923
1319
903
1171
883
1027
1039
1295
1143
1139
1039
1067
979
1211
947
1099
1111
1199
971
1119
863
1115
927
1283
927
1071
983
1295
863
1091
947
1087
959
1171
975
1263
927
1187
859
1207
983
1203
935
1243
947
1207
903
1175
963
1295
987
1159
835
1299
991
1251
911
1107
1051
1063
931
1231
955
1171
823
1131
927
1067
911
1051
1079
1155
1059
1203
943
1203
1011
1035
955
1143
1023
1115
1039
1235
1039
1131
1023
1155
927
1215
1015
1287
959
1235
983
1207
891
1155
935
1035
991
1231
1051
1087
1027
1163
1003
1359
891
1171
1043
1207
803
1195
951
1147
1039
1075
1119
1143
1179
1179
1051
1083
1087
1219
903
1247
1023
1147
811
983
1027
1135
879
1219
1051
1215
1039
1255
975
1155
935
1187
887
1143
1031
1247
903
1179
1103
1155
1111
1187
855
1207
1051
1119
927
1255
863
1163
911
1155
915
1095
999
1243
979
1147
859
1043
883
1179
907
1199
987
1083
1023
1159
911
1187
1031
1415
999
1167
927
1183
887
1051
1051
1235
931
1179
1063
1375
1039
1055
1007
1283
999
1095
1123
1239
1035
1003
1099
1271
1019
1243
943
1103
919
1179
1055
1171
1007
1207
991
1275
951
1095
1079
1143
883
1043
999
1207
1011
1167
1043
1159
1035
1191
1123
1119
975
1103
783
1119
815
1223
859
1187
955
1135
875
1211
923
1291
1051
1259
843
1127
959
1155
963
1031
919
1251
855
1119
975
1139
1147
1079
1015
1291
999
991
951
967
887
1211
875
1043
1027
1111
947
1295
971
1115
983
1191
1075
1099
827
1199
1063
1191
927
1247
1151
1143
955
1171
943
1167
1083
1231
959
1407
891
1031
1111
1055
1027
1163
883
1039
1051
1155
959
1243
919
1059
971
1075
1035
1267
1063
999
959
1143
975
1171
979
1175
975
1203
1043
1035
1035
1139
955
1215
775
1191
1075
1155
1023
1051
1003
1095
963
1171
951
1199
939
1171
1019
1163
887
1247
1099
1079
983
1219
1067
1075
923
1219
835
1179
1039
1131
1047
1119
959
1147
1019
1067
1047
1203
1027
1291
903
1039
707
995
707
807
855
1187
935
1283
995
1103
1051
943
915
979
899
887
995
1007
819
835
715
963
979
875
999
819
939
915
863
951
1027
947
987
903
1063
879
935
1007
799
827
1015
903
915
811
967
807
939
979
1087
923
1015
907
935
955
959
1007
863
859
863
951
987
903
1035
951
1019
927
859
983
1083
835
1047
915
923
799
1027
971
987
847
1031
867
963
1055
1059
1003
1107
927
907
787
907
1047
979
903
951
995
995
1019
803
1027
959
927
819
915
899
875
959
791
995
887
899
995
1083
915
963
887
1067
943
807
971
971
971
971
971
971
971
971
971
971
971
971
971
971
971
971
971
971
971
971
971
971
971
971
971
971
171
931
923
1019
955
1075
887
903
871
991
847
919
895
1003
883
951
899
947
927
891
995
1151
811
1071
907
1007
895
995
927
1043
1015
991
947
963
951
1019
927
963
931
923
1051
995
927
943
1051
923
1003
1091
931
1027
723
983
987
899
895
903
947
1007
863
1043
871
1047
927
1091
943
975
983
1007
1067
927
923
851
883
963
831
999
991
895
939
991
951
1111
1007
943
791
939
907
1063
827
1055
831
735
967
1007
963
999
995
811
979
991
1103
867
915
1015
859
1091
755
943
1051
983
923
987
1007
963
915
899
895
935
931
895
807
899
927
967
891
747
891
1051
951
935
875
1003
895
987
959
995
907
923
767
1011
1027
1047
879
859
859
879
963
1155
1007
875
947
955
903
959
1047
1039
991
963
819
975
847
823
1123
959
1035
991
899
1031
1059
815
831
839
995
979
943
763
907
907
831
931
971
1067
879
959
1019
947
999
939
911
875
839
971
1035
863
755
851
903
967
923
899
967
883
907
915
759
887
959
1095
951
919
815
983
951
971
927
967
891
1051
827
1063
963
975
883
983
1067
1043
931
955
883
835
887
851
1051
1019
967
963
1011
1107
875
1007
939
983
851
1067
983
1023
923
963
887
999
1039
999
903
871
919
979
971
991
1111
979
871
983
883
943
951
963
935
975
1007
915
851
1067
1035
911
1035
1023
779
951
1019
963
963
1075
955
1003
887
1015
1103
899
987
891
923
1075
915
947
907
1191
739
927
859
1023
987
975
867
919
879
979
847
999
931
847
955
867
1019
783
935
975
1019
915
791
951
1087
1031
795
959
875
875
1003
923
803
1015
955
903
887
971
959
1043
991
987
891
1035
907
1043
879
1079
883
919
811
1047
895
927
883
1107
911
1047
1011
1043
871
987
863
995
915
855
923
819
911
911
979
1003
959
943
831
815
955
919
931
907
1007
2167
1231
0
1575
2175
727
