1155
1434
1235
1483
1147
1415
1091
1467
1263
1475
1159
1403
1207
1435
1283
1366
1102
1379
1135
1342
1054
1346
1123
1430
1247
1919
1131
1475
1127
1439
1206
1578
1275
1471
1195
1431
1039
1410
1047
1359
1155
1695
1267
1419
1063
1351
1294
1567
1303
1415
1167
1450
1279
1374
1210
1458
1110
1691
1167
1422
1091
1351
1283
1447
1247
1239
1303
1443
1162
1411
1170
1379
1239
1459
1162
1391
1162
1407
1202
1690
1295
1575
1110
1426
1227
1575
1163
1431
1310
1355
1246
1471
1147
1339
1291
1395
1423
1335
1083
1699
1282
1454
1114
2042
1067
1383
1163
1455
1134
1395
1198
1462
1327
1343
1171
1363
1235
1331
1151
1323
1223
1471
1154
1594
1011
1219
1183
2130
1199
1474
1142
1578
1259
1343
1227
1814
1091
1399
1187
1399
1202
1707
1122
1807
1143
1447
1127
1583
1059
1431
1339
1379
1214
1131
1342
1374
1127
1266
1062
1459
1037
1311
1055
1343
1211
1358
1291
1351
1239
1282
1231
1379
1091
1307
1302
1479
1198
1330
1234
1591
1263
1259
1090
1381
990
1479
1159
1578
1099
1451
1355
1343
1231
1407
1263
1419
1018
1307
1023
1403
1166
1303
1187
1374
1103
1687
1026
1463
1214
1295
1146
1803
1062
1274
1358
1419
1167
1342
1134
1267
1231
1294
1083
1391
1175
1219
1279
1443
1171
1458
983
1479
1166
1378
1193
1382
1147
1339
1247
1459
1183
1386
1066
1287
1091
1271
1251
1819
1234
1195
1303
1339
1371
1363
1353
1591
1215
1395
1175
1462
1103
1318
1147
1198
1101
1410
1151
1451
1095
1387
1358
1407
1067
1339
1235
1458
1167
1418
1198
1399
1323
1407
1139
1323
1147
1338
1195
1594
1137
1303
1263
1398
1242
2055
1315
1411
1271
1415
1087
1471
1163
1383
1187
1579
1150
1583
1123
1303
1126
1447
1171
1267
1238
1331
1123
1454
1043
1327
1107
1467
1235
1809
1283
1423
1011
1262
1271
1359
1102
1703
1143
1255
1231
1215
1238
1443
1163
1226
1087
1403
1114
1323
1187
1699
1182
1563
1259
1467
1271
1383
1055
1429
1143
1367
1150
1479
1131
1231
1231
1435
1269
1459
1259
1419
1199
1419
1315
1239
1351
1451
1347
1435
1155
1373
1183
1391
1335
1443
1290
1355
1127
1419
1123
1250
1147
1375
1255
1479
1231
1451
1319
1347
1199
1289
1335
1435
1239
1290
1003
1439
1126
1454
1271
1307
1110
1335
1166
1275
1182
1459
1299
1430
1214
1327
1335
1371
1183
1303
1167
1383
1267
1298
1090
1575
1231
1315
1274
1591
1106
1391
1047
1423
1147
1931
1238
1563
1194
1339
1091
2059
1199
1347
1274
1371
1119
1462
1315
1458
1131
1457
1123
1403
1267
1403
1203
1295
1135
1375
1307
1219
1243
1325
1235
1471
1363
1707
1258
1470
1138
1403
1207
1419
1146
1286
1083
1430
1214
1418
1338
1242
1107
1347
1079
1591
1179
1339
1255
1411
1214
1399
1259
1363
1250
1591
1242
1563
1194
1267
866
1143
958
1102
871
1458
1138
1263
1123
1279
1218
1370
1223
1251
1215
1166
1247
1227
1094
1047
1135
1015
1287
1219
934
1099
1115
1167
1199
1054
1275
1034
1183
1179
1202
1223
1186
1119
1083
1199
1195
1203
1155
1371
1153
1131
1102
1099
1295
1263
1358
1151
1298
1174
1158
1167
1159
1143
1186
1154
1203
1099
1223
1271
1343
1215
1183
1327
1195
1039
1231
1163
1215
1091
1155
1039
1023
1343
1130
1157
1147
1245
1250
1166
1187
1199
1203
1179
1231
991
1247
1274
1179
1303
1211
1047
1183
1066
1143
1163
1147
1234
1239
1023
1131
1091
1283
1187
1227
1139
1235
1210
1155
971
1239
1214
1213
1223
1179
1223
1218
1051
1123
1126
1262
1062
1283
1167
1139
1191
1123
1163
1163
1087
1194
1274
1295
1059
1155
1131
1054
1038
1015
1069
1075
1106
1171
1235
1138
1206
1203
1243
1271
1143
1167
1254
1186
1186
1194
1277
1054
966
1227
1187
1143
1035
1187
1175
1147
1058
1259
1135
1195
975
1235
1219
1055
1215
1083
1191
1173
1203
1239
1022
1223
1175
1249
1219
1215
1267
1115
1195
1326
1315
1191
1230
1251
1139
1130
1319
1207
1147
1315
1179
1238
1139
1215
1194
1103
1055
1235
1083
1190
1214
1298
1199
1146
1218
1219
1239
1151
1095
1115
1155
1245
1251
1207
1171
1227
1043
1111
1219
1051
1162
1011
1239
1187
1069
1263
1137
1245
1131
1247
1263
1255
975
1143
1091
1299
999
1177
1179
1195
1219
1331
1170
1155
1235
1278
1175
1311
1167
1087
1111
1083
1123
1207
1242
1226
1139
1107
1174
1170
1218
1055
1198
1011
1191
1190
1167
1219
1206
1271
1314
1282
1090
1135
1270
1051
1191
1319
1127
1130
1258
1187
1251
1015
1118
1187
1283
1071
1095
1331
1266
1246
1107
1243
1150
1131
1255
1275
987
1195
1239
1071
1087
1219
1145
1302
1315
1127
1207
1238
1151
1171
1099
1107
1231
1291
1054
1151
1135
1227
1078
1087
1258
1239
1175
1206
935
1163
1083
1123
1143
1011
1119
1123
1089
1255
1067
1307
1099
1199
1123
1135
1087
1063
1215
1150
1082
1095
1079
1087
1111
1155
1090
1270
1187
1171
1019
1083
1339
1315
1127
1147
1063
1167
1090
1255
1166
1247
1207
1267
1179
1095
1326
1295
1303
1139
1215
1253
1115
1063
1299
1099
1215
1095
1018
1099
1175
1251
1191
1163
1075
1151
1130
1219
1163
1215
1267
1071
1119
1035
1095
1165
1179
1151
1167
1195
1175
1193
1182
1287
1199
1138
1287
1027
1179
1195
1061
1281
1075
1263
1174
1271
1111
1187
1129
1131
1267
983
1075
1142
1067
1111
1078
1223
1143
1179
1103
1191
1186
1214
1111
1175
1103
1227
1218
1159
1087
1119
1151
1114
1387
1137
1175
1039
1267
1171
1199
1143
1215
1031
1019
1011
1227
1071
1115
1115
1074
1147
1331
1242
1207
1235
1255
1191
1167
1219
1107
1243
1259
1230
1159
1170
1215
1239
1042
1147
1071
1198
1107
1090
1166
1179
1139
1199
1118
1181
1083
1155
1263
1062
1043
1175
1206
1143
1255
1227
1051
1717
1505
1138
1606
539
239
