1015
1291
1031
1363
955
1315
1195
1243
1111
1263
1147
1251
1107
1359
1231
1303
967
1259
1083
1159
1075
1295
983
1179
987
1319
1015
1287
1127
1267
1159
1175
983
1299
1127
1379
1167
1203
1147
1219
1255
1347
1223
1339
995
1267
1003
1435
1119
1279
1043
1371
1023
1211
1163
1415
1103
1287
1095
1255
1211
1339
1339
1383
1167
1235
1107
1331
1099
1207
1131
1231
1075
1311
1063
1379
1107
1475
1111
1271
1291
1299
971
1299
1111
1359
1115
1387
1119
1307
1139
1315
1131
1267
1139
1363
1231
1259
1227
1207
1035
1259
1015
1139
1019
1251
1131
1267
1007
1307
1159
1243
1175
1131
963
1235
1131
1195
1139
1199
1023
1291
1063
1319
1147
1319
1083
1187
1191
1239
1187
1251
1119
1183
1067
1371
1031
1363
1063
1267
1123
1275
1047
1271
1191
1151
1159
1195
1223
1231
1143
1203
987
1395
1007
1323
1055
1183
1127
1223
1203
1359
1183
1223
867
1391
1015
1267
1147
1199
1107
1303
1043
1319
1175
1291
1075
1183
1099
1299
1131
1259
1195
1123
1035
1315
1119
1319
931
1175
1123
1327
1167
1327
1031
1159
1191
1275
943
1339
1103
1263
1083
1211
1183
1303
1075
1335
1019
1387
1115
1243
1099
1351
1007
1255
1015
1195
1039
1355
1067
1219
1139
1203
1039
1187
1143
1219
1047
1139
1011
1355
1123
1291
1091
1267
1067
1355
1107
1323
1087
1151
935
1311
1143
1151
1175
1139
1087
1279
1003
1315
1023
1231
1059
1207
1175
1275
1019
1179
1047
1407
1167
1183
1139
1211
1059
1251
1195
1287
1103
1431
1103
1299
1103
1267
1123
1127
971
1235
1091
1239
991
1331
1063
1235
1039
1307
1067
1415
1175
1295
1011
1351
1067
1227
919
1151
963
1359
1095
1311
1127
1311
995
1311
1075
1351
963
1251
1179
1355
1079
1219
1039
1183
1263
1231
1083
1271
1263
1251
1135
1259
1095
1315
1075
1283
983
1319
1035
1247
1091
1363
1199
1447
1043
1255
1087
1355
1111
1239
1063
1227
1155
1219
1115
1151
1015
1343
1147
1391
1163
1171
1103
1395
947
1203
987
1347
1159
1223
1063
1279
939
1155
1079
1255
1035
1327
1279
1251
1127
1211
1055
1359
1207
1179
1183
1307
1099
1355
1351
1243
1211
1179
1083
1443
1051
1171
867
1299
1067
1127
1039
1211
1003
1415
1283
1391
919
1323
1083
1351
1115
1255
1147
1139
1003
1263
1075
1159
1067
1203
1131
1271
995
1199
1047
1251
1255
1127
1151
1239
1191
1259
1131
1299
1143
1247
1111
1343
971
1263
1063
1315
1031
1223
1115
1207
1031
1187
1123
1135
867
1279
1227
1211
1259
1211
1111
1347
1203
1199
947
1371
1247
1271
1007
1339
1015
1219
1047
1323
1047
1335
1107
1271
1107
1339
1063
1387
1091
1199
1127
1143
1143
1295
1063
1415
995
1243
1159
1351
1123
1223
1067
1267
1031
1375
911
1327
991
1259
995
1207
951
1015
783
1067
735
1015
751
1191
895
1211
1031
1239
1131
1175
1107
1031
1227
1031
1063
983
1095
1123
1075
1095
987
1059
1015
1027
895
995
1091
1071
1087
1175
1127
1075
1051
1031
1051
899
971
1043
1063
1035
1107
1015
1271
1031
1039
1079
1155
911
975
991
1079
1091
1087
1123
1003
1123
1187
959
1079
963
1179
1183
1139
1019
1059
1015
951
991
1047
899
1019
935
951
1027
1039
1027
987
1155
1107
1051
1195
1131
959
1075
1043
1087
1031
927
1067
1187
1015
1015
1007
1151
923
1107
1003
1055
1059
911
1103
979
1035
951
1063
1107
991
1003
1063
1179
1111
1035
1067
1075
1027
1051
1031
999
1171
895
1079
975
1127
995
1099
1079
1131
1107
1055
1191
827
987
1031
1167
1047
931
1011
1051
1067
1043
1075
1119
1019
1023
1103
935
1199
1011
1099
955
1075
975
1043
1083
1079
951
1063
987
1099
1007
1155
919
1135
967
1171
1003
1103
1091
1147
971
1191
915
1167
1139
1095
1123
1083
791
1035
971
1147
1099
1023
1115
1007
1203
1019
1039
1119
963
951
903
1023
1019
1195
899
1095
1003
1123
819
979
1079
1159
1011
1015
1075
1199
1071
1015
1155
1043
1059
1039
971
1003
1079
1107
1111
1035
1079
1119
899
1119
967
1127
1035
999
1107
1179
1067
971
963
983
987
995
943
991
1011
1107
1079
1095
1163
1303
1043
963
1039
959
919
1099
1031
1111
1079
1191
1147
1167
1075
987
871
1059
1095
1143
847
1123
947
983
959
971
915
1063
1195
1151
1083
1111
915
995
1103
1055
935
1079
1003
1027
1055
991
975
1171
1007
987
1111
1007
1143
1003
1051
1083
1123
1131
1007
971
1163
983
1067
1007
1015
1107
1047
875
1155
1123
1047
1199
1075
975
991
1027
1079
871
1051
935
1155
1015
1071
923
987
879
1255
1099
1099
1179
1087
943
1071
959
1035
1087
1131
1015
1055
1023
919
983
915
1143
1155
1015
1059
1187
1111
1027
971
1147
963
1167
1023
1215
1015
1159
959
1003
1031
1079
1039
1147
1015
1167
1031
1067
1087
1151
1075
947
1083
1139
1015
1043
1007
1007
1259
1095
1047
1019
1131
1015
1159
1151
1003
1011
1047
879
967
1007
1115
1075
1147
1091
983
1123
1015
1127
1083
1071
1087
1219
1023
1095
951
1035
1023
975
963
895
1003
1087
935
1071
1127
999
1015
983
1003
1035
1075
1067
1099
927
1019
1023
1047
1163
955
991
1043
1019
939
1043
1015
1151
1071
995
1023
1027
1039
1075
923
1035
967
1107
1007
1079
975
987
1099
1055
1127
1111
1083
1091
999
1071
1035
927
975
1075
995
1095
1095
1143
1243
1003
955
1075
1155
1115
1111
1019
1079
1067
883
1131
1075
1155
1199
1159
1047
1075
1043
1083
1083
1071
955
927
1155
1055
1063
1099
1195
1151
1083
971
1007
1043
995
1031
1107
1015
935
1175
1255
943
1047
1119
1103
971
1035
1059
1135
899
1015
1027
883
3
623
1971
215
63
1651
