1097
1034
906
1014
786
1357
1046
1163
786
1181
811
999
947
1107
993
1053
921
1034
859
1231
970
1203
915
1179
907
1059
1038
1167
935
1090
969
1170
985
1181
1125
1135
987
1126
975
1091
939
1177
1014
1091
858
1050
955
1209
937
1199
927
1301
955
1194
1045
1119
866
1170
795
1139
933
1106
1023
1149
1027
1215
1003
1217
1023
1115
1117
1118
939
1271
937
1114
926
1235
889
1067
1114
1110
821
1091
994
1185
1002
1239
986
1149
919
1194
1069
1133
1030
1093
925
1139
951
1086
919
1083
995
1143
1162
1174
1143
1167
1074
1102
911
1255
923
1239
829
1259
1051
1123
995
1071
1066
1142
929
1167
913
1209
891
1329
858
1257
963
1186
933
1022
1038
1059
979
1035
851
1199
943
1307
1095
1099
897
1066
867
1338
971
1139
1026
1195
967
1259
881
1169
1058
1251
989
1089
1013
1082
1006
1227
1103
1111
1007
1071
907
1131
997
1271
1055
1094
930
955
1011
1057
1007
1189
1089
1235
961
1079
871
1063
898
1189
1038
1233
971
1290
991
1205
863
1151
1010
1186
943
1198
774
1015
933
1063
897
1205
935
1154
1131
1123
890
1121
1002
1075
875
1165
1030
1238
935
1290
909
1143
987
1175
958
1175
962
923
1005
1171
1023
1042
815
1142
943
1079
855
995
999
1214
918
1155
962
1143
919
1159
847
1051
794
1165
930
1063
910
1015
921
1247
814
1095
1101
1067
1009
1053
866
1015
942
1139
955
1031
999
1255
971
1113
943
1087
987
1211
1083
1231
1019
1166
931
1173
1038
1113
1033
1094
858
1026
1003
1107
879
1163
981
1197
970
1211
930
1057
907
1219
993
1118
939
1133
958
1237
846
1083
981
1157
1047
1133
1011
1154
918
1241
1079
1163
1067
1178
955
1133
965
1063
875
1119
898
962
961
1170
1073
1207
822
1143
1018
1071
983
1147
957
1071
998
1111
1039
1139
859
1122
899
1119
1137
1035
1063
1158
1007
1003
957
1075
959
1103
1018
1137
951
1169
1057
930
917
1179
1087
1097
975
1243
1005
1283
911
1186
1051
1301
935
1043
979
1163
851
1055
1091
1235
862
1251
938
1233
1054
1245
974
1215
1015
1187
977
1163
970
1191
970
1199
1063
1138
1010
1059
1035
1129
833
1137
1101
1210
883
1294
999
1222
1137
1173
999
1122
1067
1023
955
1217
919
1185
981
1147
959
1075
855
1085
1074
1078
1085
1150
871
1081
1007
1205
871
1086
1002
1147
977
1158
1151
1166
1015
1137
955
1253
933
1271
1045
1109
995
1061
1031
1174
901
1130
959
1099
943
1127
947
1083
979
1082
843
1033
921
1227
885
1191
967
1169
905
1161
969
1129
1018
1153
1061
1189
1003
1070
841
1059
1011
1097
977
1098
845
1031
955
1167
1011
911
687
925
630
817
821
1139
951
1063
937
1077
819
1201
769
954
919
887
957
863
926
762
954
867
886
1002
823
947
1037
934
907
910
830
919
973
959
943
919
981
823
805
939
965
859
991
1051
1103
917
919
975
994
879
919
994
855
918
1073
989
1073
979
823
937
943
822
979
942
818
1018
1087
1013
945
973
987
1069
910
899
838
942
1069
910
1006
910
863
825
925
915
970
951
951
1007
923
991
1067
911
923
1015
1026
875
887
838
843
882
855
951
871
951
1035
915
1038
958
973
939
917
815
871
987
963
871
959
1053
995
983
923
890
909
951
726
942
863
1043
855
879
918
927
991
937
1019
919
999
853
913
835
923
939
951
1019
1031
902
937
963
1135
906
1090
929
1031
875
1021
1110
843
986
1107
943
891
971
1070
857
953
829
973
986
1010
1047
1121
910
839
871
973
1069
1023
933
983
911
951
930
839
778
930
871
911
1010
990
855
938
999
871
986
819
854
914
865
875
855
1015
875
829
987
971
786
993
866
913
913
887
859
1047
975
955
794
902
877
945
786
809
833
963
995
817
934
931
777
763
1037
1049
901
799
943
1007
1158
831
931
889
893
855
935
931
1023
943
950
923
1001
811
942
953
901
939
975
1074
903
927
907
1017
1029
1009
875
1094
1018
781
781
962
955
931
1043
883
971
986
947
843
885
957
813
978
891
911
709
895
946
963
985
850
946
1007
951
1077
1123
811
818
985
977
1059
647
907
838
959
755
1079
842
943
903
1035
999
871
914
971
909
933
991
899
1007
914
1033
1086
875
907
875
1019
935
995
918
811
761
859
739
901
897
907
965
953
903
895
1007
910
950
982
883
975
846
755
863
911
969
865
799
891
827
1082
869
866
865
862
943
890
895
949
807
1015
947
857
899
847
978
951
927
879
906
989
874
975
981
921
883
894
775
819
1029
1071
986
1010
935
795
967
1063
875
910
893
871
870
851
1003
986
879
903
875
929
939
1015
1110
1005
897
934
1005
902
941
847
997
1047
863
899
854
949
930
791
859
939
899
846
923
906
887
951
925
861
937
963
851
863
947
1007
987
815
895
886
934
1039
881
901
915
923
953
975
873
1031
927
850
981
842
918
1006
975
1010
878
923
799
983
1003
947
935
1051
915
814
939
891
961
914
870
923
858
1098
989
910
1065
918
979
847
871
909
907
1011
999
795
963
995
877
799
1015
913
999
923
889
947
997
1031
959
986
874
849
1013
847
890
941
1031
1033
958
1022
891
895
930
969
835
946
865
881
798
1458
971
1395
1847
0
1487
