2235
1222
1055
1295
1023
1239
999
1307
1047
1235
995
1223
959
1139
1007
1223
1011
1266
982
1219
979
1263
915
1227
979
1051
1023
1311
959
1351
1023
1239
1131
1259
1075
1191
1107
1255
1011
1135
971
1283
1059
1183
963
1187
1087
1299
1011
1251
1063
1331
1015
1107
974
1163
1027
1239
1119
1267
1071
1171
939
1271
1039
1315
1063
1211
1019
1267
1007
1355
1031
1159
1051
1199
874
1279
946
1219
1095
1227
1035
1359
859
1307
1087
1207
915
1131
931
1219
975
1247
1062
1259
1043
1195
1083
1302
1143
1239
1143
1311
999
1139
1115
1367
1031
1239
1071
1190
990
1203
1015
1238
991
1258
1039
1299
1087
1162
1003
1123
1051
1375
927
1223
991
1371
1043
1367
866
1243
1147
1219
947
1287
866
1251
1027
1155
1067
1335
999
1307
1247
1091
1107
1223
1127
1211
899
1295
1199
1347
971
1091
999
1311
963
1191
1079
1191
1003
1223
1079
1299
1151
1151
1071
1059
1003
1171
863
1271
1027
1171
1027
1275
1103
1267
1266
1219
1051
1334
1067
1235
1075
1158
967
1299
1007
1159
1119
1295
1127
1235
1007
1315
1035
1043
1063
1279
1003
1227
1067
1291
1055
1211
1095
1239
1135
1243
955
1383
990
1191
1011
1307
986
1207
1083
1335
975
1235
1091
1195
991
1163
883
1263
930
1107
1007
1267
1031
1367
1219
1314
1007
1299
1071
1303
1011
1275
955
1187
1115
1235
935
1151
1011
1251
979
1382
1171
1107
1123
1275
959
1199
1027
1271
1115
1167
1227
1371
1191
1143
1219
1119
1051
1371
839
1234
1139
1207
1039
1307
1071
1311
1115
1243
1107
1235
1031
1263
1054
1271
959
1323
1103
1439
939
1291
911
1259
1131
1251
1007
1227
1095
1139
1023
1319
1247
1319
943
1303
1050
1207
1103
1263
955
1275
1087
1259
915
1231
1059
1203
1138
1351
1059
1375
1063
1315
1011
1359
1091
1259
1067
1247
1075
1143
1015
1251
1115
1235
991
1239
971
1435
1058
1299
1015
1295
963
1187
1007
1215
1059
1259
1123
1215
911
1287
1071
1147
999
1339
1083
1415
1155
1267
1095
1171
1047
1274
1159
1211
955
1207
1142
1243
1099
1323
935
1387
1043
1259
1079
1235
947
1303
1015
1251
1071
1203
1039
1291
839
1147
1135
1231
995
1203
1087
1299
943
1383
1127
1191
1039
1283
975
1171
1143
1159
947
1291
1111
1283
915
1223
1019
1415
1127
1235
1079
1227
995
1195
971
1183
1246
1263
1031
1163
1027
1323
999
1171
1175
1047
1003
1387
1067
1211
991
1255
1007
1207
1079
1147
1107
1207
1167
1347
1055
1235
1051
1099
951
1215
1167
1255
1171
1287
1075
1107
1075
1219
899
1271
1155
1415
1083
1371
1135
1139
1083
1235
963
1183
1091
1231
871
1243
1031
1179
1075
1371
939
1191
995
1239
1039
1391
967
1143
1019
1267
975
1119
999
1035
775
999
747
871
799
1347
1007
1347
1039
1219
1047
1223
1115
1063
1051
1019
959
991
1015
1083
1075
1051
1103
919
843
1143
950
991
1075
974
1139
1055
1011
1003
979
966
959
1019
1023
847
1003
879
1123
983
1055
1003
1243
919
995
891
1135
923
954
923
895
1058
1067
879
1030
871
1043
1019
1283
1051
1023
1019
1127
971
1047
883
1034
1067
954
1075
851
1031
1023
1187
1055
927
1002
1063
983
979
983
1211
963
1055
951
983
1031
915
927
1039
1055
987
995
1019
946
1031
919
971
1095
1135
967
971
1003
1051
1051
1091
1019
1111
1111
974
1027
935
995
987
987
987
987
987
987
987
987
987
987
987
987
987
987
987
987
987
987
987
987
987
987
987
987
987
627
975
1115
939
1091
995
942
1011
1119
959
1018
1103
987
1155
1067
967
947
1071
971
1043
1055
959
1123
1087
959
1023
991
999
991
987
1095
1003
1059
1007
1051
975
1059
1019
975
1011
1095
907
1075
967
955
807
1031
935
1015
979
963
999
1039
1082
887
1063
1131
959
1091
975
995
979
1007
1007
991
955
1079
947
951
1075
971
975
947
1091
999
991
1019
1099
879
895
1015
935
1159
1119
971
907
951
1035
951
963
1010
983
895
883
971
1066
1003
1007
934
1087
935
1027
1051
1066
1075
899
999
1123
1031
1135
979
1047
1215
955
1027
1011
1067
1095
1019
942
1015
975
991
955
1039
1167
991
1027
1198
987
939
1171
987
1011
1079
887
899
1119
1083
915
1011
1071
863
1019
1103
1078
1055
1003
979
947
1107
835
1235
999
1051
927
1055
983
1131
1147
963
1059
1035
1043
1087
863
983
1062
983
1015
1071
1019
1187
923
963
1046
1043
1063
947
943
1003
999
1031
979
1023
1011
811
991
1055
1183
907
1019
955
1083
959
1019
1035
1083
1031
1075
959
931
1019
1063
983
875
1043
1143
1103
951
1007
995
1067
983
971
1015
907
999
1095
1015
1015
999
979
899
995
967
870
1071
1147
1039
1107
923
983
967
987
1035
971
1047
995
1007
1107
1119
983
1023
979
931
1027
1051
995
1051
1031
935
951
951
1171
923
1023
1063
1011
967
1035
935
991
1031
1055
1123
1075
903
1071
983
1039
971
1051
1083
1087
923
1111
931
971
935
1035
1103
847
939
1027
967
1079
1035
1051
1043
1083
1147
1063
1031
1015
1035
943
1071
871
938
947
1139
1083
914
1091
1075
1071
995
1199
999
1051
975
931
979
855
919
1043
1035
911
1051
1107
1031
1043
1095
1039
987
927
1031
1087
987
1031
911
1139
939
1095
1135
951
975
895
995
1075
975
1079
1151
1147
903
851
1003
1043
947
903
1115
1071
1039
1055
1019
927
899
971
887
979
914
1011
1083
1035
1079
1043
899
1083
1031
1003
939
1015
1011
919
927
1143
955
2135
2227
430
675
651
2063
