1135
1275
1266
1271
1050
1311
1131
1331
1031
1415
1327
1179
1103
1411
1087
1267
1006
1231
1163
1283
1019
1403
1123
1263
1083
1239
1131
1351
1143
1427
1111
1279
995
1323
1295
1259
1099
1475
1187
1311
1075
1283
1107
1295
994
1315
963
1443
1031
1263
1139
1291
1139
1215
1103
1423
1083
1215
1007
1238
1259
1291
1267
1299
1103
1231
1190
1375
1179
1359
1175
1255
1155
1206
1123
1383
1154
1247
1067
1227
967
1295
1127
1307
1146
1287
1211
1387
1123
1243
1187
1395
927
1331
1119
1303
1031
1291
1207
1391
1131
1291
1003
1311
1234
1227
1055
1323
1183
1355
1135
1327
1123
1275
1115
1423
1051
1415
1075
1515
1139
1295
1163
1431
1183
1279
1179
1279
1239
1423
1171
1311
1191
1255
1067
1291
1083
1311
1255
1411
1151
1403
1167
1311
1147
1227
1115
1391
1267
1323
1075
1211
1251
1215
979
1167
915
1331
1139
1275
1231
1263
1179
1407
1135
1243
983
1363
1027
1427
1203
1275
1143
1291
1087
1299
1191
1326
1043
1323
1007
1339
1163
1275
1195
1431
1127
1303
1127
1211
1111
1371
1143
1307
1179
1311
1119
1275
1067
1403
1063
1311
1247
1267
1027
1251
1111
1283
1171
1403
1139
1451
1083
1359
1111
1135
1159
1407
1247
1215
1127
1307
1138
1223
1099
1279
1199
1379
1115
1271
1211
1295
1091
1203
1123
1303
1003
1431
1075
1367
1151
1159
1259
1287
1203
1427
903
1423
971
1159
1119
1227
1234
1155
1083
1358
1255
1335
1175
1287
1307
1271
1139
1303
1095
1267
1271
1339
1211
1247
1207
1475
1015
1259
1183
1287
1079
1403
1203
1335
1090
1183
1026
1347
1055
1363
1031
1355
1167
1307
1139
1247
1235
1271
1179
1255
1063
1339
1179
1254
987
1314
1195
1499
1063
1343
1123
1323
1087
1395
1151
1411
1143
1175
1122
1503
1087
1327
1095
1487
1191
1155
1039
1311
1127
1243
1167
1199
1247
1375
1099
1247
1103
1379
1295
1351
1135
1219
1091
1271
1131
1371
1243
1303
1207
1191
1135
1331
1079
1279
1230
1335
1083
1415
1167
1367
1139
1355
847
1383
1091
1238
1139
1451
1143
1279
1071
1375
1195
1323
1159
1379
1275
1363
1103
1231
1051
1255
1187
1239
1267
1259
1175
1347
1191
1307
1227
1427
1111
1426
1175
1399
1238
1275
1143
1415
1143
1263
1103
1395
1159
1351
1227
1263
1143
1367
1287
1335
1187
1271
1095
1231
1103
1175
1231
1250
1067
1243
1003
1311
1175
1307
1151
1387
1059
1295
1223
1383
1223
1307
1327
1359
1019
1331
1027
1323
1163
1267
1155
1407
1035
1411
1231
1319
1099
1191
1063
1415
1051
1407
1227
1395
1151
1375
1099
1331
1143
1343
1138
1286
1307
1251
995
1287
995
1283
1215
1375
907
1307
1211
1359
1235
1323
1187
1311
999
1355
1131
1375
1143
1266
1143
1255
963
1287
1126
1435
1143
1283
1143
1203
967
1339
1191
1395
1167
1071
839
1103
751
963
927
1319
1131
1287
1211
1283
1167
1235
1147
923
1095
1055
1259
1051
1159
1027
1051
1159
1159
991
1063
947
1195
1251
1135
1119
1223
1115
1059
1035
1047
1171
1147
1031
1066
1147
1267
1155
975
1147
1199
1111
1103
1087
1123
1079
1131
1154
1135
1039
1187
1143
1135
995
939
995
1059
1183
1015
1019
1139
1075
1059
1019
1063
1123
1111
1143
1035
1166
1115
1031
967
1055
1078
955
1179
1011
1167
1015
1131
959
1015
1083
1019
1119
1143
1087
1091
1138
967
1059
1271
1075
1182
963
994
1043
1199
1207
1163
1123
1139
1159
1119
1059
1051
1191
1059
1155
1015
1031
1051
1043
1043
1043
1043
1043
1043
1043
1043
1043
1043
1043
1043
1043
1043
1043
1043
1043
1043
1043
1043
1043
1043
1043
1043
1043
1043
1187
1054
947
1095
1199
1159
911
1063
1219
1215
1043
1107
1179
1067
1151
1187
1102
1059
1063
1195
1075
1171
1183
1203
1078
1095
1074
1127
1091
1143
1087
1275
1171
1087
1127
1191
895
1203
1103
1095
891
1055
1163
1031
1279
963
1179
1095
1003
1131
1106
1115
1055
1035
1135
1087
1059
1098
951
1107
899
1231
1055
1291
1086
1071
1027
1119
1179
1015
1063
1147
1091
1195
1187
1127
1047
1175
1207
1307
995
987
979
1247
1135
1167
1139
1003
943
1167
1115
1131
1187
1071
1159
1187
1211
1091
1107
1070
1087
1074
1059
1058
1138
1115
1143
999
1154
1135
1123
1047
1131
1059
1134
1223
1091
1075
1075
1039
999
979
975
1143
1139
1007
1111
1087
1259
1162
1195
1035
1135
1159
1034
1067
1031
911
1027
1099
1015
1119
1147
1107
1155
1183
1003
1115
1187
1023
1003
1159
1127
1063
1067
1067
1218
1111
999
1163
1043
1191
1115
1067
1091
991
1071
927
1163
1003
1099
1135
1099
1151
1091
1103
1063
1167
1090
1143
1175
1211
1071
1207
1083
1039
1099
1095
1039
1095
1087
1131
1091
1195
1067
1079
979
1159
1263
1006
991
1063
1119
1287
959
1211
1011
1230
1059
1223
1047
1143
1127
1171
1059
1199
979
1215
1247
1183
1147
1171
1055
1103
1127
1255
1107
1055
1131
1099
1135
1215
1047
1131
1195
1099
1135
1199
1043
1191
999
1103
1035
975
1087
1199
903
975
1019
1155
1018
1047
999
939
1195
1063
1071
1151
1098
1167
1083
1211
1207
903
1231
1163
1107
1119
1051
1071
1207
1151
1095
1119
1151
1035
1087
1151
1123
1055
1147
1127
1175
1175
1031
1159
1175
1119
1083
1207
1063
1015
1171
1003
1187
1111
1143
1163
1103
1203
1031
1119
1130
1119
1115
1079
1059
1055
1187
1198
1179
1027
903
1011
1055
1059
1203
1095
1023
1123
1135
1043
1083
1199
1203
1063
951
1054
1119
1087
963
1043
1035
1018
1167
1155
1067
1187
1155
1171
1090
1179
1107
1255
1111
1207
1091
1075
1267
1142
1103
1067
1023
1123
955
1131
1187
994
851
1223
1127
1047
995
1062
1062
1067
1247
1123
955
1039
950
1007
1019
1095
1099
1187
959
215
535
0
223
1175
447
