1031
1327
1127
1727
1191
1291
1127
1291
1155
1303
1263
1359
1119
1267
1135
1387
1019
1331
1091
1679
1155
1279
1183
1235
1291
1319
1083
1291
1119
1267
1163
1255
1187
1391
1231
1203
1099
1359
1175
1327
1083
1199
1191
1383
1227
1215
1075
1383
1059
1339
1159
1387
1211
1387
1071
1307
1211
1671
995
1351
1171
1387
1195
1367
1135
1359
1103
1355
1163
1235
1163
1699
1115
1291
1163
1231
1223
1259
1055
1243
1127
1299
1159
1323
1171
1275
1011
1727
1163
1367
1231
1151
1139
1379
1099
1359
1271
1719
987
1667
995
1347
1071
1315
967
1659
1195
1263
971
1351
1011
1299
1251
1323
1235
1679
1143
1275
1119
1323
1067
1363
1127
1739
1215
1311
1219
1687
1023
1359
1267
1359
1275
1291
1091
1247
1051
1351
1099
1335
1115
1379
1083
1367
1215
1303
1119
1379
1103
1319
1103
1367
1171
1199
1103
1391
1091
1279
1143
1379
1055
1367
1151
1319
1251
1271
1219
1659
1127
1395
1099
1223
1199
1343
1251
1691
1143
1799
1135
1667
1083
1663
1071
1703
1211
1687
1163
1231
1203
1327
1039
1355
1119
1283
1087
1391
1047
1347
1199
1279
1155
1299
1111
1347
1207
1687
1183
1243
1127
1731
1171
1175
1243
1659
1127
1379
1163
1279
1119
1399
1255
1315
1059
1287
1111
1339
1207
1383
1067
1359
1063
1195
1075
1147
1139
1291
1143
1263
1131
1779
1231
1299
1255
1311
1171
1363
1227
1743
1123
1247
1147
1319
1067
1319
1095
1387
1227
1675
1167
1207
1187
1363
895
1743
1075
1267
1151
1327
1079
1723
991
1363
1123
1735
979
1299
1103
1671
1263
1343
1063
1371
1163
1279
1183
1315
1023
1347
1119
1295
1131
1699
983
1699
1055
1723
1071
1363
1039
1267
1163
1295
1035
1295
1223
1363
1159
1303
1059
1287
1023
1403
1151
1667
1139
1331
1143
1191
1079
1671
1203
1395
1199
1695
1043
1215
1019
1363
1187
1335
1119
1283
1083
1251
1211
1391
1135
1283
1107
1351
911
1335
1111
1307
1075
1247
999
1339
1099
1383
1223
1255
1287
1123
1151
1355
1135
1335
1007
1391
1135
1327
1135
1331
1211
1311
1103
1379
1163
1299
1111
1331
1291
1351
1087
1383
1175
1355
1035
1315
1083
1279
1167
1315
1139
1759
1263
1319
1219
1251
1151
1331
1103
1299
1311
1339
1187
1291
1227
1691
1239
1287
1071
1659
1019
1699
1239
1311
1043
1339
1203
1687
1251
1283
1355
1155
1087
1263
1095
1379
1087
1395
1111
1703
1055
1375
1079
1311
1099
1675
1095
1339
1031
1295
1119
1339
1219
1275
1031
1671
1283
1359
1143
1271
1275
1691
1191
1315
1219
1403
1155
1267
1159
1263
1175
1691
1191
1143
1095
1287
1159
1291
1071
1235
1127
1203
1127
1339
1095
1391
1119
1747
1087
1331
1203
1331
871
1279
947
1247
1107
1287
1059
1803
1171
1219
1067
1375
1147
1215
1019
1279
1179
1295
1027
1659
1247
1123
1019
1055
895
1083
867
1251
1067
1383
1119
1195
1167
1319
1043
1071
1131
1167
1195
1127
1147
995
1187
1119
1227
1039
939
1183
1095
1071
1067
1023
1063
1127
1211
991
1111
1067
1111
1039
1111
1075
1259
1159
1131
1015
1271
1107
1103
1083
1259
1155
1395
1207
1071
1083
1027
1007
1107
983
931
967
1083
1075
1175
1031
1075
1179
1103
1139
1067
1223
1119
1123
979
1019
1139
1095
1055
1071
1123
1023
1083
1023
971
1063
1127
1091
1007
1095
1103
1183
1123
1095
1131
991
1123
1083
1131
1091
991
1127
1099
1271
1143
1039
1231
1047
1127
1119
1151
1171
1195
1195
1103
1247
1103
1227
1191
1491
1491
1491
1491
1491
1491
1491
1491
1491
1491
1491
1491
1491
1491
1491
1491
1491
1491
1491
1491
1491
1491
1491
1491
1491
451
1151
1195
955
1103
1123
1167
1147
1131
1115
1127
1031
1159
1159
1051
1111
1095
995
1123
1243
987
1083
1167
971
1015
1031
1079
1071
1051
1095
1183
1059
1127
951
1175
1131
1019
1143
975
1267
1007
1207
1187
1027
1047
1179
1115
1127
1171
1235
1071
1067
1119
1199
1347
1063
1195
1091
1247
1075
1247
1175
1111
1063
1139
1095
1099
1075
1207
1091
1151
1215
1207
1111
1159
1043
1019
1103
1007
1175
1043
1063
1131
1083
1387
1171
1019
1223
975
1187
1047
1199
1235
1143
1151
1047
1095
995
1051
1127
1095
1139
1219
1131
1115
1019
1175
1011
1183
1019
1183
1087
1083
1103
1279
1091
1031
1195
1227
1051
1111
1003
1151
1179
979
1055
1075
1087
1147
995
1211
1235
1107
1151
1099
1019
1019
1151
1051
1143
1231
1187
1067
1055
1095
1163
1035
1043
1167
1051
1079
1111
1143
1039
967
1223
1035
983
1035
1159
1023
991
1063
1135
1283
1035
1295
1095
1211
1083
1183
1079
1203
1023
1127
1047
1291
1127
987
1159
1051
1131
1059
1095
903
1079
1131
1167
1075
1035
1135
1175
1219
1211
1143
1103
1115
1143
1307
1051
959
1035
1083
1135
1175
1123
1031
1051
1075
1103
1283
1115
899
1127
1099
1055
1115
1107
1199
1087
1115
1139
1163
1111
1079
1163
1019
1091
1087
1235
1167
1135
1251
1063
1019
983
999
1131
1031
1239
1235
1171
1115
955
1375
1079
1151
1015
983
1015
1191
1215
1227
1019
955
1251
1131
1251
1055
1035
1091
1003
963
1167
1039
1139
1211
1107
1151
1123
999
1127
1107
1223
1159
1183
1027
1227
1115
1103
1023
1083
1119
1007
1135
1191
1103
1151
1159
1115
1019
1087
1119
1055
1115
1051
1027
939
1087
1023
1199
1075
1091
1003
1059
1055
1151
1251
1107
1155
1075
951
1155
1115
951
1067
1219
1007
895
1131
1151
1079
1151
1079
1111
1275
1119
1191
1103
1079
1127
1071
1095
1143
1023
1155
1039
991
1135
1159
1127
1179
991
1087
1299
1115
1107
1195
1103
1015
1215
1095
999
1091
1159
1083
1063
1091
1151
1003
1071
919
1295
1087
1135
1187
1079
1015
1099
1219
1103
1055
999
1063
963
1239
1143
967
31
35
0
1027
687
383
