995
1299
1035
1209
1007
1155
993
1169
990
1099
994
1183
1063
1234
1039
1239
1010
1137
939
1067
1083
1199
999
1090
1029
1127
951
1189
871
1169
973
1125
970
1355
975
1262
979
1170
915
1239
1031
1238
926
1135
938
1219
1014
1142
1219
1217
991
1310
1005
1210
1111
1114
1033
1261
1002
1138
959
1218
959
1311
1005
1255
1139
1117
955
1093
1059
1159
993
1267
1033
1362
907
1039
813
1165
1071
1271
1019
1142
1018
975
994
1342
883
1267
907
1171
939
1119
961
1245
1077
1294
1002
1206
953
1175
1134
1179
951
1271
1038
1305
1129
1150
911
1049
986
1179
981
1241
1177
1299
1033
1143
963
1333
1010
1141
999
1107
943
1046
1055
1198
1098
1303
1001
1083
1059
1283
1001
1309
991
1331
1106
1219
1143
1210
1042
1299
949
1263
1085
1263
1123
1107
1031
1211
1013
1246
1011
1278
1035
1211
1042
1283
1015
1243
1051
1157
1042
1294
998
942
969
1031
975
1147
1103
1066
1126
1166
873
1289
1011
1083
999
1319
907
1117
1114
1099
959
1227
1154
1161
1151
1079
1007
1335
1115
1235
911
1118
959
1167
925
1103
1129
1369
1313
1191
1002
1234
1155
1169
1131
1339
955
1241
1082
1213
922
1370
997
1138
902
1299
1059
1247
925
1287
909
1347
949
975
890
1322
986
1081
1015
1291
1063
1223
895
1271
1055
1261
986
1155
1018
1318
873
1189
1001
1158
1018
1243
979
1247
1054
1299
1118
1202
933
1139
1075
1157
975
1135
1086
1167
1037
1123
1002
1199
991
1230
1147
1185
978
1178
1098
1115
1031
1139
879
1298
1039
1186
1023
1357
1022
1122
954
1151
1027
1013
1018
1255
1007
1225
882
1291
902
1187
1163
1266
979
1143
1035
1225
897
1247
991
1259
1118
1122
1065
1319
967
1186
1066
1331
1051
1301
967
1175
1002
1115
1055
1202
1003
1183
1038
1199
967
1233
975
1199
1155
1269
1041
1225
1127
1246
987
1130
950
1375
1034
1233
1119
1085
963
1247
1229
1087
942
1239
1082
1191
1090
1227
1079
1227
983
1185
993
1207
999
1247
1007
1211
941
1163
975
1203
991
1249
955
1251
979
1207
931
1113
987
1155
1047
1207
1054
1227
1018
1322
1083
1247
995
1083
905
1047
1039
1215
997
1238
1078
1306
1049
1199
1090
1159
1051
1233
1079
1298
967
1331
1005
1249
927
1207
987
1193
1046
1131
1035
1095
1071
1151
943
1254
1143
1311
1103
1175
981
1341
990
1163
1067
1318
1095
1103
915
1211
1014
1094
1038
1238
871
1207
1017
1163
1127
1195
983
1203
943
1235
1037
1110
1011
1187
1043
1175
911
1149
1087
1230
1003
1298
1058
1241
1026
1101
926
1234
995
1251
931
1143
947
1221
898
1310
1071
1239
1026
1241
1058
1189
1135
1185
1053
1121
977
1263
1034
1226
1059
1299
1027
1066
715
961
631
962
743
1222
942
1035
990
1074
1162
1118
1073
1043
959
1070
887
897
1026
847
862
1067
986
925
1065
1034
909
1030
951
931
955
902
1015
1039
907
998
967
1011
1051
1059
915
1063
961
879
967
951
950
1019
951
915
971
902
1039
933
1135
1054
979
834
1103
883
1091
1099
1091
982
1094
911
1241
965
999
1022
873
895
1027
907
981
1045
1073
946
1115
962
1081
1063
935
970
1066
907
905
1026
1097
1134
889
979
914
931
939
898
1025
851
1178
999
913
1005
983
899
1077
1103
915
1038
1054
1019
1138
1077
959
919
1055
1066
991
1009
1053
1047
1058
977
1070
847
971
934
1041
939
1121
1130
1083
959
995
947
989
862
1123
1061
1081
1038
955
907
991
903
1011
1005
859
1125
1043
1113
1031
1107
987
1065
993
1018
1023
973
993
1069
950
1075
962
1117
998
1189
1227
922
931
917
959
963
1023
831
1086
915
891
1059
1045
995
931
1001
985
1119
977
1017
993
1103
1042
1022
958
1007
957
947
1114
787
957
951
942
1003
961
906
942
1051
1037
1159
987
909
973
1003
947
987
935
1026
894
945
1023
1015
939
978
1075
1067
1005
1009
1034
971
995
1109
899
1025
1090
995
1107
1086
969
893
1015
973
902
1049
943
1127
1031
1061
879
923
922
965
914
993
1051
913
1114
1161
991
958
843
909
943
931
917
959
1119
1054
903
1037
1043
823
1053
1101
1034
903
921
959
931
923
959
891
871
1066
959
943
987
919
1019
1046
1207
939
989
963
1083
927
1155
994
937
918
1018
855
850
865
955
999
1097
871
982
966
1061
893
927
987
882
1023
881
1067
990
1031
1087
1090
1009
1150
975
1082
847
975
890
1030
959
947
1105
1019
897
1011
921
914
950
1035
975
1003
1037
927
943
949
979
958
823
894
942
934
939
1071
1027
993
982
935
983
989
1095
971
1009
1077
825
1125
1019
987
1211
1130
1035
923
961
943
1019
979
1007
913
937
1023
867
1006
982
863
1126
1129
975
991
1035
997
1094
943
1053
914
907
1113
1007
982
811
979
971
1046
1077
949
973
1018
1111
1057
918
934
1010
923
1065
887
1037
1062
974
965
1069
1163
1142
991
1005
1017
1074
927
1106
902
954
939
999
1083
1005
938
1078
967
1097
1009
913
1075
1014
866
1095
865
955
946
1107
898
922
1062
857
1065
1109
871
907
963
1078
998
978
1039
1053
1079
975
981
1039
825
910
999
1218
935
943
947
974
939
1121
1003
963
937
1003
883
1051
971
1074
935
862
899
941
943
975
1049
1003
858
877
1081
1023
927
982
875
910
909
995
871
914
931
1026
1003
1003
858
899
1031
974
935
1062
921
1085
1015
909
899
795
1011
999
1019
1018
910
282
951
538
11
1927
835
