2111
1175
883
1287
1123
1235
823
1063
819
1147
1023
1047
903
1211
775
1111
951
1171
939
1055
803
1267
871
991
895
1171
1071
1259
867
1155
975
1131
907
1219
931
1211
755
1107
971
1175
783
1155
887
1159
979
1119
971
1227
907
1243
811
1095
951
1211
991
1119
995
1187
811
1143
1007
1063
915
1163
903
1267
879
1219
923
1119
999
1083
983
1087
987
1099
971
1211
923
1091
1059
1163
999
1099
951
1079
1011
955
863
1015
923
1059
975
1091
1023
1115
935
1239
815
1267
971
1103
939
1075
915
1263
959
983
859
1027
803
1027
891
1107
927
1051
883
979
935
1115
927
1127
915
1187
831
1055
907
1071
895
1091
803
1087
855
1215
923
1039
903
1167
891
1083
923
1151
863
1235
867
1143
875
1087
1011
1019
863
1119
1039
1039
947
1207
1019
1207
971
1063
847
1115
979
1091
891
1135
911
1103
815
1115
847
1115
959
1123
939
1275
927
1027
1023
1015
887
1151
891
1071
1067
1043
971
1067
1003
1063
843
1219
879
1223
803
1239
835
1159
815
1107
779
1191
995
1135
919
1063
891
1107
935
1147
871
1107
947
1115
847
1063
951
1131
819
1215
1031
1119
967
1039
911
1111
915
1163
927
1315
819
1067
1011
1111
959
1235
895
1043
971
1091
891
1119
911
987
927
991
1075
1055
903
935
899
963
927
1063
963
1051
1019
1191
927
1127
979
1139
1019
1099
815
1251
883
1143
959
1147
871
1107
943
1139
1031
1235
823
1243
859
1079
859
1083
839
1187
915
1179
1067
1199
935
1023
1023
999
1063
1223
927
1019
899
1223
1003
1191
815
1031
863
1071
923
1207
811
1083
1003
1027
863
1135
959
1095
907
1215
827
939
887
1155
855
1167
887
1119
1063
1079
995
1191
883
1235
987
1131
1039
1295
1003
1079
763
1111
1015
1119
943
1035
1079
1007
903
1179
923
1071
991
1103
915
1127
911
1255
951
1243
1031
1079
947
1195
999
983
1023
1099
1003
1051
991
1087
987
1263
863
1203
947
1163
1119
1063
807
1135
1095
1139
955
1051
1023
1115
919
1179
971
1155
943
1179
931
1095
995
1135
911
1175
847
1071
1031
1187
983
1199
795
1135
911
1183
1191
1187
835
1127
995
1159
939
1203
1007
1159
995
1083
919
1111
839
1051
967
947
1011
1267
815
1107
907
1135
859
1119
995
1067
1079
1299
1015
1051
855
1087
847
1131
891
1143
879
1235
987
999
831
1063
1095
1211
1007
1279
819
1027
835
1179
819
1007
899
1035
1023
1143
1031
1103
955
1163
1019
1239
943
1183
979
1091
799
1231
919
1047
855
1147
931
1131
907
1019
775
1011
971
1043
827
1091
1027
1031
915
1059
947
1139
911
1015
663
851
611
787
643
1167
995
1007
899
1103
899
1123
971
823
979
935
859
947
867
951
923
731
863
943
983
923
867
851
719
827
1035
971
975
987
803
739
935
855
891
887
879
935
915
867
931
943
911
899
979
795
1007
927
727
947
1007
859
975
807
859
967
875
883
835
959
771
859
835
959
915
955
1011
971
927
755
867
831
867
859
971
987
951
935
835
771
799
859
891
887
971
755
695
991
831
963
947
959
1007
943
919
843
775
799
883
903
763
1035
915
947
811
947
911
871
899
999
971
695
987
715
915
907
747
943
727
879
851
1003
855
851
831
983
939
963
1023
915
895
939
871
751
955
863
863
771
859
867
923
831
959
895
859
923
795
907
839
783
835
755
931
859
891
835
883
739
891
1007
883
803
835
1003
883
891
843
871
879
1023
899
899
1043
803
887
883
1031
863
923
819
883
783
715
927
907
927
923
991
987
915
915
863
795
943
851
827
931
899
907
935
879
779
867
899
1023
767
959
727
987
867
903
839
819
1003
735
1039
915
835
875
803
911
859
875
967
891
915
1063
891
863
927
959
903
995
951
1075
919
871
867
1119
1039
927
827
939
951
947
807
847
971
915
879
903
891
975
911
1091
1007
943
931
999
951
835
819
859
907
887
899
983
843
823
895
1023
871
931
887
891
799
923
811
875
879
895
955
891
859
939
939
943
891
975
887
759
771
831
871
959
759
947
827
995
935
807
783
803
887
959
803
795
811
907
1035
871
855
887
783
835
963
855
907
823
751
795
931
979
975
1003
855
867
951
999
763
847
959
1059
895
907
907
827
839
903
671
959
983
835
815
971
987
915
883
891
699
915
731
763
1011
1071
975
839
791
775
999
979
863
883
827
799
1027
1011
863
951
903
923
863
831
939
811
863
943
787
863
883
899
923
819
851
935
879
843
815
879
835
1051
1027
939
931
1039
807
791
851
831
803
867
883
891
995
927
987
931
807
987
915
995
971
915
819
899
1071
971
935
1067
923
895
827
843
939
819
947
911
931
919
727
879
835
867
943
775
807
903
851
907
975
815
943
1019
963
979
971
935
879
1003
987
963
887
907
991
879
895
935
911
811
987
1015
979
1011
987
951
835
1047
767
895
1115
883
811
919
863
907
1063
907
851
947
1007
883
807
863
831
831
967
943
967
983
831
883
923
1019
899
843
987
947
867
851
1067
843
843
763
979
871
975
867
775
847
1023
831
819
831
851
863
807
1791
2227
1727
2275
867
2083
