1071
1331
1127
1215
1059
1323
1187
1299
1107
1139
1039
1131
1051
1275
1099
1171
1003
1247
1015
1167
1063
1211
1079
1255
1063
1299
923
1215
927
1183
1215
1331
1051
1343
1131
1211
1007
1327
1163
1291
1003
1223
1063
1115
1167
1227
1079
1187
1127
1239
1055
1307
1075
1271
991
1283
971
1287
1143
1083
1071
1231
1027
1355
1079
1263
1111
1287
979
1175
1031
1251
1043
1195
1015
1351
1103
1203
1031
1251
1183
1275
1075
1175
1131
1407
995
1383
951
1199
1031
1063
1039
1083
1171
1039
1103
1363
1179
1143
951
1231
1027
1243
1003
1291
1067
1123
1055
1243
1071
1343
1083
1351
1087
1391
1039
1271
1095
1295
975
1267
1051
1171
1027
1111
963
1215
1063
1179
1143
1255
1007
1175
1143
1295
1031
1215
1047
1279
1087
1175
1131
1155
1055
1163
1091
1239
1099
1343
899
1371
1023
1235
979
1347
1043
1239
895
1339
1151
1303
983
1407
1015
1319
1091
1211
1043
1179
1047
1271
923
1335
1071
1271
1175
1251
1131
1223
1123
1251
1075
1311
995
1127
1103
1311
1123
1375
1167
1183
1159
1319
1023
1307
955
1339
1039
1203
1035
1207
1003
1323
935
1331
939
1243
963
1163
1059
1383
951
1227
1087
1155
1071
1239
987
1191
1071
1183
959
1167
935
1283
1039
1399
1151
1271
971
1155
1027
1091
1159
1315
1103
1299
1103
1239
1103
1283
1147
1283
1019
1223
807
1387
1075
1143
1023
1199
991
999
1043
1239
1051
1331
1043
1135
947
1307
1087
1259
1099
1171
1051
1379
1123
1207
1151
1363
1215
1283
1071
1199
1035
1267
1067
1155
999
1159
1047
1179
1175
1215
1071
1311
1203
1219
1055
1119
1127
1259
1007
1263
1079
1223
919
1203
1027
1395
927
1175
1015
1303
1103
1275
983
1343
1215
1123
1007
1195
983
1219
1131
1251
1019
1243
1043
1247
1039
1263
1099
1155
1091
1323
1183
1191
955
1219
931
1259
963
1235
1091
1179
1183
1395
875
1183
1179
1139
963
1223
1047
1271
1079
1323
1175
1295
1103
1319
1103
1411
1027
1255
1019
1275
843
1231
975
1255
1019
1235
1039
1187
1139
1287
1155
1311
1063
1231
1179
1287
1119
1191
1183
1247
1087
1139
1027
1311
1027
1227
939
1295
979
1195
903
1311
883
1299
1139
1171
991
1303
919
1247
1119
1315
1011
1267
947
1175
1167
1219
1127
1347
915
1139
1023
1231
963
1311
1055
1235
1223
1335
1031
1215
1019
1095
939
1199
1007
1251
1275
1347
1027
1155
1031
1187
1023
1163
1091
1207
1135
1327
975
1207
1099
1363
987
1099
1031
1327
1223
1271
1151
1167
1171
1139
1027
1267
991
1303
1019
1239
975
1291
1091
1367
1035
1291
1007
1391
1103
1215
1067
1239
1035
1311
1123
1271
947
1163
983
1283
959
1263
903
1355
1091
1359
955
1203
963
1235
983
1371
1059
1219
1043
1303
1071
943
759
847
751
1067
811
1207
1231
1271
1219
1303
979
1283
1031
1027
955
915
959
875
1203
1123
1103
1031
1031
999
1003
979
1115
1003
967
991
1055
1003
1007
943
1099
1011
1091
835
1039
1107
1079
1007
983
1075
1275
1067
1071
1083
991
951
1055
1023
1031
1239
931
1019
947
987
939
939
907
1051
1103
991
1019
903
1151
951
1055
1075
1043
895
951
967
1003
1007
987
1155
1023
1131
1135
959
1035
1007
947
979
919
971
1003
1035
1043
963
1147
1147
1143
995
1299
1107
1047
975
983
1131
983
955
1019
1075
919
959
963
871
1115
1051
1039
1075
975
1007
1155
1151
1111
995
951
995
1039
987
1127
1031
1035
927
1115
1039
1099
1031
1047
1071
927
979
1019
931
1111
1055
1143
991
1111
1139
1063
995
1059
991
935
919
1031
879
931
871
955
1035
1135
971
1011
1127
1039
903
1019
1075
947
1135
955
1119
1059
939
951
975
911
1003
1019
931
939
991
967
1119
927
1047
895
1043
1119
883
1087
1095
943
923
1015
1135
1143
1103
999
1067
963
923
1035
1051
1139
1011
1007
1039
1095
955
1043
1039
1011
895
1067
975
1007
1051
1003
919
919
1139
1059
1035
1151
1063
979
1035
1063
1051
1107
1019
1155
1011
1115
999
1087
931
1011
967
999
963
1027
1155
1019
1135
1127
951
1075
1067
1099
927
1127
995
955
1131
1191
975
1127
1019
1019
1091
843
975
1107
1043
1047
1011
971
1039
1023
907
1011
899
963
1135
1151
1119
1075
987
1047
1071
1083
907
1099
879
1087
1111
1031
947
783
951
923
1127
1083
1047
1047
943
1019
1035
1127
1071
867
987
1007
1079
1211
1095
1003
1019
1135
1099
1039
1015
1107
1119
927
1039
919
1067
1067
891
1171
1071
1123
991
1171
1047
1131
1055
883
979
859
995
899
895
1075
903
1067
991
1131
1015
1131
899
935
987
991
887
967
1075
1095
1079
1179
1055
975
1019
959
879
899
919
1055
1111
1111
1067
983
963
1015
995
1187
1083
1095
911
1131
995
1087
939
1075
1227
1039
1147
867
875
1155
1043
1155
1035
1039
871
971
983
899
1091
927
911
955
1151
1027
1003
967
1071
1091
1119
975
1099
1047
1067
1139
1015
1027
1011
1023
895
1103
979
927
859
1187
923
1023
1075
1007
1035
955
971
1159
1027
1255
1043
1115
1091
1275
1059
1199
1031
1011
1035
1015
1003
1099
951
903
1039
1007
1115
931
999
1083
951
1163
895
1103
999
1131
955
1035
1023
1071
987
1031
1063
875
1111
1147
967
1119
1003
1055
1143
1059
1135
1079
1143
1123
1039
1047
911
959
1011
1019
1063
1171
963
995
1023
995
1007
955
1067
1023
1155
1031
1031
963
1043
1083
963
1031
1035
1023
1215
1035
1055
1051
1123
1151
1059
979
959
1019
1055
1011
1015
1083
1011
1127
1043
1075
911
943
1083
995
923
1007
1087
1871
2115
775
1287
1871
1803
