827
1059
945
1119
900
1193
949
1220
871
1196
1071
1127
884
1166
844
994
955
1073
893
1173
846
1229
953
939
985
1157
956
1043
754
1150
853
1215
927
1154
1053
1173
986
1002
887
1056
956
1083
858
1051
861
1147
972
1095
970
1093
1053
1087
956
1216
933
1026
911
1096
925
1148
888
1109
967
1153
935
1191
1125
1129
944
1137
907
1126
950
1100
930
978
1114
1025
867
1062
960
1113
990
972
1059
1141
932
1141
978
1140
923
1116
914
1210
815
1192
907
1062
861
1256
918
1160
964
1237
850
1101
788
1062
940
1227
929
1082
1029
1158
812
1089
1026
1144
967
1088
961
1085
973
1225
946
1072
894
1155
915
1198
951
1206
882
1089
944
1185
950
1135
937
1253
926
1279
878
1100
985
1207
947
1264
888
1005
968
1029
834
942
906
1071
1030
1125
919
1122
1120
1351
981
1159
1011
1147
1031
1147
969
1097
978
1147
932
1094
1078
1129
927
1275
847
1241
909
1044
725
1069
1016
1295
1038
1084
958
1108
951
1096
1027
1164
1018
1088
943
1168
1058
1229
817
1140
955
1081
962
1189
863
1120
856
1165
941
1221
929
1167
863
1028
878
1083
890
1154
906
1206
941
1257
1012
1115
890
1117
915
1137
800
1008
979
973
927
1129
943
939
992
1268
909
1066
1070
1050
774
1012
1018
1082
987
1203
933
1141
1062
1001
1044
1351
883
1196
991
1131
838
929
898
954
977
1088
978
1109
903
1143
835
1093
974
1162
1038
1065
782
1037
892
1102
866
1125
947
1122
987
1223
1042
1055
980
1223
918
1007
948
1212
950
1108
1011
1168
1020
1121
766
1166
853
1210
930
1002
1024
1167
925
996
933
1298
989
1228
926
1073
928
1087
966
1172
894
1142
878
1118
961
1280
822
1228
901
1181
959
1069
938
1141
1027
1198
938
1156
1010
1115
887
1055
964
1188
1003
1058
919
1131
862
1064
891
1152
800
1215
991
1160
864
1111
995
1152
904
1136
855
1173
816
1142
987
1083
1147
1134
959
1179
1154
1136
1005
1142
1026
1103
934
1018
926
1057
879
1326
947
1179
865
1218
894
1190
854
1071
1017
1180
912
1159
1052
1120
1010
1179
808
1156
997
1145
992
1162
830
1155
982
1052
960
1237
845
1055
904
1295
974
1138
1038
1258
924
1047
1041
1216
1056
1014
955
1033
837
1209
842
924
846
1096
978
1149
863
1152
917
1233
953
1073
1033
1193
963
1211
877
1240
918
1105
1045
1096
1003
1386
1042
1202
931
960
996
1106
956
1074
1025
1116
1076
1246
1140
1260
889
995
1075
1199
833
1174
863
1199
820
1167
1084
1167
926
1136
840
1064
1029
1158
987
1111
908
1168
1069
1235
816
1123
928
1042
920
991
543
755
785
816
619
1177
916
1144
805
1052
869
1104
971
922
913
791
916
1021
948
918
1007
929
920
861
1104
1014
878
749
920
845
964
864
832
904
900
920
1074
955
892
850
846
786
936
932
1064
944
1008
829
941
1083
861
912
1025
810
903
898
1019
985
956
951
878
948
910
888
892
751
1022
843
765
804
861
950
961
824
921
979
921
974
1059
1025
968
904
902
952
1000
938
815
934
1019
1029
896
889
1025
929
924
983
946
917
1047
846
878
881
929
1038
995
746
882
1024
930
847
999
846
1117
855
914
843
823
970
909
885
813
846
970
997
844
936
930
875
752
815
957
912
1099
797
981
903
907
770
940
817
1075
1047
864
975
901
820
835
993
972
902
992
865
869
866
868
946
1057
899
887
901
1036
718
1062
905
909
994
939
916
974
941
889
852
936
881
970
958
830
973
1017
860
882
988
973
894
891
837
968
1006
975
1032
833
853
911
891
1036
944
849
922
937
838
937
763
908
1008
1103
858
1024
1012
923
904
895
911
964
889
923
825
907
937
884
1025
959
964
850
963
1012
887
978
850
896
984
877
1019
913
760
1100
827
1072
890
1116
991
958
896
946
900
1050
984
879
905
937
867
846
879
904
1013
885
1021
801
1025
1026
980
974
682
882
821
893
901
955
989
822
1089
917
864
979
899
948
850
987
1042
945
884
947
791
856
894
898
860
977
866
882
857
921
937
1061
817
1019
872
892
950
863
1041
1019
872
850
905
898
940
1032
873
1023
900
874
991
887
833
759
887
920
811
977
885
986
936
812
861
837
1009
937
982
891
944
985
835
870
876
1058
893
960
930
1006
1003
863
845
892
905
927
944
1048
934
901
937
1067
971
915
921
1020
921
891
1017
829
936
953
873
887
897
1048
879
927
874
855
893
1097
851
798
881
939
859
840
795
954
939
1007
863
942
914
734
821
967
982
1057
789
904
973
930
836
982
889
933
933
951
950
929
939
1024
810
883
794
807
1011
883
837
855
785
904
876
985
906
968
959
938
848
922
867
1023
926
949
859
759
901
840
919
941
878
847
875
853
990
811
820
829
821
865
949
871
911
914
869
744
934
988
838
1065
881
910
825
887
981
821
905
886
811
950
907
992
923
940
801
960
924
979
972
891
908
1019
855
935
876
1008
996
920
847
985
966
909
1046
956
825
942
966
1038
972
899
840
953
908
956
794
878
852
896
924
852
812
762
868
936
800
905
840
850
869
946
913
911
688
773
742
875
753
983
785
947
1391
120
0
833
597
