943
1098
917
1096
887
1068
768
1061
835
1008
841
1047
873
1107
928
1065
946
1018
872
1120
893
1091
922
1084
833
922
849
994
998
1029
880
1172
836
1140
911
937
1020
1061
979
1043
913
949
902
1141
795
1039
1022
1273
922
1083
858
898
923
1191
823
974
832
1076
847
1190
779
994
828
1111
815
1124
920
1084
947
1161
946
1013
948
991
880
1209
865
1111
931
1088
833
1108
942
1129
844
1052
844
1148
816
1076
892
1139
858
982
905
949
920
1061
928
990
879
1022
885
1139
881
1078
829
984
968
963
987
955
900
1100
898
926
889
1130
773
1069
911
1093
856
1142
807
1128
800
1147
789
1032
1015
991
776
1066
920
967
980
1182
924
1069
874
1005
954
1089
881
1058
1003
934
948
1020
879
1027
850
1086
765
1046
801
990
886
1138
862
1161
993
1047
1004
1135
918
1078
884
953
1034
1052
784
1149
830
836
868
961
838
1043
856
1230
873
1152
879
850
873
1053
842
967
935
950
839
1191
867
1033
1070
1006
979
1096
862
1066
799
1068
966
1019
867
1100
887
1137
844
1036
834
1011
931
1212
797
1070
956
1012
885
960
976
1173
827
1085
987
1016
995
995
832
1171
904
1073
886
1083
819
1134
953
1226
899
1096
915
1201
820
1102
866
1007
813
965
816
1047
905
993
804
1197
896
1149
1016
1134
901
1012
783
987
919
1077
977
1095
888
1158
974
1222
794
1146
961
1115
913
1070
834
1280
854
1094
784
953
844
1007
853
1080
1060
1090
890
1126
807
997
871
1145
837
842
892
1061
928
977
891
1021
877
1063
822
1110
807
1078
858
936
899
927
883
1004
880
1027
670
1063
983
1124
831
1079
943
978
879
974
966
1031
838
970
903
1015
949
1105
1062
1059
770
1202
978
1103
849
1132
852
1019
1086
1096
1039
1131
789
1184
905
1019
955
1070
856
1097
922
1039
993
1042
878
904
829
1053
910
1015
797
1052
893
998
921
1052
788
1114
892
974
881
1112
827
1030
967
1162
1053
1106
885
1158
985
1084
824
1135
864
1106
946
1120
761
1203
795
1126
915
1215
897
1021
846
1154
1005
995
803
1042
873
1093
837
1148
855
1105
893
1190
907
1129
857
970
1052
1026
1006
1144
915
1192
926
1024
938
1120
964
929
867
1076
930
1047
1022
1070
914
1075
805
1133
921
1008
888
1155
1015
1101
815
1049
913
1110
951
1101
860
908
946
1153
900
1156
887
1051
916
1160
820
1009
907
1086
1002
1131
891
1052
821
998
905
1151
934
1098
1010
997
794
1142
830
1198
848
1009
786
1056
1041
1014
743
1116
863
1099
844
897
604
801
503
785
599
1036
926
905
945
1066
996
1113
808
911
892
923
807
924
880
771
767
799
752
947
856
828
786
844
806
860
1077
890
958
790
916
702
745
864
979
843
745
831
921
828
878
841
944
899
1015
851
879
763
780
780
942
763
842
873
905
730
911
886
825
844
753
810
890
817
717
803
806
869
843
928
809
924
889
886
826
835
942
785
818
835
771
822
805
736
862
832
802
914
773
946
845
871
938
690
821
847
816
738
863
725
870
877
833
788
910
840
946
828
771
865
890
982
803
663
878
830
948
799
750
882
752
803
821
919
849
816
949
859
921
682
975
941
787
891
853
841
792
865
997
878
845
835
1002
781
881
865
856
931
911
782
952
787
865
835
862
915
805
683
904
893
695
782
761
786
801
944
977
871
803
876
896
965
967
811
983
921
878
899
843
844
951
760
1058
762
842
897
819
837
840
801
888
710
845
757
833
773
791
861
960
824
832
880
956
868
762
851
876
941
775
834
842
866
904
921
1007
805
774
921
917
900
751
952
833
854
762
690
773
832
733
886
884
877
905
937
810
935
857
942
804
838
996
829
879
722
838
745
900
877
843
807
915
984
828
1107
876
794
841
799
686
830
802
775
783
873
803
895
893
933
957
722
922
863
894
768
948
859
772
930
815
782
912
794
888
855
855
717
750
771
853
772
825
917
877
764
823
853
754
823
805
875
834
848
855
840
855
757
860
842
850
828
825
867
821
773
964
958
757
892
874
835
1011
858
768
850
807
685
848
805
712
812
884
902
888
843
825
764
877
823
885
941
916
752
848
764
868
858
836
843
859
926
817
955
880
858
765
843
899
909
954
865
918
699
822
935
964
870
853
812
848
861
983
818
993
879
754
869
822
753
865
809
945
859
859
908
845
769
861
760
887
746
776
806
851
992
794
765
799
815
897
792
814
773
825
820
854
835
1017
886
907
987
905
852
870
839
846
880
849
763
1014
701
847
706
1027
881
867
849
841
824
786
939
806
942
848
841
802
817
868
868
854
892
775
807
850
908
957
812
964
875
949
711
898
863
767
884
744
861
793
795
890
820
723
836
817
752
864
799
812
790
962
712
1011
754
840
878
852
762
837
766
800
869
780
734
859
783
838
831
852
812
832
853
931
779
947
1038
827
950
863
631
862
966
692
820
810
834
710
859
911
718
657
869
783
783
959
797
892
834
773
239
1584
1648
940
1699
