1336
1524
1160
1378
1201
1503
1155
1449
1126
1485
1269
1544
1267
1542
1298
1393
1276
1553
1286
1509
1277
1463
1250
1423
1079
1314
1196
1477
1051
1506
1127
1525
1185
1353
1320
1495
1126
1326
1186
1400
1071
1422
1076
1286
1128
1535
1302
1431
1223
1467
1247
1427
1212
1487
1414
1417
1199
1393
1246
1374
1251
1497
1241
1454
1329
1491
1314
1525
1240
1441
1087
1395
1234
1467
1266
1481
1261
1449
1413
1561
1311
1558
1195
1616
1168
1415
1247
1470
1281
1428
1109
1508
1331
1475
1318
1504
1202
1405
1341
1588
1198
1527
1064
1451
1265
1314
1249
1393
1203
1291
1202
1379
1320
1549
1281
1386
1241
1410
1183
1428
1257
1364
1188
1312
1216
1409
1243
1418
1387
1419
1366
1464
1212
1461
1209
1651
1237
1439
1432
1393
1371
1382
1200
1464
1244
1443
1223
1473
1234
1580
1171
1395
1208
1393
1220
1487
1244
1360
1178
1334
1263
1379
1300
1417
1085
1409
1367
1587
1103
1465
1100
1481
1271
1531
1186
1399
1170
1415
1280
1459
1189
1468
1210
1521
1177
1372
1213
1435
1220
1447
1255
1579
1130
1395
1259
1445
1366
1362
1168
1540
1228
1396
1213
1455
1261
1556
1159
1486
1084
1321
1308
1439
1127
1368
1139
1422
1219
1485
1275
1432
1171
1403
1283
1587
1209
1420
1354
1416
1350
1302
1227
1483
1280
1442
1160
1346
1275
1389
1298
1516
1257
1424
1391
1409
1329
1315
1362
1339
1095
1447
1197
1360
1348
1401
1257
1521
1082
1431
1252
1546
1218
1450
1147
1437
1251
1390
1312
1424
1089
1393
1197
1515
1185
1433
1238
1525
1239
1322
1299
1421
1286
1471
1138
1352
1004
1470
1223
1516
1130
1347
1302
1397
1257
1374
1347
1537
1180
1412
1378
1455
1189
1437
1305
1542
1284
1470
1360
1431
1067
1342
1140
1452
1251
1396
1291
1286
1229
1392
1183
1546
1286
1462
1273
1395
1247
1288
1399
1428
1240
1465
1310
1424
1271
1354
1302
1567
1311
1552
1394
1475
1219
1387
1286
1439
1127
1412
1309
1619
1097
1413
1178
1482
1235
1398
1167
1357
1244
1435
1125
1438
1182
1316
1266
1425
1149
1449
1230
1589
1217
1317
1376
1534
1367
1302
1323
1558
1327
1418
1301
1388
1318
1414
1116
1514
1308
1482
1306
1620
1142
1252
1184
1351
1206
1541
1259
1429
1116
1475
1238
1407
1287
1507
1192
1341
1260
1545
1365
1395
1251
1414
1172
1426
1234
1506
1352
1419
1239
1459
1252
1426
1335
1390
1147
1307
1156
1376
1196
1307
1249
1415
1215
1434
1247
1332
1088
1505
1196
1424
1218
1419
1184
1419
1193
1463
1205
1321
1206
1585
1238
1309
1262
1465
1188
1346
1194
1433
1140
1317
1310
1402
1251
1423
1196
1487
1260
1425
1263
1441
1233
1424
1237
1495
1230
1279
1285
1446
1242
1523
1272
1491
1142
1363
1086
1542
1270
1415
1339
1395
1303
1377
1190
1390
1125
1369
1206
1353
1283
1262
877
1240
961
1087
788
1495
1113
1323
1236
1539
1163
1320
1126
1228
1271
1203
1212
1192
1226
1233
1339
1264
1141
1162
1013
1242
1099
1029
1121
1190
1171
1135
1109
1143
1205
1206
1110
1254
1201
1288
1183
1026
1238
1111
1216
1253
1231
1310
1272
1196
1225
1147
1143
1419
1133
1253
1181
1051
1259
1199
1103
1189
1311
1245
1019
1251
1313
1229
1226
1172
1354
1183
1219
1142
1193
1117
1226
1204
1084
1238
1136
1304
1293
1313
1171
1226
1353
1150
1254
1049
1282
1201
1037
1227
1213
1141
1291
1117
1054
1156
1142
1211
1322
1171
1034
1142
1253
1353
1157
1104
1271
1215
1197
1163
1158
1136
1071
1139
1258
1007
1203
1241
1307
1219
1165
1091
1193
1191
1207
1104
1245
1164
1130
1135
1305
1207
1270
1205
1268
1292
1077
1169
1225
1327
1247
1343
1176
1246
1094
1145
1188
1203
1223
1192
1205
1134
1141
1190
1138
1248
1354
1230
1402
1156
1098
1253
1049
1127
1335
1202
1133
1153
1194
1124
1242
1106
1265
1217
1321
1045
1147
1246
1369
1185
1195
1230
1246
1305
1245
1093
1167
1300
1360
1180
1225
1150
1324
1346
1253
1102
1349
1076
1068
1166
1263
1244
1278
1241
1366
1214
1191
1229
1060
1133
1245
1220
1102
1164
1244
1342
1193
1206
1105
1188
1257
1203
1115
1122
1217
1093
1240
1176
1241
1219
1210
1265
1057
1118
1177
1106
1141
1139
1194
1130
1115
1151
1076
1321
1179
1141
1254
1271
1316
1237
1219
1305
1310
1267
1271
1194
1214
1206
1091
1054
1213
1197
1201
1222
1259
1171
1104
1137
1277
1104
1346
1164
1110
1162
1259
1068
1371
1204
1237
1267
1137
1201
1054
1125
1176
1102
1202
1209
1206
1155
1321
1168
1227
1201
1072
1340
1276
1209
1221
1181
1414
1301
1151
1263
1203
1242
1282
1162
1162
1193
1193
1331
1177
1241
1253
1201
1170
1080
1186
1231
1158
1208
1361
1161
1193
1116
1138
1289
1144
1137
1175
1155
1150
1263
1202
1229
1235
1258
1308
1180
1123
1161
1065
1227
1020
1159
1248
1230
1367
1158
1307
1227
1251
1331
1288
1145
1280
1304
1020
1113
1082
1105
1351
1173
1161
1156
1269
1255
1226
1045
1155
1123
1367
1296
1231
1016
1101
1357
1195
1210
1131
1183
1190
1128
1195
1067
1125
1169
1314
1111
1245
1325
1250
1112
1056
1115
1231
1193
1214
1218
1119
1261
1269
1211
1161
1175
1196
1215
1198
1284
1197
1156
1051
1199
1250
1237
1221
1131
1034
1236
1376
1387
1209
1147
1173
1168
1315
1250
1346
1113
1177
1310
1115
1155
1272
1105
1200
1187
1424
1118
1164
1295
1250
1208
1038
1151
1115
1231
1135
1169
1106
1229
1193
1129
1188
1128
1271
1117
1380
1261
1249
1288
1282
1175
1246
1213
1218
1197
1207
1138
1160
1177
1261
1392
1090
1241
1121
1084
1353
967
1208
1121
1198
1280
1151
1089
1365
1310
1220
1119
1250
1219
1158
1175
1249
1126
1313
1167
1193
1178
1147
1184
1134
1175
1315
1083
1268
1213
1040
1171
1124
1147
1210
1186
1227
1281
366
763
0
1590
1513
810
