1599
2271
1711
2199
1683
2183
1643
2211
1695
1739
1823
1779
1751
1891
1679
2167
1795
2299
1659
1811
1655
2223
1699
1763
1639
2171
1651
2167
1715
1803
1631
2163
1779
2279
1759
2159
1775
2163
1887
1883
1787
2175
1851
1691
1723
2143
1791
2019
1695
1891
1699
2195
1743
2207
1727
2179
1647
1815
1655
1887
1743
2179
1739
2207
1779
2195
1779
2211
1579
1755
1611
2283
1603
2171
1739
2247
1711
2151
1731
2315
1603
1711
1807
2179
1747
1799
1619
1955
1651
2211
1559
2171
1663
2231
1619
2239
1655
2247
1623
2243
1627
1819
1727
1799
1771
2179
1683
1775
1611
1667
1735
1803
1719
2267
1835
2303
1695
1879
1663
2207
1699
2239
1671
2155
1719
1727
1711
2207
1799
2163
1743
2023
1499
2211
1679
2211
1647
2159
1603
2195
1619
2219
1607
2231
1639
1883
1519
2019
1707
1759
1695
1791
1651
2155
1755
2259
1759
2271
1671
1819
1951
2295
1763
2167
1667
1783
1795
2255
1647
2231
1651
1779
1683
1815
1687
2187
1783
1815
1763
2199
1635
1879
1811
2223
1643
2239
1667
1811
1715
1723
1671
2223
1787
1811
1727
2243
1595
2019
1719
2207
1643
2207
1727
2251
1595
2147
1747
2151
1759
2019
1695
2195
1643
2159
1631
2219
1675
1947
1567
2179
1823
2167
1663
2179
1715
2155
1655
1783
1671
2311
1647
2147
1651
1739
1767
1791
1619
2179
1711
1951
1715
2299
1675
2203
1691
2247
1707
1951
1747
1951
1663
1887
1727
2211
1651
2323
1527
2267
1771
2223
1815
1815
1639
1943
1651
2175
1827
1803
1743
2235
1603
2191
1687
1747
1711
2263
1683
2343
1679
1811
1535
2147
1687
1819
1735
2171
1691
2019
1707
2219
1739
1767
1807
2175
1715
2219
1635
1747
1607
1883
1611
2219
1791
2323
1663
1739
1883
2367
1811
2351
1715
2279
1767
2283
1727
2175
1699
1955
1715
2163
1631
2263
1607
1823
1687
2179
1607
2211
1663
2247
1727
2227
1751
2183
1735
2299
1603
2179
1671
2231
1815
1823
1563
2179
1763
1795
1787
1887
1675
1787
1739
2311
1763
2171
1819
2279
1799
1763
1751
2227
1635
1887
1655
2207
1663
2191
1699
1955
1627
2279
1763
2307
1599
1731
1699
2223
1639
2159
1723
1795
1735
1947
1727
2223
1651
2227
1595
2179
1575
1655
1731
2147
1711
1943
1779
2275
1675
1955
1755
2019
1683
2303
1707
1827
1567
1819
1675
2223
1687
2163
1791
1771
1683
2195
1743
1955
1603
2191
1659
2303
1739
2231
1691
2247
1827
2211
1711
2203
1683
1951
1819
1803
1879
2327
1647
2183
1803
2023
1791
2327
1763
2247
1695
2283
1615
1955
1747
2151
1699
2199
1699
2183
1611
1783
1635
2155
1663
2283
1615
2239
1791
2211
1591
2219
1639
2195
1735
2167
1739
2259
1751
2171
1743
1803
1779
1775
1719
2239
1731
2315
1699
2427
1691
2231
1739
2175
1715
2231
1667
2275
1647
1955
1719
2015
1683
1799
1695
1795
1451
1735
1375
1675
1555
2243
1755
2303
1479
1795
1715
1951
1731
1627
1675
1671
1703
1775
1767
1711
1639
1707
1643
1759
1571
1607
1619
1779
1651
1555
1719
1783
1723
1639
1775
1743
1679
1635
1747
1675
1659
1599
1671
1627
1719
1663
1691
1639
1739
1659
1643
1727
1791
1727
1551
1603
1659
1763
1683
1731
1679
1655
1715
1635
1667
1667
1783
1619
1671
1663
1623
1555
1719
1711
1595
1687
1691
1623
1659
1679
1723
1511
1699
1699
1731
1639
1767
1687
2023
1655
1707
1647
1639
1667
1743
1707
1663
1691
1567
1655
1655
1751
1699
1631
1747
1615
2307
1747
1663
1551
1615
1711
1695
1647
1643
1783
1739
1615
1683
1555
1675
1539
1731
1671
1599
1679
1791
1703
1731
1515
1683
1727
1555
1747
1763
1627
1787
1675
1499
1719
1759
1743
1671
1687
1579
1631
1679
1679
1679
1759
1779
1595
1695
1723
1767
1635
1951
1579
1811
1587
1711
1587
1691
1659
1503
1599
1671
1699
1691
1703
1727
1731
1727
1603
1763
1615
1779
1679
1631
1887
1675
1639
1643
1623
1735
1791
1735
1739
1811
1723
1955
1559
1647
1759
1655
1671
1723
1679
1679
1643
1775
1543
1751
1599
1679
1707
1739
1883
1767
1563
1671
1699
1623
1543
1703
1767
1623
1723
1691
1663
1715
1519
1623
1667
1731
1571
1743
1623
1635
1515
1671
1647
1647
1651
1651
1691
1647
1631
1703
1635
1707
1783
1671
1583
1755
1803
1715
1595
1607
1743
1727
1695
1659
1623
1707
1559
1531
1683
1695
1635
1659
1599
1675
1519
1747
1503
1679
1679
1747
1655
1799
1715
1699
1687
1743
1611
1675
1535
1607
1639
1755
1675
1663
2151
1667
1607
1751
1635
1543
1699
1635
1691
1519
1791
1567
1679
1591
1663
1779
1743
1603
1707
1647
1711
1771
1587
1619
1775
1691
1623
1631
1711
1519
1683
1699
1703
1547
1771
1735
1655
1671
1619
1627
1727
1675
1487
1815
1675
1811
1727
1787
1659
1951
1587
1643
1567
1699
1687
1687
1675
1683
1659
1679
1627
1695
1627
1763
1639
1727
1683
1811
1659
1687
1675
1683
1587
1571
1695
1631
1611
1687
1683
1635
1655
1723
1663
1655
1563
1675
1575
1679
1659
1735
1683
1595
1631
1615
1627
1779
1719
1663
1647
1747
1691
1691
1699
1795
1551
1583
1607
1635
1723
1679
1551
1647
1707
1711
1731
1627
1751
1751
1683
1667
1635
1691
1655
1559
1719
1611
1631
1791
1659
1639
1747
1695
1631
1759
1723
1695
1671
1775
1639
1527
1695
1715
1615
1735
1815
1651
1639
1683
1635
1691
1947
1667
1679
1639
1539
1711
1599
1667
1675
1671
1623
1615
1711
1619
1635
1675
1607
1635
1779
1615
1495
1643
1635
1739
1691
1627
1607
1731
1615
1803
1775
1691
1727
1771
1587
1627
1703
1699
1663
1803
1715
2019
1703
1595
1739
1607
1675
1615
1731
1547
1595
1735
1771
1659
1735
1647
1655
1739
1691
2015
1779
1667
1679
1623
1515
1771
1671
1575
1631
1743
1667
1583
1555
1563
1719
1651
1555
1719
1707
1671
1583
1499
1611
1763
1955
1607
1479
1959
1691
1971
1107
1227
763
