1263
1667
1199
1339
1239
1255
1103
1379
1183
1127
1103
1291
1251
1279
1207
1347
1235
1379
1099
1227
1303
1687
1231
1311
1031
1255
1167
1375
1203
1715
1207
1359
1227
1307
1187
1383
1219
1651
1079
1367
1215
1739
1127
1351
1295
1339
1263
1655
1307
1359
1163
1359
1119
1635
1031
1371
1103
1367
1207
1731
1067
1323
1095
1619
1207
1283
1119
1695
1147
1679
1115
1731
1307
1355
1211
1635
1143
1347
1151
1699
1135
1315
1035
1631
1171
1283
1183
1351
1223
1691
1243
1371
1075
1367
1151
1743
1151
1623
1247
1303
1175
1211
1171
1615
1251
1699
1167
1303
1315
1331
1191
1631
1263
1367
1167
1639
1311
1643
1123
1699
1051
1311
1039
1371
1143
1367
1227
1679
1355
1355
1143
1655
1135
1691
1155
1359
1263
1355
1135
1359
1215
1291
1123
1655
1179
1363
1231
1387
1259
1323
1155
1691
1123
1295
1291
1323
1175
1295
1247
1675
1083
1659
1251
1635
1215
1307
1127
1683
1311
1231
1175
1355
1111
1355
1127
1667
1039
1715
1319
1627
1127
1675
1227
1327
1027
1615
1219
1615
1183
1675
1067
1751
1315
1675
1367
1291
1247
1371
1203
1231
1291
1623
1127
1371
1103
1627
1135
1371
1331
1751
1171
1659
1175
1663
1351
1687
1307
1327
1275
1631
1111
1367
1283
1655
1175
1379
1211
1739
1191
1331
1199
1699
1243
1279
1147
1647
1195
1627
1059
1803
1199
1335
1151
1295
1243
1255
1115
1631
1331
1343
1267
1247
1215
1239
1179
1639
1279
1651
1203
1331
1279
1363
1255
1283
1211
1175
1143
1631
1219
1651
1115
1311
1171
1619
1135
1707
1147
1255
1123
1643
1115
1659
1115
1243
1127
1295
1199
1311
1171
1675
1163
1275
1091
1287
1079
1643
1223
1283
1195
1323
1287
1699
1151
1727
1211
1687
1215
1635
1115
1759
1071
1743
1119
1331
1107
1259
1111
1355
1171
1319
1287
1335
1135
1223
1059
1355
1143
1339
1215
1335
1267
1331
1191
1623
1259
1315
1175
1379
1263
1639
1155
1619
1191
1699
1123
1635
1179
1635
1139
1363
1179
1371
1279
1251
1203
1311
1335
1371
1139
1631
1155
1331
1311
1347
1139
1643
1215
1615
1227
1327
1123
1783
1071
1339
1319
1723
1131
1335
1239
1295
1115
1379
1039
1331
1183
1691
1271
1347
1243
1695
1155
1383
1111
1355
1155
1667
1115
1675
1287
1251
1203
1279
1279
1367
1135
1359
1159
1311
1175
1327
1123
1383
1139
1307
1195
1703
1167
1723
1223
1383
1223
1335
1107
1647
1063
1347
1231
1383
1167
1667
1163
1307
1143
1711
1187
1703
1095
1327
1199
1359
1155
1279
1207
1695
1111
1199
1203
1783
1323
1339
1351
1707
1139
1695
1143
1631
927
1355
1063
1327
1031
1655
1151
1271
1291
1639
1167
1355
1079
1715
1219
1683
1079
1379
1175
1691
1207
1227
1255
1659
971
1627
1223
1719
1167
1635
1131
1319
1207
1359
1131
1707
1127
1339
1255
1663
1159
1179
875
1159
871
1107
1023
1327
1143
1355
1235
1235
1171
1371
1063
1119
1119
1199
1183
1167
1119
983
1287
1103
1167
1275
1231
991
1075
1207
1103
1071
1231
1171
1099
1123
1127
1179
1199
1167
1123
1135
1215
1199
1191
1235
1095
1207
1107
1283
1259
1099
1023
1039
1235
1115
1127
1215
1091
1163
1155
1155
1251
955
1231
1223
1195
1075
1055
1175
1135
1271
1151
1231
1267
1143
1207
1127
1207
1015
1175
1079
1091
1039
1155
1191
1131
1051
1259
1071
1223
1171
1115
1227
1107
1263
1075
1131
1235
1219
1127
1199
1179
1195
1191
1143
1111
1075
1131
1119
1211
1059
1211
1151
1147
1223
1279
1179
1235
1143
1143
1143
1143
1143
1143
1143
1143
1143
1143
1143
1143
1143
1143
1143
1143
1143
1143
1143
1143
1143
1143
1143
1143
1143
1651
1103
1115
1111
1143
1151
1035
1035
1183
1167
1111
1071
1255
1243
1327
1279
1083
1159
1151
1139
1111
1147
1007
1051
1079
1259
1075
1075
1167
1071
1207
1015
1231
1159
1015
1171
1231
1231
1259
1175
1107
1079
995
1051
1155
1047
1027
1195
1183
1339
1211
971
1123
1203
1091
1019
1151
1183
1067
1159
1115
1115
1055
1151
1103
1207
1095
1099
1047
1079
1067
1227
1207
1063
1223
1159
1319
1203
1171
1199
1191
1239
1207
1099
1095
1091
1271
1151
1647
1107
1187
1199
1259
1087
1107
1135
1059
1087
1259
1063
1179
955
1095
1327
1135
1003
1031
1067
1091
1143
1115
1279
1231
1211
1187
1111
1135
1235
943
967
1275
1263
1191
1023
1163
1151
1171
1155
1195
1155
1075
1083
1167
1067
1143
1191
1167
1219
1139
1111
1175
1139
1275
1219
1127
1287
1187
1075
1159
1191
1227
1263
1183
1175
1043
1055
1179
1047
1143
1079
1139
1239
1179
1187
1063
1099
1203
999
1087
1051
1235
1023
1167
1075
1035
1175
1271
1083
1279
1079
1095
1131
1031
1103
1055
1015
1075
1159
1175
1167
1199
1087
1079
1159
1191
1191
1099
1215
1227
1075
1079
1071
1111
1171
1303
1023
1183
1215
1135
1147
1255
1059
1279
1107
1215
1159
1103
1067
1235
1139
1071
1007
1079
1175
1215
1131
1179
1215
1067
1055
1187
1303
1111
1623
1139
1119
1159
1055
1283
1231
1087
1095
1135
1223
1091
1203
1255
1095
1175
1131
1131
1143
1099
1147
1039
1071
1175
1351
1171
1035
1235
1163
1115
1051
1235
975
1207
1075
1167
1351
1003
1235
1207
1095
1171
1247
1187
1207
1199
1103
1283
1023
1235
1131
1291
1111
1151
1039
1259
1095
1147
1167
1271
1135
1063
1071
1143
1147
1103
1123
1267
943
1159
1191
1159
1115
1227
1127
1207
1171
1239
1131
1203
1043
1071
1079
1095
1083
1075
1327
1195
1195
1167
1215
991
1311
1235
1215
1039
1163
1011
947
1015
1207
1247
1183
1275
1223
1075
1215
1163
1051
1227
1035
1023
991
1283
987
1179
1095
1243
1231
1171
1191
1147
1271
1359
1143
1171
1107
1139
1063
1183
1075
1211
1087
1187
1119
1207
1183
1103
1103
1247
1127
1195
1215
1207
1119
211
0
299
11
1867
2095
