1149
1322
1220
1349
1354
1607
1187
1520
1154
1303
1114
1383
1292
1343
1214
1494
1222
1430
1154
1366
1226
1571
1351
1603
1427
1407
1264
1555
1215
1334
1140
1418
1257
1453
1200
1446
1358
1318
1274
1465
1239
1532
1109
1525
1266
1346
1247
1338
1219
1580
1271
1385
1169
1298
1224
1451
1173
1480
1175
1356
1311
1231
1169
1447
1303
1523
1191
1524
1222
1408
1175
1614
1235
1517
1283
1574
1292
1389
1325
1366
1159
1455
1324
1308
1239
1307
1227
1390
1195
1541
1144
1500
1276
1437
1159
1501
1374
1390
1296
1517
1190
1442
1259
1467
1181
1321
1075
1393
1285
1415
1295
1476
1343
1355
1305
1337
1149
1534
1206
1467
1093
1345
1241
1598
1127
1439
1121
1479
1398
1518
1348
1481
1396
1491
1173
1433
1309
1400
1204
1406
1139
1409
1290
1509
1255
1428
1191
1553
1078
1385
1319
1503
1151
1507
1292
1432
1073
1458
1224
1389
1190
1428
1389
1343
1193
1364
1118
1458
1273
1397
1289
1404
1230
1554
1263
1635
1238
1494
1312
1344
1155
1482
1242
1427
1314
1633
1075
1471
1238
1362
1197
1433
1255
1446
1105
1364
1164
1322
1290
1354
1215
1517
1284
1367
1324
1485
1057
1434
1155
1479
1294
1501
1212
1383
1257
1431
1237
1470
1136
1242
1191
1386
1169
1352
1248
1475
1218
1459
1092
1380
1241
1549
1197
1402
1244
1387
1205
1362
1289
1618
1261
1620
1144
1412
1065
1434
1293
1423
1175
1461
1199
1457
1274
1447
1171
1427
1207
1501
1209
1399
1202
1414
1283
1568
1288
1346
1227
1415
1273
1456
1336
1352
1226
1340
1265
1536
1214
1553
1145
1564
1318
1391
1282
1526
1169
1356
1310
1410
1347
1403
1293
1508
1103
1369
1203
1537
1187
1427
1367
1482
1093
1407
1154
1367
1176
1411
1214
1364
1301
1529
1227
1350
1298
1400
1177
1319
1216
1483
1111
1300
1281
1672
1094
1433
1194
1437
1199
1531
1209
1549
1279
1307
1227
1283
1407
1331
1231
1441
1333
1487
1363
1477
1205
1485
1037
1407
1183
1602
1219
1499
1107
1645
1215
1499
1202
1481
1216
1349
1197
1363
1306
1323
1274
1459
1284
1443
1283
1542
1175
1345
1222
1427
1216
1276
1206
1400
1185
1283
1162
1454
1264
1414
1335
1474
1331
1402
1194
1587
1209
1455
1063
1412
1283
1510
1238
1505
1280
1369
1287
1456
1151
1434
1281
1285
1039
1468
1275
1301
1278
1477
1118
1590
1338
1497
1201
1427
1124
1406
1167
1431
1285
1453
1210
1422
1250
1572
1280
1453
1166
1423
1363
1444
1268
1463
1218
1479
1175
1523
1417
1326
1230
1260
1187
1518
1249
1526
1313
1375
1173
1351
1178
1464
1324
1561
1241
1467
1193
1310
1343
1476
1269
1459
1338
1468
1229
1483
1222
1451
1179
1530
1225
1511
1322
1431
1331
1348
1146
1380
1191
1528
1210
1682
1370
1383
1211
1352
1184
1529
1094
1480
1158
1379
1157
1253
1303
1378
1279
1323
955
1220
936
1107
932
1590
1100
1314
1039
1346
1281
1361
1267
1232
1318
1233
1244
1267
1306
1168
1115
1113
1209
1270
1026
1125
1363
1366
975
1168
1331
1091
1136
1231
1310
1293
1255
1165
1184
1172
1297
1105
1242
1143
1209
1129
1279
1117
1109
1103
1259
1150
1310
1171
1237
1135
1220
1264
1243
1325
1267
1177
1237
1158
1287
1248
1270
1106
1277
1079
1280
1145
1166
997
1206
1174
1214
1346
1182
1192
1191
1260
1200
1271
1186
1128
1244
1328
1223
1198
1308
1234
1090
1093
1250
1216
1262
1290
1143
1082
1033
1305
1195
1219
1305
1025
1263
1239
1198
1141
1166
1198
1194
1024
1185
1130
1159
1278
1278
1278
1278
1278
1278
1278
1278
1278
1278
1278
1278
1278
1278
1278
1278
1278
1278
1278
1278
1278
1278
1278
1278
1278
1278
483
1192
1144
1087
1090
1156
1020
1175
1175
1299
1209
1166
1209
1252
1207
1355
1264
1030
1107
1113
1176
1185
1206
1046
1236
1093
1046
1179
1039
1104
1131
1155
1151
1156
1328
1196
1109
1239
1331
1131
1073
1119
1187
1218
1160
1143
1176
1207
1274
1278
1028
1225
1197
1234
1251
1203
1134
1121
1131
1065
1099
1299
1176
1299
1292
1065
1282
1322
1072
1315
1076
1191
1179
1189
1116
1282
1183
1217
1187
1193
1187
1223
1107
1223
1289
1223
1214
1303
977
1189
1086
1290
1084
1044
1091
1285
1199
1213
1106
1073
1233
1158
1219
1018
1327
1071
1114
1158
1217
1213
1162
1156
1292
1227
1172
1253
1164
1138
1095
1163
1120
1253
1168
1133
1088
1369
1344
1167
1277
1312
1005
1236
1155
1216
1230
1301
1146
1187
1145
1167
1026
1299
1195
1200
1226
1201
1051
1255
1268
1197
1142
1261
1233
1165
1119
1340
1108
1207
1190
1258
1143
1337
1325
1255
1118
1123
1119
1277
1100
1088
1102
1261
1147
1210
1135
1331
1080
1222
1094
1262
1157
1113
1215
1159
1246
1393
1081
1184
1237
1245
1075
1329
1163
1143
1276
1206
1352
1165
1170
1063
1225
1208
1286
1229
1156
1153
1137
1298
1115
1163
1225
1211
1179
1218
1152
1173
1219
1128
1203
1099
1111
1127
1214
1379
1169
1165
1266
1132
1264
1159
1259
1130
1108
1262
1301
1252
1117
1213
1026
1143
1064
1262
1159
1294
1095
1250
1104
1098
1108
1227
983
1265
1240
1325
1112
1071
979
1197
1129
1235
1096
1226
1124
1339
1309
1146
1072
1259
1269
1368
1107
1265
1200
1383
1231
1229
1143
1279
1043
1211
1157
1072
1114
1269
1186
1233
1132
1201
1408
1285
1235
1101
1317
1178
1161
1224
1207
1331
1243
1171
1235
1232
1388
1199
1128
1327
1194
1067
1183
1202
1253
1362
1205
1339
1200
1291
1148
1289
1160
1041
1051
1157
1174
1217
1235
1177
1214
1116
1156
1336
1160
1289
1159
1309
1229
1187
1130
1319
1231
1188
1338
1305
1064
1179
1283
1275
1227
1217
1249
1184
1163
1251
1162
1139
1159
1092
1332
1222
1366
1209
1113
1092
1179
1184
1287
1109
1199
1311
1032
1253
1061
1231
1195
1176
1182
1081
1185
2043
1476
2248
606
804
2141
