1183
1423
1291
1811
1230
1267
1074
1367
1202
1443
1111
1415
1218
1431
1275
1307
1271
1395
1251
1599
1059
1435
1163
1583
1266
1314
1159
1811
1203
1446
1274
2034
1111
1402
1227
1399
1123
1391
1226
1574
1219
1347
1095
1375
1071
1390
1235
1351
1143
1587
1142
1415
1191
1367
1147
1426
1242
1378
1154
1347
1031
1699
1254
1459
1146
1283
1139
1435
1211
1314
1215
2034
1202
1334
1287
1347
1214
1267
1210
1475
1138
1467
1346
1703
1275
1278
1139
2082
1075
1406
1110
1454
1223
1331
1198
1587
1154
1443
1151
1343
1231
1467
1378
1687
1335
1442
1111
1375
1403
1342
1235
1479
1271
1443
1171
1323
1146
1383
1179
1391
1206
1451
1238
1427
1071
1419
1063
1335
1182
1587
1207
1419
1183
1382
1035
1475
1327
1339
1135
1815
1171
1319
1215
1258
1343
1391
1295
1403
1199
1429
1183
1378
1231
1463
1223
1350
1167
1395
1203
1363
1299
1475
1386
1354
1175
1699
1199
2055
1219
1411
1231
1395
1166
1295
1234
1915
1243
1455
1387
1415
1167
1435
1175
1335
1143
1355
1166
1399
1246
1438
1283
1407
1267
1374
1075
1427
1147
1405
1294
1339
1131
1391
1234
1334
1297
1255
1274
1441
1202
1411
1238
1450
1226
1375
1271
1295
1183
1591
1207
1374
1237
1459
1279
1343
1063
1359
1371
1391
1079
1431
1219
1339
1167
1318
1166
1399
1107
1411
1267
1427
1258
1394
1195
1351
1195
1483
1223
1403
1007
1326
1223
1694
1246
1231
1299
1367
1083
1170
1219
1191
1171
1351
1239
1399
1247
1319
1251
1707
1243
1346
1259
1379
1083
1583
1303
1439
1191
1430
1239
1387
1163
1247
1167
1307
1226
1407
1146
1354
1207
1303
1279
1803
1150
1275
1371
1419
1155
1302
1219
1379
1019
1435
1359
1251
1094
1435
1142
1355
1179
1455
1215
1379
1251
1314
1163
1346
1143
1211
1127
1383
1166
1478
1326
1375
1163
1387
1235
1367
1159
1393
1118
1391
1311
1266
1259
1686
1162
1819
1167
1422
1219
1345
1267
1361
1158
1311
1222
1803
1169
1363
1091
1323
1319
1383
1243
1695
1015
1411
1103
1415
1214
1285
1275
1458
1190
1474
1151
1390
1223
1363
1235
1326
1227
1334
1245
1399
1331
1319
1163
1467
1035
1310
1207
1467
1311
1418
1270
1463
1187
1359
1211
1483
1066
1402
1187
1359
1159
1810
1330
1343
1087
1421
1363
1811
1203
1459
1262
1574
1323
1358
1251
1421
1166
1271
1195
1363
1206
1343
1147
1451
1095
1391
1310
1382
1171
1479
1145
1423
1182
1690
1107
1455
1231
1435
1206
1247
1119
1698
1226
1686
1106
1362
1258
1463
1251
1359
1143
1422
1171
1370
1207
1459
1223
1339
1179
1283
1143
1171
1087
1411
1358
1422
1199
1375
1234
1331
1195
1474
1166
1343
1143
1307
1191
1351
1331
2057
1195
1286
1391
1439
1111
1467
1335
1439
1166
1426
1194
1434
1166
1398
1251
1479
1171
1323
1263
1374
1207
1211
915
1187
907
1059
790
1479
1207
1578
1183
1275
1018
1361
1327
1242
1143
1071
1238
1357
1303
1195
918
1043
1071
1119
1247
1147
1183
1166
1279
1239
1170
1079
1211
1083
1079
1011
1186
1123
1322
1051
1094
1243
1147
1254
1175
1117
1251
1107
1227
1027
1150
1079
1275
1174
1251
1215
1065
1071
1199
1287
1134
1139
1166
1207
999
1271
1275
1166
1074
1227
1187
1131
1143
1079
1227
1051
1119
966
1183
1263
1197
1135
1115
1207
1255
1131
1023
1127
1175
1178
1215
1291
1215
1107
1115
1139
1067
1119
1067
1183
1131
1175
1322
1191
1191
1107
1227
1266
1291
1043
1179
1295
1127
1327
1322
1087
1090
1163
1163
1163
1163
1163
1163
1163
1163
1163
1163
1163
1163
1163
1163
1163
1163
1163
1163
1163
1163
1163
1163
1163
1163
1163
1163
1227
1082
1051
1291
979
1299
1134
1111
1163
1119
1103
1263
1234
1159
1327
1251
1291
1223
1171
1127
1199
1163
1091
1175
1182
1131
1074
1163
1175
1139
1290
1319
1203
1227
1199
1218
1103
1079
1122
1239
1219
1275
1178
1110
1151
1198
1175
1131
1055
1083
1079
1034
1199
1167
1143
1258
1166
1114
1027
1179
1139
1167
1087
1271
1266
1343
1255
1207
1075
1243
1231
1075
1247
1162
1207
1215
1155
1111
1134
1131
1115
1375
1201
1119
1295
1175
1079
1135
1187
1163
1119
1235
1183
1274
1126
1135
1323
1130
1099
1159
1046
1103
1315
1327
1043
1066
1083
1242
990
1046
1215
1231
1091
1187
1306
1267
1115
1259
1059
1113
1143
1199
1111
1171
1119
1143
1139
1123
1239
1094
999
1283
1203
1158
1095
1171
1103
1115
1099
1178
1150
1223
1235
1251
1287
1239
1183
1070
1271
1030
1271
1097
1151
1102
991
1179
1163
1235
1187
1334
1130
1131
1214
1215
1214
1119
1051
1318
1218
1035
1155
1203
1138
1098
1051
1207
1210
1303
1047
1331
1279
1095
1166
1235
1171
1209
1107
1127
1175
1043
1162
1255
1234
1115
1067
1163
1195
1231
1295
1198
1291
1218
1079
1266
1358
1043
1198
1139
1122
1278
1123
1375
1139
1115
1107
1262
1191
1179
1118
1079
1115
1295
1094
1251
1222
1199
1135
1279
1235
1179
1171
1075
1035
1127
1203
1198
1159
1246
1287
1295
1247
1138
1106
1179
1214
1074
1102
1118
1075
1215
1175
1218
1059
1238
1143
1203
1139
1262
1050
1206
1219
1171
1202
1310
1162
1142
1303
1251
1075
1226
1215
1111
1103
1223
1098
1267
1139
1274
1059
1103
1167
1130
1163
1187
1167
1247
1295
1102
1271
1223
1167
1167
1139
1163
1247
1066
1035
1131
1191
1002
1063
1134
1238
1267
1267
1183
1195
1055
1135
1127
1211
1263
1114
1142
1207
1099
1018
1262
1090
1219
1177
1339
1211
1127
1243
1217
1157
1063
1010
1203
1159
1231
1235
1142
1045
1263
1218
1247
1175
1315
1222
1107
1127
1091
1143
1166
1286
1202
1195
1171
1275
1219
1255
1215
1218
1111
1207
1202
1046
1263
1255
1110
1019
1299
1155
1098
1065
1219
1151
1215
1227
1151
1131
1083
1175
1263
1107
455
674
1185
711
0
1954
