1125
1233
1195
1275
1079
1219
1075
1329
987
1135
1203
1271
1114
1281
1159
1143
1099
1315
1086
1270
1091
1323
1011
1279
1095
1290
1030
1305
1006
1187
990
1323
927
1251
1021
1158
1009
1258
1123
1278
1055
1199
995
1191
1042
1391
1046
1219
975
1302
1049
1275
910
1215
1103
1214
915
1347
1135
1382
1085
1198
1146
1311
1065
1247
1094
1297
1019
1237
994
1315
1047
1323
1071
1239
1143
1222
1019
1173
1239
1349
1099
1230
935
1210
983
1219
1005
1306
971
1291
1074
1235
1114
1442
1186
1281
1143
1271
1043
1283
1151
1399
1129
1291
1091
1265
1074
1311
1007
1319
1137
1354
1089
1426
981
1269
1125
1298
994
1215
922
1150
1077
1187
1031
1221
1059
1271
1043
1410
974
1258
1138
1359
914
1169
1038
1289
967
1255
911
1299
1006
1154
1039
1327
946
1283
1241
1403
1217
1334
1165
1315
994
1233
1078
1227
1034
1274
1087
1149
1193
1215
1061
1283
1062
1243
1031
1295
1071
1197
1029
1377
979
1270
1001
1115
1011
1310
942
1259
1153
1130
1031
1207
983
1262
1022
1334
1351
1167
1019
1199
1011
1207
1022
1222
1119
1218
1074
1247
1071
1285
974
1277
1295
1265
1017
1231
986
1209
1079
1295
1045
1181
1139
1303
911
1225
1126
1375
1033
1418
1222
1374
1121
1219
866
1182
1022
1257
1099
1278
994
1083
1073
1351
1027
1271
1051
1373
939
1235
1135
1279
1086
1171
985
1285
1017
1323
1063
1310
1207
1211
1193
1419
1086
1310
1147
1163
1133
1245
1263
1214
1038
1343
1225
1283
926
1365
1067
1465
1055
1359
999
1219
855
1291
1055
1239
1049
1274
1054
1351
1071
1187
979
1235
1086
1494
1155
1238
937
1323
1047
1330
1131
1290
1041
1431
1055
1269
959
1190
1083
1389
1065
1338
1029
1378
1147
1159
1075
1338
1089
1517
1041
1251
1023
1293
1007
1197
1219
1491
1085
1166
1129
1393
1035
1087
967
1205
1006
1163
1113
1267
1091
1347
1090
1283
1081
1115
1191
1285
1102
1215
967
1342
1082
1074
1039
1258
1133
1167
1029
1363
1119
1275
1098
1274
1011
1439
1097
1211
1114
1387
1027
1401
1145
1358
955
1235
1079
1222
1067
1297
887
1199
1095
1285
1043
1209
1155
1281
1135
1301
867
1215
1023
1297
1034
1386
962
1282
999
1255
1099
1402
1114
1235
1011
1285
931
1214
1018
1263
979
1395
1043
1247
1070
1223
886
1342
1285
1173
1015
1239
1195
1363
994
1345
987
1215
961
1361
1023
1334
1143
1213
1150
1367
1222
1351
1046
1289
1047
1191
1079
1327
935
1238
1125
1225
982
1319
999
1337
1081
1371
1065
1313
1027
1258
1189
1231
1047
1267
1099
1381
1129
1275
1207
1369
1155
1214
1063
1187
1019
1419
1187
1243
1087
1135
1074
1455
938
1323
1162
1226
1069
1291
995
1331
835
1165
954
1339
1181
1127
1139
1286
1175
1107
767
871
757
823
671
1143
942
1213
1155
1275
1098
1211
1050
973
1079
1102
1002
887
1110
975
983
935
1049
859
1101
893
943
1073
1173
991
1134
977
1042
1078
877
1063
937
1163
1105
1127
1119
1071
1075
979
1186
981
1095
971
1023
1023
1110
910
1051
1007
1119
1059
1083
1057
1054
935
1107
1050
1179
1055
1071
1087
1125
1050
1189
1023
1001
1006
1099
1010
1043
1019
955
999
1151
975
1099
878
1065
1003
839
961
975
1029
1111
1087
1031
1018
1107
1055
1138
915
1073
966
983
1091
1039
1095
1159
1098
1071
1018
927
1065
1051
1026
1011
958
1017
1023
967
1022
1147
1045
1021
1013
1013
1013
1013
1013
1013
1013
1013
1013
1013
1013
1013
1013
1013
1013
1013
1013
1013
1013
1013
1013
1013
1013
1013
1013
1013
930
1063
967
1017
953
1045
985
959
1083
1151
966
1007
961
974
1074
997
1034
1043
910
1011
1023
1070
990
1081
1005
1101
1042
1090
1142
971
953
1017
879
1007
1134
983
1025
1029
943
1159
786
963
1173
1067
1043
1083
1117
1202
1035
1007
1035
938
969
921
1015
1062
970
963
973
986
977
1018
1130
939
925
1050
991
973
991
1127
1046
941
991
1191
1002
881
1022
967
967
965
1043
1122
985
1049
1055
1145
1115
1054
927
1079
998
1146
1067
1131
931
1161
1017
1094
983
1010
983
1011
915
858
1107
899
867
971
1141
1170
1101
1154
1021
1131
1030
1030
963
1110
1067
939
999
991
991
1007
1053
997
1107
954
905
957
1063
1058
1057
983
1202
1154
937
1071
1119
1131
943
1029
897
1075
879
1161
1130
1023
926
1127
1227
1173
1093
1078
895
923
919
1091
1059
1129
930
1021
1010
1098
1031
1035
962
1098
1209
974
1043
1011
979
1151
1082
1065
909
1050
962
883
1029
1043
1027
969
971
1011
1029
1103
1055
1027
1085
822
1043
1105
989
1023
911
1267
1015
1067
937
1097
959
1051
1050
1079
1033
851
1115
1054
839
1069
1071
1115
994
974
969
913
1066
1046
1009
1010
1099
1114
1043
1085
1007
893
959
1097
1051
1047
957
938
1103
1055
1027
1047
1037
1081
1171
970
959
970
1010
1205
1011
935
999
1083
989
977
955
1134
1039
1043
1127
1107
1135
971
926
1031
998
1049
1086
1155
1019
979
1014
1082
877
1053
975
1105
867
965
967
990
982
975
981
1111
1017
1163
987
1109
1039
943
1047
1061
875
1045
1026
986
1089
1063
987
1025
983
1091
1059
1013
1083
1113
1075
1073
1043
991
919
1122
1110
967
1019
1067
1171
1030
1093
986
1065
1198
1089
1019
999
973
1069
1051
1019
991
1069
1033
1119
975
1046
971
967
989
1075
1079
1151
1035
947
877
1039
1021
1038
1137
887
1185
1047
1123
991
1050
1071
1034
1163
1018
959
1155
947
1031
1059
1015
965
1059
1175
1067
1006
943
941
1226
1010
1003
971
1023
979
411
46
855
2047
1459
1198
