959
1281
883
1307
1086
1138
1007
1279
1011
1134
1003
1135
1053
1213
1086
1294
975
1207
1078
1254
1014
1307
994
1231
1179
1378
1071
1262
995
1295
1047
1235
1067
1177
1075
1135
983
1339
1077
1215
991
1275
1071
1294
895
1371
983
1293
989
1158
1027
1318
1089
1242
1057
1287
947
1145
943
1139
1074
1247
942
1259
1075
1285
923
1213
1019
1295
979
1246
1103
1105
1099
1198
1021
1258
1150
1217
1107
1215
1007
1266
1050
1223
997
1314
1107
1171
1071
1222
862
1171
1035
1283
1123
1311
995
1285
1066
1191
986
1142
1043
1138
1098
1217
999
1314
970
1197
915
1351
951
1195
998
1191
1075
1310
1123
1231
1079
1109
991
1127
1099
1247
1003
1278
1185
1175
1043
1327
1047
1266
1045
1162
1057
1302
1075
1263
1137
1123
943
1171
1061
1163
955
1241
1106
1282
1118
1198
979
1227
878
1375
1099
1451
1117
1259
1031
1205
1027
1251
937
1187
1018
1323
1021
1234
1095
1205
1033
1203
1019
1259
1157
1407
967
1327
963
1394
1087
1221
1089
1185
1007
1183
995
1259
1054
1395
1175
1407
1122
1342
1177
1203
923
1173
1025
1251
1155
1066
1051
1103
1103
1145
978
1277
1033
1231
982
1331
1110
1175
1017
1318
975
1223
1069
1279
1005
1230
931
1307
1110
1243
1039
1143
845
1155
1069
1053
942
1185
1033
1231
967
1117
1039
1231
1078
1327
1015
1106
1047
1307
1143
1290
1102
1325
1135
1287
1033
1331
1110
1347
939
1275
1087
1237
1047
1350
1041
1286
1094
1359
883
1223
1099
1189
914
1295
906
1147
1129
1306
1031
1257
1082
1223
1011
1269
1159
1163
1027
1246
1035
1245
926
1258
1049
1243
971
1215
1014
1275
959
1141
1051
1409
1011
1291
971
1209
1023
1403
1041
1369
983
1178
1059
1209
923
1215
1239
1191
943
1367
967
1267
927
1199
1131
1363
1221
1343
986
1331
1019
1375
1154
1294
942
1246
961
1231
1071
1379
1022
1239
1117
1155
1129
1247
1122
1234
926
1391
1091
1202
1095
1310
991
1422
1102
1199
1097
1167
1023
1223
1213
1386
967
1359
1038
1299
1035
1299
1074
1147
926
1147
1091
1341
899
1323
947
1370
911
1275
1035
1223
1011
1177
970
1347
1095
1174
1017
1087
975
1187
1035
1217
1047
1266
1071
1295
1085
1301
1009
1183
1087
1299
818
1411
1054
1055
1015
1287
1027
1374
1095
1210
1029
1347
1061
1338
1011
1135
1111
1115
1054
1315
939
1251
1022
1263
954
1365
987
1062
1074
1179
931
1246
1143
1143
934
1219
1075
1097
1142
1143
1002
1323
913
1183
1125
1291
1026
1179
1111
1269
1158
1310
1114
1299
1066
1215
1163
1219
1139
1239
903
1245
1167
1438
1207
1281
989
1201
1086
1223
947
1139
937
1313
1027
1275
903
1266
985
1207
1094
1211
967
1231
1062
1142
1085
1215
963
1151
825
917
779
982
550
1245
1081
1037
947
1223
1027
1111
1051
1059
874
1046
963
881
931
943
1146
1010
1051
905
902
947
1087
929
1033
1065
1015
1021
927
1041
1015
959
1075
987
851
1011
1063
918
1043
935
1062
979
1103
1119
983
893
1146
899
846
1089
994
913
1042
905
971
1022
1031
1169
1062
1081
987
1142
1095
1123
1105
1077
1037
942
875
919
979
915
990
1065
946
943
1055
1027
1113
979
1078
1046
1095
995
997
947
967
1045
1011
1131
967
954
938
961
1062
1069
1103
1013
1047
1099
1006
955
1027
1043
1042
942
939
1030
1037
1135
1075
1026
993
1487
1487
1487
1487
1487
1487
1487
1487
1487
1487
1487
1487
1487
1487
1487
1487
1487
1487
1487
1487
1487
1487
1487
1487
1487
1619
887
1050
1058
955
987
954
965
1027
758
955
827
1103
947
1095
1102
1043
1025
983
1078
1019
990
1163
962
1025
879
995
1026
938
1059
902
995
987
991
1023
1003
961
1010
1131
971
1075
1089
1091
863
965
927
1047
1039
906
1094
823
1094
1075
1094
965
930
1022
1005
963
826
1017
1075
1026
887
1025
1047
946
967
1031
1045
1123
979
927
1082
901
1051
957
1119
982
929
1131
1085
1063
979
889
1055
1114
1129
1079
973
1007
1038
935
1045
983
843
1041
963
1007
919
1091
997
1065
959
1011
1125
1094
1019
987
985
963
971
1071
1049
1071
918
978
1099
994
938
758
1003
831
911
981
994
875
1097
1079
979
1051
975
945
985
945
1190
994
970
858
1075
1155
1041
1067
1159
1019
1105
967
1062
910
977
911
1003
1014
903
1091
957
1103
1049
958
1018
999
1071
1139
955
975
1078
1035
991
1099
1083
1030
921
1065
1075
1094
975
938
963
1090
1075
987
926
967
949
1095
979
935
945
1147
971
974
1189
1191
983
1146
979
1087
962
975
978
935
965
1057
1041
967
894
1051
1089
1011
999
1075
953
1038
893
1023
1014
995
975
891
979
994
1047
1159
927
1071
974
1127
1079
946
1015
1043
923
983
894
951
999
913
1022
1099
963
995
1094
1119
979
798
1006
1070
1041
943
1006
975
981
957
1110
1039
963
1103
1017
891
1221
1027
1027
927
899
1049
1087
830
887
1011
987
1071
1031
1011
1182
1003
885
986
1075
999
954
1151
1031
969
987
914
979
954
974
1135
1109
985
1073
1117
1075
1139
1039
1053
1011
971
919
1107
1015
1035
927
1098
1011
1133
1103
1067
1031
1025
1058
995
915
1018
991
1170
1006
1135
995
1055
947
985
923
1019
1015
1242
1047
871
1082
1034
906
1295
850
1039
975
1031
1085
1135
895
1086
1071
983
906
959
987
883
1047
1055
1039
1107
1103
995
883
1055
1050
1015
1035
875
891
934
969
843
1118
975
1165
915
870
989
1245
915
1061
1025
1102
1143
1023
943
1018
1035
1878
1525
473
922
2075
