998
1131
839
1046
859
1103
859
983
819
1143
923
1143
871
1194
831
1178
811
1003
818
1159
863
1087
994
1235
915
1179
1015
1283
922
1123
851
1231
939
1267
1107
1155
971
1195
955
1091
919
1003
979
1183
867
1155
835
1259
843
947
911
1075
819
1147
999
1067
990
1095
979
1151
963
1211
1003
1151
951
1202
835
1127
995
1171
795
1135
983
1235
1003
1107
903
1179
915
1115
911
1095
839
1059
959
1099
862
1207
967
1143
919
1151
935
1115
955
1147
847
1175
967
1274
831
1111
1039
1155
959
1022
978
1183
1027
1175
855
1211
915
1111
1059
1227
911
1043
895
1191
882
1178
943
1167
963
1107
823
1127
919
1167
951
1159
967
1227
919
1063
1075
1083
859
1095
915
1155
999
1187
966
1139
1011
1287
899
1159
875
1235
879
1047
903
1063
1031
1123
935
1159
830
1171
1091
1139
935
1127
843
1211
895
1143
1003
1119
1003
1047
979
1183
930
1223
1027
987
987
1379
931
1115
1031
1111
1067
1019
919
1243
959
1207
942
1059
1095
1235
859
1303
959
1135
947
975
971
1235
927
1043
891
1207
843
1107
959
1099
811
1183
783
1079
934
1082
955
1079
919
1083
999
1231
947
1187
1011
1247
931
1243
811
1147
815
1027
863
1367
1075
1183
963
1239
999
1123
919
1147
971
1143
1015
1099
954
1139
819
1043
882
1095
1115
1099
919
1111
931
1195
999
1203
839
1151
971
1083
1011
1083
1095
1099
979
1215
991
1139
883
1219
859
1071
951
1091
951
1055
938
1115
995
1071
899
1119
903
975
975
1111
987
1179
855
1111
815
1111
923
1143
946
1147
971
1151
963
1055
1023
1131
987
1106
1003
1007
810
1115
823
1203
799
959
1031
1135
955
1038
935
1135
1031
1159
831
1123
923
1067
918
1202
987
1187
859
1019
802
1067
963
1274
1059
1031
799
1238
815
1111
871
987
799
1014
815
1235
1083
1163
967
1035
931
1095
987
1023
875
1155
867
1207
815
1146
971
1211
1071
1135
1055
1071
987
1259
895
1099
847
1083
887
1039
1015
1087
983
1139
1055
1231
847
1247
863
1074
1047
1066
963
899
787
1027
931
1263
883
1311
819
1059
867
1167
1083
1175
987
1187
883
1167
915
1083
859
1099
955
1191
903
1015
743
1179
935
1151
827
1103
767
1115
895
1179
883
1227
815
1159
899
1087
939
1099
799
1163
975
1119
1103
1135
911
1027
1071
1219
899
1163
1071
1119
799
1151
1007
1159
767
1175
859
1087
971
1271
915
1239
919
1047
835
1135
991
1055
979
1059
923
1055
967
1098
1047
1219
1107
1163
999
1067
939
1119
915
1095
971
1019
827
1075
1087
1127
903
1127
931
1142
835
1155
1083
935
475
859
683
822
650
1115
934
1147
859
1027
751
1087
871
739
967
1019
939
839
962
963
903
819
1059
983
791
1027
707
843
1022
891
851
1015
971
859
911
819
919
787
991
1003
943
775
895
915
859
838
947
935
963
899
979
923
931
971
963
883
831
955
999
942
886
863
923
955
875
919
979
1023
923
859
823
775
831
847
775
915
947
899
1031
850
991
883
947
855
811
835
1007
795
903
975
959
887
1019
771
951
811
867
987
782
827
847
855
963
930
863
867
1026
827
867
802
995
831
983
910
871
910
851
967
851
671
939
939
910
831
1075
723
1075
795
935
747
1051
943
1039
895
927
815
907
899
806
863
878
943
787
939
1075
819
807
971
823
843
1023
810
831
1003
943
971
855
799
971
847
1015
967
938
775
1011
974
959
959
911
839
887
1107
899
783
943
939
843
799
803
831
915
907
867
1003
883
806
959
803
739
871
819
927
939
951
1022
959
895
799
767
827
755
971
923
967
939
831
931
779
891
979
903
955
939
899
983
879
767
727
1063
967
863
991
971
799
891
915
975
827
839
811
855
835
971
799
1075
819
691
687
839
787
907
1039
906
803
875
914
799
851
839
915
963
895
991
991
895
879
971
903
1015
887
1007
727
1087
787
835
891
823
863
859
891
1071
783
915
807
1087
919
1011
1023
799
839
899
859
895
930
875
755
907
983
803
843
890
966
779
843
839
963
863
1011
843
787
1019
995
795
982
855
899
875
987
951
963
1039
787
922
719
971
799
927
831
911
935
879
799
919
771
779
946
975
1007
783
975
971
971
879
903
1083
847
907
854
1083
943
947
759
931
786
971
823
947
967
1011
902
935
943
895
911
995
1043
931
783
919
903
687
879
1107
775
803
1015
923
927
1011
891
911
767
863
819
887
791
887
883
959
899
1031
855
1058
891
835
791
759
767
939
843
987
799
855
863
1034
854
1063
907
975
1059
919
911
847
1003
1047
879
895
959
895
879
1011
887
975
915
915
979
975
843
883
874
911
987
891
943
907
915
955
938
907
1007
1087
815
987
867
887
883
1027
939
791
811
991
747
911
899
851
866
1099
1035
863
847
947
1035
903
935
811
875
890
879
823
915
859
939
975
987
947
811
911
911
923
743
907
935
915
815
863
827
971
687
919
939
783
915
895
903
835
999
791
879
926
859
863
875
915
867
891
963
963
887
751
851
1051
943
919
855
851
1063
895
935
1023
899
1027
923
823
863
855
819
943
835
795
959
1879
1355
2171
1743
871
2143
