0
1679
1631
1783
1603
1747
1615
2151
1507
2159
1655
1759
1567
1739
1515
1807
1627
2199
1651
2191
1419
1779
1587
2223
1595
1955
1567
2259
1531
1783
1671
2175
1567
1943
1599
2151
1555
1807
1707
1723
1591
1947
1655
1815
1535
1759
1587
1807
1587
1679
1667
2151
1679
1883
1599
2195
1687
1731
1575
1731
1575
1807
1651
1739
1699
2187
1739
2227
1599
1875
1663
1947
1611
1779
1639
2147
1667
2179
1603
2179
1643
1723
1555
2155
1523
2163
1579
1943
1587
1751
1639
2243
1591
2159
1615
2179
1579
1807
1635
2175
1599
1783
1667
1811
1603
1763
1799
1819
1499
2255
1591
1747
1519
1811
1639
2147
1663
1727
1619
1747
1535
1959
1507
2187
1571
1755
1615
2227
1651
2175
1607
1715
1663
1727
1627
1739
1447
1943
1515
1799
1639
1727
1679
2195
1551
1795
1751
1751
1571
2187
1595
1671
1603
2215
1771
1755
1707
1947
1675
1819
1667
2195
1655
1755
1643
2207
1679
1751
1571
2171
1599
1883
1527
2227
1643
1727
1791
2231
1715
1943
1627
1947
1659
1743
1603
1775
1731
1779
1539
1791
1655
1811
1683
2307
1655
2143
1723
1715
1587
1763
1671
1687
1687
1699
1611
1743
1599
1695
1527
2179
1595
2155
1639
1883
1515
1731
1719
2167
1651
1787
1583
1951
1687
2263
1647
1951
1587
1883
1539
1875
1515
1783
1551
1739
1663
2203
1659
1755
1539
2279
1663
1883
1603
1767
1635
1795
1627
1775
1575
1655
1563
1811
1571
1723
1691
2179
1703
2179
1651
1943
1627
1775
1647
2191
1667
2195
1759
1775
1671
1735
1603
1815
1599
1807
1519
1727
1583
1759
1607
2151
1667
2231
1659
1779
1579
1947
1707
1771
1635
2167
1655
1783
1779
1807
1595
1803
1579
1803
1551
2023
1551
1787
1663
2263
1491
2247
1655
1875
1751
2251
1563
1943
1731
1883
1619
2171
1715
1751
1639
2019
1647
2227
1739
2203
1623
2195
1715
1951
1619
2151
1579
2175
1563
2299
1683
1943
1691
2187
1739
2143
1591
1779
1739
2151
1771
2167
1755
1951
1691
1771
2167
1759
1707
1879
1771
1811
1639
2151
1683
2207
1739
1779
1555
1811
1523
1683
1635
1947
1739
1619
1699
1719
1547
1715
1599
2171
1627
1815
1547
1803
1571
1955
1675
2235
1643
2211
1543
1791
1667
1787
1639
1807
1719
1743
1631
2019
1751
2219
1591
1811
1715
1879
1723
1803
1571
1743
1651
1955
1575
1803
1639
1727
1623
1955
1647
2155
1715
1803
1943
2183
1735
2143
1619
1775
1647
1947
1655
2019
1759
2183
1667
1791
1607
2183
1599
1791
1595
1755
1603
1759
1687
2163
1631
1807
1615
2259
1759
2155
1691
1815
1615
2191
1615
1815
1643
2143
1639
2307
1587
2259
1683
1799
1647
2199
1711
1947
1607
1779
1707
2199
1699
2247
1623
2235
1575
2019
1611
1739
1675
2143
1723
1951
1667
2211
1635
1675
1527
1679
1683
1747
1663
2019
1495
1715
1783
1951
1491
1659
1395
1655
1343
1659
1351
2019
1639
1755
1611
1767
1619
1739
1655
1619
1587
1695
1595
1679
1555
1575
1647
1631
1703
1571
1607
1639
1547
1543
1619
1571
1603
1687
1479
1655
1551
1659
1619
1467
1547
1595
1719
1547
1579
1675
1643
1551
1623
1647
1647
1607
1655
1631
1551
1619
1615
1515
1495
1623
1591
1527
1759
1547
1531
1587
1675
1675
1651
1631
1567
1755
1667
1427
1643
1619
1663
1515
1555
1607
1611
1551
1511
1479
1507
1635
1619
1699
1687
1527
1639
1579
1695
1451
1595
1619
1615
1651
1443
1519
1459
1535
1539
1607
1579
1587
1547
1627
1747
1687
1619
1611
1619
1635
1607
1559
1619
1679
1499
1719
1635
1619
1627
1591
1511
1611
1567
1571
1811
1651
1575
1671
1711
1511
1515
1595
1739
1579
1527
1595
1655
1539
1663
1727
1663
1559
1579
1483
1699
1619
1631
1623
1691
1551
1755
1559
1595
1631
1651
1611
1639
1499
1619
1671
1723
1591
1535
1611
1739
1671
1595
1555
1667
1487
1607
1503
1591
1687
1663
1603
1555
1567
1691
1563
1563
1543
1559
1567
1643
1563
1447
1671
1631
1579
1703
1467
1567
1611
1567
1523
1643
1495
1659
1551
1583
1567
1527
1687
1575
1491
1639
1763
1675
1755
1711
1503
1543
1659
1567
1687
1739
1575
1579
1647
1683
1583
1635
1555
1527
1667
1607
1655
1635
1451
1631
1555
1731
1647
1559
1703
1655
1687
1699
1659
1747
1639
1519
1559
1543
1643
1639
1667
1511
1559
1651
1475
1591
1531
1579
1611
1535
1663
1619
1535
1591
1623
1771
1687
1619
1503
1563
1419
1667
1623
1643
1647
1623
1735
1495
1655
1747
1735
1575
1611
1663
1551
1631
1623
1559
1631
1655
1631
1591
1647
1687
1703
1543
1471
1551
1619
1679
1527
1519
1599
1583
1595
1675
1547
1647
1503
1667
1627
1547
1639
1611
1675
1567
1703
1671
1511
1503
1479
1623
1591
1555
1567
1539
1623
1439
1599
1659
1475
1563
1559
1595
1591
1647
1587
1619
1615
1503
1607
1511
1591
1651
1659
1655
1511
1595
1627
1707
1559
1651
1471
1551
1543
1595
1687
1643
1563
1443
1591
1551
1535
1571
1595
1579
1535
1619
1583
1619
1515
1551
1695
1499
1499
1547
1643
1511
1523
1423
1623
1627
1619
1655
1491
1739
1807
1695
1507
1619
1471
1627
1487
1635
1599
1571
1575
1631
1619
1479
1667
1543
1711
1559
1583
1563
1499
1535
1595
1579
1623
1647
1599
1583
1543
1643
1515
1739
1727
1655
1607
1491
1623
1599
1515
1539
1627
1563
1459
1587
1471
1647
1659
1603
1759
1711
1611
1611
1719
1639
1623
1671
1551
1643
1607
1667
1707
1543
1631
1479
1455
1643
1515
1543
1531
1683
1523
1671
1399
1571
1575
1631
1479
1731
1627
1675
1515
1563
1515
1531
1403
1611
1683
1583
1811
1703
1519
1519
1539
1483
1763
1495
1527
1547
1587
1659
1567
1599
1635
1595
1563
1443
1523
1643
1547
1611
1567
1519
1639
1611
1511
1547
1587
1663
1559
1535
1615
1699
1551
1571
1527
1659
1559
1559
1567
1759
1587
1595
1635
1527
1555
1287
1515
1183
1887
107
1155
