1031
1193
1125
1351
1122
1267
1107
1289
1078
1171
986
1269
983
1246
1034
1298
1003
1237
959
1258
1181
1335
983
1135
1066
1326
974
1315
1009
1382
1067
1234
1201
1374
961
1231
1053
1261
1010
1263
1075
1303
1174
1203
1067
1169
1050
1357
1102
1323
1143
1214
985
1375
1042
1179
946
1231
1179
1258
1019
1171
1066
1270
929
1373
1051
1231
1117
1191
1073
1227
1029
1225
941
1195
1083
1247
1010
1277
1167
1387
1095
1198
975
1214
1059
1231
1107
1215
1038
1227
1034
1391
1154
1187
1270
1295
991
1351
955
1215
1027
1267
1030
1361
977
1257
1018
1205
925
1090
1071
1189
1010
1201
1055
1077
1195
1366
1187
1179
1049
1309
991
1171
1035
1415
1013
1299
925
1235
946
1267
1025
1298
967
1099
1087
1321
978
1353
1119
1333
998
1437
987
1275
977
1157
1011
1282
1015
1378
1003
1158
1101
1387
1075
1305
1069
1262
1035
1319
1149
1131
1003
1154
1137
1351
1006
1291
1202
1239
1059
1151
975
1258
1109
1335
1214
1047
847
1250
1111
1211
1106
1261
975
1173
943
1382
981
1330
1058
1379
1041
1298
1199
1275
1067
1195
1118
1199
1206
1150
1066
1314
947
1219
1171
1139
1035
1199
967
1375
971
1175
983
1223
1059
1211
1095
1343
927
1363
999
1297
1029
1214
974
1246
954
1198
1019
1269
1031
1139
995
1402
1099
1371
1113
1191
1070
1237
1161
1275
977
1359
995
1263
991
1298
943
1327
939
1274
1174
1339
1009
1270
1017
1375
994
1223
1075
1131
935
1103
947
1325
1143
1307
1043
1199
943
1183
1057
1295
953
1325
1019
1263
1119
1307
1106
1253
1207
1383
1057
1327
1182
1323
962
1306
1106
1195
986
1342
1243
1075
1121
1154
1079
1235
971
1299
1217
1191
1003
1390
1141
1311
1095
1207
961
1451
991
1290
1035
1157
1127
1279
1051
1214
1053
1310
1074
1227
931
1239
1007
1127
1030
1458
1182
1287
1003
1278
1094
1210
1003
1327
994
1173
1027
1286
1191
1197
1051
1258
1167
1259
1023
1179
1194
1199
907
1361
1110
1163
999
1261
1123
1251
1019
1363
1099
1355
994
1307
1151
1285
1130
1115
983
1223
943
1198
918
1321
1107
1282
1114
1315
1170
1335
1039
1349
1006
1431
971
1291
945
1409
1139
1231
1123
1341
1050
1270
1070
1371
1065
1322
1050
1307
942
1135
1021
1149
873
1223
1078
1211
1006
1327
1083
1179
1153
1241
1083
1238
971
1270
1017
1218
975
1318
1101
1422
985
1323
1091
1137
839
1238
1073
1235
1107
1263
1077
1267
981
1149
1035
1293
1133
1225
1127
1285
1038
1294
1047
1247
887
1322
958
1187
1031
1193
1097
1203
1109
1183
931
1247
1025
1283
1178
1209
969
1127
1039
1363
1078
1239
1111
1327
993
1290
1139
1237
955
1235
1126
1330
931
1371
1022
1231
1079
1267
1067
1311
1023
1186
927
942
831
951
579
1293
1134
1257
1207
1243
1002
1287
1067
998
1095
1011
1014
1050
1030
1114
1038
1103
851
989
1138
1106
987
1090
1055
1089
1063
1083
1059
1031
1191
1170
1073
1041
1067
941
938
1006
1215
1017
963
871
1077
1058
901
1047
911
1026
1051
837
951
1075
1029
1023
978
1082
1050
970
1099
1106
935
1087
1183
935
1017
983
910
1018
982
1059
1123
951
957
970
1007
1127
982
1018
879
1042
1179
887
982
1107
1009
1081
1155
895
967
1163
991
1067
999
938
1119
922
1011
975
1050
1175
1118
946
970
1102
1035
1022
1111
1078
855
942
1187
1033
1051
1026
1066
1131
934
927
995
933
1051
945
1074
1083
1115
955
1079
1043
1147
939
1015
1071
1051
897
958
1131
978
854
1065
907
1047
1110
914
1174
959
1115
975
1015
1054
822
1002
971
1043
1082
1107
1117
1079
1095
1083
1043
1041
1139
978
1019
1170
1030
966
875
1079
999
1074
1081
1019
1106
1085
1070
1019
889
1090
978
1089
950
1055
1099
1047
1018
1045
1085
985
977
951
1127
1075
955
1042
1147
1106
1051
1143
981
1067
1002
983
963
1155
1014
1111
1093
1167
954
1163
1055
975
891
1115
994
1037
935
963
1065
993
939
1029
1129
874
1137
967
938
1054
998
935
987
967
1007
1039
1035
981
1205
1106
993
965
947
1074
907
814
1011
962
998
955
1154
981
955
1162
1122
1042
1043
855
989
1071
1035
979
1131
838
959
1003
973
1107
1110
1047
955
977
1007
1126
970
939
1115
1003
901
913
897
1114
981
1082
990
955
1113
974
1083
1063
969
1043
1057
1125
1143
1026
934
945
1095
1105
1063
1155
909
1079
955
1051
1069
999
911
991
999
935
935
1161
1026
1087
993
954
919
1175
1114
1041
1119
1029
1089
1093
1019
941
1077
975
1010
909
1115
950
1043
1151
1007
950
1123
1083
1070
1197
1089
995
1021
1093
1043
1051
985
1046
1151
1087
993
1147
915
1054
1027
1042
1053
1166
994
931
919
987
1055
1095
950
979
991
1106
1029
1087
907
1075
1077
969
1058
863
997
1179
1182
974
1051
1002
999
1019
951
951
991
938
995
987
887
1015
1074
921
1033
1061
921
995
922
979
1007
914
1023
1102
963
1187
1071
989
1066
835
1015
969
939
1143
1017
1070
1023
1003
1057
1077
1107
1159
963
1043
1047
1050
1171
971
1163
1014
1153
814
1058
927
1131
1090
973
1135
835
1078
1117
1079
953
1123
1033
1130
1086
970
941
1011
1059
1059
1029
1014
997
1119
1122
975
1051
1175
1014
1135
1106
1015
1155
1063
909
993
1043
1070
994
926
1013
1122
1001
950
1030
1062
999
991
989
1026
1051
1226
903
1090
1114
966
941
893
962
1091
859
1003
1006
1067
969
943
923
1075
1103
959
1047
994
1001
1003
879
853
975
990
886
967
1093
1182
897
1055
0
457
1595
1085
466
