1223
1487
1375
1474
1299
1611
1255
1443
1183
1495
1151
1311
1423
1499
1203
1415
1259
1255
1347
1475
1303
1366
1295
1459
1235
1475
1203
1503
1363
1547
1227
1470
1338
1591
1247
1351
1239
1331
1175
1515
1343
1663
1407
1551
1283
1495
1255
1323
1371
1387
1210
1495
1371
1323
1215
1491
1210
1551
1355
1375
1187
1551
1355
1511
1287
1551
1263
1479
1411
1398
1283
1371
1283
1631
1311
1455
1219
1495
1351
1455
1203
1479
1355
1487
1383
1411
1319
1502
1227
1431
1395
1327
1439
1515
1267
1499
1235
1443
1171
1383
1211
1443
1259
1415
1311
1403
1347
1499
1135
1415
1399
1447
1239
1458
1327
1419
1547
1475
1287
1583
1359
1403
1283
1587
1243
1563
1395
1519
1319
1359
1347
1415
1311
1327
1263
1447
1235
1495
1187
1503
1363
1479
1423
1470
1303
1483
1263
1499
1359
1486
1415
1483
1267
1471
1251
1374
1259
1523
1299
1459
1351
1467
1443
1407
1191
1567
1419
1407
1139
1459
1183
1430
1411
1403
1303
1435
1402
1451
1359
1455
1231
1483
1059
1555
1311
1519
1271
1431
1219
1483
1222
1495
1267
1495
1134
1350
1251
1443
1199
1414
1215
1483
1191
1511
1151
1451
1263
1367
1175
1575
1183
1582
1299
1547
1359
1487
1387
1471
1227
1419
1211
1539
1295
1591
1206
1495
1323
1419
1371
1463
1227
1535
1207
1431
1203
1595
1367
1395
1303
1495
1255
1419
1307
1535
1222
1466
1363
1478
1139
1483
1275
1383
1114
1491
1279
1531
1315
1363
1275
1499
1151
1423
1303
1507
1151
1607
1259
1495
1335
1482
1423
1523
1311
1447
1251
1431
1347
1523
1187
1339
1295
1427
1407
1495
1374
1399
1411
1499
1426
1471
1287
1487
1231
1663
1203
1423
1323
1471
1331
1531
1255
1559
1231
1527
1079
1443
1235
1407
1247
1515
1323
1567
1363
1387
1219
1511
1210
1539
1239
1435
1338
1523
1331
1562
1179
1451
1323
1627
1159
1419
1310
1595
1303
1571
1295
1535
1291
1567
1263
1507
1151
1355
1251
1383
1175
1379
1311
1518
1307
1487
1375
1450
1182
1519
1227
1443
1283
1419
1255
1538
1171
1575
1151
1387
1175
1567
1247
1375
1263
1479
1315
1531
1299
1611
1295
1627
1331
1375
1335
1439
1227
1551
1271
1367
1287
1418
1391
1591
1235
1615
1239
1250
1103
1375
1279
1507
1371
1627
1107
1675
1303
1515
1427
1543
1223
1451
1203
1427
1155
1422
1255
1527
1275
1387
1279
1555
1303
1519
1087
1475
1279
1519
1259
1595
1215
1443
1231
1451
1255
1423
1335
1547
1322
1547
1383
1411
1315
1579
1275
1515
1347
1459
1219
1475
1279
1523
1227
1535
1223
1515
1179
1563
1259
1387
1315
1467
1191
1478
1267
1555
1267
1383
1351
1619
1271
1435
1223
1263
1243
1527
1347
1439
1230
1463
1243
1503
1214
1495
1355
1571
1366
1518
1343
1499
1375
1299
1299
1495
1423
1475
1187
1523
1239
1463
1155
1371
1223
1475
991
1207
1051
1211
963
1431
1135
1319
1179
1487
1155
1411
1231
1214
1159
1363
1307
1359
1203
1399
1247
1107
1395
1207
1179
1379
1207
1190
1215
1351
1371
1231
1251
1351
1298
1375
1291
1387
1219
1375
1247
1151
1323
1231
1299
1227
1319
1255
1491
1271
1307
1267
1343
1151
1199
1239
1423
1215
1250
1263
1279
1271
1195
1163
1291
1303
1191
1183
1251
1255
1387
1295
1250
1307
1363
1211
1231
1311
1195
1163
1467
1187
1255
1351
1267
1219
1263
1247
1411
1199
1195
1283
1235
1247
1175
1359
1355
1279
1219
1243
1155
1211
1119
1247
1271
1283
1227
1399
1195
1167
1331
1175
1323
1235
1366
1331
1215
1187
1191
1111
1335
1207
1315
1207
1195
1307
1318
1239
1234
1183
1355
1383
1359
1139
1299
1107
1279
1231
1059
1219
1319
1199
1211
1251
1451
1315
1307
1207
1183
1383
1251
1251
1371
1267
1350
1203
1203
1215
1327
1259
1407
1191
1351
1279
1278
1323
1238
1175
1223
1271
1159
1195
1183
1351
1239
1331
1267
1119
1330
1331
1311
1362
1395
1307
1071
1199
1299
1311
1287
1407
1351
1175
1243
1263
1279
1303
1247
1239
1219
1111
1239
1315
1243
1259
1343
1115
1427
1211
1235
1351
1323
1271
1327
1195
1319
1491
1163
1303
1391
1203
1287
1147
1307
1219
1331
1271
1287
1258
1243
1139
1311
1315
1239
1199
1219
1190
1163
1263
1319
1171
1250
1351
1259
1334
1291
1271
1203
1075
1203
1243
1343
1431
1243
1315
1391
1279
1267
1123
1310
1339
1271
1294
1243
1302
1095
1195
1331
1327
1343
1227
1291
1247
1247
1271
1271
1283
1107
1211
1311
1167
1235
1371
1235
1227
1267
1210
1255
1211
1295
1247
1483
1199
1343
1098
1195
1183
1167
1271
1187
1111
1283
1118
1243
1247
1427
1203
1243
1255
1291
1195
1255
1315
1319
1215
1198
1131
1219
1383
1323
1243
1291
1275
1215
1187
1235
1239
1367
1279
1223
1239
1283
1223
1275
1107
1255
1259
1219
1263
1131
1171
1118
1187
1123
1271
1203
1179
1247
1147
1227
1283
1294
1031
1255
1115
1227
1298
1215
1275
1183
1327
1270
1167
1227
1311
1151
1235
1311
1227
1315
1231
1318
1179
1214
1155
1243
1338
1239
1107
1135
1179
1235
1243
1255
1267
1247
1167
1391
1235
1195
1263
1311
1091
1255
1247
1227
1251
1211
1283
1219
1255
1263
1191
1359
1198
1099
1227
1347
1186
1275
1251
1207
1303
1183
1111
1211
1247
1259
1359
1283
1239
1122
1135
1355
1330
1195
1291
1243
1250
1154
1386
1279
1431
1315
1195
1263
1283
1215
1155
1283
1259
1182
1203
1171
1179
1323
1247
1271
1203
1371
1131
1319
1383
1311
1131
1207
1071
1259
1219
1259
1351
1262
1203
1415
1319
1195
1235
1303
1095
1031
1175
1239
1219
1175
1327
1195
1103
1334
1195
1199
1295
1283
1183
1159
1255
1347
1223
1307
1186
1247
1295
1307
1163
1243
1211
1119
1331
1295
1251
1383
1183
1211
1283
1299
1207
1295
1267
1227
1107
1159
1259
1315
1303
1267
1215
1159
1179
1035
1147
1251
1227
0
1919
419
1663
582
2351
