2267
1423
1247
1431
1211
1423
1159
1491
1319
1515
1179
1331
1227
1331
1151
1507
1311
1403
1199
1543
1303
1451
1199
1443
1123
1551
1158
1375
1247
1439
1303
1467
1211
1559
1267
1403
1347
1371
1379
1478
1247
1415
1139
1399
1115
1451
1258
1391
1263
1379
1335
1459
1327
1519
1346
1499
1251
1451
1319
1323
1211
1382
1151
1559
1335
1539
1279
1419
1323
1419
1151
1599
1199
1607
1263
1427
1275
1507
1294
1359
1383
1467
1203
1399
1179
1543
1511
1439
1215
1502
1275
1531
1071
1538
1283
1351
1191
1471
1291
1379
1267
1487
1243
1579
1299
1291
1295
1471
1187
1347
1171
1511
1227
1451
1203
1383
1103
1423
1319
1427
1327
1343
1207
1327
1323
1467
1263
1467
1311
1495
1283
1563
1395
1575
1251
1375
1271
1483
1299
1519
1271
1443
1315
1447
1247
1559
1243
1567
1215
1407
1239
1491
1355
1439
1115
1507
1123
1339
1223
1363
1247
1291
1331
1511
1063
1535
1211
1495
1331
1319
1378
1463
1335
1479
1367
1455
1267
1387
1199
1423
1283
1379
1131
1415
1331
1559
1159
1438
1182
1587
1207
1443
1186
1399
1259
1623
1291
1423
1255
1459
1179
1511
1427
1547
1238
1459
1254
1439
1271
1499
1295
1458
1107
1499
1335
1559
1195
1439
1307
1415
1203
1567
1143
1459
1239
1555
1151
1547
1323
1463
1247
1407
1315
1262
1163
1547
1059
1459
1375
1479
1399
1479
1439
1575
1091
1291
1147
1503
1155
1367
1199
1503
1275
1407
1223
1331
1179
1475
1263
1483
1079
1471
1319
1507
1279
1343
1099
1503
1263
1523
1307
1551
1179
1523
1346
1551
1171
1391
1179
1543
1283
1439
1195
1399
1279
1447
1223
1471
1327
1587
1247
1295
1323
1442
1387
1515
1342
1443
1379
1419
1275
1439
1263
1443
1263
1447
1243
1407
1255
1439
1319
1439
1135
1570
1251
1423
1319
1463
1223
1455
1243
1487
1263
1435
1146
1439
1199
1487
1518
1419
1247
1355
1347
1471
1231
1443
1303
1419
1143
1443
1123
1323
1451
1559
1191
1679
1187
1535
1363
1383
1347
1515
1215
1391
1239
1391
1171
1499
1315
1423
1315
1315
1143
1431
1295
1371
1283
1595
1163
1683
1359
1502
1315
1459
1423
1423
1235
1395
1323
1339
1267
1471
1239
1535
1214
1451
1303
1343
1331
1351
1319
1375
1115
1459
1383
1531
1271
1498
1303
1351
1235
1479
1099
1479
1207
1375
1239
1491
1187
1611
1283
1615
1203
1379
1315
1683
1179
1495
1215
1387
1223
1411
1107
1379
1423
1487
1347
1431
1147
1363
1303
1419
1151
1523
1179
1531
1359
1547
1167
1499
1307
1435
1295
1331
1323
1399
1175
1531
1195
1443
1375
1467
1255
1559
1211
1383
1291
1395
1223
1423
1283
1499
1339
1395
1271
1347
1251
1427
1155
1271
1255
1327
1223
1559
1235
1495
1291
1423
1231
1471
1107
1459
1239
1499
1347
1623
1347
1363
1295
1335
1351
1611
1307
1599
1199
1355
1307
1355
1023
1215
931
1171
923
1411
1267
1499
1215
1379
1263
1371
1263
1207
1215
1267
1387
1271
1359
1247
1279
1127
1175
1147
1287
1155
1223
1267
1303
1259
1311
1159
1215
1091
1150
1299
1299
1231
1175
1071
1099
1179
1183
1231
1251
1247
1283
1279
1179
1143
1087
1247
1327
1227
1315
1199
1219
1227
1227
1071
1155
1219
1215
1143
1171
1259
1119
1251
1179
1139
1355
1266
1207
1295
1439
1207
1335
1371
1351
1199
1183
1203
1371
1255
1274
1099
1275
1143
1315
1271
1235
1115
1247
1259
1335
1131
1187
1271
1291
1323
1151
1275
1159
1043
1251
1311
1107
1227
1179
1231
1179
1162
1323
1275
1215
1119
1199
1235
1155
1099
1119
1095
1175
1307
1014
1275
1207
1351
1263
1319
1283
1279
1183
1163
1199
1167
1095
1151
1191
1203
1175
1227
1247
1239
1275
1323
1327
1299
1311
1203
1179
1311
1151
1219
1275
1175
1191
1267
1103
1183
1215
1295
1339
1283
1183
1167
1183
1123
1115
1335
1231
1283
1243
1239
1323
1167
1191
1255
1195
1294
1399
1103
1239
1227
1163
1187
1183
1231
1243
1151
1287
1215
1350
1175
1227
1295
1051
1183
1023
1159
1175
1195
1279
1283
1247
1215
1239
1247
1307
1223
1299
1279
1227
1391
1203
1263
1211
1255
1267
1151
1107
1163
1267
1323
1227
1163
1283
1103
1051
1243
1199
1155
1187
1207
1231
1187
1311
1183
1155
1091
1279
1259
1206
1227
1291
1219
1119
1115
1179
1114
1303
1338
1195
1251
1267
1095
1331
1327
1319
1278
1183
1127
1106
1223
1062
1191
1263
1179
1375
1211
1151
1207
1263
1147
1287
1290
1355
1211
1327
1291
1159
1075
1219
1183
1255
1267
1307
1331
1127
1287
1315
1275
1179
1223
1303
1187
1223
1263
1259
1255
1215
1115
1291
1330
1083
1151
1171
1311
1330
1315
1191
1335
1307
1199
1218
1334
1335
1251
1247
1371
1315
1275
1239
1403
1383
1107
1251
1119
1187
1015
1367
1091
1271
1091
1371
1275
1211
1187
1106
1239
1143
1223
1203
1119
1147
1071
1211
1311
1183
1239
1271
1231
1251
1195
1211
1359
1183
1218
1219
1207
1335
1083
1247
1279
1287
1079
1083
1295
1315
1179
1207
1159
1375
1127
1255
1239
1159
1163
1351
1339
1279
1275
1103
1203
1159
1175
1215
1271
1075
1203
1223
1211
1235
1291
1155
1163
1187
1211
1307
1071
1295
1195
1183
1255
1199
1239
1195
1123
1258
1283
1251
1115
1175
1199
1219
1231
1235
1275
1282
1079
1215
1107
1163
1099
1175
1283
1206
1127
1375
1243
1215
1239
1167
1227
1251
1251
1315
1079
1243
1251
1315
1179
1231
1123
1155
1247
1243
1303
1227
1230
1183
1095
1203
1279
1142
1291
1115
1139
1282
1271
1151
1279
1175
1255
1327
1182
1223
1331
1283
1210
1243
1111
1291
1179
1299
1227
1159
1183
1151
1230
1227
1207
1423
1259
1187
1319
1167
1143
1155
1311
1287
1303
1211
1343
1243
1303
1271
1223
1303
1335
1231
1151
1087
1195
1215
1187
1115
1259
1283
1279
1275
1175
1063
1191
1363
1135
1211
1295
1283
1119
15
0
1755
1559
1559
2059
