1155
1371
1215
1331
1195
1379
1003
1487
1083
1359
1223
1347
1079
1371
1031
1251
1051
1375
999
1423
1227
1359
1235
1143
1147
1427
1031
1367
1155
1379
1191
1315
1251
1423
1227
1547
1147
1399
1255
1343
1251
1307
1247
1339
1131
1375
1211
1403
1175
1427
1299
1383
1235
1315
1163
1315
1119
1215
1163
1419
1043
1379
1175
1363
1243
1323
1211
1379
1251
1251
1223
1455
1323
1367
1219
1375
1147
1315
1047
1391
1179
1347
1251
1279
1199
1383
1123
1383
1115
1455
1235
1287
1099
1231
1191
1403
1123
1411
1111
1351
1075
1215
1115
1327
1115
1467
1287
1355
1019
1331
1235
1371
1227
1255
1287
1455
1299
1335
1323
1231
1215
1375
1071
1419
1183
1255
1115
1303
1195
1403
1171
1419
1243
1235
1139
1495
1187
1347
1019
1363
1255
1311
1075
1275
1379
1415
1195
1379
1235
1283
1075
1415
1187
1419
1135
1283
1175
1463
1075
1399
1095
1295
1167
1355
1159
1323
1095
1379
1143
1355
1175
1487
1183
1423
1207
1471
1231
1415
1171
1359
1115
1323
1115
1215
1103
1331
1111
1399
1039
1375
1295
1335
1271
1367
1139
1367
1263
1327
1263
1319
1115
1495
1111
1271
1119
1343
1051
1315
1207
1331
1131
1355
1027
1247
1103
1351
1191
1267
1163
1355
1067
1427
1199
1355
1131
1395
1211
1427
1187
1239
1111
1319
1183
1435
1051
1319
1203
1275
1079
1387
1107
1315
1267
1419
1215
1383
1131
1287
1131
1151
1115
1351
1147
1267
983
1383
1235
1419
1183
1399
1123
1271
1139
1459
1111
1355
1183
1535
1131
1399
1155
1467
1175
1323
1247
1355
1119
1519
1143
1311
1167
1599
1291
1251
1063
1303
1107
1283
1183
1435
1267
1491
1155
1451
995
1439
1035
1427
1119
1331
1031
1399
1103
1363
927
1447
1167
1363
1223
1403
1063
1323
1139
1387
1235
1315
1155
1259
1135
1371
1159
1383
1215
1263
1087
1375
1099
1315
1239
1319
1027
1427
1167
1483
1147
1271
1023
1311
1251
1379
1291
1271
1203
1299
1187
1459
1111
1271
1199
1379
1235
1299
1271
1455
1167
1375
1063
1359
1147
1375
1163
1279
1163
1599
1007
1311
1363
1359
1243
1251
1323
1411
1351
1427
1095
1351
1163
1383
1199
1395
1199
1499
1075
1271
1111
1407
1163
1231
1167
1351
1219
1355
1039
1195
1119
1427
1303
1251
1127
1267
1171
1375
1187
1355
1015
1439
1283
1295
1159
1331
1207
1223
1123
1343
1271
1291
1215
1379
1187
1375
1111
1371
1139
1399
1099
1267
1147
1387
1091
1375
1147
1411
1071
1255
1179
1423
1291
1371
1247
1335
1115
1391
1183
1331
1271
1359
1067
1467
1067
1351
1059
1479
1215
1407
1143
1391
1271
1351
1135
1299
1047
1195
1223
1451
1027
1247
1191
1411
1163
1359
1315
1427
1183
1483
1191
1439
1003
1315
1183
1415
1087
1535
1175
1279
1247
1183
1203
1343
1183
1395
1303
1407
1287
1339
1151
1387
1219
1251
919
1179
847
1103
1035
1371
1119
1287
1243
1347
1067
1567
1151
1147
1215
1115
1195
1087
1083
1195
1103
1207
1027
1175
1075
1087
1227
1139
1163
1203
1167
1011
1071
1071
1143
1119
1143
1131
1111
1083
1163
1103
1031
1203
1147
1103
1175
1131
1175
1151
1051
1135
1139
1155
1175
1179
1067
1119
1171
1039
1315
1051
1295
1195
1227
959
1307
1215
999
1179
1027
995
1171
1055
1179
1099
1131
991
1067
1127
1123
1275
1095
1063
1091
1171
1167
1227
1155
1043
1043
1043
1159
1091
1063
1235
1179
1067
1159
987
1047
1195
1063
1091
1111
1123
1243
1203
1119
1103
1091
1075
1219
1131
1203
1131
1011
1091
1099
1295
1295
1295
1295
1295
1295
1295
1295
1295
1295
1295
1295
1295
1295
1295
1295
1295
1295
1295
1295
1295
1295
1295
1295
1295
1295
1315
1159
1059
1159
1175
1143
1035
1063
971
1127
1047
1111
995
1187
1055
1195
1175
1071
1215
1263
1047
1107
1283
1171
1151
1123
1099
1267
1091
1067
1199
1155
1255
1251
1115
1207
975
1107
1167
959
1075
1127
1199
1119
1279
1139
1147
1223
1079
1175
1135
1139
1111
1203
1127
975
1159
1223
1115
1099
1099
1163
1155
1107
1103
1095
1063
1147
983
1163
1115
1167
1163
1203
1211
1255
1131
1179
1175
1131
1143
1011
1091
1191
1155
1143
1099
1079
1195
1039
1151
1187
1179
1243
1155
1095
1135
1215
1375
1091
1103
1231
1239
1063
1011
1075
1055
1199
1043
1279
1083
1051
1035
1235
1203
1183
1043
1107
1195
1103
1219
1075
1063
1135
1143
1203
1259
1103
1019
1079
1151
1179
1179
955
1171
971
1095
1067
1215
1207
1051
1127
1199
1435
1179
1135
1055
1235
1207
1095
1035
975
1183
1147
1207
1087
1147
1103
1187
1163
1203
1095
1051
1163
1171
1115
987
1179
1079
1171
1207
1083
1019
1055
1139
1211
1107
1191
1011
1251
987
1059
1055
1063
1023
1135
1067
1019
1115
1159
1095
1167
1051
1191
1103
1235
975
1215
1147
1083
1163
1007
1183
1247
1135
1147
1147
1123
1211
1203
1195
1147
1191
1075
1019
1163
1131
1119
1111
1207
1131
1055
1251
1155
1211
1139
1151
1203
1011
1107
1111
1079
1283
1167
1091
1251
1003
1095
1119
1055
1123
1107
1227
1239
1207
1223
1047
1095
1159
1119
999
1147
1159
947
1191
1027
1159
1223
1171
1247
1075
1139
1047
1099
1139
1123
1167
1123
1147
1179
1259
963
1207
1195
1043
1215
1211
1083
1095
1271
1159
1139
1071
1207
1187
1219
1011
1135
1007
1115
1099
1107
1047
1163
1107
1059
1139
1127
1079
1087
1219
1011
1171
1211
1103
1207
1159
1211
1211
1179
1263
1095
1047
1107
1059
1191
1023
1087
1019
1087
1123
1159
1023
1111
1019
1147
1131
1183
987
1255
1047
1159
1015
1119
1043
1263
1199
1043
1215
1143
1231
1063
991
1159
1027
1063
1083
1123
1191
1099
1051
1175
1031
1171
1119
1119
1035
1231
1143
1015
1155
1151
1091
1187
1191
1151
1019
1155
1019
1283
1147
1167
1091
1031
1007
455
0
1415
1011
275
699
