775
783
785
774
773
774
781
617
785
620
781
783
779
784
774
783
787
623
785
618
789
783
778
778
785
618
783
779
774
774
779
779
783
779
783
619
774
773
774
781
789
773
783
621
783
778
775
619
783
617
777
623
783
617
783
777
777
777
779
783
787
785
777
619
777
774
783
618
771
777
777
775
774
622
783
617
787
783
774
622
778
780
779
778
779
772
774
783
774
787
779
783
783
623
783
617
783
781
783
619
774
627
778
622
779
623
779
774
775
779
777
773
783
778
773
779
778
773
777
774
777
617
787
787
775
619
778
619
774
783
773
618
779
780
783
779
785
779
782
627
781
779
782
773
779
774
773
617
773
623
777
625
787
627
783
623
774
623
777
617
787
617
779
631
774
618
777
783
777
618
780
782
783
623
782
777
779
779
777
781
778
783
782
783
779
781
773
622
787
623
777
617
779
781
783
773
785
623
783
622
774
620
782
791
778
773
773
778
779
777
783
619
777
783
779
627
781
627
783
775
774
779
783
774
792
777
783
619
782
621
783
627
787
783
779
773
774
783
783
618
775
777
787
623
774
627
783
623
787
783
777
773
787
778
777
779
773
779
778
627
773
780
783
618
774
777
774
779
775
778
781
618
777
779
774
778
773
623
777
621
773
773
781
774
783
619
783
773
782
783
780
623
774
779
779
619
783
778
778
774
774
780
779
622
781
774
774
775
781
627
774
779
773
779
782
783
779
775
783
623
775
774
774
617
779
781
773
630
778
774
777
781
775
773
779
627
783
621
783
783
778
779
783
774
777
783
777
621
779
779
774
618
774
619
774
772
774
785
783
774
783
777
779
779
778
783
774
617
777
783
778
783
783
783
772
619
779
783
779
778
775
623
781
625
781
783
779
781
773
787
787
775
775
773
787
787
779
787
779
619
774
787
785
775
782
774
783
627
778
618
783
783
777
781
779
621
773
623
781
619
783
617
781
627
783
779
783
779
778
783
787
781
782
623
779
623
774
621
783
617
783
621
783
627
783
618
771
627
778
787
781
618
779
777
779
783
773
788
785
778
777
779
779
623
779
779
774
617
772
621
779
617
774
781
773
627
783
783
778
783
779
615
783
774
774
779
773
779
787
777
775
781
774
627
774
773
783
783
779
783
787
783
778
617
782
775
774
774
777
623
779
774
778
775
783
781
783
787
773
783
779
774
774
774
778
787
779
779
774
774
781
773
779
783
779
777
778
774
774
779
783
773
781
783
774
782
783
778
773
773
774
785
773
783
775
779
779
773
783
779
773
774
775
775
773
778
779
774
778
787
774
774
774
774
779
774
779
777
774
787
779
783
774
777
777
775
782
774
774
773
773
778
785
773
787
783
787
777
777
772
774
775
783
783
777
774
779
778
787
779
783
777
777
783
777
791
781
783
783
783
783
783
783
783
783
783
783
783
783
783
783
783
783
783
783
783
783
783
783
783
783
783
783
785
781
779
777
787
784
779
775
779
787
779
777
779
778
775
778
785
779
775
777
780
787
774
774
782
783
779
781
777
774
787
783
779
777
781
773
775
775
773
774
785
773
791
773
774
774
779
777
783
775
781
773
775
776
783
783
787
774
777
781
773
777
779
779
785
783
775
779
775
782
774
787
783
783
781
781
774
777
774
775
779
783
783
774
775
771
779
774
779
775
783
777
779
779
787
781
778
774
779
781
783
779
774
773
783
779
783
778
779
777
774
780
774
778
787
783
779
783
777
775
775
779
775
779
784
774
781
778
774
785
785
777
779
779
775
774
784
775
773
775
781
778
773
773
779
774
774
787
778
774
777
787
779
775
777
775
783
777
774
779
778
785
787
783
781
774
787
777
774
777
779
783
777
778
777
783
773
775
785
779
779
779
785
778
774
775
788
783
787
783
775
781
787
779
770
783
774
779
774
775
777
774
783
785
777
778
774
780
774
787
779
783
778
775
781
785
784
780
778
783
785
783
775
777
774
783
775
787
779
778
789
781
779
778
784
777
773
783
774
774
783
785
785
781
787
783
778
779
779
783
774
774
787
783
779
774
787
774
778
773
778
781
783
780
783
783
783
781
783
778
783
774
779
781
777
778
784
787
781
785
778
786
779
785
774
774
783
783
773
787
779
783
778
779
779
778
783
778
787
777
779
783
774
783
778
783
779
777
778
779
779
785
778
783
787
783
778
775
787
778
783
779
781
779
783
781
774
781
773
777
774
781
774
779
779
782
779
781
785
783
783
774
783
783
787
774
779
783
779
783
783
781
783
781
783
781
779
781
779
783
779
779
779
779
774
776
779
783
783
777
777
775
777
779
781
1143
146
0
906
2114
523
