1039
1043
1039
775
1042
1031
1042
1043
1039
1035
1043
1043
1043
1039
1042
1043
1039
1043
1042
783
1043
1043
1043
1039
1031
1046
1043
1039
1042
1039
1043
1042
1031
1042
1043
1043
1031
1035
1027
1039
1039
1043
1043
1031
1043
1031
1043
1043
1035
1038
1043
1039
1042
1039
1031
1031
1035
775
1042
1043
1043
1043
1043
1043
1035
1043
1039
1031
1031
1043
1043
779
1027
1031
1043
1031
1042
1043
1043
1043
1043
1031
1042
1039
1031
1043
1047
783
1043
1043
1039
1038
1039
1035
1039
1039
1035
783
1027
775
1035
1043
1039
1035
1043
783
1043
1043
1043
1043
1043
1043
1043
1043
1042
779
1039
1043
1039
1039
1043
1039
1043
775
1043
1043
1038
783
1043
1042
1043
1043
1043
1035
1031
1039
1039
1047
1043
1039
1039
1043
1035
1038
1039
1035
1043
1035
1043
1043
1035
1031
1042
1039
1043
1043
1035
1043
1039
1043
1042
1043
1039
1043
1039
1043
1035
782
1039
1043
1043
1039
1027
1027
1038
783
1042
779
1035
787
1031
779
1039
787
1042
783
1027
1035
1043
1043
1039
1039
1042
1042
1043
1031
1043
1035
1043
1043
1031
1047
1043
1043
1042
775
1039
1031
1039
783
1039
1039
1039
783
1043
1043
1039
1043
1043
1043
1043
1039
1035
1043
1035
1035
1039
1043
1039
1043
1043
1047
1039
1035
1039
1043
1035
1035
1039
775
1031
1031
1042
1042
1043
1039
1043
771
1035
1035
1031
1035
1039
1031
1039
1035
1043
783
1042
1043
1043
1043
1043
783
1039
1031
1043
1039
1043
782
1043
1043
1043
778
1035
1042
1035
779
1035
1035
1043
1039
1043
1042
1042
1043
1039
1039
1043
1039
1043
783
1043
783
1043
782
1031
1043
1027
1043
1043
1043
1031
1043
1035
1035
1039
1042
1039
1039
1043
1035
1043
774
1039
1043
1043
1039
1039
779
1042
1039
1043
782
1039
1039
1042
1031
1027
1039
1039
1043
1039
1043
1043
1039
1047
1043
1043
1043
1039
1043
1038
1039
1039
1031
1043
1043
1043
1035
1031
1027
1039
1039
1035
1043
1031
1043
1043
1043
1039
1035
1031
1035
1047
1039
1039
1043
1039
1039
1043
1043
1043
1031
1043
1038
1034
1042
1039
1035
1046
1035
1039
1039
1043
779
1039
1043
1043
1043
1039
1039
1039
1047
1035
1043
1043
1043
1031
771
1043
1042
1042
783
1043
782
1039
1035
1042
1043
1027
782
1035
1042
1031
1039
1038
1039
1039
1043
1039
1043
1043
775
1043
1039
1043
1039
1039
783
1039
1039
1039
1043
1047
1039
1043
1035
1031
779
1039
1043
1043
1031
1042
779
1043
1031
1035
1039
1043
1043
1039
1031
1043
787
1047
1039
1043
1043
1039
1031
1039
1047
1043
1047
1039
1039
1039
1031
1039
775
1031
1043
1043
1039
1047
1031
1043
1043
1043
1042
1046
786
1043
1043
1031
1043
1039
1031
1042
1043
1039
1039
1042
779
1031
1039
1039
1043
1047
1042
1047
1035
1039
1035
1039
1035
1035
1043
1043
1039
1042
1039
1043
1035
1043
1039
1043
1039
1043
1035
1038
1042
1039
1031
1027
1035
1035
1042
1043
1043
1043
1039
1039
1035
1035
1039
1039
1042
1042
1031
1039
1039
1042
1047
1031
1035
1043
1027
1039
1043
1031
1042
1039
1043
1035
1043
1039
1039
1039
1027
1035
1042
1035
1039
1035
1039
1039
1043
1039
1039
1035
1039
1039
1043
1039
1042
1039
1039
1039
1042
1035
1038
1035
1043
1047
1035
1027
1043
1031
1043
1035
1043
1031
1042
1043
1043
1039
1043
1039
1039
1031
1034
1038
1042
1039
1043
1043
1047
1035
1035
1043
1039
1039
539
539
539
539
539
539
539
539
539
539
539
539
539
539
539
539
539
539
539
539
539
539
539
539
539
1635
1035
1035
1039
1043
1039
1039
1035
1035
1039
1043
1043
1043
1043
1035
1035
1042
1034
1039
1031
1043
1034
1038
1043
1031
1039
1035
1039
1039
1043
1042
1035
1039
1038
1038
1035
1038
1035
1039
1043
1039
1031
1043
1039
1043
1038
1043
1035
1043
1039
1042
1039
1039
1043
1035
1035
1047
1042
1035
1042
1039
1039
1043
1039
1043
1035
1038
1039
1043
1039
1043
1043
1039
1039
1043
1042
1038
1042
1043
1039
1043
1043
1043
1035
1039
1043
1047
1031
1043
1043
1039
1031
1038
1038
1043
1043
1035
1043
1042
1035
1039
1042
1047
1042
1043
1043
1046
1043
1043
1043
1039
1038
1039
1039
1043
1043
1035
1039
1039
1043
1043
1043
1031
1042
1042
1035
1043
1039
1039
1042
1031
1039
1042
1035
1043
1039
1043
1039
1035
1047
1043
1035
1039
1035
1039
1042
1043
1039
1043
1031
1039
1039
1027
1039
1047
1042
1043
1034
1043
1039
1035
1042
1043
1039
1035
1043
1043
1043
1043
1043
1043
1039
1038
1039
1039
1042
1043
1039
1027
1043
1039
1043
1043
1039
1043
1039
1043
1039
1042
1043
1035
1035
1047
1043
1042
1042
1042
1042
1039
1042
1047
1043
1039
1039
1042
1043
1031
1042
1039
1043
1039
1039
1047
1043
1039
1039
1027
1039
1039
1035
1039
1043
1043
1035
1043
1043
1031
1042
1035
1043
1031
1031
1043
1038
1035
1043
1042
1042
1039
1043
1039
1034
1039
1043
1043
1043
1031
1031
1027
1031
1047
1039
1035
1035
1043
1043
1039
1043
1039
1031
1043
1047
1043
1039
1035
1035
1031
1035
1035
1039
1043
1039
1042
1043
1042
1042
1043
1043
1039
1043
1035
1042
1035
1043
1039
1042
1039
1042
1039
1039
1043
1039
1039
1043
1043
1043
1035
1047
1031
1038
1035
1039
1031
1043
1042
1043
1043
1043
1039
1042
1043
1034
1039
1031
1043
1043
1043
1039
1043
1039
1042
1039
1043
1039
1042
1043
1043
1042
1035
1043
1034
1035
1039
1043
1042
1039
1043
1043
1039
1043
1043
1035
1043
1039
1043
1031
1042
1035
1043
1039
1043
1039
1043
1043
1035
1039
1039
1043
1039
1043
1039
1043
1043
1031
1043
1043
1035
1031
1042
1038
1039
1043
1039
1046
1039
1043
1035
1035
0
335
207
1255
1971
351
