1129
906
1127
1129
1134
1131
1127
1128
1129
1127
1129
1127
1130
1129
1130
1123
1130
1129
1127
1127
1129
898
1131
1130
1135
1129
1129
1129
1131
905
1130
1129
1123
1127
1129
1128
1130
903
1130
1128
1130
907
1129
1131
1130
1131
1130
899
1126
1130
1123
1130
1129
905
1127
1129
1134
1125
1130
903
1134
1129
1129
906
1127
1127
1130
906
1127
905
1127
898
1129
1129
1129
903
1127
1131
1126
902
1127
1129
1134
906
1123
1131
1127
1130
1128
905
1127
1125
1130
1134
1129
903
1130
910
1127
1123
1131
1123
1131
905
1123
905
1128
1130
1129
1131
1130
899
1130
1127
1131
906
1127
905
1130
905
1127
1129
1126
1129
1123
1129
1131
903
1130
1130
1130
903
1127
899
1129
1129
1128
1127
1127
1128
1127
1130
1129
899
1130
1129
1130
1130
1129
1127
1130
891
1127
1127
1129
1130
1127
1129
1130
903
1129
899
1123
895
1123
1127
1130
899
1119
1127
1128
1127
1138
1129
1129
902
1127
903
1126
905
1127
902
1129
1129
1128
905
1129
903
1130
910
1126
899
1123
905
1130
1129
1129
1129
1129
1127
1127
899
1130
1129
1129
901
1130
1127
1129
905
1127
899
1131
898
1127
904
1123
1127
1129
899
1128
1123
1130
910
1129
1119
1130
905
1131
1127
1127
903
1130
1130
1129
906
1134
903
1126
903
1129
1123
1127
1129
1130
1123
1119
907
1129
1130
1129
1115
1129
1129
1127
905
1127
899
1123
1127
1134
1129
1123
1127
1129
1127
1129
905
1129
903
1130
1123
1129
904
1129
905
1131
1127
1130
902
1127
905
1129
1130
1129
1119
1135
1130
1129
903
1131
1127
1131
1131
1129
905
1129
1126
1131
1126
1131
903
1129
905
1129
903
1129
906
1129
903
1129
899
1127
1131
1130
1130
1127
1129
1123
1135
1126
1129
1119
1127
1130
1127
1123
1129
1127
1130
1127
1127
1129
911
1127
1129
1128
1129
1127
906
1129
903
1126
906
1135
899
1123
905
1127
1128
1123
1130
1129
1123
1130
1127
1131
1123
1129
903
1133
1129
1123
1131
1128
905
1130
905
1123
1127
1127
903
1129
1131
1133
905
1129
1127
1129
1127
1129
1131
1127
1130
1128
903
1128
1127
1129
905
1129
1130
1130
1130
1131
905
1130
903
1129
1130
1130
1131
1127
1134
1129
1129
1127
1126
1129
1130
1130
1127
1127
1127
1127
903
1129
906
1128
1128
1134
1127
1129
907
1127
1127
1130
1129
1130
903
1129
1131
1130
903
1131
903
1130
1130
1134
1126
1129
1123
1130
907
1127
1129
1129
899
1129
1130
1127
907
1129
903
1127
903
1133
1126
1129
1130
1130
905
1130
1127
1129
903
1126
1129
1133
903
1129
898
1126
1123
1130
902
1131
1129
1130
905
1129
911
1128
903
1127
903
1130
1130
1127
1127
1128
906
1129
1135
1129
904
1129
1127
1126
1130
1131
1129
1129
1127
1128
1130
1129
1131
1126
1127
1135
1134
1129
1130
1129
1127
1127
1127
1135
1129
1129
1131
1130
1131
1122
1130
1135
1127
1127
1129
1127
1131
1129
1128
1130
1127
1130
1129
1123
1139
1131
1130
1123
1130
1129
1127
1127
1127
1127
1127
1129
1129
1129
1129
1131
1127
1127
1130
1119
1127
1131
1123
1130
1130
1129
1128
1130
1127
1129
1127
1119
1126
1129
1119
1125
1129
1131
1130
1126
1130
1130
1135
1129
1127
1127
1123
1131
1129
1123
1129
1127
1126
1129
1129
1127
1127
1129
1126
1129
1127
1129
1130
1126
1135
1129
1129
1128
1134
1131
1127
1127
1124
1127
1127
1129
1134
1134
1134
1134
1134
1134
1134
1134
1134
1134
1134
1134
1134
1134
1134
1134
1134
1134
1134
1134
1134
1134
1134
1134
1134
665
1127
1130
1129
1125
1127
1119
1127
1123
1130
1127
1127
1129
1123
1123
1123
1126
1129
1129
1129
1129
1131
1130
1129
1130
1127
1127
1118
1119
1129
1130
1125
1129
1123
1130
1128
1131
1119
1127
1123
1127
1129
1128
1130
1128
1129
1130
1127
1139
1115
1127
1127
1127
1130
1127
1128
1129
1126
1123
1129
1129
1127
1129
1131
1127
1127
1123
1129
1122
1127
1129
1131
1119
1123
1130
1127
1130
1131
1130
1129
1130
1128
1129
1126
1127
1127
1129
1129
904
1129
1130
1129
1127
1127
1127
1127
1131
1131
1111
1127
1130
1123
1127
1129
1129
1130
1129
1128
1126
1131
1127
1129
1129
1127
1123
1129
1127
1127
1129
1130
1131
1130
1124
1127
1128
1129
1131
1129
1128
1123
1129
1129
1131
1129
1127
1127
1130
1127
1129
1127
1130
1135
1127
1129
1127
1128
1129
1131
1127
1129
1131
1127
1130
1129
1129
1131
1129
1126
1129
1127
1130
1127
1127
1131
1127
1130
1127
1130
1131
1126
1130
1127
1131
1127
1130
1129
1123
1123
1131
1129
1130
1127
1129
1127
1129
1131
1129
1129
1128
1128
1131
1127
1129
1130
1133
1129
1130
1131
1131
1129
1128
1131
1119
1131
1129
1127
1129
1127
1129
1130
1125
1129
1130
1138
1129
1127
1134
1130
1129
1124
1129
1130
1130
1127
1129
1127
1127
1129
1130
1130
1128
1126
1127
904
1129
1131
1127
1129
1135
1129
1129
1126
1127
1127
1129
1126
1130
1131
1123
1130
1133
1130
1135
1131
1123
1135
1127
1129
1130
1123
1129
1127
1129
1130
1130
1130
1127
1131
1128
1130
1128
1129
1131
1130
1130
1126
1129
1130
1119
1119
1127
1119
1131
1130
1135
1130
1123
1130
1134
1135
1129
1127
1130
1131
1135
1124
1123
1127
1128
1129
1130
1129
1130
1123
1123
1127
1129
1130
1129
1123
1127
1129
1131
1123
1129
1132
1128
1129
1123
1127
1130
1130
1123
1130
1130
1126
1130
1129
1129
1131
1127
1129
1127
1127
1129
1129
1127
1129
1127
1128
1127
1129
1129
1123
1129
1131
1127
1131
1130
1129
1122
1131
1131
1129
1130
1129
1131
1131
1127
1131
1130
1123
1129
1127
1129
1130
1127
1129
1125
1123
1127
1127
1131
1129
1130
1129
1115
1127
522
178
583
0
1589
426
