775
771
775
770
774
775
775
773
778
775
779
778
775
774
775
767
777
619
771
775
781
775
768
772
778
619
774
778
773
773
775
622
767
775
779
778
771
775
767
774
767
774
773
767
778
771
769
774
774
767
778
774
767
779
767
767
773
769
775
778
775
774
774
778
774
774
768
773
771
774
769
774
775
771
778
778
770
775
774
622
767
615
775
770
775
773
773
775
775
778
771
773
774
771
777
773
767
769
770
771
767
767
774
770
773
778
775
767
767
775
775
771
778
778
778
621
771
767
769
773
771
769
773
617
770
778
775
615
769
774
771
775
767
779
771
771
778
779
775
774
777
767
771
768
771
775
773
773
778
775
773
774
775
773
771
771
768
774
771
774
773
778
769
771
777
775
774
775
775
774
773
769
774
774
775
774
775
775
774
774
778
775
774
771
767
775
775
778
773
774
774
774
769
619
773
769
773
774
771
773
777
774
771
771
772
773
771
775
767
775
765
767
773
779
770
769
774
778
775
771
774
771
775
775
773
615
769
771
775
619
778
772
775
769
773
775
771
773
770
775
774
775
775
775
774
775
775
775
775
774
783
778
773
775
768
774
774
775
774
774
775
767
778
771
774
771
774
775
774
771
772
771
778
771
769
767
777
769
773
779
767
773
774
773
769
774
775
775
779
773
770
779
779
767
774
774
768
775
774
774
773
767
773
774
774
771
775
774
767
767
768
776
774
775
771
773
773
767
770
777
769
773
767
771
775
622
778
775
774
779
775
777
773
771
775
778
768
775
777
773
777
773
763
767
771
770
775
777
774
773
778
769
770
775
775
767
775
773
768
769
767
773
769
770
773
774
771
618
775
774
777
617
775
774
775
773
778
771
767
771
767
771
775
771
778
767
773
767
778
774
772
771
769
774
770
778
773
773
775
775
778
773
771
777
771
777
774
774
774
767
773
775
774
768
767
779
775
773
774
775
775
778
779
775
775
775
777
773
773
767
775
778
773
767
775
771
767
770
778
773
767
775
773
767
775
774
767
774
773
773
775
775
778
767
771
778
775
767
771
771
775
775
769
774
775
771
773
775
774
773
771
775
774
778
769
767
774
771
765
774
773
771
765
769
776
774
775
771
769
775
775
775
774
771
774
775
773
773
773
765
769
775
775
773
773
775
782
773
777
778
769
771
773
771
774
775
773
777
777
767
777
775
774
774
777
775
774
777
775
773
771
778
775
771
777
777
771
775
774
771
775
769
774
773
778
778
772
775
767
778
775
775
775
773
775
773
773
771
778
775
777
767
774
772
774
773
772
775
775
775
774
771
773
775
773
774
767
771
771
772
773
771
775
778
771
774
768
769
771
771
774
775
769
773
771
773
774
774
777
767
779
769
767
771
769
768
771
769
775
778
782
769
775
775
775
775
775
767
769
775
773
771
767
771
775
775
775
773
763
775
775
775
775
774
769
778
775
771
774
774
775
774
770
777
772
779
774
773
778
773
775
777
767
767
775
773
778
769
775
769
769
767
777
774
775
767
771
772
769
777
772
775
775
767
778
783
777
778
782
779
775
774
774
767
767
765
767
775
770
775
771
769
771
774
774
768
768
775
771
775
768
773
775
767
767
775
769
775
778
771
773
778
775
771
773
774
775
775
775
774
770
774
768
771
769
773
775
771
775
773
771
778
773
767
774
770
769
773
777
769
778
782
781
775
776
778
775
775
778
774
775
778
775
773
771
778
775
775
778
778
769
775
774
771
774
777
779
775
767
771
769
775
781
774
771
773
774
767
767
774
773
775
779
775
767
775
771
769
763
778
774
774
768
777
778
775
770
782
772
767
774
775
772
768
769
773
767
775
775
770
775
767
768
771
775
774
768
774
771
775
769
775
774
773
774
767
775
774
774
775
769
769
775
769
767
774
775
775
775
774
767
771
778
769
771
769
774
775
765
775
775
773
775
779
773
771
775
774
773
775
775
767
775
775
767
775
775
775
775
769
774
770
769
769
767
775
761
771
771
776
775
772
771
778
769
777
767
767
779
774
773
775
778
775
775
775
775
774
773
777
769
771
767
771
767
775
773
774
779
775
775
771
773
774
772
775
775
774
771
775
775
773
775
775
778
773
775
769
769
775
769
767
767
775
773
773
774
763
775
773
767
775
767
778
767
777
775
778
775
778
769
771
769
771
775
778
773
773
769
775
775
775
775
775
775
773
778
778
771
775
769
769
773
775
778
773
773
778
767
769
773
767
771
775
774
769
778
774
774
771
775
775
767
775
772
775
775
775
769
773
769
777
771
771
767
778
773
771
774
773
773
767
767
769
773
773
767
773
406
1409
1570
653
994
1639
