1059
1067
1057
1058
1066
1061
1067
1066
1066
1056
1056
1066
1060
1066
1066
1058
1066
1056
1067
1064
1057
1065
1065
1060
1060
1056
1067
1067
1067
1061
1064
1066
1061
1057
1067
1057
1063
1055
1060
1063
1052
1057
1065
1057
1067
1065
1064
1061
1066
1063
1066
1065
1067
1066
1064
1056
1065
1056
1061
1064
1067
1063
1056
1067
1055
1067
1059
1067
1067
1059
1060
1064
1061
1065
1066
1061
1057
1055
1066
1066
1061
1068
1061
1056
1057
1064
1066
1066
1063
1056
1056
1066
1056
1066
1068
1059
1067
1067
1060
1056
1066
1066
1061
1065
1063
1057
1066
1066
1067
1057
1061
1061
1066
1071
1055
1055
1067
1063
1063
1059
1060
1061
1067
1055
1063
1066
1066
1067
1066
1061
1066
1067
1067
1059
1063
1066
1067
1061
1060
1060
1057
1061
1062
1066
1063
1059
1057
1056
1067
1056
1066
1060
1067
1064
1066
1061
1060
1066
1059
1062
1060
1067
1066
1067
1066
1066
1063
1066
1060
1067
1056
1060
1060
1067
1066
1067
1065
1066
1066
1060
1055
1063
1067
1061
1066
1055
1061
1057
1066
1055
1056
1056
1056
1057
1065
1060
1057
1057
1067
1067
1066
1055
1066
1065
1061
1067
1067
1067
1056
1066
1066
1057
1056
1066
1061
1061
1058
1066
1066
1056
1066
1063
1061
1066
1066
1052
1066
1060
1063
1066
1062
1067
1066
1067
1057
1060
1060
1065
1059
1057
1056
1061
1069
1065
1057
1060
1061
1056
1057
1056
1063
1063
1060
1057
1062
1067
1056
1065
1066
1066
1067
1063
1066
1061
1055
1066
1065
1059
1057
1062
1066
1061
1067
1066
1057
1065
1062
1066
1065
1057
1056
1056
1057
1056
1067
1060
1056
1062
1066
1066
1061
1066
1060
1063
1061
1060
1066
1052
1056
1064
1056
1067
1066
1061
1064
1066
1056
1063
1066
1063
1067
1064
1063
1063
1052
1061
1061
1060
1063
1066
1066
1057
1066
1066
1066
1067
1066
1060
1066
1067
1056
1072
1061
1063
1060
1067
1052
1061
1066
1061
1063
1060
1056
1065
1067
1058
1056
1066
1063
1065
1057
1067
1059
1060
1066
1059
1066
1057
1066
1060
1062
1057
1063
1056
1061
1065
1063
1061
1063
1066
1061
1067
1065
1067
1064
1066
1056
1063
1061
1067
1060
1065
1067
1066
1065
1067
1057
1061
1066
1063
1063
1057
1060
1067
1060
1067
1060
1056
1067
1061
1065
1064
1067
1066
1066
1066
1066
1067
1063
1065
1060
1065
1066
1057
1059
1056
1066
1063
1067
1066
1065
1055
1057
1066
1067
1067
1067
1055
1063
1059
1057
1061
1061
1063
1060
1060
1055
1064
1061
1067
1065
1061
1065
1066
1061
1064
1067
1066
1068
1060
1066
1067
1055
1065
1067
1062
1065
1067
1059
1057
1065
1057
1057
1059
1067
1064
1062
1066
1056
1064
1066
1066
1066
1060
1056
1066
1066
1056
1061
1057
1056
1065
1072
1067
1063
1057
1057
1056
1066
1066
1063
1060
1061
1066
1065
1060
1057
1065
1060
1061
1065
1057
1047
1065
1068
1066
1061
1057
1059
1061
1057
1063
1052
1060
1057
1062
1060
1060
1062
1063
1066
1061
1066
1066
1057
1067
1066
1061
1063
1068
1063
1056
1061
1057
1063
1061
1059
1062
1056
1066
1065
1053
1063
1062
1066
1061
1059
1066
1065
1059
1060
1061
1066
1061
1059
1060
1059
1066
1062
1066
1065
1061
1058
1057
1066
1067
1063
1060
1065
1060
1061
1063
1056
1066
1057
1065
1057
1060
1061
1059
1067
1066
1060
1067
1065
1055
1059
1062
1066
1055
1048
1061
1063
1062
1062
1059
1063
1057
1060
1066
1065
1057
1061
1059
1062
1070
1066
1064
1065
1064
1071
1067
1061
1060
1065
1066
1070
1066
1066
1066
1066
1066
1066
1066
1066
1066
1066
1066
1066
1066
1066
1066
1066
1066
1066
1066
1066
1066
1066
1066
1066
1066
1066
1062
1058
1068
1063
1060
1071
1061
1070
1067
1057
1061
1066
1068
1064
1058
1061
1061
1067
1060
1067
1061
1062
1065
1063
1064
1059
1067
1051
1071
1066
1066
1071
1066
1056
1060
1065
1060
1063
1067
1066
1057
1061
1064
1066
1062
1067
1066
1057
1057
1061
1066
1056
1067
1067
1059
1059
1061
1066
1067
1063
1067
1057
1064
1061
1063
1063
1060
1059
1057
1067
1056
1066
1067
1062
1061
1067
1057
1063
1066
1067
1065
1063
1064
1067
1061
1056
1066
1059
1062
1066
1068
1056
1060
1064
1066
1063
1067
1067
1057
1057
1056
1064
1061
1067
1061
1061
1060
1066
1067
1056
1059
1056
1063
1057
1063
1068
1065
1060
1067
1066
1066
1065
1066
1062
1067
1066
1066
1060
1066
1065
1057
1060
1059
1056
1059
1063
1060
1061
1066
1065
1060
1067
1067
1057
1061
1067
1056
1061
1060
1060
1066
1063
1063
1057
1066
1069
1067
1067
1062
1063
1059
1059
1060
1067
1066
1066
1063
1060
1067
1063
1060
1062
1067
1061
1067
1064
1056
1061
1067
1061
1067
1065
1066
1067
1066
1067
1067
1066
1066
1066
1067
1066
1062
1067
1067
1061
1066
1062
1067
1067
1066
1066
1066
1057
1060
1057
1067
1064
1061
1060
1061
1066
1061
1060
1056
1064
1066
1066
1056
1067
1067
1056
1066
1056
1052
1063
1061
1066
1060
1055
1062
1065
1063
1052
1059
1061
1056
1066
1066
1063
1060
1059
1061
1060
1056
1066
1066
1062
1062
1065
1067
1066
1066
1056
1061
1066
1066
1061
1065
1061
1063
1066
1061
1067
1056
1057
1066
1061
1061
1060
1065
1067
1065
1066
1061
1059
1057
1060
1060
1065
1067
1061
1067
1061
1067
1059
1066
1066
1066
1066
1065
1063
1056
1056
1058
1067
1057
1066
1061
1066
1057
1055
1067
1063
1066
1067
1062
1067
1066
1059
1059
1065
1061
1066
1061
1060
1067
1064
1067
1059
1067
1057
1065
1063
1066
1057
1066
1057
1056
1067
1066
1065
1067
1066
1061
1066
1061
1057
1064
1066
1061
1066
1066
1067
1056
1066
1065
1063
1061
1065
1061
1060
1056
1067
1066
1056
1065
1057
1066
1061
1065
1062
1063
1061
1062
1056
1067
1060
1059
1066
1064
1061
1066
1065
1066
494
0
902
1855
1329
884
