627
627
625
627
627
626
625
632
627
633
623
631
619
630
629
631
631
626
629
626
630
625
625
631
625
624
633
631
629
635
629
631
631
629
629
633
631
627
630
623
631
635
631
627
625
631
625
631
630
625
629
627
625
629
626
631
627
631
629
627
627
629
623
630
627
631
629
626
628
625
631
630
630
627
630
630
630
630
623
631
627
626
630
624
630
625
628
625
630
627
631
632
630
631
627
632
630
631
629
629
630
624
631
625
630
625
627
625
627
630
629
621
630
629
627
629
626
625
630
627
625
625
626
625
630
635
630
627
631
631
623
630
630
625
624
625
627
627
625
621
630
631
634
631
625
627
631
631
627
629
623
625
629
626
630
631
625
627
623
630
623
631
626
631
627
619
631
619
625
621
630
630
627
630
630
626
627
630
623
625
629
625
629
629
632
631
631
627
630
627
631
627
631
624
626
635
627
625
630
630
629
635
623
625
629
631
630
631
631
626
625
629
629
630
627
627
630
630
630
629
630
630
625
625
627
630
630
625
635
625
631
635
631
626
630
625
631
623
624
627
630
630
630
631
621
627
630
630
627
631
630
628
626
625
627
623
631
631
631
630
630
630
630
630
630
628
634
625
631
631
631
625
630
630
631
621
633
625
627
629
634
623
631
630
631
631
630
631
624
631
629
630
631
627
631
631
635
627
631
625
630
630
629
630
626
631
633
631
625
632
625
635
625
625
630
625
629
631
631
627
630
631
629
630
625
623
630
625
629
629
623
625
630
624
631
626
630
623
631
631
631
627
627
631
635
630
631
631
631
628
631
627
631
627
631
631
632
635
631
627
631
627
627
628
631
630
630
623
625
630
627
631
630
631
631
630
626
629
631
630
630
625
627
631
631
631
630
630
630
630
630
631
625
627
629
630
631
631
630
630
627
631
625
621
632
629
626
630
631
627
635
625
626
627
627
635
630
630
631
630
632
631
635
627
629
631
631
629
629
625
630
627
627
627
630
621
631
633
628
623
630
625
627
625
631
631
629
625
630
629
629
627
631
630
630
631
627
629
627
629
626
625
625
635
631
630
627
625
629
630
623
627
629
629
631
630
629
631
631
630
630
623
631
627
631
630
631
631
629
627
625
623
631
623
627
631
628
631
623
627
625
625
631
625
631
631
625
623
629
627
627
631
625
630
629
625
625
630
631
625
629
627
627
627
630
629
631
633
627
635
627
627
629
625
630
623
625
629
631
629
631
632
628
628
627
629
631
631
632
631
625
630
627
634
631
633
628
627
630
627
630
623
629
627
625
630
631
631
628
630
625
625
629
631
630
631
627
630
625
623
630
629
627
630
635
630
627
628
631
629
626
625
627
623
631
629
631
626
630
634
624
630
627
630
630
623
630
631
631
629
624
631
631
631
627
634
629
629
629
629
630
630
627
629
630
628
623
631
625
631
631
623
630
630
623
625
628
629
630
627
625
631
624
627
627
629
629
630
628
625
629
629
631
630
630
631
631
623
631
630
626
625
630
630
630
627
630
625
625
631
631
626
626
630
627
629
635
627
630
631
625
630
631
625
625
630
627
631
627
629
630
631
625
627
629
634
627
634
625
630
627
631
630
630
625
625
631
627
631
631
631
628
631
629
626
625
631
624
627
628
631
627
627
631
631
626
632
629
625
631
625
631
631
623
628
630
627
631
631
631
631
629
630
627
631
625
626
631
630
631
632
630
630
630
627
625
630
631
631
630
625
627
630
629
635
626
634
621
629
627
631
631
632
630
631
631
623
628
630
627
633
631
629
627
625
630
629
629
633
630
629
634
635
627
631
630
630
625
628
627
633
625
630
627
629
625
631
631
630
635
631
626
630
631
627
630
626
629
631
628
627
627
629
626
625
631
627
625
628
635
630
625
630
629
633
630
629
627
626
630
629
629
631
633
629
627
629
629
631
627
623
623
631
628
631
629
629
631
630
629
630
629
625
627
627
630
623
628
625
631
628
630
631
619
628
630
630
623
630
631
630
631
633
630
630
626
625
624
632
625
633
627
630
629
629
625
631
630
625
627
631
630
631
629
631
631
623
625
631
624
635
625
625
625
627
631
630
627
631
631
631
630
626
631
629
629
631
621
625
631
627
631
629
631
631
625
629
629
630
626
631
630
630
625
631
630
633
631
633
629
634
632
631
625
633
624
630
634
626
630
627
623
625
625
627
627
631
627
631
631
626
630
631
627
629
631
627
631
629
630
630
630
635
629
630
630
630
631
627
627
625
632
627
630
631
627
623
631
627
627
630
627
632
625
629
625
631
629
630
629
631
624
629
630
631
625
628
625
699
1075
67
0
593
208
