883
879
883
883
883
883
883
883
878
883
879
878
890
883
890
887
883
887
890
883
883
883
887
883
879
883
887
882
889
887
883
883
887
874
894
883
879
883
875
883
879
883
883
883
883
879
887
883
883
879
883
882
891
879
883
878
887
883
883
881
887
879
882
883
883
874
883
883
886
883
883
887
889
883
883
882
890
886
883
883
883
883
883
883
883
879
887
883
886
890
889
887
883
883
883
883
882
883
890
890
883
882
883
883
883
878
887
894
883
883
883
885
879
878
879
883
881
889
883
879
883
883
891
894
883
878
883
874
883
883
889
879
887
883
878
894
883
879
883
879
885
883
890
885
883
878
886
882
883
883
879
879
878
883
889
887
894
878
883
883
887
878
879
883
883
883
887
883
883
883
883
883
879
883
883
883
878
886
883
882
883
882
891
886
877
887
883
879
883
891
878
883
885
878
882
883
883
879
887
889
889
883
889
883
883
887
887
890
883
883
883
882
889
878
885
890
883
883
882
882
879
879
879
883
883
883
890
878
883
883
883
883
883
887
883
883
890
883
894
889
882
886
882
889
890
887
883
883
890
878
883
883
883
890
890
874
890
874
883
883
883
883
889
887
883
890
887
883
883
883
882
879
883
883
878
883
893
883
887
883
883
883
886
883
883
887
879
883
887
883
889
885
882
885
885
878
883
882
889
886
878
874
890
883
883
875
874
883
883
883
883
883
890
891
883
879
887
887
883
886
878
883
883
887
887
874
883
881
890
883
882
879
883
887
883
887
883
879
879
882
881
883
883
891
887
883
883
889
885
883
882
879
883
879
887
883
883
883
878
875
883
887
890
882
889
885
874
883
883
874
883
883
875
874
883
883
883
883
878
878
883
887
878
878
883
883
883
875
883
883
883
889
887
878
883
887
882
879
879
883
883
883
883
887
883
886
883
883
882
878
878
883
883
881
878
883
886
889
883
883
883
882
886
883
883
879
883
883
883
879
886
886
883
883
878
887
894
887
883
887
879
883
879
883
889
890
886
878
883
883
883
890
874
887
887
883
878
882
878
883
887
886
887
879
878
889
883
883
883
883
886
883
875
883
890
883
887
878
882
883
883
883
882
887
883
877
887
875
883
886
883
883
883
887
878
879
887
879
883
887
879
889
883
887
883
887
883
883
878
882
883
889
883
883
890
887
887
887
883
883
886
883
882
879
883
882
885
878
883
887
883
883
883
883
883
883
883
883
886
882
883
887
883
883
883
883
882
883
883
889
883
883
874
883
883
887
882
883
885
883
890
882
883
883
883
879
883
883
883
882
885
887
883
882
883
883
886
883
883
883
890
889
883
883
882
883
883
883
883
887
886
879
894
883
883
887
883
885
883
883
878
893
881
887
883
878
883
882
883
883
883
883
885
879
883
882
879
882
883
883
881
883
883
883
887
882
883
879
889
874
883
878
883
879
890
883
887
887
878
887
883
883
883
883
883
883
883
883
883
883
889
883
878
887
879
879
883
883
883
879
883
883
883
883
889
883
883
886
885
883
883
887
883
879
883
883
883
879
883
878
883
885
889
883
883
879
887
879
894
879
883
882
883
886
879
889
889
883
883
887
874
890
883
886
889
883
883
883
883
879
883
887
883
879
883
878
883
878
891
883
883
890
889
894
879
882
878
877
879
883
887
887
883
883
885
887
883
875
878
883
883
883
883
879
883
889
885
883
882
879
883
894
886
879
883
893
878
894
883
883
887
882
878
883
883
879
874
883
883
879
883
883
883
878
878
893
883
887
882
883
883
874
889
889
875
883
893
881
883
887
883
883
887
883
891
883
889
883
883
883
887
878
887
883
887
882
883
883
883
883
882
886
883
890
882
887
883
878
883
883
883
883
887
883
882
882
887
886
874
887
893
883
883
883
883
887
883
883
883
879
883
887
883
883
883
878
882
883
879
883
883
878
885
878
878
887
883
879
890
879
883
883
883
883
883
887
883
890
890
883
879
879
894
883
893
883
879
883
894
887
883
883
882
878
887
882
887
883
883
887
887
883
889
883
879
878
887
878
889
883
889
883
886
883
883
887
883
878
883
893
883
883
874
878
883
887
889
883
883
883
874
883
887
891
883
878
889
878
878
878
883
887
887
883
883
887
883
882
878
883
878
883
887
883
886
883
883
890
883
883
883
883
883
882
883
883
882
879
883
887
879
883
874
879
883
883
883
883
883
882
887
883
878
887
886
879
878
874
879
883
883
883
883
887
883
878
883
875
887
885
883
886
883
883
887
883
883
883
883
887
885
883
887
882
887
883
883
883
874
878
887
883
883
885
879
883
883
883
1427
1767
634
990
1495
1310
