287
2239
295
2167
295
2151
291
2179
291
295
291
291
287
231
291
2135
295
2267
291
287
291
2191
291
291
295
2139
299
2135
303
299
291
2131
291
2247
291
2127
291
2127
279
291
291
2143
295
291
287
2111
287
123
295
235
295
2163
295
2175
291
2147
299
295
291
235
295
2147
291
2175
295
2163
291
2179
299
291
291
2251
295
2139
291
2215
291
2119
295
2283
287
291
291
2147
291
291
287
179
291
2179
295
2139
291
2199
295
2207
295
2215
291
2211
291
291
291
291
291
2147
287
291
295
291
291
291
291
2235
323
2267
295
243
291
2175
291
2207
291
2123
291
299
287
2175
327
2127
291
119
287
2179
287
2175
299
2127
295
2163
295
2187
299
2199
295
239
291
123
295
291
287
291
295
2123
291
2227
295
2235
295
287
183
2263
291
2135
299
291
295
2223
291
2199
295
299
295
295
299
2155
291
299
295
2167
291
243
295
2191
291
2207
287
287
287
291
291
2191
299
299
291
2207
291
127
291
2175
291
2175
303
2219
291
2115
291
2119
299
123
291
2163
295
2127
291
2183
291
179
291
2147
303
2135
299
2147
291
2123
303
295
291
2279
299
2115
295
291
295
295
287
2147
295
183
291
2263
291
2171
295
2215
291
187
291
179
287
235
299
2179
291
2291
295
2235
299
2191
287
299
291
187
295
2143
295
287
291
2199
291
2159
287
295
295
2231
291
2311
295
299
287
2115
291
295
291
2139
299
123
291
2183
291
295
299
2143
291
2187
291
295
291
235
295
2187
299
2291
291
287
243
2335
351
2319
291
2243
407
2251
291
2143
291
179
291
2131
291
2231
287
291
291
2147
291
2179
291
2215
299
2195
291
2151
291
2267
291
2147
291
2199
295
291
291
2147
299
291
295
235
291
295
295
2279
295
2139
291
2247
291
291
295
2191
295
235
295
2175
291
2159
295
179
287
2243
295
2275
299
295
303
2191
291
2127
299
295
295
179
295
2191
291
2191
295
2147
287
299
291
2115
291
183
287
2243
291
179
295
127
295
2271
303
291
291
295
287
2191
287
2131
295
291
291
2163
291
179
291
2155
291
2271
299
2199
291
2215
303
2179
291
2171
287
179
295
287
239
2295
291
2151
295
123
291
2295
295
2211
295
2251
295
179
291
2119
295
2167
295
2151
291
291
291
2123
291
2251
295
2207
299
2175
287
2187
295
2163
291
2131
291
2227
299
2139
299
291
299
299
287
2207
291
2283
299
2395
295
2199
299
2143
291
2199
303
2243
291
175
291
127
291
291
291
291
295
299
287
291
299
2207
291
2271
299
291
295
187
291
287
295
295
299
291
291
291
303
291
291
291
295
299
291
291
291
291
295
295
291
299
291
295
295
299
295
295
291
291
291
291
299
303
291
299
299
291
291
291
291
291
291
291
287
287
291
287
295
295
299
295
291
287
295
295
295
291
291
299
299
295
299
295
291
299
295
291
295
287
291
291
291
291
295
295
123
299
291
295
291
291
291
291
295
295
287
295
291
291
291
291
291
291
2275
291
291
287
303
295
295
299
299
291
287
291
295
287
291
291
295
291
291
295
291
295
295
295
295
295
291
295
291
291
295
291
291
295
299
291
299
291
291
299
287
299
291
291
291
299
291
295
295
291
179
291
291
291
295
295
299
291
295
287
303
291
287
291
287
287
291
291
291
295
295
291
287
235
303
295
291
299
287
295
295
291
291
291
179
291
295
291
295
291
295
291
295
295
291
291
287
295
291
295
291
235
299
291
291
291
295
287
291
291
303
291
295
291
295
287
291
287
295
299
291
291
295
295
303
299
303
299
295
291
291
291
291
299
287
295
291
295
291
299
299
295
291
295
291
299
291
291
291
295
295
291
291
299
295
299
295
291
291
295
291
295
299
295
295
291
295
295
291
291
299
295
291
291
295
291
303
2119
287
295
291
287
291
295
291
291
287
291
291
291
291
295
287
291
295
295
291
291
291
287
299
291
291
291
295
287
287
291
295
291
291
291
295
291
295
287
295
291
307
299
291
291
299
291
291
291
179
291
291
291
291
287
299
291
299
295
291
295
303
299
287
287
299
295
291
299
287
287
295
295
291
287
295
287
287
287
291
291
291
291
291
295
291
291
291
291
295
287
287
295
291
295
303
291
291
287
299
291
303
287
287
299
295
287
295
291
295
291
291
303
291
291
291
291
295
291
291
291
295
295
291
291
295
303
299
291
295
295
291
295
287
295
291
295
295
295
295
287
299
299
291
295
291
295
303
303
295
183
291
291
295
299
291
287
291
295
295
303
295
291
291
291
291
287
299
303
299
287
303
299
291
291
299
291
287
299
287
291
291
287
295
291
291
295
291
295
291
291
127
291
291
287
287
299
295
295
299
299
295
291
295
295
299
291
291
291
123
291
299
287
291
287
291
299
287
291
287
295
291
291
291
287
299
299
295
295
291
291
303
295
291
183
291
295
551
367
607
3
1915
1163
