483
483
483
207
487
475
483
483
483
483
479
479
479
491
479
483
483
479
479
387
479
487
483
395
491
479
487
207
483
483
483
2163
483
487
483
475
479
475
483
399
483
487
483
475
475
475
483
475
483
395
479
475
483
483
475
479
491
483
487
491
479
295
479
479
483
483
483
483
479
487
479
2163
487
487
483
479
479
483
487
475
475
483
483
295
475
483
483
2211
483
487
487
479
487
475
483
391
483
483
483
475
479
483
483
303
483
483
475
483
483
487
475
487
483
475
475
475
475
475
483
475
487
483
487
483
479
479
479
479
483
395
483
483
483
487
483
479
479
483
487
207
483
475
483
483
483
475
479
475
475
487
487
487
483
475
475
483
483
483
475
479
479
483
475
479
483
299
479
2183
479
483
479
479
483
475
483
2147
487
483
475
483
483
483
483
483
475
475
487
475
487
487
483
483
483
487
479
483
491
483
483
483
475
479
483
487
483
483
487
483
491
483
487
483
487
483
479
483
475
387
483
479
483
479
483
475
483
479
475
479
483
483
475
479
475
483
483
479
479
483
479
479
483
491
479
479
483
479
479
483
483
487
479
303
487
475
475
483
483
483
479
487
479
475
475
483
483
479
475
295
483
487
475
479
479
395
483
483
483
487
479
479
479
483
475
475
479
475
487
479
479
483
483
207
483
483
479
483
471
483
483
479
475
483
475
483
479
483
483
475
475
483
483
483
475
487
483
483
475
483
479
483
483
483
479
487
483
483
483
483
479
483
487
483
479
491
483
303
483
203
483
483
479
483
479
487
487
483
483
207
483
483
483
479
475
483
483
295
475
483
475
487
487
483
475
491
483
487
483
479
479
483
475
487
483
483
483
483
475
475
479
479
483
487
483
483
475
471
483
483
483
475
479
475
487
483
479
483
483
207
479
483
483
487
487
207
483
483
483
395
483
491
475
487
475
483
483
479
487
479
483
479
475
483
483
487
475
479
483
483
475
307
483
475
479
483
491
487
483
307
483
307
479
487
483
479
483
483
475
483
483
475
483
483
483
479
475
483
475
475
483
475
483
487
483
483
487
483
483
475
483
483
483
479
483
479
479
2187
491
483
475
479
475
479
483
471
487
487
483
479
483
483
483
483
475
479
487
483
483
483
479
483
487
483
483
483
475
395
483
475
491
483
483
487
475
483
479
483
483
483
483
483
487
487
483
479
483
479
479
475
487
475
483
483
487
479
487
487
483
475
491
483
483
487
483
487
483
487
479
479
487
483
475
487
483
483
483
487
475
475
479
479
475
491
483
483
479
491
479
483
483
483
483
483
491
483
475
483
475
483
487
479
483
483
487
479
483
479
479
475
483
479
479
475
483
479
479
483
479
487
479
483
491
479
487
471
483
483
487
483
475
479
479
483
483
479
483
479
479
479
479
479
479
479
479
479
479
479
479
479
479
479
479
479
479
479
479
479
479
479
479
479
479
479
487
483
483
487
483
475
479
483
487
479
475
479
483
479
479
483
491
483
483
475
479
483
475
483
483
475
479
479
487
483
479
483
483
483
483
475
475
479
479
483
479
479
479
487
479
479
483
483
475
483
483
475
475
479
483
479
479
479
487
479
479
479
483
475
479
479
483
483
483
483
483
479
479
479
483
483
483
479
483
483
479
483
483
483
479
483
483
479
483
483
483
483
483
475
479
487
483
483
479
475
475
479
479
475
475
483
483
483
479
483
479
483
479
479
475
475
479
471
487
483
483
475
471
479
483
479
483
483
487
475
479
483
475
483
483
483
483
479
479
475
483
483
487
479
475
479
487
483
491
475
487
483
483
479
479
483
479
475
479
475
479
487
483
479
483
475
475
483
483
475
483
483
479
475
483
479
483
483
479
483
475
483
479
483
483
483
487
479
483
487
479
483
483
483
475
483
483
483
487
475
487
483
487
483
479
479
479
487
479
483
487
483
483
483
483
483
483
483
483
479
479
483
475
483
483
483
479
475
475
483
479
483
491
479
487
475
491
483
479
483
491
487
479
483
483
487
483
479
479
487
479
483
483
483
483
475
483
483
483
479
479
479
487
491
483
483
483
479
483
483
487
483
483
483
483
479
483
483
483
479
487
483
475
483
483
483
487
479
479
479
483
479
483
483
487
479
483
479
487
475
487
487
479
483
483
479
483
483
479
483
483
479
487
483
483
483
487
483
483
483
483
483
483
483
483
483
479
491
483
479
483
483
487
491
483
487
483
483
483
487
475
483
479
479
487
483
483
483
483
479
475
479
483
487
479
483
483
483
475
483
475
483
479
479
483
483
483
491
483
479
479
479
483
483
483
479
0
163
507
139
1031
1363
