849
845
855
847
854
845
845
855
855
855
845
855
855
845
851
851
845
858
850
846
850
847
851
854
851
847
849
855
851
849
850
853
849
851
847
846
851
845
846
846
850
855
849
851
850
850
847
853
858
846
851
850
843
855
854
845
850
847
850
843
855
846
855
855
854
845
851
851
845
855
851
850
855
854
854
855
855
846
846
846
847
851
855
850
854
851
855
854
853
851
855
855
854
851
850
855
851
847
849
845
845
855
850
854
854
850
850
851
850
855
843
853
847
855
854
845
851
855
855
846
843
855
855
854
850
851
849
855
845
845
845
846
851
850
855
845
851
855
849
845
855
855
850
855
855
853
855
845
849
845
855
847
845
851
854
847
853
851
855
845
849
851
851
855
854
847
855
849
851
849
855
851
847
849
851
853
850
851
851
845
851
855
845
846
854
851
847
845
846
855
849
851
849
850
843
855
853
849
850
850
849
845
845
845
843
850
850
846
853
851
851
845
849
851
855
851
849
845
849
857
850
854
851
850
850
850
846
847
851
851
850
855
845
854
855
849
851
851
851
855
855
851
850
845
850
855
855
855
850
843
846
847
855
851
843
851
853
855
855
855
855
851
855
850
846
855
854
851
846
851
846
851
847
853
851
846
855
855
846
846
854
847
850
845
855
851
842
855
846
851
851
851
855
845
845
850
855
849
851
855
855
851
850
845
849
851
847
855
850
846
851
851
853
851
854
853
846
853
850
845
851
847
850
846
845
851
851
859
855
851
851
851
851
845
846
849
855
846
854
851
850
845
845
851
851
849
855
851
850
845
853
855
850
850
855
846
849
846
845
846
854
850
851
847
845
851
855
855
855
851
855
855
855
855
851
847
843
853
855
847
855
851
849
851
851
850
855
845
845
846
855
855
845
851
855
845
849
847
851
845
855
847
847
850
849
853
855
851
846
845
846
847
855
854
845
851
845
851
850
851
849
845
843
854
849
850
843
850
849
846
855
846
855
851
850
855
847
851
853
851
858
847
855
854
854
855
855
851
850
851
855
855
854
847
847
850
849
850
851
853
849
853
854
846
855
845
846
850
849
858
859
855
849
849
847
846
855
847
847
845
854
855
855
855
855
849
845
855
855
850
850
855
854
851
845
855
845
851
845
846
854
855
841
851
847
846
855
851
855
851
847
851
854
855
850
851
845
845
850
843
855
851
850
855
851
850
851
850
851
855
851
854
851
851
845
854
849
845
855
850
846
851
855
855
854
855
849
850
847
851
847
853
850
855
846
851
849
847
846
850
851
845
855
855
850
850
854
845
847
849
851
845
851
851
854
855
845
855
854
846
851
851
854
846
851
853
849
851
843
847
849
846
850
847
847
851
855
853
855
851
855
854
846
850
847
851
855
843
847
845
855
849
854
855
850
851
853
847
843
861
847
847
854
855
854
854
850
863
851
851
855
854
851
855
849
845
847
847
850
847
842
851
842
847
851
851
855
854
851
853
849
845
849
849
845
849
845
845
850
846
855
855
843
855
853
845
853
851
854
851
847
859
855
845
851
843
846
855
850
851
845
850
847
851
847
849
846
855
851
847
851
855
850
857
851
845
851
849
843
846
855
851
845
845
855
849
845
855
851
857
847
858
849
850
846
845
850
854
847
855
845
845
854
851
851
850
845
847
850
847
845
849
851
849
855
853
846
850
846
850
843
855
851
851
851
845
843
855
855
846
847
847
853
853
845
847
847
851
855
847
851
850
853
847
853
849
855
850
851
846
845
843
850
851
849
847
851
851
843
854
849
850
851
845
851
850
846
851
855
845
855
845
845
853
846
850
845
855
849
855
855
846
847
851
855
855
855
850
849
845
853
842
850
853
855
845
855
845
851
850
855
846
851
847
845
851
854
853
850
846
851
851
851
846
851
846
851
855
842
847
845
855
851
846
846
851
855
855
855
851
845
853
850
855
847
855
846
855
849
855
846
845
846
855
845
845
853
855
854
851
855
855
855
847
851
853
850
845
847
855
851
855
847
850
847
851
853
847
851
851
846
851
855
843
851
845
851
847
850
846
855
855
851
851
847
855
855
855
851
849
846
850
845
854
855
854
845
855
842
850
846
857
851
855
851
849
855
846
849
847
851
850
855
853
846
845
855
849
854
855
849
843
855
850
855
855
854
849
850
851
853
855
847
851
851
846
850
845
855
849
855
847
853
855
845
847
849
855
855
845
845
845
849
855
851
845
855
851
847
847
847
847
843
846
846
845
846
851
846
845
847
849
850
849
853
850
847
846
845
851
846
850
851
855
846
849
851
855
847
853
854
850
851
851
853
847
855
845
1695
251
1399
466
1375
99
