631
641
631
631
639
631
635
636
631
635
637
638
631
626
635
635
641
637
631
631
637
634
638
638
641
642
637
642
642
641
631
631
635
631
638
641
635
635
638
638
637
645
638
641
631
631
642
641
641
634
639
645
642
630
642
642
636
631
631
642
638
638
631
634
631
635
631
631
634
645
642
641
631
631
640
641
636
630
631
631
641
631
637
640
635
630
631
631
631
631
635
631
642
641
641
641
631
636
635
642
631
642
635
630
637
641
641
635
631
631
638
631
635
631
634
642
635
640
641
635
646
635
637
646
634
634
631
631
637
631
634
631
635
641
631
638
631
646
635
635
642
641
641
635
641
645
639
646
631
631
634
638
637
640
635
637
641
642
638
637
638
635
635
634
631
638
646
641
635
636
638
631
635
632
638
635
635
636
641
638
631
645
645
631
631
641
635
635
636
638
642
645
631
631
631
642
637
637
646
631
642
641
631
634
645
634
630
631
639
645
631
631
634
631
631
631
635
639
631
631
635
639
635
641
642
635
631
631
646
638
631
631
631
631
638
630
638
630
641
631
631
631
631
635
631
637
646
635
635
637
637
641
632
638
631
641
635
635
631
644
636
631
630
631
634
635
636
630
635
645
646
638
638
638
637
634
642
641
646
631
642
630
637
635
631
635
641
631
631
637
641
634
631
635
631
631
636
638
631
640
635
641
630
637
636
631
638
635
635
641
634
631
631
642
631
635
631
631
646
637
642
631
631
634
642
642
638
638
642
638
637
646
638
631
632
631
640
638
641
641
638
641
642
631
631
638
635
631
638
630
640
631
636
635
642
645
635
631
638
631
636
634
641
635
641
636
637
642
645
631
641
641
636
631
631
645
631
638
636
631
635
645
642
638
635
637
637
636
639
630
631
638
635
641
646
630
641
631
631
645
635
634
637
641
635
636
641
631
639
639
642
631
636
631
639
631
645
642
642
639
640
641
631
637
642
631
638
635
642
635
642
631
631
645
631
631
641
641
633
641
637
633
641
635
635
635
635
631
631
641
646
639
636
645
630
641
631
635
641
637
636
631
631
634
631
631
631
636
643
638
641
641
631
635
637
646
635
638
642
641
640
636
642
641
641
634
630
637
630
631
635
641
634
631
634
634
631
640
631
641
622
635
630
631
638
637
641
638
631
631
631
631
632
634
642
636
631
631
638
646
631
634
635
631
637
631
642
635
631
634
641
645
631
642
635
635
635
631
637
631
641
631
638
637
630
634
638
631
634
634
630
635
641
639
638
636
635
634
631
642
631
635
631
641
645
637
635
638
642
633
635
631
636
637
637
642
634
631
641
635
638
638
635
638
641
631
633
634
642
641
635
637
637
631
638
634
637
638
631
641
634
633
635
641
635
635
638
631
642
632
638
631
641
636
641
637
635
626
639
643
629
638
638
641
641
639
643
642
627
631
628
637
642
637
634
632
648
635
638
638
635
634
639
631
631
637
629
635
631
635
631
642
637
637
646
633
635
631
634
635
636
638
631
635
642
631
636
641
641
631
635
637
637
638
631
631
636
633
635
631
635
635
635
641
633
642
635
637
631
637
631
641
641
631
641
638
637
637
631
642
637
636
631
631
631
631
630
631
642
641
639
638
638
634
631
641
631
636
634
638
642
635
631
631
636
633
637
631
642
631
637
631
636
637
641
637
646
631
637
638
631
634
636
637
631
641
641
637
637
642
631
631
631
631
635
634
631
637
641
631
635
638
645
631
635
638
631
631
634
638
642
638
634
631
638
631
636
631
636
641
631
633
641
634
631
631
630
633
638
631
642
635
638
646
641
631
636
641
642
635
641
631
642
637
631
632
631
637
631
638
627
637
646
635
637
637
632
642
637
635
638
631
631
637
637
642
631
633
635
642
631
631
639
642
631
631
637
636
641
635
645
637
631
631
637
631
631
641
636
631
631
642
637
631
637
639
631
631
642
641
642
646
643
633
637
638
637
642
637
631
631
635
631
642
637
631
646
645
638
641
636
642
640
630
631
631
636
637
641
635
635
646
636
646
631
631
634
641
631
635
641
631
641
635
637
631
634
631
641
642
631
631
645
631
642
631
638
635
637
631
646
641
631
642
631
641
638
642
637
631
642
635
638
637
635
646
631
635
636
636
639
635
631
631
638
631
636
631
636
631
642
638
634
631
638
631
635
641
637
631
642
631
638
631
641
635
635
631
635
638
642
635
631
638
635
638
631
646
637
638
631
637
635
638
631
631
641
638
637
631
631
641
630
635
635
642
631
646
631
631
642
641
631
631
641
641
642
635
631
639
642
640
631
631
631
637
635
634
565
186
1195
1268
676
1057
