479
483
475
471
483
471
487
475
475
479
479
479
479
487
475
487
487
479
479
487
487
487
487
487
483
2151
479
475
479
487
487
403
487
479
475
475
487
487
487
483
483
303
475
487
479
471
487
399
475
479
479
487
475
487
471
483
487
303
487
483
483
487
487
487
475
479
487
475
487
483
487
471
475
483
487
487
487
479
487
307
475
399
487
487
487
403
475
487
483
487
479
479
487
475
483
487
475
487
479
303
487
487
483
2171
487
479
475
483
487
487
487
487
475
479
475
479
487
479
483
487
475
483
487
399
475
483
483
2259
475
487
487
403
483
483
475
211
475
483
475
483
487
303
487
207
475
487
475
391
479
471
471
487
479
487
487
487
479
487
487
475
483
475
479
487
487
487
479
471
483
487
487
487
479
479
483
475
487
487
483
395
483
483
487
483
487
471
479
403
471
479
483
479
471
475
475
487
483
487
479
483
483
483
487
487
475
299
483
487
483
487
487
207
487
487
479
475
475
483
487
479
479
483
479
487
479
475
487
471
475
487
483
479
487
483
483
487
475
479
475
475
483
475
479
475
479
475
471
207
487
487
475
483
475
467
487
399
475
475
479
487
487
487
475
483
487
487
479
475
479
487
487
483
487
487
479
487
487
487
487
479
487
475
475
491
475
487
487
399
483
483
479
487
487
2183
475
475
471
479
475
475
483
483
487
399
487
403
475
483
487
479
475
475
483
483
475
487
483
475
487
475
479
211
487
479
475
483
483
479
487
303
487
483
475
475
487
475
487
487
483
475
487
483
487
303
487
403
471
471
483
483
475
483
475
479
487
479
475
487
475
475
483
487
475
479
479
487
475
487
483
475
475
483
475
487
487
471
479
479
483
479
475
479
475
483
483
483
487
479
475
471
471
479
483
479
483
483
479
487
483
487
487
483
475
483
487
479
487
487
487
483
487
483
487
475
479
475
483
479
475
479
479
483
483
403
483
483
487
395
483
487
479
479
475
2155
487
403
479
475
483
2187
483
483
483
479
483
487
487
487
487
483
475
483
475
487
475
483
479
479
479
487
487
487
479
475
479
303
487
487
483
475
479
483
483
483
475
483
483
487
487
487
487
479
471
391
483
479
479
487
487
483
479
475
483
395
487
403
487
479
483
479
487
487
483
483
487
475
487
475
483
483
487
487
475
487
475
487
487
479
479
475
483
479
487
479
487
479
479
487
475
487
475
479
483
487
487
483
475
483
479
483
487
479
487
475
487
483
479
475
487
483
483
483
483
487
471
479
483
483
475
479
471
483
471
475
487
475
475
467
479
479
475
479
487
475
475
475
483
483
479
483
487
487
479
475
475
475
475
475
487
483
487
479
487
483
483
483
471
475
487
487
487
487
475
483
479
479
475
475
487
487
479
483
483
483
483
479
479
475
483
479
475
483
483
483
487
487
487
483
487
483
483
483
487
487
487
475
475
479
487
483
483
487
483
487
475
471
487
487
483
483
479
475
479
487
483
487
483
487
487
479
475
483
479
487
475
487
475
487
487
479
487
475
479
475
483
479
483
487
487
483
479
479
487
479
479
483
487
479
475
487
487
487
471
487
487
483
487
483
483
479
487
479
487
479
475
487
487
475
479
475
483
487
487
471
487
487
483
483
479
483
475
479
487
483
479
483
483
475
483
479
483
487
483
475
479
487
475
483
487
483
487
471
479
487
483
483
487
475
483
487
479
475
475
483
479
483
487
479
479
479
487
479
475
475
475
487
483
483
487
483
483
483
483
483
487
475
483
483
487
487
483
483
487
479
475
483
483
475
483
487
487
487
487
475
487
483
479
475
479
487
487
479
487
471
487
483
475
475
483
487
487
487
479
475
487
487
483
483
475
475
487
487
475
483
487
483
475
483
483
483
479
483
475
487
475
483
487
475
487
479
479
487
483
479
487
487
479
475
483
479
479
483
483
475
483
479
483
483
471
487
483
487
479
487
487
483
479
475
479
487
471
475
479
475
471
487
483
487
487
479
483
479
483
483
479
479
479
479
487
479
475
475
483
487
483
487
487
479
475
479
475
479
483
487
487
483
487
479
475
475
487
479
483
487
487
479
475
487
483
483
475
479
487
471
479
483
475
483
483
487
483
487
471
475
483
483
483
475
475
483
483
475
487
483
483
479
483
479
475
487
487
475
483
483
475
483
475
471
483
475
487
475
483
475
483
471
483
487
487
483
479
475
471
483
479
479
483
487
483
471
483
483
483
475
479
475
475
487
475
487
487
479
487
483
479
487
487
479
483
475
487
487
483
471
487
483
479
479
479
483
483
479
479
487
475
475
475
479
971
799
467
823
1907
167
