1134
1131
1131
1133
1135
1135
1134
1134
1137
1134
1131
1135
1134
1134
1135
1133
1131
1133
1137
1131
1135
1134
1131
1130
1134
1137
1134
1136
1134
1139
1134
1138
1135
1133
1141
1137
1134
1137
1134
1133
1134
1135
1137
1135
1133
1137
1133
1134
1131
1131
1137
1131
1135
1131
1139
1137
1139
1134
1135
1139
1131
1131
1133
1141
1132
1137
1138
1134
1139
1134
1139
1135
1137
1135
1141
1134
1135
1135
1137
1133
1134
1134
1131
1134
1134
1134
1137
1135
1138
1137
1134
1133
1131
1131
1137
1131
1133
1140
1135
1135
1139
1132
1134
1139
1141
1133
1131
1137
1135
1131
1131
1134
1135
1135
1139
1133
1131
1134
1135
1135
1137
1134
1136
1136
1137
1141
1131
1131
1141
1131
1137
1133
1135
1135
1134
1141
1134
1134
1141
1133
1137
1135
1141
1131
1134
1131
1135
1139
1138
1131
1139
1139
1131
1137
1133
1135
1134
1134
1135
1131
1135
1139
1129
1138
1135
1131
1139
1134
1139
1135
1137
1135
1138
1132
1137
1134
1134
1134
1131
1137
1134
1133
1135
1139
1133
1131
1133
1131
1131
1135
1141
1136
1139
1131
1138
1130
1136
1134
1134
1139
1135
1133
1133
1131
1137
1134
1143
1134
1135
1131
1134
1137
1134
1137
1135
1131
1134
1133
1138
1131
1135
1135
1140
1135
1133
1135
1139
1135
1134
1141
1145
1136
1137
1138
1137
1131
1135
1137
1131
1133
1135
1133
1141
1134
1134
1139
1139
1135
1139
1135
1134
1133
1141
1135
1131
1132
1134
1135
1139
1135
1137
1135
1135
1131
1135
1134
1134
1137
1131
1135
1134
1135
1141
1137
1134
1134
1135
1135
1135
1137
1140
1139
1135
1135
1142
1131
1139
1134
1135
1145
1131
1135
1134
1133
1134
1141
1137
1131
1131
1135
1135
1137
1140
1131
1139
1137
1139
1131
1137
1135
1135
1135
1137
1133
1131
1131
1136
1134
1141
1133
1135
1138
1134
1139
1134
1134
1131
1137
1135
1135
1131
1133
1135
1134
1134
1132
1134
1134
1133
1134
1137
1137
1137
1133
1140
1133
1134
1133
1141
1133
1135
1133
1135
1134
1131
1134
1139
1133
1135
1137
1139
1131
1134
1133
1134
1131
1134
1134
1134
1130
1140
1131
1138
1135
1131
1131
1139
1137
1137
1133
1131
1139
1131
1132
1133
1135
1137
1136
1134
1133
1131
1137
1137
1137
1134
1135
1131
1134
1138
1137
1131
1135
1135
1134
1135
1135
1127
1135
1140
1135
1133
1135
1133
1134
1131
1133
1133
1131
1137
1135
1138
1139
1135
1133
1134
1131
1140
1133
1137
1133
1138
1131
1141
1133
1134
1139
1134
1131
1138
1139
1134
1139
1139
1135
1131
1130
1134
1137
1138
1135
1135
1135
1134
1134
1137
1135
1138
1134
1137
1131
1135
1137
1131
1134
1133
1137
1137
1134
1141
1137
1141
1133
1133
1134
1137
1134
1135
1137
1139
1135
1134
1135
1141
1135
1134
1137
1140
1139
1135
1135
1134
1134
1135
1134
1134
1134
1131
1131
1140
1135
1131
1133
1134
1131
1131
1131
1139
1135
1135
1139
1134
1133
1137
1134
1141
1137
1137
1135
1134
1139
1134
1131
1137
1131
1135
1139
1133
1132
1131
1135
1137
1135
1135
1136
1134
1130
1145
1141
1135
1135
1134
1139
1135
1135
1134
1138
1133
1135
1131
1134
1134
1131
1135
1134
1135
1134
1137
1131
1133
1134
1139
1135
1134
1141
1136
1135
1134
1137
1134
1131
1135
1135
1139
1134
1134
1135
1134
1134
1133
1135
1138
1134
1133
1140
1134
1135
1137
1135
1131
1131
1137
1131
1131
1133
1139
1135
1138
1131
1131
1134
1134
1139
1135
1133
1131
1132
1135
1139
1135
1138
1133
1135
1134
1141
1131
1131
1131
1135
1129
1137
1134
1134
1141
1139
1134
1131
1134
1138
1139
1134
1134
1135
1141
1131
1141
1134
1135
1135
1135
1141
1135
1131
1137
1137
1137
1140
1134
1134
1133
1137
1135
1134
1138
1135
1135
1141
1134
1139
1137
1134
1141
1139
1134
1137
1131
1134
1135
1135
1139
1135
1135
1133
1135
1139
1134
1139
1134
1138
1134
1138
1134
1137
1139
1137
1137
1134
1129
1136
1138
1131
1133
1135
1139
1135
1136
1133
1141
1136
1135
1135
1145
1139
1135
1137
1134
1141
1134
1131
1131
1139
1134
1141
1139
1139
1138
1133
1134
1135
1134
1134
1133
1137
1139
1138
1131
1139
1137
1135
1139
1139
1139
1138
1134
1137
1134
1134
1136
1141
1135
1134
1135
1135
1134
1139
1134
1141
1139
1137
1134
1135
1132
1135
1138
1138
1131
1137
1133
1139
1134
1131
1133
1133
1135
1135
1135
1131
1137
1133
1137
1141
1139
1135
1134
1145
1139
1135
1134
1135
1139
1135
1135
1139
1136
1135
1135
1135
1135
1135
1131
1135
1133
1135
1135
1131
1135
1142
1135
1133
1136
1137
1137
1134
1135
1135
1139
1135
1133
1139
1131
1133
1140
1131
1135
1135
1131
1135
1134
1133
1130
1137
1136
1135
1135
1135
1138
1136
1139
1135
1135
1131
1135
1131
1137
1139
1134
1135
1135
1135
1131
1138
1134
1134
1135
1137
1137
1134
1134
1131
1135
1135
1134
1134
1135
1133
1135
1131
1136
1137
1135
1133
1137
1134
1134
1131
1134
1141
1133
1131
1134
1135
1131
1137
1135
1135
1134
1127
1131
1134
1131
1135
1133
1135
1133
1139
1131
1146
1135
1135
1141
1133
1139
1131
1137
1131
1135
1145
1134
1137
1133
1134
1134
1145
1131
1135
1139
1135
1133
1137
1134
1137
1135
1139
1133
1131
1134
1137
1134
1131
1140
1139
1131
1134
1139
1135
1132
1135
1127
1132
1140
1142
1135
1135
1135
1141
1134
1139
1131
1145
1131
1137
1135
1133
1131
1135
1131
1136
1133
1134
1139
1135
1135
1141
1136
1134
1131
1135
1135
1134
1136
1131
1134
1139
1137
1132
1131
1134
1135
1139
1135
1131
1134
1137
1141
1137
1134
1139
1131
1131
1139
1143
1135
1131
1131
1135
1139
1134
1133
1131
1133
1131
1134
1135
1139
1141
1134
1137
1135
1131
1134
1133
1134
1141
1131
1135
1134
1141
1136
1131
1135
1137
1143
1134
1135
1133
1145
1136
1130
1128
1739
2086
1679
2273
2030
2365
