1979
299
299
291
295
303
295
2115
299
2123
295
299
299
299
291
299
299
2167
303
2155
303
295
303
2187
299
179
303
2227
295
303
299
2143
299
179
295
2115
303
295
295
291
299
183
295
291
299
291
295
299
299
303
295
2115
299
235
291
2159
295
299
291
299
299
295
299
291
295
2151
299
2191
295
243
299
175
295
299
295
2111
299
2147
299
2147
295
291
303
2119
299
2131
299
183
299
299
295
2211
295
2123
295
2143
295
299
295
2143
299
291
303
295
291
299
299
295
299
2219
299
291
295
299
299
2115
299
295
295
299
291
179
295
2151
299
295
295
2191
295
2139
299
295
295
295
295
295
303
179
303
295
299
299
295
2159
299
303
295
299
299
2151
299
303
295
2183
299
291
291
179
295
295
295
2159
295
295
291
2175
295
295
295
2135
295
239
295
2191
295
295
299
2195
299
183
299
179
303
295
299
299
299
291
295
295
291
303
299
2271
291
2111
295
299
299
299
295
295
291
299
299
291
295
299
303
2143
295
2119
299
235
291
299
299
2131
299
299
303
179
303
2231
295
175
299
239
299
239
299
291
299
295
291
2167
291
299
291
2243
295
235
295
303
299
303
295
295
299
299
295
299
299
299
299
2147
291
2143
295
183
295
291
295
2159
299
2163
291
299
299
291
299
295
295
299
299
299
299
299
299
2119
295
2199
299
303
291
179
299
299
295
2131
295
299
303
295
295
295
299
303
295
115
291
299
295
2231
299
2215
295
239
299
2215
299
175
295
231
291
2135
291
295
295
119
291
2191
299
2171
291
2159
295
179
303
2115
291
2139
295
2263
299
187
291
2151
299
2107
299
303
295
2115
295
2131
299
175
295
303
2131
295
299
243
295
291
299
2115
291
2171
295
299
295
299
299
299
295
179
295
299
299
303
299
299
291
2135
295
291
295
291
299
179
303
2199
299
2175
295
295
299
303
299
303
295
295
299
119
299
2183
291
291
295
239
299
299
291
299
295
179
295
295
295
299
299
179
299
2119
299
303
183
2147
299
2107
295
295
299
175
299
123
299
2147
299
295
299
2147
299
299
299
303
299
291
299
2127
299
299
303
2223
295
2119
295
299
291
2155
303
299
299
2107
295
2271
295
2223
299
299
303
2163
295
179
295
299
303
2163
303
2215
295
2199
299
115
295
299
299
2107
299
175
291
2175
291
299
299
299
295
299
295
119
295
295
295
183
295
299
299
295
295
299
299
119
295
299
291
291
299
295
299
299
295
295
299
299
299
295
303
299
299
299
303
299
295
291
291
299
295
299
303
295
291
291
299
291
295
299
291
299
295
295
303
295
295
299
291
295
295
291
299
295
303
295
295
299
295
303
295
299
295
291
295
299
299
291
295
299
291
299
295
295
291
295
291
299
299
291
295
291
291
295
299
291
295
295
291
291
303
299
299
291
291
299
295
303
291
295
299
295
299
295
295
299
295
303
295
295
291
295
295
295
283
295
295
291
295
295
299
295
303
295
299
299
299
295
299
299
303
303
295
295
291
291
299
291
303
299
299
299
291
295
299
299
299
307
295
299
295
295
299
291
295
295
303
295
291
303
299
295
299
299
295
299
291
295
295
295
299
299
291
303
295
295
291
291
295
303
299
295
299
295
299
295
295
295
291
295
299
295
299
299
299
299
287
299
295
291
291
299
303
299
303
291
295
291
299
299
299
291
299
295
291
299
295
295
299
295
295
291
295
299
291
291
291
291
299
299
303
295
295
295
291
299
299
291
291
295
303
299
295
291
295
299
295
299
295
295
299
299
303
291
303
295
291
299
295
299
295
299
295
291
291
299
291
295
299
303
295
291
299
299
299
299
295
291
299
299
299
295
295
295
299
299
299
303
295
299
291
295
299
303
295
295
295
295
299
299
299
299
291
299
291
299
299
299
295
291
295
299
299
291
295
299
291
303
299
295
299
299
295
291
299
291
299
295
299
303
295
291
295
303
299
299
295
295
303
303
291
291
295
291
299
295
299
295
295
295
295
295
295
299
295
299
295
295
303
295
299
299
299
299
299
303
303
299
299
295
295
295
299
295
303
295
291
303
295
291
299
295
295
295
291
295
291
295
295
291
303
299
303
291
303
291
295
291
299
299
295
291
295
303
295
295
295
299
291
299
299
299
291
291
299
291
295
303
295
295
295
295
303
295
295
295
299
299
295
303
291
299
299
291
291
299
291
295
295
291
299
295
299
295
295
295
295
299
291
291
295
299
291
299
303
291
295
295
295
303
295
295
299
295
291
303
299
299
295
291
295
291
295
291
299
299
295
295
299
295
295
295
295
291
291
299
295
295
295
299
303
299
291
295
291
299
303
295
295
291
295
295
299
295
295
299
291
295
291
303
291
291
295
303
295
295
295
295
291
295
31
231
0
603
607
1083
