327
563
387
571
527
699
539
595
331
519
691
779
287
783
559
595
427
647
555
715
483
719
419
615
319
755
447
743
467
591
535
651
495
607
383
655
335
599
311
663
383
651
339
591
503
559
499
451
435
595
411
647
259
587
411
511
395
711
591
607
399
567
399
559
503
691
519
715
383
751
351
535
359
667
427
635
555
599
555
739
507
535
283
575
415
559
475
507
531
603
419
483
443
587
519
603
431
619
463
519
515
543
559
619
287
619
283
575
339
667
379
707
487
735
467
487
427
523
539
719
463
559
311
655
623
627
495
699
399
555
455
627
459
675
559
683
271
715
567
643
283
723
363
699
491
595
439
719
483
627
571
739
359
571
339
515
427
591
427
655
511
611
591
747
307
659
459
759
431
519
343
567
459
743
275
571
499
627
471
703
351
663
467
703
431
663
383
683
431
499
367
603
439
727
383
699
579
699
411
627
443
479
451
763
431
791
355
567
415
687
451
631
443
563
523
631
379
591
451
691
463
675
447
671
419
723
423
635
535
623
359
679
467
563
411
687
263
559
435
683
467
707
607
471
299
659
383
595
447
651
539
711
275
547
355
523
459
723
379
671
423
679
307
719
491
659
347
735
399
623
523
639
395
707
367
623
499
651
403
571
531
483
411
775
367
691
327
799
467
735
331
791
463
627
343
611
231
715
467
611
459
675
411
551
511
667
431
775
399
647
519
739
435
471
531
531
363
491
211
743
503
675
415
703
495
559
299
551
579
559
319
647
419
635
343
611
459
699
447
715
371
675
431
619
427
515
603
719
363
783
451
619
495
531
491
699
559
567
307
479
427
591
439
659
403
667
527
667
443
751
307
643
419
531
319
679
471
587
483
679
503
607
351
575
647
747
443
619
571
611
319
563
543
591
427
619
363
587
355
679
451
647
367
735
475
519
391
631
415
619
227
467
379
675
311
723
287
599
415
475
383
503
511
623
439
543
311
579
399
639
471
659
303
659
607
551
611
691
291
763
327
587
395
715
271
547
419
623
603
671
499
651
379
587
419
815
443
603
515
691
463
663
495
611
415
707
475
647
495
703
395
695
375
659
459
575
283
599
507
495
511
599
367
683
643
659
467
559
375
643
375
727
419
643
347
603
559
343
91
395
0
491
87
531
427
599
395
595
423
727
275
343
283
455
363
295
499
523
383
431
383
455
515
367
343
435
371
323
391
459
403
479
415
339
439
419
299
323
307
375
515
411
359
259
479
443
471
283
343
491
271
391
375
295
219
311
519
435
523
519
411
487
495
343
499
427
323
403
587
423
443
347
515
415
283
315
399
535
523
363
427
371
355
527
371
439
519
487
475
559
475
227
299
395
399
199
419
359
343
355
395
459
439
447
323
463
467
407
415
335
483
371
463
267
527
475
567
387
371
415
527
443
339
311
511
499
427
239
395
331
435
375
495
499
455
319
339
435
279
271
427
315
423
459
395
331
363
391
371
435
423
447
443
339
383
427
427
499
467
435
459
423
359
355
547
399
291
295
411
491
355
415
355
315
419
387
539
439
439
363
355
327
431
311
375
367
559
251
223
383
303
363
427
487
427
419
511
315
383
299
451
407
567
335
447
419
435
499
467
439
419
347
367
383
407
483
523
451
467
415
299
435
523
347
523
455
455
379
515
339
383
439
503
303
327
391
279
363
471
423
407
331
567
415
471
315
347
359
319
319
459
375
423
567
403
443
323
519
279
479
403
215
427
319
359
415
479
435
327
563
539
303
455
399
395
359
435
463
495
363
419
367
479
367
355
291
351
311
335
331
403
539
451
319
455
391
435
335
407
351
547
543
279
343
279
399
451
407
435
355
359
323
431
303
495
299
563
451
371
447
507
395
295
375
327
423
375
323
479
451
399
387
343
491
483
235
295
487
403
363
535
415
435
407
527
391
463
483
351
451
371
315
459
331
459
423
191
335
483
283
427
287
443
403
475
383
439
367
375
375
439
339
543
455
423
383
579
463
323
499
339
587
619
579
439
411
323
315
363
319
315
415
503
295
431
431
355
475
331
379
515
423
427
279
431
283
375
291
443
391
439
391
443
527
375
511
491
331
503
547
335
315
467
443
451
539
303
347
383
319
559
387
391
435
391
419
299
399
279
535
599
331
315
355
471
471
459
363
391
451
363
347
383
403
327
403
267
491
343
323
327
459
435
435
399
347
383
279
423
459
423
351
547
395
507
223
507
475
235
507
475
471
427
419
407
515
351
443
335
255
363
307
347
491
419
431
291
299
395
371
427
367
303
355
411
515
415
279
359
471
299
443
271
383
291
307
403
383
531
467
587
583
563
963
