643
823
575
719
627
638
479
759
563
503
483
666
631
659
587
722
615
759
478
603
683
835
610
691
411
635
547
755
579
871
587
739
598
683
567
763
599
806
459
747
595
894
507
730
675
722
643
806
683
739
538
739
499
791
406
751
487
739
587
883
454
703
475
775
583
659
499
851
523
835
494
875
687
735
591
787
518
723
527
851
507
695
419
787
547
666
559
731
603
847
618
750
455
751
531
891
531
783
622
670
554
582
551
771
623
855
547
683
695
711
571
778
643
739
551
795
691
799
503
855
426
691
418
751
511
747
607
831
735
735
523
807
511
839
535
739
643
731
511
738
591
671
503
803
559
743
611
767
639
699
535
830
499
671
671
703
551
675
627
827
463
810
622
779
583
683
507
830
683
606
555
731
499
735
507
815
414
867
698
783
498
830
610
707
407
771
599
766
563
835
443
895
686
831
747
671
627
751
583
611
667
770
507
751
483
774
515
747
711
907
547
806
555
811
727
843
679
703
655
779
491
738
663
811
555
747
594
895
570
703
571
851
623
662
527
803
582
775
435
955
579
706
526
675
623
631
487
790
711
723
647
607
595
619
551
795
654
798
579
706
663
743
627
659
591
551
523
787
599
806
495
682
551
775
515
863
530
631
503
799
491
815
495
623
506
666
579
691
551
827
543
651
474
675
459
799
603
662
575
699
667
851
531
883
591
839
595
791
495
911
454
890
495
710
487
639
487
731
543
706
666
715
502
603
439
731
519
719
590
715
643
707
574
787
639
695
555
759
639
795
535
771
566
855
506
786
555
791
519
743
547
751
659
623
583
687
715
742
519
783
535
711
679
723
523
799
595
771
598
702
503
935
451
718
703
879
511
710
619
671
495
755
410
714
563
843
651
723
623
851
535
763
491
735
538
823
495
826
667
631
586
659
651
754
515
739
535
686
555
707
503
758
519
683
575
851
547
875
607
763
610
711
487
803
439
723
614
763
547
818
543
686
523
863
566
855
475
707
583
739
535
647
587
850
487
579
587
930
703
719
727
867
522
847
519
783
311
730
443
707
414
811
531
643
671
791
547
735
463
867
599
827
455
751
555
842
586
607
635
815
351
786
603
867
543
787
511
699
587
735
515
862
507
722
635
819
539
555
251
539
251
487
403
703
523
735
615
614
550
746
447
503
499
582
563
539
499
358
674
483
547
655
611
374
447
587
487
446
611
551
479
503
507
559
579
539
503
515
586
591
574
615
467
587
487
658
635
478
395
418
611
495
507
595
471
539
531
535
615
331
615
595
575
455
435
559
515
646
531
611
634
519
587
491
578
399
551
455
467
419
535
574
511
426
639
439
606
550
483
607
483
635
455
511
610
595
507
579
559
571
571
527
483
462
511
499
591
443
587
526
523
603
663
555
611
527
439
623
615
535
579
527
539
495
495
603
527
655
447
475
355
443
587
455
583
339
335
551
383
399
663
479
495
487
519
523
403
414
551
547
486
447
631
614
699
654
459
539
531
514
491
527
387
435
459
634
454
443
534
446
587
391
611
531
395
551
611
595
634
546
487
459
375
431
534
427
407
571
574
703
586
347
499
583
470
399
531
559
435
539
495
491
435
527
478
583
463
479
415
451
447
603
574
434
603
534
699
579
551
579
571
619
587
475
467
467
651
530
802
487
567
579
635
463
479
507
439
467
618
439
559
327
471
707
515
383
411
447
467
523
491
659
611
587
558
491
507
610
323
350
655
639
571
399
543
531
551
535
579
527
455
463
551
447
522
566
547
595
519
491
555
522
647
599
499
667
567
455
535
574
607
639
563
559
423
434
559
426
527
454
515
615
554
567
438
482
579
379
463
427
618
402
543
451
415
555
646
458
659
459
475
506
411
479
435
387
455
539
555
547
575
458
459
539
574
571
479
595
606
455
459
447
475
550
683
399
563
591
515
527
627
439
659
498
595
535
483
447
615
511
451
387
459
547
595
507
551
595
447
435
567
679
491
779
519
495
539
435
663
611
466
474
514
595
471
579
635
475
543
511
515
523
483
526
414
451
551
731
551
406
615
535
495
431
615
355
583
455
547
731
383
615
583
475
551
623
567
587
567
467
662
390
619
511
674
491
527
419
643
479
527
539
651
514
447
446
514
526
483
503
647
323
539
562
530
491
607
507
587
543
615
511
583
415
451
463
475
463
443
702
578
575
538
595
371
687
615
599
419
539
387
327
391
579
626
558
651
603
450
599
539
431
611
406
403
374
659
370
559
475
618
607
551
571
527
651
739
523
547
483
515
435
563
455
591
467
563
499
583
555
478
478
627
507
575
595
567
495
323
275
343
299
347
511
