390
634
498
742
443
465
283
575
407
650
314
618
421
643
478
514
482
599
453
707
261
647
370
701
479
515
373
742
410
655
483
771
323
611
433
597
325
590
435
699
427
560
303
573
270
587
443
550
351
710
344
613
398
575
343
629
459
587
363
559
235
717
455
662
351
490
346
647
413
527
418
775
417
547
499
547
415
474
419
673
335
674
555
722
473
483
345
819
287
619
323
659
434
528
403
703
359
651
358
539
435
678
582
719
543
650
309
587
614
555
434
691
479
639
370
519
345
579
386
590
420
658
451
632
274
621
266
538
389
710
414
626
391
595
243
677
530
547
347
750
379
515
423
467
555
589
498
602
397
645
393
587
443
662
422
555
375
602
402
563
503
683
583
555
387
721
402
793
421
623
433
595
375
493
443
754
453
662
585
620
375
646
383
547
339
553
379
597
459
651
490
615
475
583
278
633
360
611
503
545
329
593
443
544
509
461
487
646
419
623
453
659
439
582
473
502
382
701
415
579
443
661
483
542
273
561
569
592
286
638
418
541
366
527
377
599
309
618
469
629
463
611
397
553
401
685
426
615
214
539
425
721
459
430
497
575
290
377
422
403
373
548
439
611
455
519
449
723
450
559
457
581
285
707
509
645
398
643
441
590
371
454
366
506
432
603
359
559
410
509
491
734
355
483
572
626
347
511
426
581
218
641
558
459
301
642
347
554
378
661
421
587
451
523
370
551
342
415
333
594
375
683
527
591
371
594
443
574
362
603
327
599
516
483
466
715
368
746
373
631
422
555
470
575
371
517
431
733
379
569
299
526
516
590
450
713
214
623
301
631
427
495
473
675
401
687
359
591
426
569
434
535
435
543
455
603
529
517
365
669
241
519
413
675
510
611
481
675
391
557
413
682
277
611
389
566
367
743
533
550
294
635
573
742
416
666
471
695
535
575
449
631
365
478
403
566
417
546
355
654
294
602
519
595
370
682
351
629
381
725
314
652
433
647
425
461
326
731
435
718
307
571
467
666
459
566
343
631
383
567
414
666
429
541
378
495
342
371
293
609
567
635
406
583
448
539
401
671
375
550
351
510
398
553
533
799
415
495
590
641
309
670
542
633
379
639
405
641
376
603
459
686
369
526
475
583
415
418
117
399
119
267
0
687
406
699
390
473
235
571
534
451
341
279
441
567
514
403
123
250
280
331
451
349
390
369
482
435
383
275
421
287
293
214
401
335
531
251
313
451
359
469
387
331
458
324
427
229
363
286
475
387
463
422
275
287
398
485
337
340
365
427
206
478
478
379
277
433
395
339
351
287
445
259
317
175
381
475
411
337
327
419
471
333
230
331
383
375
423
493
418
303
322
342
271
326
269
393
334
383
535
395
409
302
439
474
499
255
378
498
330
539
527
289
299
365
430
262
482
250
310
206
434
410
486
286
510
434
366
310
402
362
366
214
526
334
502
322
438
362
346
423
291
257
499
191
505
331
315
369
329
303
462
431
367
527
454
498
435
378
333
398
366
299
371
391
343
271
365
377
351
498
522
410
433
406
427
302
279
323
439
427
478
383
311
359
399
379
337
262
281
286
238
397
365
345
463
371
315
227
390
341
367
287
477
463
543
457
414
281
449
438
279
450
363
408
421
362
318
335
338
321
578
411
326
502
377
286
342
389
369
326
443
390
479
323
336
531
337
307
361
245
302
517
529
239
266
290
451
195
247
422
434
298
390
507
466
314
462
253
327
350
406
307
365
322
355
341
330
447
307
197
485
415
356
302
378
315
323
301
379
347
430
442
461
489
437
386
283
483
247
469
311
358
307
193
379
370
437
385
535
329
334
424
423
415
325
247
515
423
238
353
410
343
299
247
413
411
511
255
533
482
293
376
435
378
419
313
335
375
251
375
457
443
318
273
361
401
437
502
407
489
427
286
479
567
246
399
343
331
483
330
583
347
321
315
471
397
386
327
286
318
497
299
449
431
406
341
481
431
377
378
277
243
343
405
411
358
463
491
496
454
355
320
382
423
283
315
323
277
417
384
419
267
443
349
411
337
471
251
411
419
374
407
519
379
347
515
458
278
434
422
327
310
430
303
474
339
483
266
310
371
339
371
386
373
455
502
311
473
425
367
371
342
367
451
281
237
343
393
215
262
343
447
469
473
391
398
262
342
331
419
474
315
351
415
304
223
475
295
427
387
546
418
333
449
427
363
265
227
410
361
439
439
351
259
469
431
455
382
523
431
306
335
293
345
375
491
411
399
379
477
417
458
423
431
314
415
413
251
461
461
309
226
501
359
303
271
425
367
423
429
353
334
289
381
470
307
250
258
375
329
515
671
