359
615
415
507
347
611
471
591
395
427
327
419
351
567
399
463
291
543
315
454
351
503
375
547
347
587
219
507
227
479
503
615
347
627
435
499
295
619
443
575
291
507
347
399
455
515
375
474
414
527
347
599
375
555
279
571
267
571
431
375
367
511
315
643
363
547
395
579
271
463
315
547
343
479
299
639
403
499
319
539
471
559
366
467
423
691
291
674
247
499
331
359
323
375
459
327
395
650
475
443
239
523
311
527
287
575
363
427
346
531
355
639
367
639
371
678
330
571
387
579
267
551
351
475
315
399
251
499
351
471
443
535
303
466
431
599
315
499
343
567
382
467
431
451
339
451
387
531
391
631
183
655
311
519
279
643
347
527
187
623
447
591
267
699
307
607
387
503
334
467
331
563
211
623
363
563
463
547
423
515
411
543
375
607
283
423
395
599
415
675
455
467
455
607
315
599
247
623
335
503
335
499
303
615
227
627
235
543
255
447
343
675
251
515
383
455
363
531
279
483
359
467
247
455
227
575
339
683
443
563
255
447
315
387
447
599
403
591
407
539
395
579
439
583
319
519
99
678
375
431
315
491
279
299
343
523
351
615
331
419
235
599
387
555
390
471
347
671
411
495
443
643
502
571
359
487
339
559
363
447
287
447
343
471
459
511
359
599
499
511
355
415
419
555
303
547
371
515
219
499
315
671
226
467
307
587
387
567
271
635
503
415
307
495
275
507
427
543
303
539
331
534
330
551
395
439
383
615
483
483
247
503
219
555
251
531
379
459
463
683
167
475
470
439
255
515
331
571
375
615
467
579
391
603
399
703
318
539
307
555
134
527
275
547
319
531
323
471
431
571
439
599
343
515
463
579
411
479
471
535
379
435
315
599
318
515
227
575
271
483
187
611
179
587
423
467
283
587
207
531
407
607
303
563
235
471
458
503
419
635
203
431
311
523
251
603
351
535
511
627
323
507
315
387
227
479
295
543
567
631
323
451
319
471
311
459
395
503
427
623
259
499
387
647
287
399
327
615
511
558
443
467
455
435
323
559
279
591
307
527
271
587
383
651
323
591
298
683
395
507
363
527
319
603
423
563
243
451
275
575
251
555
195
651
379
647
251
487
251
531
275
663
347
515
331
587
367
227
43
143
39
367
99
503
523
562
511
595
267
575
319
327
246
199
259
171
499
419
391
315
327
283
295
263
407
295
263
279
343
298
295
234
387
303
383
123
327
391
375
299
274
370
559
355
362
375
283
243
339
322
315
523
215
303
235
283
231
227
203
339
403
283
307
191
443
239
347
363
331
187
247
263
291
299
275
443
319
419
419
247
335
307
235
271
211
263
294
327
335
259
443
431
447
283
587
403
338
271
275
422
271
259
311
370
210
247
255
163
407
339
327
367
271
295
447
443
395
287
239
287
331
271
415
315
331
215
406
323
399
315
338
359
215
267
319
219
407
351
431
287
403
430
347
283
347
279
223
203
323
171
231
159
243
323
423
259
303
411
331
191
311
367
235
427
255
403
350
235
247
263
203
299
307
215
231
283
255
403
219
335
187
339
419
167
375
379
239
207
319
423
431
395
287
363
247
223
335
335
431
307
291
339
383
251
343
331
302
183
359
263
291
347
295
207
211
427
351
323
451
351
267
335
363
355
395
303
443
299
403
283
375
227
303
255
295
259
318
435
307
419
418
235
363
355
391
227
423
287
247
419
483
279
423
303
303
395
131
279
399
327
343
303
259
323
311
191
295
187
251
419
442
407
363
275
335
375
367
203
391
167
375
395
331
247
67
242
227
419
375
343
335
235
315
323
427
363
167
271
295
363
503
383
299
307
431
391
331
303
391
403
219
335
211
367
359
187
455
359
411
283
463
331
427
343
178
271
155
291
183
191
379
191
351
279
415
311
419
191
227
275
275
182
255
367
379
367
471
347
263
303
247
167
195
207
343
407
399
355
283
251
303
287
479
371
383
206
418
295
387
231
363
507
343
435
171
159
439
335
459
331
331
163
263
271
195
383
223
199
246
447
323
294
267
363
375
407
270
387
347
355
439
303
326
295
315
191
387
267
219
163
479
219
307
363
299
330
251
259
443
315
539
327
407
391
562
347
499
319
299
323
303
299
395
235
187
335
299
410
219
291
367
242
458
179
399
287
423
255
323
311
363
275
322
355
167
395
439
255
407
298
343
434
343
423
371
435
411
327
339
203
255
303
307
359
467
247
283
307
279
295
239
351
314
451
319
319
258
323
379
259
315
331
311
499
330
339
339
411
442
355
271
247
315
347
307
307
370
299
411
331
371
198
231
378
283
211
299
371
507
347
359
447
419
579
