479
686
518
705
477
688
433
755
578
778
453
604
497
598
426
774
574
670
471
815
567
715
469
709
401
824
432
634
525
698
572
730
485
826
529
672
623
642
639
749
511
685
409
668
379
718
523
654
537
643
609
718
597
783
615
762
524
725
589
597
475
653
417
823
609
813
547
692
586
688
413
862
476
872
534
696
541
780
572
623
661
736
467
663
452
811
774
702
489
769
546
799
350
808
550
624
468
741
554
650
538
750
516
842
559
561
559
734
455
616
446
779
500
710
472
641
381
691
586
691
600
606
475
590
590
730
532
735
573
769
550
836
655
834
514
648
542
757
572
782
541
710
593
715
510
833
514
833
483
683
507
761
619
708
393
774
386
611
492
640
521
563
604
770
344
801
488
768
590
592
656
726
594
749
633
724
534
659
465
685
557
644
411
685
603
823
429
707
447
856
485
712
456
668
533
890
557
686
524
722
457
782
699
817
506
723
528
701
535
763
559
727
386
772
609
836
463
709
585
683
476
833
414
730
518
824
425
810
601
731
516
673
579
527
440
829
323
729
638
753
668
752
703
853
355
555
411
766
433
645
459
776
543
677
485
602
452
734
532
747
349
745
593
775
556
606
362
785
532
797
581
818
456
797
608
821
440
660
444
812
556
706
458
677
546
718
500
737
604
861
514
567
586
712
658
793
603
710
639
689
539
712
534
711
534
712
522
671
522
704
596
703
413
847
525
696
582
731
494
729
506
756
530
704
416
704
467
753
783
678
510
633
625
737
500
706
567
682
406
717
393
587
715
829
461
942
461
799
631
646
620
793
495
660
513
655
446
777
592
693
578
584
407
705
566
639
546
857
435
947
629
764
578
737
687
696
503
665
589
614
531
736
503
801
475
729
567
606
608
629
585
649
374
727
646
797
542
764
580
629
499
742
374
756
477
640
506
760
456
883
557
892
469
644
573
957
452
764
482
669
505
680
380
642
692
760
615
699
411
637
571
692
425
786
443
803
632
817
438
773
578
704
569
601
581
663
441
812
459
701
634
727
519
832
480
648
562
659
489
686
556
777
603
658
539
621
526
708
429
534
524
595
491
830
509
759
568
687
500
745
366
725
502
772
620
886
608
627
562
609
620
877
570
869
467
624
571
633
297
482
204
443
198
681
532
770
478
642
527
649
533
471
481
531
654
556
623
510
551
393
441
428
556
419
492
533
573
528
574
423
496
355
416
566
572
498
444
336
370
443
454
495
523
517
547
548
453
407
361
518
604
492
593
463
493
500
496
347
426
494
485
416
445
528
393
515
453
403
622
532
482
557
712
477
599
635
615
472
449
475
642
519
544
376
537
416
582
540
518
374
517
529
599
390
451
545
565
596
424
549
426
314
519
584
384
495
449
494
457
436
594
538
486
397
468
505
424
373
397
372
445
579
293
542
470
625
531
581
546
553
457
431
472
435
373
425
455
472
442
500
513
503
545
582
589
563
587
470
451
585
423
486
550
438
460
530
368
456
487
565
603
554
461
441
443
382
390
603
504
550
513
503
587
430
457
521
466
572
674
376
503
494
432
458
451
490
511
415
555
491
611
443
491
564
318
447
296
423
443
470
547
560
521
479
508
525
576
491
573
551
498
665
470
534
485
518
536
424
370
437
541
597
502
430
555
375
319
508
459
423
454
476
508
456
575
451
418
355
553
523
476
499
555
489
387
391
443
392
574
617
464
524
541
376
589
590
586
556
461
400
380
487
332
462
527
456
642
484
425
476
527
425
550
559
616
480
590
564
433
338
487
456
532
529
578
595
398
551
592
535
442
490
566
451
491
541
528
534
497
389
556
591
347
414
439
590
591
583
458
608
578
468
493
600
595
519
511
645
574
548
511
681
655
384
515
389
456
278
628
362
540
365
645
534
473
461
380
508
420
497
476
386
421
338
492
577
454
509
531
504
515
458
480
622
455
487
481
470
608
341
511
556
554
356
350
569
579
451
469
431
644
395
519
512
422
432
629
607
544
548
380
466
420
443
479
544
349
473
485
486
495
559
423
426
464
482
570
335
562
457
461
524
463
509
466
403
525
550
525
382
447
462
482
500
502
539
552
346
482
375
437
376
443
550
479
401
638
506
479
512
435
493
510
515
579
342
512
521
588
452
495
396
431
506
506
566
490
495
454
359
472
548
411
556
383
403
543
541
421
542
443
527
599
447
486
607
560
476
506
384
561
437
565
498
423
456
424
492
491
483
687
534
450
592
431
413
429
576
551
572
482
614
507
567
533
496
566
613
502
423
358
468
483
455
378
533
560
540
539
440
336
454
622
402
474
558
557
393
264
221
275
260
240
493
