355
427
319
743
463
595
455
559
479
675
471
563
435
743
455
666
307
631
435
611
511
651
450
750
495
619
499
663
399
587
383
843
543
535
391
571
407
567
423
659
435
679
559
551
431
663
391
555
463
527
427
750
423
567
387
707
495
586
479
575
419
591
507
723
422
807
507
547
555
575
606
655
507
531
498
743
427
647
523
635
454
591
519
647
423
511
435
559
447
627
439
699
302
566
439
651
463
535
387
635
459
623
383
598
427
623
251
727
435
611
375
591
471
727
479
683
531
591
327
643
567
450
479
723
435
667
327
667
535
751
443
571
431
735
331
779
539
631
395
495
323
639
290
783
551
587
414
711
571
591
514
522
407
566
427
735
511
595
351
647
383
703
379
547
403
575
471
619
590
755
399
671
431
615
379
559
395
591
443
623
531
639
483
627
507
555
395
707
459
583
423
495
539
575
519
643
503
615
383
587
555
611
463
723
483
811
499
695
482
571
491
623
371
551
471
519
483
615
527
471
267
511
563
627
455
638
435
631
362
755
355
615
263
570
487
727
467
595
419
579
583
659
407
775
391
671
339
619
467
571
471
551
435
695
427
563
499
611
515
655
555
747
599
611
439
619
559
583
435
623
391
619
387
671
515
475
491
675
454
751
435
583
511
686
439
714
347
739
387
759
482
695
551
547
490
583
319
603
403
619
351
635
407
635
375
739
379
683
527
619
383
703
443
679
431
503
439
582
391
630
423
735
475
614
423
543
427
567
447
659
463
519
431
615
579
639
327
707
419
759
531
611
471
663
383
643
527
587
591
659
483
659
459
531
391
667
435
631
439
739
427
619
519
779
527
699
339
639
391
454
519
647
398
731
427
627
439
487
395
675
299
723
563
559
599
731
487
719
375
659
503
679
343
542
359
726
271
670
519
803
503
659
431
527
479
691
467
647
419
799
439
711
375
562
443
675
467
767
371
687
475
447
462
647
355
631
579
783
407
579
534
607
567
699
459
587
475
687
515
711
327
567
523
563
507
631
439
815
555
683
511
535
395
655
399
643
382
551
471
571
499
639
515
639
527
519
431
699
439
703
403
767
483
731
350
835
391
523
455
699
527
743
475
475
470
651
411
511
491
743
463
691
431
619
459
555
379
507
243
263
143
239
347
618
455
618
379
535
403
622
547
355
391
535
359
295
451
391
271
431
307
371
386
455
451
391
435
451
527
427
531
387
450
255
358
359
367
435
443
590
423
435
515
255
315
479
458
343
523
279
411
399
591
435
339
307
335
403
431
603
331
511
443
403
494
347
307
423
479
427
491
459
435
439
447
467
431
235
483
418
339
470
335
303
415
531
310
339
375
327
375
207
527
379
339
531
339
419
227
419
339
431
387
379
455
423
315
351
471
403
343
535
379
307
455
383
543
395
503
531
367
375
459
399
655
383
391
503
315
343
367
539
327
455
379
287
435
387
399
427
447
371
459
539
391
347
379
431
383
367
459
427
395
454
391
471
391
355
439
339
523
539
415
447
311
359
355
427
371
415
431
471
479
487
299
407
483
439
427
367
499
263
503
302
359
487
395
451
263
223
443
379
335
395
411
303
455
299
491
391
339
415
427
347
471
423
491
503
446
478
399
383
455
379
435
283
387
411
407
479
519
414
487
427
311
506
483
362
275
351
407
351
466
319
375
371
491
426
307
471
371
363
451
339
371
419
439
327
430
275
607
403
515
514
443
455
431
427
323
419
395
343
435
439
335
367
263
387
651
415
387
371
375
403
303
343
431
458
363
375
467
551
495
423
294
339
399
438
511
483
471
483
335
335
615
510
515
367
427
355
527
475
438
539
430
415
459
527
427
543
519
447
431
403
387
255
467
431
318
335
335
254
351
471
363
419
431
359
359
335
474
255
555
387
503
411
379
355
571
515
346
355
363
514
286
415
419
390
483
551
303
411
491
307
379
563
507
383
419
299
619
455
382
407
431
427
367
419
307
507
267
383
483
407
523
439
543
447
479
455
359
271
451
311
447
423
315
379
491
283
387
439
431
390
443
327
479
295
411
475
459
539
331
467
431
415
375
419
455
435
442
531
451
491
399
387
311
399
410
367
483
471
407
494
471
387
567
375
439
467
327
435
327
422
275
475
451
487
335
479
275
383
359
387
515
375
411
435
482
387
435
346
379
423
279
366
411
487
319
299
323
379
263
363
463
423
423
495
479
238
175
423
475
495
391
431
419
435
383
331
419
371
351
455
363
451
427
379
467
311
287
375
343
323
507
239
335
455
527
435
471
379
418
487
403
475
411
315
355
439
551
131
515
451
418
539
335
287
331
479
367
523
359
603
