411
723
339
763
542
591
459
723
471
579
451
591
499
655
542
735
431
655
531
699
475
763
435
691
635
823
527
718
455
746
495
687
519
623
531
594
443
791
515
667
443
727
531
739
343
823
439
739
431
615
467
767
535
699
503
739
407
595
399
599
519
683
391
715
523
727
379
655
467
747
439
687
551
555
555
655
475
703
595
663
555
671
463
719
495
683
439
759
555
627
527
671
319
623
490
723
563
747
455
727
511
647
435
587
483
583
547
667
455
770
411
639
367
803
407
643
455
647
527
755
583
687
519
555
451
579
551
698
451
731
631
631
503
771
499
711
491
618
507
751
531
719
583
567
395
627
507
615
411
683
559
735
563
643
434
687
335
815
559
903
563
719
491
651
467
706
383
647
475
763
467
687
543
651
471
659
463
715
595
851
423
783
419
847
547
667
531
631
447
643
447
711
507
839
627
867
571
791
619
659
383
619
475
699
603
511
511
563
555
587
427
727
479
687
431
779
563
631
466
759
431
678
511
735
447
675
387
763
559
698
491
599
287
607
507
499
383
631
475
675
422
563
494
687
534
779
455
559
503
751
598
743
543
771
591
735
475
779
563
791
395
723
543
679
507
791
491
735
547
811
339
671
543
635
359
751
347
595
571
759
475
699
535
679
467
715
619
619
475
695
487
691
371
714
491
695
427
670
467
719
415
583
507
851
467
743
423
663
483
859
491
815
439
627
507
655
367
655
687
647
383
823
423
707
383
659
583
803
667
795
431
783
479
819
599
735
399
699
403
691
523
831
479
691
563
611
571
707
571
687
379
843
531
651
543
763
447
875
555
659
539
607
475
675
663
839
423
807
487
751
491
754
519
595
371
607
547
787
355
775
407
823
363
715
491
675
467
623
423
787
539
619
459
539
423
643
487
663
507
719
523
743
531
747
462
627
547
751
275
855
510
514
471
735
483
819
535
651
475
787
507
787
467
583
567
571
503
771
395
706
475
719
411
811
435
511
523
635
375
691
595
603
379
659
515
547
591
583
455
767
355
635
571
735
479
635
567
715
603
755
567
751
522
671
619
671
587
694
355
687
622
891
663
723
431
655
539
675
407
587
383
759
475
727
359
715
423
663
539
671
415
687
519
591
538
675
419
611
271
363
235
423
0
683
527
479
399
671
483
567
507
503
326
503
419
327
387
403
587
463
511
347
343
391
531
371
475
511
475
467
383
483
475
411
535
447
307
459
503
375
491
395
514
435
555
571
439
331
595
351
287
531
435
355
498
347
431
475
475
611
515
543
443
587
555
583
547
523
483
391
319
375
439
371
447
511
387
399
503
475
563
434
539
499
555
439
443
399
423
495
467
575
423
403
383
411
503
511
555
455
503
559
451
407
483
487
495
383
387
486
483
587
531
483
439
439
463
651
543
411
515
335
415
459
451
431
511
443
507
227
447
611
551
407
463
263
315
363
419
479
463
335
495
507
411
446
410
419
475
211
407
279
547
403
543
551
491
475
431
535
463
443
611
411
471
331
447
479
391
511
351
447
447
447
475
455
411
459
587
427
519
535
535
311
407
375
503
483
355
550
271
543
519
543
415
387
475
447
415
275
459
515
483
339
471
495
399
419
483
499
563
427
367
535
347
511
403
563
427
371
587
535
515
435
331
515
567
579
531
415
451
491
383
491
439
299
483
407
455
379
531
447
511
419
467
575
547
479
431
431
407
431
515
491
519
371
431
539
439
379
203
455
291
355
427
443
323
539
538
431
503
427
391
423
387
635
455
411
307
519
607
487
527
615
463
551
427
519
363
423
367
459
467
359
547
403
559
495
403
475
447
515
599
415
431
531
495
451
547
531
475
363
515
531
543
435
383
415
547
519
443
379
423
395
539
427
395
387
595
426
423
635
639
431
595
431
531
407
427
438
387
411
511
483
419
343
491
535
471
447
519
403
483
335
471
470
443
435
343
427
443
503
615
387
511
427
571
523
391
475
495
379
431
347
399
455
359
471
555
419
439
547
579
423
251
459
527
483
395
467
427
427
399
571
483
419
559
459
350
663
471
487
387
347
491
539
286
347
471
427
527
491
459
639
455
331
443
523
451
395
607
475
419
439
367
439
399
415
591
551
435
519
563
530
595
483
499
471
423
371
563
471
483
382
539
459
579
551
523
479
475
507
447
367
475
451
619
462
591
451
499
407
427
375
475
463
695
503
331
539
475
351
731
299
483
435
479
527
583
339
527
519
439
355
411
443
343
487
503
494
563
551
447
339
503
491
471
479
323
343
379
407
299
559
435
607
355
319
431
687
375
507
471
551
595
471
402
463
499
467
483
443
443
787
