459
547
351
451
387
698
427
555
262
446
579
530
226
679
430
627
443
755
378
515
387
666
351
475
458
745
287
607
383
547
477
743
539
578
355
559
434
529
271
691
303
658
379
583
402
555
287
565
262
647
430
581
275
599
407
647
375
499
431
599
379
607
325
611
343
615
307
607
339
551
423
559
418
643
315
471
335
543
423
723
323
782
547
562
435
523
371
626
526
522
410
431
331
435
391
707
323
511
287
591
371
667
511
623
379
571
378
619
627
374
459
687
351
494
378
727
355
663
391
663
387
615
351
747
351
575
439
727
491
557
231
601
359
566
395
599
282
594
390
657
267
423
378
659
467
663
363
659
463
586
423
574
347
574
271
655
219
614
343
551
347
631
334
499
295
614
387
611
403
495
239
451
375
487
475
590
531
510
451
706
375
571
267
426
231
659
447
526
459
567
287
539
331
758
427
583
283
493
363
677
355
502
430
571
547
643
455
503
327
575
387
651
383
519
206
623
495
586
531
694
398
566
370
438
323
723
311
646
431
794
243
483
386
566
331
663
366
623
443
629
423
579
467
599
343
527
371
634
402
638
542
447
467
587
323
555
425
615
415
562
402
619
457
639
399
531
398
587
313
647
377
659
575
583
319
651
503
583
483
515
335
655
322
643
295
631
382
659
350
655
410
710
135
691
353
647
487
418
439
659
323
655
335
611
431
615
414
651
347
547
455
567
319
619
318
375
271
603
339
627
347
491
407
623
374
729
459
438
237
542
351
610
403
539
434
574
347
478
311
526
459
531
463
587
279
543
334
451
418
455
267
578
253
554
309
559
463
671
407
555
267
495
331
587
463
587
431
730
470
549
325
717
358
403
511
599
347
547
479
415
335
579
390
667
271
643
383
671
435
699
419
555
307
666
455
639
375
547
349
609
463
491
463
547
366
587
471
583
326
659
535
563
403
467
359
502
451
659
491
587
390
439
454
562
342
590
355
567
327
431
415
550
403
655
427
555
311
626
349
655
375
539
423
499
563
494
379
675
427
603
425
699
406
627
519
621
470
659
383
462
450
567
403
579
370
474
407
571
430
547
403
547
345
519
391
491
282
643
431
549
355
535
383
570
375
603
475
595
333
507
367
702
259
659
538
634
375
475
135
199
0
310
35
639
427
479
399
535
351
511
359
347
471
359
286
322
335
395
439
463
231
378
319
445
283
338
367
431
499
311
491
229
275
375
387
298
351
342
239
311
406
319
295
159
466
502
371
462
375
450
370
383
422
223
383
331
375
383
443
319
369
266
239
255
425
379
338
471
391
250
283
363
415
347
295
307
495
207
351
419
371
295
299
271
422
351
383
355
299
363
338
430
415
487
343
354
382
218
425
263
310
411
279
295
166
367
339
331
187
367
435
339
341
378
319
266
394
439
359
306
295
322
391
235
346
415
283
419
267
443
383
391
466
299
255
363
307
431
486
419
370
331
411
319
423
295
498
375
447
347
294
343
363
371
427
311
267
399
398
275
315
411
350
543
434
271
431
355
291
399
415
342
390
583
413
431
343
315
371
391
434
383
358
315
227
439
379
310
399
371
423
347
423
359
463
391
323
286
298
435
431
347
386
315
387
287
287
278
295
247
295
303
475
186
431
362
369
266
251
239
395
287
255
382
339
323
554
371
283
267
271
362
415
243
543
423
307
303
471
279
378
385
254
194
431
255
247
187
478
495
439
389
338
311
399
374
335
162
395
255
327
162
250
403
379
271
377
495
411
410
279
339
491
387
391
411
279
335
359
383
383
294
323
474
203
351
318
323
423
262
307
315
475
383
375
410
351
435
371
479
239
326
415
159
363
283
319
250
183
305
359
219
259
302
379
286
419
357
447
357
515
210
237
455
250
299
222
339
550
346
367
187
423
431
439
370
290
334
319
323
355
430
631
311
479
375
387
251
439
318
310
367
266
335
355
247
415
327
307
378
247
215
355
431
423
407
362
434
258
267
386
311
299
339
299
367
391
426
491
442
422
483
422
433
283
235
338
211
298
307
355
426
298
427
351
466
238
261
355
351
295
186
231
242
291
187
355
343
375
383
373
227
323
225
271
414
398
354
391
362
402
255
366
414
335
411
463
274
351
366
319
399
187
231
267
319
510
359
370
283
391
270
399
318
394
427
334
325
458
326
411
223
435
402
425
273
295
279
231
411
342
410
406
314
327
243
402
401
463
506
391
419
319
454
299
271
455
395
403
319
378
319
327
291
235
383
327
183
295
407
275
386
315
279
303
458
391
366
215
455
519
347
523
382
411
395
347
263
323
351
207
306
355
531
309
219
431
387
411
479
533
395
539
763
