355
639
437
681
357
613
299
669
461
681
362
605
410
647
483
574
310
581
341
551
267
554
331
639
455
755
334
678
330
651
415
702
483
673
395
629
251
619
255
565
362
719
463
631
267
544
503
692
505
617
373
659
482
582
403
663
318
717
379
627
299
558
494
659
448
441
510
643
371
619
383
573
439
667
371
599
371
613
410
719
493
699
319
634
439
702
365
643
515
563
446
675
355
537
499
603
620
543
289
725
491
663
319
782
275
589
363
662
343
607
407
675
525
545
373
565
447
537
358
535
425
680
367
714
213
425
391
870
401
683
350
703
465
551
429
746
289
609
387
607
411
733
331
739
346
658
329
701
261
630
534
591
419
343
551
583
333
475
271
657
241
510
258
557
425
566
493
545
449
491
442
587
297
513
506
679
407
543
439
710
470
467
302
587
198
675
361
703
298
655
563
543
425
609
465
635
223
519
229
611
370
511
399
582
302
712
230
671
418
503
355
735
275
482
558
621
370
546
343
471
437
498
290
602
379
421
491
639
370
667
193
682
375
582
399
590
350
543
447
661
394
582
266
489
297
474
449
751
443
403
501
545
569
557
561
714
413
594
379
671
315
527
350
403
311
618
353
651
297
595
566
615
279
547
437
667
379
627
411
602
531
605
337
538
349
546
407
715
343
511
466
607
451
793
513
613
469
617
290
671
370
589
401
703
359
710
323
513
335
651
374
469
443
539
322
667
251
525
323
665
438
742
495
627
213
467
478
563
311
732
354
462
429
414
447
639
375
435
295
602
323
527
399
727
391
693
457
665
481
587
253
635
345
567
359
683
332
443
433
634
474
672
457
619
399
627
517
450
555
649
547
643
354
582
395
589
541
646
495
559
326
625
325
455
354
579
463
679
431
649
515
553
407
491
539
643
442
499
211
653
339
659
474
515
323
538
380
487
391
669
511
639
427
528
541
571
393
509
369
583
470
503
295
705
441
523
482
710
315
599
253
630
349
767
447
691
395
541
298
795
405
555
479
577
326
671
523
667
343
663
323
613
469
615
405
502
339
579
507
430
457
534
442
674
567
734
471
679
343
602
409
627
355
491
285
634
419
631
547
451
319
549
278
709
388
545
460
623
427
609
467
563
455
709
451
691
403
471
70
346
166
311
75
663
347
463
335
479
423
574
435
461
417
374
449
439
303
251
342
215
495
425
143
301
323
371
401
263
477
243
386
385
406
435
395
327
285
410
398
413
367
571
363
333
311
307
501
462
567
357
503
380
363
379
357
346
391
359
405
303
422
478
541
415
397
528
393
230
438
367
418
293
367
237
222
542
335
362
350
451
463
375
393
399
405
379
432
190
459
478
387
507
425
253
393
270
338
361
359
443
451
235
334
298
489
390
429
341
446
418
357
179
446
419
418
427
386
425
423
257
323
331
467
267
491
380
350
399
334
370
370
296
408
483
509
262
358
337
262
243
219
278
286
315
373
434
347
415
407
451
474
346
367
463
390
395
399
487
262
166
429
394
346
247
389
383
349
266
467
337
405
177
439
421
265
419
293
403
382
410
441
223
435
381
451
429
426
469
315
407
535
523
385
439
466
347
339
526
418
349
527
385
447
341
412
403
315
257
437
283
395
427
506
399
355
426
427
447
355
303
318
359
454
458
411
381
438
241
318
422
259
375
215
441
393
279
462
343
455
339
461
462
459
183
351
298
511
201
383
387
398
421
531
375
361
442
487
377
513
369
298
314
283
325
410
451
431
347
315
378
375
423
263
402
225
393
395
375
431
414
479
519
491
291
337
475
262
391
526
335
339
467
399
453
223
327
393
481
275
307
539
473
455
305
453
355
329
458
486
199
403
451
274
289
430
355
506
523
329
405
451
363
373
305
319
439
493
259
359
342
430
283
287
466
438
384
415
134
375
287
325
355
221
321
339
299
458
266
517
306
407
333
339
291
269
419
355
286
293
291
297
321
361
299
478
391
375
221
290
546
513
329
353
266
365
299
462
375
459
413
475
383
302
530
501
506
343
419
463
318
265
499
308
429
306
226
311
377
452
395
367
279
362
339
431
370
427
473
271
321
247
299
371
387
363
370
394
383
398
386
486
402
351
479
231
387
397
266
486
289
470
383
466
314
397
334
337
469
183
282
347
269
319
283
430
345
386
306
394
395
423
313
386
313
429
423
361
286
327
353
327
584
342
378
246
466
382
411
354
425
238
219
209
431
274
319
321
283
358
525
446
414
442
453
395
369
419
320
445
467
439
365
379
422
442
251
359
273
403
306
299
379
383
338
411
323
383
285
361
470
267
246
378
415
342
454
429
251
347
323
371
399
406
497
