675
815
811
811
587
851
675
879
567
959
871
719
643
955
627
807
547
771
703
819
563
947
663
799
623
779
671
895
687
967
651
815
535
863
843
799
635
1019
727
847
611
823
647
835
535
855
507
983
571
803
679
827
675
759
643
963
623
759
547
775
807
831
803
843
643
775
731
915
719
899
719
795
699
747
663
919
691
787
607
767
507
835
663
851
687
827
755
927
663
787
723
935
467
871
659
847
567
831
747
931
671
835
539
847
775
767
595
863
723
899
675
867
675
819
651
963
591
955
623
1055
679
835
699
975
719
819
719
819
775
967
711
847
731
795
607
839
623
855
795
959
691
947
707
847
687
771
655
931
811
871
623
751
791
755
527
711
459
871
679
815
775
799
723
947
675
783
523
907
567
967
743
819
683
835
627
839
731
867
583
867
547
883
699
815
735
971
667
843
667
747
647
911
679
847
719
851
655
819
607
943
607
855
787
807
567
787
655
823
715
943
683
991
631
899
651
671
703
951
787
759
663
847
679
763
639
827
739
919
655
811
751
835
631
747
659
847
543
971
619
907
691
695
799
827
743
967
455
963
507
699
659
763
775
695
619
899
795
875
719
827
847
811
679
847
635
815
811
879
747
787
743
1015
551
799
727
827
623
943
743
879
635
723
563
887
599
903
571
895
699
847
679
787
779
815
719
795
607
879
719
791
531
859
735
1035
607
883
667
863
627
939
691
951
683
715
663
1043
635
867
635
1027
727
691
579
851
671
783
703
735
787
915
635
787
643
919
835
891
679
759
631
815
671
911
783
843
747
739
683
867
619
827
771
875
623
959
707
907
679
895
391
927
631
775
679
991
687
819
619
915
739
871
699
919
819
907
647
771
595
795
727
775
807
795
715
887
731
847
767
971
651
967
715
939
775
815
683
955
683
811
647
935
703
887
767
807
679
907
827
879
731
811
635
771
643
715
775
795
611
783
543
855
723
843
695
927
611
843
767
923
763
851
867
907
563
871
567
859
707
807
695
951
575
959
771
859
643
727
603
955
591
947
767
935
695
919
643
867
683
879
679
831
851
787
531
823
535
823
755
919
447
843
751
907
779
867
723
851
539
891
671
915
683
807
683
799
503
823
667
991
683
831
683
743
507
883
731
935
715
611
375
651
295
507
471
863
671
831
751
815
707
775
691
463
639
595
799
603
699
571
591
699
699
543
603
487
735
795
675
663
767
655
599
575
587
711
683
575
607
687
803
699
511
679
739
647
639
627
667
619
671
691
675
583
727
683
679
543
479
539
603
723
555
563
679
611
603
563
603
671
647
679
579
707
651
571
503
595
619
495
723
547
703
559
667
503
563
619
559
659
679
631
631
667
507
603
815
611
719
503
531
583
739
747
703
671
683
703
671
599
591
735
603
691
555
575
599
583
739
643
735
715
539
643
571
663
551
603
599
619
715
503
563
707
607
547
731
711
611
683
695
615
767
723
603
487
635
739
699
455
603
763
751
583
647
723
611
695
731
643
595
603
731
619
711
727
747
615
635
615
667
627
683
631
811
711
627
675
735
431
743
639
635
439
591
707
567
815
503
723
639
547
671
647
651
595
575
671
627
591
639
491
647
443
771
599
831
631
607
567
655
719
551
611
687
631
739
719
667
587
719
747
847
531
527
519
779
675
695
675
543
487
703
655
675
723
611
703
727
751
631
647
611
627
619
603
603
675
655
683
531
695
679
667
583
671
603
675
763
631
619
611
579
539
523
507
683
679
547
655
627
799
695
735
575
671
695
575
607
571
447
567
639
555
659
687
643
695
723
551
651
723
563
547
695
667
607
611
611
759
651
535
703
587
731
655
615
631
527
611
467
703
543
639
679
639
687
627
643
603
707
631
683
715
751
615
751
627
583
643
627
579
639
627
671
631
739
611
619
519
699
799
559
531
607
663
823
495
755
551
767
603
763
587
687
667
711
599
731
523
759
787
723
683
715
595
647
671
795
651
599
667
651
671
755
587
671
739
639
675
735
583
731
543
643
575
515
631
739
443
515
563
703
559
591
543
479
739
603
611
691
639
711
619
755
743
447
775
707
643
655
591
607
747
691
635
663
695
575
627
687
663
599
691
671
719
719
567
695
715
659
627
747
603
559
711
543
727
651
683
707
643
739
571
659
675
655
655
619
599
599
731
739
723
571
443
555
595
603
743
639
567
663
675
587
627
739
747
599
491
595
659
623
503
579
575
559
707
691
611
731
695
715
635
719
647
795
647
743
635
615
811
683
639
603
563
667
499
667
727
539
391
759
671
587
535
603
607
607
795
663
499
575
495
547
559
639
635
727
499
523
447
443
459
571
767
