499
725
378
487
375
539
427
602
255
583
390
487
458
591
367
526
479
703
503
418
421
651
351
683
407
494
511
731
398
570
455
659
439
667
419
603
455
618
422
643
410
515
554
747
266
579
439
687
454
577
319
739
399
510
559
659
443
659
523
619
462
607
582
663
306
610
407
803
471
703
543
595
375
478
403
543
454
703
407
771
531
698
355
747
410
635
466
627
283
638
311
427
367
535
451
530
382
551
499
707
391
455
351
575
394
630
335
659
487
679
559
583
375
547
422
579
479
579
503
763
487
578
407
711
307
583
526
563
331
682
403
715
507
562
519
642
459
719
362
533
351
659
242
595
419
611
391
663
467
695
407
711
439
615
467
690
330
618
495
763
403
603
383
639
490
647
303
563
339
554
526
467
307
475
514
771
475
522
403
654
387
598
439
506
347
531
439
635
491
587
398
687
378
582
335
711
378
587
455
558
446
559
587
651
315
587
243
591
491
811
397
663
306
763
418
715
379
478
394
734
463
622
487
711
458
637
435
578
415
687
399
599
443
539
375
646
455
718
543
659
427
691
454
579
547
594
319
510
331
571
487
599
463
591
419
807
562
559
506
642
286
586
402
699
347
555
439
618
355
591
467
619
371
734
439
566
451
663
474
691
374
535
383
543
434
610
386
583
435
698
467
591
327
595
422
646
499
607
439
579
395
599
359
755
411
715
411
642
475
575
406
747
443
539
487
523
359
494
570
618
358
514
526
658
383
535
471
535
495
547
359
735
451
551
411
558
531
595
343
550
395
691
262
623
455
591
415
547
435
574
475
495
379
610
427
691
350
643
419
575
351
647
347
669
439
523
415
670
407
627
423
590
443
707
454
667
371
595
366
555
366
534
363
663
515
531
551
739
359
643
347
751
386
491
435
562
435
447
607
687
435
703
335
763
403
687
395
659
330
566
371
739
382
507
415
794
435
626
507
655
459
523
527
531
291
610
383
583
398
643
491
611
287
599
535
658
455
619
439
575
403
610
311
571
519
603
415
578
395
630
531
595
435
491
465
510
435
693
441
631
307
691
435
718
406
426
346
759
491
475
479
406
491
606
326
543
370
563
459
637
471
702
363
738
475
711
399
627
242
671
439
674
443
635
469
683
319
522
47
327
126
343
263
606
363
619
203
587
334
635
347
167
491
479
522
411
307
503
271
295
507
427
435
327
443
279
419
339
383
403
375
327
367
315
351
322
551
273
287
430
523
319
415
399
299
447
390
447
319
431
339
575
531
347
250
379
335
447
391
311
382
371
283
455
431
451
459
351
379
134
295
223
327
399
523
443
415
411
547
315
483
418
483
358
467
271
499
407
435
311
395
187
403
490
475
323
374
431
447
523
323
455
311
374
391
474
375
251
362
527
211
487
363
503
451
303
279
310
279
458
479
326
483
406
454
387
507
346
310
406
355
619
335
247
459
342
423
407
379
399
418
347
363
399
343
447
319
407
451
434
511
275
327
322
359
331
358
315
399
247
459
282
386
394
451
407
282
307
447
367
459
335
526
443
423
371
519
395
246
227
414
547
238
406
291
263
443
383
379
526
219
523
375
418
339
378
447
503
303
539
398
331
391
327
478
439
339
335
431
427
363
398
391
422
471
291
514
349
442
311
306
347
399
247
426
290
443
499
491
323
327
273
402
575
391
319
371
379
415
283
327
439
310
315
443
463
419
379
411
355
495
474
523
471
397
615
367
443
355
302
450
443
526
427
375
363
299
414
439
351
479
351
226
323
439
427
335
403
403
367
471
395
275
319
467
383
455
394
439
518
515
414
479
451
447
450
459
238
487
337
407
363
526
299
351
451
419
359
335
334
315
534
363
447
571
391
514
361
523
409
327
327
435
515
414
354
422
374
379
446
463
467
371
411
375
371
475
399
362
402
355
283
315
391
470
370
350
326
450
462
731
603
351
462
395
507
403
203
431
222
455
466
359
419
454
415
367
379
466
331
375
410
435
275
374
386
439
443
486
403
339
523
291
303
314
347
574
499
466
303
431
443
343
359
279
491
358
447
526
315
423
363
446
363
595
455
303
319
391
427
354
350
526
363
431
363
458
327
258
423
295
523
314
274
526
383
438
451
359
382
339
510
195
415
403
319
379
314
374
391
419
350
423
542
382
362
383
451
383
351
411
191
447
343
431
397
391
354
299
543
375
271
383
274
471
203
394
342
539
342
522
467
431
343
355
370
530
523
406
323
378
311
415
403
355
459
434
227
354
455
462
518
303
443
499
495
471
427
375
399
395
346
474
379
475
435
491
427
459
451
263
291
319
429
354
339
287
414
555
463
430
291
427
803
