331
599
487
579
415
719
367
551
291
611
263
423
531
611
311
523
375
371
459
583
415
475
403
571
347
587
315
607
475
659
335
575
447
695
355
463
355
443
283
623
459
771
519
663
399
603
367
439
475
495
323
615
479
435
327
591
319
671
463
487
299
655
463
627
399
659
379
587
519
507
395
475
391
735
423
571
327
603
463
567
311
591
467
595
499
519
431
607
335
551
503
439
555
627
367
607
347
555
279
503
319
555
371
523
427
515
459
607
243
527
511
559
351
567
439
535
655
587
395
691
471
507
391
695
355
667
503
627
427
467
455
527
419
431
379
563
347
603
299
619
479
599
535
579
419
591
371
611
467
595
519
591
379
583
363
483
371
635
403
567
459
575
559
523
303
675
539
523
247
575
287
539
519
511
415
539
515
563
471
563
339
595
167
663
419
631
383
543
327
591
331
611
379
599
243
459
363
555
307
523
327
591
299
623
263
563
371
479
287
679
299
691
403
659
471
595
491
583
339
527
323
659
403
703
311
599
435
535
487
571
339
647
315
543
323
711
475
507
419
607
371
527
423
643
331
571
475
583
247
591
387
491
223
599
387
639
427
475
383
615
263
531
411
615
259
711
371
599
447
587
527
631
415
555
367
543
463
631
303
451
407
535
515
599
483
519
519
607
531
575
403
603
343
775
315
531
435
579
447
643
359
667
343
643
191
551
343
523
355
623
435
671
471
499
335
627
315
651
351
547
451
631
439
671
287
559
431
739
263
527
419
711
411
679
407
647
399
675
375
615
263
463
359
495
283
491
419
623
415
595
483
555
291
631
335
551
395
527
367
647
287
683
259
499
287
683
355
491
371
583
427
631
403
727
407
735
439
487
443
551
343
659
383
475
395
531
499
703
347
723
343
355
211
483
391
615
487
731
211
779
415
623
539
663
339
555
319
539
259
527
371
631
383
499
387
663
411
627
199
579
391
627
371
707
327
551
343
555
359
535
447
655
435
651
491
523
427
687
387
619
459
575
331
587
391
635
339
647
343
631
287
675
375
499
427
583
303
587
379
663
375
491
459
723
379
551
335
371
359
631
459
551
343
575
355
619
323
603
463
679
475
623
455
607
487
415
411
607
531
579
295
631
347
567
267
483
335
587
107
319
155
323
75
543
251
431
287
599
267
515
343
323
271
471
419
471
311
511
355
223
503
319
295
487
315
299
327
463
479
343
359
467
407
483
399
495
331
487
355
263
435
343
411
339
431
359
611
383
415
379
451
259
315
351
531
327
363
375
391
387
311
271
399
419
307
291
359
367
495
407
359
415
467
319
343
427
311
279
579
291
367
459
379
331
375
355
519
307
311
395
343
355
291
471
463
391
327
359
263
331
223
351
379
399
335
507
303
271
443
291
435
343
475
443
327
295
299
219
439
327
427
323
303
419
423
351
343
291
463
495
471
251
403
215
387
343
167
331
423
311
327
363
559
431
415
319
299
495
363
367
483
375
455
311
319
323
431
371
527
307
459
395
387
435
343
287
335
379
271
307
299
459
351
439
379
235
439
447
423
471
503
419
179
311
407
423
395
515
467
283
355
371
387
407
363
351
331
219
351
427
355
371
447
227
535
319
347
455
435
383
435
303
431
599
271
411
499
315
395
259
423
327
443
387
395
363
351
247
427
423
343
315
327
299
275
379
427
279
355
463
367
443
403
383
307
187
319
347
455
539
351
423
503
391
371
235
415
447
379
399
359
411
203
311
439
435
455
335
403
359
363
383
383
391
215
319
423
271
343
479
347
339
379
319
363
319
395
351
591
311
459
211
307
295
275
383
295
223
395
227
359
355
535
311
355
367
403
303
363
427
427
323
315
243
335
495
435
355
403
383
327
299
343
355
479
395
335
347
391
335
387
211
359
371
331
375
239
279
227
299
231
383
311
299
363
255
343
387
403
143
363
227
343
407
323
387
295
435
379
279
335
423
263
343
423
339
423
339
427
291
319
267
351
447
347
219
251
291
351
355
363
379
359
283
503
347
311
379
423
207
371
359
339
359
319
391
331
359
379
307
467
307
211
339
459
295
387
363
315
415
291
223
323
355
375
475
399
347
231
247
467
439
311
399
363
359
263
495
391
539
423
311
375
391
323
267
387
371
291
311
287
291
435
359
387
315
483
247
427
495
431
239
319
183
379
335
371
463
375
315
523
431
307
343
411
203
143
279
347
327
287
439
307
211
447
311
311
403
403
295
263
363
447
335
415
291
355
407
423
279
359
319
231
439
403
359
499
299
323
391
419
319
407
383
343
211
271
371
427
411
379
323
267
291
155
255
363
331
131
319
203
319
331
571
