323
555
435
615
395
683
439
723
367
699
563
623
371
667
339
495
451
563
387
667
347
719
447
435
475
647
459
543
255
651
347
715
427
651
547
675
483
499
387
547
455
587
359
547
355
647
463
591
467
583
547
583
451
715
427
523
407
595
419
639
379
603
459
647
431
691
623
623
443
627
407
623
447
595
431
475
615
523
359
559
455
607
491
467
559
635
431
631
475
635
423
619
411
711
311
695
407
563
355
751
415
651
463
727
351
591
283
559
435
727
423
571
527
655
307
587
519
635
467
583
451
579
467
715
447
575
395
651
415
699
443
703
383
583
435
675
447
631
427
739
423
779
375
599
475
703
447
763
383
499
459
519
335
439
407
571
523
619
411
623
607
851
475
659
507
635
531
635
459
587
479
647
427
591
579
619
423
771
339
735
407
539
219
563
519
791
535
575
455
599
451
591
527
659
511
591
435
659
559
727
315
643
447
575
463
687
363
619
355
659
431
715
427
667
359
523
379
579
391
651
403
707
431
747
507
615
387
607
419
627
299
511
479
467
427
619
443
427
487
763
407
563
567
551
263
507
519
579
483
703
431
635
555
491
539
843
383
695
491
627
339
427
399
455
479
583
479
599
403
643
335
587
475
659
539
555
287
535
387
599
371
615
447
619
487
723
543
555
475
723
419
507
447
707
451
607
515
663
519
615
267
667
347
707
427
503
527
667
419
499
423
803
483
719
427
563
427
587
463
667
395
639
375
615
451
771
323
719
395
679
451
559
439
631
527
687
439
647
507
615
387
551
459
687
507
555
419
627
363
563
391
647
299
711
491
659
367
615
495
647
403
631
351
671
315
639
487
575
639
631
455
679
651
635
503
639
519
599
435
519
427
547
375
823
447
679
363
719
391
687
351
571
511
679
407
655
551
619
511
679
303
655
487
631
495
659
323
651
483
547
463
731
339
551
399
799
475
635
539
755
423
543
543
711
555
515
455
531
335
707
339
419
343
591
479
635
363
651
411
719
447
563
527
687
459
711
375
731
419
603
547
591
503
887
539
699
427
455
491
603
447
567
519
619
575
743
635
751
383
495
567
695
327
671
363
699
315
667
583
667
427
627
339
559
527
659
487
611
407
663
563
727
315
615
423
543
415
491
35
251
275
311
119
671
415
643
299
543
367
599
467
419
407
287
411
511
439
415
507
423
419
355
599
511
375
247
415
343
459
367
327
395
399
411
571
447
383
347
347
287
435
435
563
443
503
323
439
583
363
411
519
307
399
399
515
483
455
447
379
443
411
379
387
247
519
343
263
303
359
451
455
315
423
479
423
475
555
523
459
395
399
447
495
435
319
435
515
527
395
387
515
423
419
475
447
415
547
343
379
383
423
535
491
247
383
515
431
347
499
347
611
355
415
343
319
475
403
383
311
343
471
491
339
431
431
371
243
315
451
411
595
287
479
403
399
259
439
315
575
543
359
475
391
315
331
487
467
399
491
359
367
367
367
447
555
399
387
391
535
219
559
395
403
495
439
411
475
431
383
347
435
371
467
455
327
475
519
355
379
487
467
395
391
327
463
507
471
531
327
351
411
391
531
439
347
423
431
339
431
263
403
507
603
355
515
503
423
399
395
411
463
383
423
319
403
431
383
519
455
463
351
459
507
387
479
343
395
479
371
519
403
255
599
319
567
387
611
491
459
395
447
395
551
479
379
395
431
367
347
379
403
511
383
519
295
519
527
479
475
183
375
319
391
399
459
483
327
579
415
359
479
399
451
347
487
539
435
383
447
287
355
395
399
355
471
363
379
355
431
435
559
323
523
367
391
451
363
535
519
363
351
395
399
435
531
363
519
399
371
495
387
327
259
387
415
311
467
383
487
435
307
359
339
503
431
483
387
435
479
339
371
367
555
387
463
427
503
499
359
343
387
403
427
447
543
431
395
435
567
467
407
411
519
415
391
511
327
435
451
367
387
391
539
375
423
375
347
387
591
351
295
379
439
347
339
295
451
431
507
363
443
411
239
319
467
475
547
279
403
467
431
331
479
387
431
427
451
447
427
435
523
307
383
295
307
511
375
331
355
275
407
367
483
399
463
459
439
343
423
367
523
423
443
359
259
399
339
407
435
379
343
375
351
491
311
315
327
319
359
439
371
411
411
359
243
431
491
339
571
375
411
331
387
475
323
399
387
315
443
407
487
415
439
299
455
419
479
467
391
407
515
355
435
371
507
495
415
347
483
467
407
547
459
323
443
463
539
471
395
331
443
407
451
291
375
347
383
423
347
307
263
363
439
291
403
331
351
363
447
407
411
179
271
243
375
251
483
275
371
363
299
267
391
611
