555
747
379
598
419
727
375
681
350
709
493
763
483
774
527
617
495
775
509
735
505
687
481
654
307
537
415
697
278
734
354
743
399
571
535
715
354
557
414
619
295
649
294
514
351
759
525
654
450
687
471
651
431
711
645
631
423
613
477
605
475
718
455
681
546
715
537
746
459
663
311
622
465
687
493
707
487
673
641
789
531
787
419
839
391
635
475
699
503
651
331
727
555
699
539
727
431
625
563
811
426
747
287
674
482
542
471
611
423
518
426
598
543
765
503
611
451
638
407
643
477
583
411
527
435
631
469
646
611
639
586
683
435
685
427
871
461
667
651
607
591
609
429
679
467
667
453
695
462
799
398
615
427
617
437
711
463
583
403
558
490
607
523
650
309
629
587
811
326
675
323
701
491
755
414
626
394
638
503
679
417
693
433
745
398
591
435
659
439
674
481
807
361
615
486
670
594
585
391
755
447
621
437
678
494
779
379
714
307
545
531
653
351
587
362
650
447
705
503
651
394
626
510
807
423
643
573
635
573
529
447
703
503
662
387
575
495
601
523
739
482
643
619
631
551
535
594
562
319
674
415
581
567
619
475
742
309
651
475
778
450
678
375
663
483
618
535
649
315
611
411
735
417
653
465
747
463
538
523
641
511
695
366
577
227
702
447
739
357
571
529
607
477
599
571
759
398
631
605
683
413
661
537
766
506
697
581
655
293
571
365
671
470
619
514
509
462
611
407
771
511
681
495
622
471
507
619
647
463
679
534
635
499
581
530
787
538
763
622
695
443
613
518
662
351
631
531
843
319
641
402
706
453
617
387
581
467
662
347
670
409
539
486
643
371
673
457
805
439
541
595
758
595
530
542
781
547
647
525
607
545
642
335
738
531
701
530
841
370
475
407
575
433
769
487
651
335
695
466
627
510
727
415
569
479
774
593
627
475
642
394
658
466
735
575
639
459
682
475
649
554
613
371
534
379
595
419
535
473
637
435
661
470
557
311
733
419
639
438
643
407
642
411
687
427
554
430
805
463
533
486
685
409
575
423
655
363
546
538
634
478
647
421
710
475
650
486
657
459
643
465
715
454
498
507
673
465
743
491
715
369
583
314
774
498
635
559
623
527
593
417
599
347
585
431
581
507
490
93
463
183
311
0
718
331
546
459
761
390
543
349
446
493
427
435
415
449
455
562
487
367
390
237
473
323
259
339
418
395
359
331
363
419
434
339
485
421
517
407
253
461
331
435
473
459
538
491
419
451
367
363
639
365
483
413
270
486
423
327
417
535
477
246
475
545
457
454
395
582
411
447
366
415
337
455
425
303
466
355
533
525
541
395
453
567
374
479
279
507
433
253
454
435
369
514
331
285
375
370
438
553
394
261
367
473
577
385
327
499
435
425
391
383
359
295
359
485
234
423
469
535
441
393
311
421
415
427
327
463
391
359
359
538
427
493
425
487
515
299
387
447
551
471
563
399
473
322
367
411
430
443
415
433
362
363
410
362
471
586
461
626
381
326
478
273
350
563
426
358
373
421
342
473
330
493
445
545
281
370
477
589
407
422
446
469
535
459
323
387
523
579
403
443
381
547
567
481
330
573
299
287
394
483
463
506
465
595
442
413
447
279
359
478
439
329
387
463
569
421
430
334
413
477
423
339
349
441
321
463
401
467
442
437
481
278
342
401
330
361
363
418
358
339
374
299
549
402
363
482
495
535
455
443
533
542
491
495
421
446
435
315
281
435
419
429
449
478
394
327
369
505
323
570
383
339
391
482
291
595
427
459
490
365
423
277
350
403
326
434
441
437
383
553
391
450
429
291
555
499
431
431
399
634
533
371
487
430
467
510
393
390
411
407
551
397
470
481
415
393
303
414
451
387
427
581
377
415
335
366
499
361
355
397
375
374
487
430
453
459
483
531
407
342
386
294
451
243
383
471
451
595
386
531
450
475
555
511
365
507
527
243
342
303
327
574
395
390
379
493
475
453
267
379
347
590
519
451
235
319
581
415
442
362
406
415
347
419
290
345
385
543
335
467
557
478
327
275
335
454
411
445
445
342
481
501
433
386
399
419
442
425
507
417
379
278
419
479
459
449
350
265
455
595
606
423
370
385
391
539
474
569
331
391
534
335
378
491
329
425
411
643
346
387
518
478
435
269
375
335
451
359
393
329
449
421
345
411
347
495
341
595
475
477
513
505
395
474
433
443
421
427
365
383
405
486
611
317
461
335
307
577
187
431
349
426
503
375
311
579
535
443
339
477
442
386
395
471
355
537
391
415
405
370
413
362
399
542
302
491
437
259
395
339
367
439
405
447
503
355
302
170
347
395
631
