331
331
283
431
255
407
263
507
163
515
307
411
227
395
163
463
283
559
311
543
79
431
243
575
251
491
231
615
183
443
331
531
223
479
247
503
219
459
359
371
247
487
307
463
191
403
235
463
243
335
319
503
335
475
243
551
339
387
219
387
227
455
307
387
347
539
395
583
251
471
315
479
263
431
291
499
319
539
255
539
295
367
211
507
179
519
235
483
243
403
291
603
243
511
267
539
231
463
287
535
255
427
327
459
247
415
455
471
159
611
247
391
167
467
299
507
323
379
267
399
179
491
159
539
235
407
263
579
303
531
263
367
315
379
279
391
107
479
179
451
295
383
331
547
207
451
403
407
227
543
251
331
255
571
427
403
351
483
327
471
319
551
307
407
291
567
331
403
223
527
247
475
175
583
295
375
447
583
371
483
283
483
319
395
263
431
383
427
191
443
303
467
339
663
299
503
375
371
243
419
323
339
331
355
263
387
251
351
183
531
247
507
295
475
159
387
375
523
311
443
239
487
347
619
295
483
243
479
195
471
171
427
207
387
311
559
303
411
183
635
315
475
255
427
291
459
275
427
231
311
215
463
227
379
347
535
351
535
303
479
279
423
299
551
323
551
407
427
331
383
259
467
251
463
175
383
235
415
263
507
319
591
319
439
223
483
359
427
287
523
307
439
435
455
247
451
235
463
199
491
195
443
315
619
147
603
307
475
407
607
215
475
379
467
263
527
363
399
291
495
295
579
395
559
267
555
367
487
279
507
223
527
215
655
339
487
335
543
391
499
247
439
391
507
423
523
411
479
343
427
523
407
363
475
423
455
291
511
331
563
387
435
207
467
179
339
287
483
391
279
355
379
203
367
247
527
279
463
203
451
227
495
335
591
299
567
191
443
327
447
295
467
371
395
283
495
407
575
235
459
367
479
379
459
223
399
303
487
227
455
291
383
275
491
299
507
367
459
483
539
395
499
271
427
303
479
315
495
415
539
323
443
263
539
255
447
251
415
263
407
343
519
287
463
275
611
407
511
343
471
263
547
275
471
303
499
291
659
235
611
339
455
311
551
363
483
263
431
367
555
359
603
275
591
231
491
263
395
331
499
383
483
315
567
283
327
183
339
335
403
315
495
143
363
435
495
139
315
51
307
0
315
7
495
291
411
259
411
283
391
311
275
243
347
255
335
211
227
307
287
363
227
267
295
199
191
267
227
255
343
143
307
199
303
275
111
199
251
363
203
231
327
299
199
275
303
295
259
307
275
207
267
275
163
147
279
243
187
411
199
187
231
323
331
307
279
219
411
315
83
299
271
311
171
199
263
271
199
167
123
151
287
275
347
339
183
287
223
351
111
251
263
263
303
91
179
103
187
199
259
239
235
199
283
399
347
267
263
267
283
263
207
263
331
151
367
287
267
279
243
171
259
219
227
467
303
231
327
367
171
167
251
387
227
183
243
315
195
319
383
307
207
235
139
347
283
287
279
343
203
411
203
247
283
315
259
287
155
275
323
379
251
187
267
383
319
247
203
327
143
251
163
239
335
307
251
203
227
343
215
223
195
215
219
295
211
95
323
279
227
355
123
227
267
215
179
291
139
307
207
243
223
187
335
227
139
291
419
327
399
363
151
191
315
215
339
391
227
231
295
335
235
283
203
171
315
263
311
291
99
283
207
375
299
219
347
303
339
355
311
399
287
171
215
199
299
291
315
171
215
311
123
247
183
223
267
191
319
271
191
243
267
419
343
271
155
219
75
319
271
295
303
283
391
147
303
403
391
231
263
315
199
287
279
215
287
307
287
235
295
339
359
195
123
207
271
335
179
179
255
227
251
319
207
303
159
319
275
199
291
263
319
223
355
315
171
163
131
279
251
207
211
191
271
95
251
315
139
211
207
247
247
303
239
271
267
163
271
155
235
303
303
311
163
251
275
359
211
303
119
199
199
243
339
295
211
99
239
207
187
227
251
235
191
275
243
271
167
203
347
155
147
203
295
155
183
75
271
283
271
307
139
383
455
343
159
271
115
287
139
291
243
231
219
283
267
135
323
199
355
207
243
219
147
187
251
223
279
299
255
227
187
299
159
391
383
307
255
143
271
263
167
191
279
215
115
235
127
295
307
259
403
355
267
259
367
291
267
327
203
295
255
319
355
191
283
123
103
291
175
191
187
343
167
323
51
219
231
283
127
387
279
319
179
219
171
183
51
263
327
235
455
359
175
171
191
139
411
147
175
199
231
303
219
247
283
251
219
103
179
291
195
259
223
183
295
263
155
199
235
319
211
183
267
343
199
219
183
303
207
215
231
407
239
247
283
171
207
243
251
207
187
311
515
