471
771
567
903
631
723
567
739
591
735
707
803
567
707
575
831
459
775
531
859
595
723
631
675
723
771
527
731
559
703
607
699
619
831
671
643
531
795
603
763
523
647
635
815
667
647
519
827
491
779
607
827
659
827
503
743
647
847
439
791
619
831
639
815
575
803
547
787
595
679
611
879
543
723
607
663
671
703
499
687
571
731
607
767
603
715
463
911
607
811
671
591
579
815
539
799
707
907
415
843
431
791
515
751
411
847
639
703
415
795
455
743
695
763
675
859
583
723
563
763
515
799
571
915
663
755
659
871
471
799
707
807
719
727
523
691
491
799
547
775
551
823
523
807
659
739
567
815
547
763
535
799
615
643
551
835
527
723
583
827
495
815
595
763
691
719
655
843
563
843
543
663
627
771
691
875
583
975
571
855
511
847
511
895
655
867
591
663
651
771
483
795
563
723
535
823
491
783
643
727
587
747
559
791
651
867
627
675
567
915
607
615
683
839
571
823
599
723
567
843
703
755
495
731
547
775
647
827
511
799
511
643
515
583
575
735
579
699
575
955
659
731
699
755
619
803
675
915
559
683
579
755
503
751
535
823
675
859
607
647
631
811
343
923
515
699
595
767
523
907
435
811
571
911
419
743
539
855
699
779
503
807
611
719
627
763
463
787
563
735
579
883
431
883
499
907
499
811
467
715
611
739
463
739
659
799
599
747
503
727
471
839
595
843
579
775
587
631
523
851
647
835
643
879
479
655
463
799
619
775
559
727
519
699
659
831
587
731
555
791
355
783
551
747
515
679
443
787
547
819
655
683
723
563
583
799
563
783
451
835
575
763
567
763
659
747
547
823
599
739
559
771
739
783
535
823
611
795
475
751
531
715
607
751
579
939
699
759
667
699
591
771
539
751
747
783
631
735
659
863
687
727
515
843
463
883
679
747
487
783
627
871
687
727
787
595
523
703
535
823
527
843
555
883
503
819
527
751
539
859
531
779
475
743
571
775
667
711
463
851
719
803
587
703
719
871
639
747
655
843
603
715
599
695
619
879
643
579
543
731
603
723
511
683
571
651
567
779
531
823
559
923
519
779
651
771
319
711
391
691
547
731
507
991
615
667
499
819
587
647
463
723
623
735
467
847
679
559
459
503
343
527
315
687
511
819
555
631
603
763
491
507
571
611
639
563
595
439
631
559
671
479
379
627
539
503
499
459
495
567
655
435
559
507
547
475
543
515
699
603
571
447
711
547
547
531
691
595
839
635
511
527
463
451
547
427
367
411
523
515
615
459
511
623
539
575
503
663
559
571
419
459
575
539
495
515
567
467
523
467
415
507
563
527
447
543
555
619
547
535
559
435
559
523
563
531
431
575
539
715
583
479
663
483
567
559
587
615
639
643
539
683
547
667
631
423
735
599
627
555
527
467
711
487
375
539
495
427
651
539
399
527
523
511
495
311
427
583
579
535
495
587
631
391
547
559
611
583
567
555
571
475
603
607
483
547
539
435
563
679
427
519
611
415
447
471
515
507
491
543
631
495
571
391
615
567
455
575
411
711
447
639
631
467
487
619
555
563
615
671
511
511
559
639
783
503
639
531
683
515
683
615
559
507
587
531
535
515
651
527
599
659
647
551
599
487
459
543
455
615
483
503
571
519
827
611
467
651
419
635
483
631
675
579
595
495
531
439
491
563
535
579
667
571
563
467
623
455
627
463
623
523
519
543
723
539
467
639
667
499
559
447
583
619
419
491
519
531
583
439
643
675
551
587
547
459
467
591
487
591
675
623
503
491
531
607
475
487
615
479
519
551
571
479
415
663
483
419
475
599
459
435
503
575
719
483
739
539
655
523
627
515
643
459
571
491
735
567
415
607
487
571
507
531
347
515
579
607
515
479
571
615
671
655
587
547
559
583
751
491
411
483
519
575
619
567
463
491
515
547
723
551
347
571
539
495
539
547
639
523
555
587
607
547
523
603
451
531
523
675
603
567
691
503
455
431
443
571
471
687
675
603
551
399
819
523
583
447
411
447
635
655
663
455
399
699
567
691
491
467
531
451
403
603
475
575
643
543
587
567
443
563
547
663
599
627
475
675
551
547
459
527
551
451
575
631
539
591
599
551
459
523
563
503
555
491
463
387
519
463
635
515
523
447
499
499
599
699
551
595
523
387
595
543
399
515
663
443
343
571
591
519
599
515
551
723
563
631
535
523
563
507
531
587
463
595
483
435
575
599
571
615
431
527
747
547
551
631
547
455
659
539
443
531
595
523
503
531
595
447
511
367
743
519
579
627
515
447
539
659
539
499
439
511
403
683
579
403
267
323
419
319
499
679
