355
559
510
647
379
627
407
655
375
619
419
527
443
639
431
683
459
771
451
763
391
815
499
475
399
687
487
555
387
543
431
771
415
671
435
798
483
619
519
663
587
642
395
723
499
570
463
591
447
603
447
543
383
650
475
495
447
711
555
655
287
591
447
727
507
722
518
691
495
631
471
663
430
599
351
627
535
695
491
771
423
591
479
611
335
871
643
671
535
539
547
795
427
615
463
735
323
582
415
507
611
619
582
590
503
543
391
763
399
763
619
555
467
671
555
579
603
687
379
491
415
663
566
651
543
767
375
719
451
631
362
827
579
679
575
719
419
731
503
706
494
771
542
619
427
699
523
683
491
511
523
711
555
627
551
631
511
683
395
619
479
631
543
715
531
707
387
710
446
695
419
619
563
663
495
675
487
615
567
771
379
671
519
687
499
659
451
775
523
599
363
631
619
563
543
607
531
691
375
691
523
595
318
727
591
783
431
639
399
535
411
691
459
691
547
607
643
591
371
587
263
567
443
727
495
591
371
699
331
635
503
587
435
710
415
703
506
655
551
639
579
675
523
686
499
799
462
643
442
687
507
611
355
807
483
615
386
695
467
667
387
579
375
551
327
575
322
631
495
691
351
799
495
711
595
703
519
651
459
646
475
831
427
635
467
503
299
726
339
815
359
743
511
715
471
703
479
695
551
563
647
531
519
607
451
583
482
642
595
671
347
743
563
635
439
747
347
659
467
839
507
751
579
731
447
719
503
635
515
791
375
659
367
763
403
763
431
555
379
659
615
643
307
587
443
703
366
635
535
655
551
687
518
711
411
539
559
718
543
591
419
731
623
698
479
583
403
627
531
683
431
651
451
667
591
655
487
547
419
647
451
643
303
595
511
610
495
707
447
507
555
691
439
675
287
747
351
691
407
647
423
627
603
671
519
671
499
663
427
663
507
591
471
587
403
667
495
627
475
707
423
683
427
691
323
659
551
743
415
547
511
763
470
595
515
667
455
759
423
675
359
627
319
643
311
691
375
599
375
643
630
763
527
519
431
670
543
667
406
643
375
483
511
739
555
679
547
687
587
583
414
703
523
679
467
679
383
735
451
671
515
723
451
511
567
711
531
582
339
723
415
711
471
595
431
679
502
407
207
467
0
367
223
623
395
667
351
550
459
739
379
579
467
347
463
419
411
399
371
427
415
347
523
367
455
586
378
447
451
563
447
387
519
587
475
395
403
530
547
303
350
406
523
263
426
299
531
315
483
375
310
423
407
451
351
395
475
371
495
319
463
403
483
411
510
411
427
383
283
487
475
163
567
403
387
319
383
546
471
387
523
462
399
323
403
483
415
503
571
399
455
279
499
354
410
491
415
471
555
331
407
339
407
463
195
335
339
395
439
578
379
371
339
387
383
359
303
387
311
519
531
383
455
411
383
447
451
343
383
451
367
443
471
107
239
467
399
443
391
343
555
359
563
355
343
307
399
255
443
311
487
419
375
303
327
419
651
311
395
395
351
435
394
455
391
267
395
275
435
391
379
387
371
315
523
459
563
355
219
355
371
383
475
499
411
407
539
395
503
459
543
419
371
387
315
279
511
415
499
315
399
367
215
479
415
403
231
423
275
447
423
419
394
547
435
495
399
355
442
327
379
426
383
351
454
371
459
479
463
411
275
371
443
343
435
467
211
467
423
299
499
427
359
379
399
515
431
459
570
367
362
335
367
334
387
267
267
347
355
355
355
271
511
303
491
475
443
322
535
251
431
567
439
527
411
635
314
363
267
363
463
319
467
467
439
383
395
419
279
431
419
351
295
375
503
419
434
499
551
247
471
359
531
399
543
463
523
427
395
379
523
355
311
454
390
207
563
435
487
307
379
307
447
515
410
547
387
306
311
511
359
283
323
459
419
319
551
511
447
375
311
483
487
419
475
319
363
511
323
463
375
475
491
319
455
463
414
326
455
307
315
303
411
355
495
458
291
303
479
315
439
347
499
431
451
599
483
423
507
335
431
495
483
403
459
406
491
359
371
347
491
491
355
515
507
191
435
463
495
447
363
383
431
483
427
559
331
403
407
439
471
503
487
379
535
483
363
335
347
470
451
359
231
427
439
334
527
331
451
507
471
459
383
375
415
427
359
335
399
435
355
459
454
503
459
395
495
427
407
395
419
335
455
435
387
387
411
583
363
355
363
491
567
458
471
375
403
547
310
475
439
399
507
463
391
307
443
543
531
539
467
419
399
459
427
443
503
451
418
431
367
359
547
407
579
255
511
379
458
315
299
323
458
403
391
335
443
467
499
375
295
211
299
395
419
378
363
335
419
331
299
335
443
627
