467
407
279
387
155
727
415
539
159
551
187
367
327
479
367
423
295
403
231
599
339
571
291
551
275
431
411
539
311
463
343
543
359
555
499
503
359
499
355
467
323
551
387
467
227
423
335
591
311
571
307
675
331
567
415
503
243
539
167
507
307
483
387
527
399
579
371
591
403
491
487
491
319
639
311
483
299
611
263
447
487
487
195
463
367
563
375
623
355
531
295
563
443
503
399
475
299
515
319
455
295
455
375
511
531
547
515
527
447
479
291
627
303
607
211
643
427
495
371
447
439
515
303
539
287
591
259
703
227
627
331
559
307
395
415
427
351
403
215
571
311
675
471
471
271
439
247
711
347
507
403
571
343
635
251
539
431
627
363
459
391
455
379
607
479
487
379
443
275
499
371
651
427
467
299
339
383
427
379
559
463
611
339
447
255
427
275
563
407
603
351
659
359
579
247
523
383
559
327
575
147
399
303
431
271
575
315
531
499
507
267
495
379
447
251
539
403
615
319
659
287
511
359
547
331
539
335
291
379
543
403
415
187
515
323
455
219
367
367
587
287
535
335
511
291
539
231
431
167
539
299
431
283
391
295
627
183
467
471
443
383
431
235
391
311
507
327
407
375
631
339
483
319
463
359
583
455
611
383
543
303
551
411
479
403
467
231
399
371
479
259
531
351
567
343
579
307
427
287
587
371
487
323
503
331
607
215
455
355
527
415
511
395
527
291
619
459
535
435
555
327
511
339
435
247
499
267
335
335
543
447
579
195
519
387
443
367
523
335
447
367
487
411
511
227
495
275
499
507
407
443
531
379
375
331
439
331
475
395
511
335
543
427
303
291
563
459
467
343
615
375
647
295
559
419
679
315
419
351
539
235
431
467
603
231
631
311
603
427
615
347
587
391
555
351
527
343
571
343
575
447
511
383
439
407
503
211
507
475
583
255
667
375
591
515
547
375
499
443
403
335
599
295
555
351
519
335
447
227
459
447
451
463
523
251
455
387
583
247
459
379
519
355
527
519
535
383
511
331
627
311
647
423
479
379
431
407
547
279
507
327
483
311
495
331
459
359
455
215
403
295
595
259
559
339
539
279
535
347
503
391
523
431
571
383
439
215
427
383
467
347
471
215
411
339
551
383
283
59
303
2
191
195
507
319
435
311
455
203
579
143
331
303
263
331
235
295
135
331
239
263
371
199
315
411
307
275
283
203
295
347
327
315
295
351
191
179
319
343
231
367
431
479
295
295
347
367
259
299
367
227
287
443
363
439
355
195
311
323
191
355
315
187
391
467
383
319
343
351
443
283
275
211
315
443
279
379
283
247
203
303
287
339
331
335
379
303
367
439
287
291
391
395
255
267
207
219
251
227
319
255
327
411
291
411
331
347
315
283
183
239
359
335
251
327
427
371
363
307
267
295
319
91
315
243
411
227
247
303
303
363
327
387
287
375
219
291
203
311
319
319
391
411
275
303
335
503
283
459
307
403
243
395
483
215
363
475
315
271
343
443
227
327
207
343
355
383
419
491
283
211
251
351
443
391
307
347
283
323
303
215
143
303
247
283
387
367
223
311
367
243
355
199
227
287
243
247
239
387
259
203
359
347
155
363
243
291
291
263
231
423
351
331
163
279
251
319
155
187
207
339
363
191
307
311
151
131
415
419
275
179
327
375
531
199
303
271
271
235
303
307
395
315
323
307
375
183
319
327
271
307
343
447
283
303
287
391
407
379
251
467
383
159
159
331
323
307
419
255
339
355
315
219
259
331
195
351
259
291
79
263
311
339
355
219
319
387
323
451
499
191
191
363
351
427
19
291
207
335
131
451
215
311
275
407
375
243
291
343
283
311
367
271
379
291
399
459
247
287
243
391
311
367
291
179
135
243
111
275
271
279
343
331
279
267
383
279
323
359
251
343
219
127
231
291
347
239
167
275
203
455
243
239
243
239
315
259
271
323
179
391
331
231
271
219
347
331
299
263
279
363
243
347
351
299
263
267
155
191
399
443
359
383
303
163
335
443
247
283
271
251
239
219
383
359
259
283
251
303
319
391
483
379
271
311
379
279
315
231
367
415
239
275
227
327
299
171
243
311
275
219
303
279
263
323
303
235
311
339
227
239
327
383
359
199
279
259
303
415
259
271
291
299
327
351
251
407
295
223
355
211
295
379
351
379
251
291
163
355
371
323
311
427
283
187
307
263
339
283
239
291
231
471
359
279
435
291
347
215
247
283
275
387
379
167
343
371
251
163
383
287
367
303
263
331
375
399
335
359
251
223
387
219
255
315
407
407
335
395
259
267
299
343
199
315
239
251
163
283
339
379
375
267
559
