483
651
579
807
579
723
563
747
539
635
447
715
439
707
494
762
463
695
419
707
643
795
443
603
519
787
439
775
467
835
531
683
655
835
419
691
515
723
467
723
531
763
627
655
527
627
511
815
559
795
599
671
447
831
491
643
403
695
639
715
475
627
522
727
387
835
503
687
579
651
535
691
483
683
395
647
543
703
459
735
623
843
551
654
435
675
519
683
563
671
503
683
487
851
615
642
727
747
451
807
415
671
479
731
491
819
435
719
479
659
383
550
527
651
467
659
515
535
651
827
647
639
507
759
451
627
491
871
474
755
383
695
411
723
483
759
423
559
551
783
435
815
575
791
455
899
447
731
435
619
471
743
471
831
463
627
563
843
535
763
531
715
491
775
607
591
463
611
599
811
459
747
651
699
519
603
435
719
567
791
666
507
303
711
571
667
567
719
439
631
399
839
439
779
507
839
499
759
651
727
523
659
579
659
663
614
519
767
403
671
631
595
487
659
427
831
431
635
443
683
515
671
551
807
382
827
463
759
487
671
431
707
411
659
479
727
491
591
455
855
559
827
571
651
531
695
619
731
439
819
455
719
451
751
403
783
403
739
635
799
467
739
475
835
447
679
531
599
391
563
411
787
603
759
502
655
399
639
515
755
411
783
479
719
579
763
563
711
667
839
515
779
639
779
419
759
562
651
439
799
699
535
583
611
539
707
431
759
675
655
455
839
603
767
547
671
419
903
447
743
495
615
587
739
515
675
511
771
535
691
395
695
463
587
487
914
639
751
463
735
551
663
463
783
443
631
487
743
651
655
507
715
623
719
483
631
659
659
367
819
571
627
459
723
583
711
475
823
555
811
455
767
611
743
587
575
443
679
403
654
375
779
567
743
575
771
627
795
495
807
455
887
419
747
402
867
599
695
579
795
503
727
523
831
523
775
511
767
403
599
479
607
331
679
535
671
470
787
543
635
615
699
535
694
431
727
475
675
435
775
555
879
443
783
555
595
299
691
531
695
567
723
535
719
439
607
491
751
591
687
583
743
491
755
507
703
351
771
407
643
491
647
555
667
567
643
391
695
483
739
635
671
427
587
499
827
523
699
567
791
447
751
595
695
415
695
591
783
391
827
479
691
535
723
523
763
483
635
383
403
295
407
35
751
595
715
667
695
455
747
527
451
550
471
467
503
479
563
499
563
315
447
595
559
451
543
511
547
523
543
519
487
643
623
531
495
531
395
399
459
675
475
419
327
539
511
363
499
371
483
507
302
415
535
487
479
439
531
507
419
555
559
395
539
647
387
475
439
359
471
434
519
579
411
415
423
467
591
438
479
339
499
635
347
431
563
467
543
611
359
427
615
451
523
463
403
575
371
467
431
503
631
571
403
427
547
487
475
567
535
311
399
647
491
507
483
531
591
395
386
451
395
503
403
534
543
579
419
535
499
603
395
483
531
511
355
419
595
435
307
527
363
507
574
367
623
415
563
431
471
511
275
458
427
503
539
566
575
531
563
539
499
503
603
431
479
627
491
423
335
535
459
535
539
475
555
543
527
475
351
550
435
547
403
515
555
503
483
503
543
443
435
411
587
531
415
507
595
567
507
595
442
523
450
439
423
615
471
571
551
627
415
615
507
427
347
571
455
495
391
411
523
451
395
491
583
331
595
423
395
507
455
391
447
427
463
499
495
439
663
555
451
426
407
527
367
271
463
422
459
419
607
443
411
619
575
502
499
319
451
527
495
435
587
299
415
454
431
571
571
507
415
435
467
583
431
395
579
463
359
367
347
571
446
543
447
411
571
431
539
519
427
503
515
587
599
482
399
407
551
563
527
615
367
539
419
515
527
455
371
451
459
395
387
623
491
543
451
407
375
631
575
499
579
487
547
559
475
399
535
435
462
367
575
399
503
607
463
410
579
543
531
659
547
455
486
555
495
511
443
507
607
547
451
603
371
514
487
499
515
619
447
391
379
451
511
555
407
435
443
563
491
547
367
535
539
423
523
319
455
635
635
423
511
463
459
475
403
403
451
398
451
447
339
475
531
383
487
519
371
451
379
435
467
375
479
559
415
647
531
447
523
291
470
427
395
603
475
539
483
459
519
535
567
615
419
503
507
507
631
431
619
475
615
271
514
387
587
543
431
595
291
531
575
539
415
575
491
579
539
431
399
467
515
515
487
475
455
571
582
427
503
631
471
595
567
471
615
523
367
455
503
531
447
375
471
579
459
407
491
523
455
447
451
483
515
675
359
551
566
419
399
351
423
546
319
467
459
527
427
403
379
531
567
415
503
451
463
467
343
311
435
447
343
427
547
639
351
503
327
403
535
459
663
