447
663
507
619
483
667
291
771
367
647
511
635
367
667
319
543
343
663
287
711
519
651
523
431
438
715
311
651
447
663
475
603
539
711
511
831
431
687
547
623
539
595
535
627
419
667
499
694
455
719
579
675
523
599
443
607
403
503
451
699
331
659
455
647
523
611
495
671
535
539
503
739
611
651
507
651
431
607
331
686
463
627
539
567
475
675
407
667
399
735
527
575
383
515
479
691
407
691
403
647
363
499
403
619
399
747
575
643
307
622
527
663
515
547
567
739
587
619
615
511
507
671
355
703
471
543
399
595
487
687
455
703
531
519
430
783
478
639
303
655
539
599
367
563
659
703
483
667
515
571
371
699
479
699
427
567
463
743
367
687
390
583
455
647
443
611
387
663
423
647
463
775
467
703
499
759
511
703
467
647
399
615
407
503
399
619
395
687
327
659
583
619
559
647
431
655
543
611
543
607
395
783
391
559
411
631
331
602
495
619
419
647
319
531
394
631
483
551
455
651
351
711
487
639
419
683
487
715
471
527
395
611
471
715
339
603
487
563
366
671
395
603
559
707
495
671
415
575
423
443
402
639
431
547
275
671
515
707
475
683
411
559
419
739
391
643
463
827
411
695
451
751
459
615
535
635
403
811
438
595
459
887
575
538
343
591
399
571
463
723
543
775
439
743
283
727
327
715
403
619
327
687
387
651
222
731
455
647
511
695
351
615
419
671
523
595
443
543
419
651
451
667
499
547
371
663
379
607
531
603
319
715
455
767
439
563
307
599
543
667
575
562
491
587
475
739
402
563
487
663
519
591
558
739
455
667
351
655
442
655
451
559
447
887
295
603
647
643
531
547
615
691
635
715
387
639
443
674
483
683
487
787
351
555
399
687
458
519
447
631
507
647
323
483
403
723
587
535
403
559
463
655
479
643
303
727
579
575
447
619
503
514
411
631
559
575
499
663
471
667
406
659
427
683
383
563
431
675
383
659
439
695
359
547
459
711
579
663
531
623
407
679
471
619
567
651
359
751
351
635
347
767
510
699
419
679
567
643
419
590
335
475
519
739
311
539
479
695
451
639
607
715
475
771
486
727
291
611
471
703
371
823
463
563
535
475
483
627
471
683
591
695
575
627
443
675
503
539
215
463
143
383
315
659
399
579
531
631
351
855
443
431
503
399
479
379
375
490
398
487
319
463
363
375
511
431
455
487
451
303
355
347
423
410
435
415
395
371
447
391
319
483
431
395
463
411
459
439
347
427
431
443
466
471
351
399
459
327
603
339
583
478
515
247
591
507
283
463
319
290
458
343
471
395
415
279
355
415
411
559
383
351
375
450
459
515
443
331
327
334
450
379
347
523
455
355
447
275
323
483
347
383
391
411
531
483
415
395
379
371
503
426
491
415
299
375
391
579
415
327
603
371
475
587
443
363
415
379
563
363
447
371
559
0
103
363
511
351
591
443
383
531
487
611
443
342
439
459
427
323
347
255
418
339
399
279
478
343
479
463
363
503
547
327
391
567
459
439
418
387
555
387
351
487
451
547
542
406
491
259
399
454
235
359
419
483
410
567
423
434
503
363
463
419
427
403
483
415
263
443
515
403
383
383
443
439
395
391
379
343
431
279
451
407
451
443
490
495
542
415
475
467
426
423
302
379
475
447
427
387
367
483
315
443
475
467
531
435
375
419
510
667
379
379
515
527
355
287
355
347
487
331
567
375
331
319
527
491
479
331
391
491
391
507
363
355
431
435
490
547
391
307
371
443
463
471
243
463
259
383
355
495
487
343
415
487
719
463
415
335
523
499
386
330
258
467
427
503
378
431
387
475
443
491
387
339
447
467
407
267
463
355
451
495
371
307
347
423
495
402
479
287
535
283
343
339
347
311
419
355
311
395
447
379
451
335
475
391
515
255
503
435
363
451
295
467
531
419
439
431
407
499
491
475
435
479
363
303
458
415
403
403
495
411
343
543
454
495
431
427
494
295
391
391
367
571
463
379
535
291
379
411
343
419
387
507
523
499
511
335
375
451
411
287
435
447
231
483
311
447
507
459
531
363
419
331
394
430
403
451
407
435
459
546
259
495
475
331
503
499
363
379
555
439
427
359
495
482
499
295
427
295
403
387
398
331
455
398
351
423
403
363
374
507
303
463
503
394
495
439
503
499
467
543
391
335
391
347
479
307
371
307
375
407
447
311
399
307
435
423
463
275
543
339
443
303
407
335
547
479
331
511
419
519
351
271
447
315
351
359
407
479
383
339
463
315
463
399
410
323
523
423
299
443
443
379
475
467
439
307
439
303
571
431
451
375
319
302
399
167
411
427
295
495
