395
563
266
679
515
627
207
447
219
535
411
438
294
599
167
499
334
563
335
443
190
651
259
375
287
563
462
655
258
550
366
519
299
610
327
603
139
503
362
563
171
543
283
551
371
515
362
611
295
631
203
483
342
599
387
515
391
574
203
538
395
450
307
563
295
659
271
603
319
510
395
475
379
478
387
487
362
603
319
483
451
554
387
487
347
467
399
347
259
411
319
451
363
479
419
502
327
639
207
659
367
491
327
471
315
651
347
375
254
415
191
418
283
499
323
439
271
370
327
506
323
515
311
583
227
455
295
459
295
479
195
475
247
607
315
439
295
558
291
474
323
542
263
623
259
531
267
482
407
407
259
515
427
435
338
599
403
594
363
451
239
511
367
483
283
523
307
494
211
507
243
507
350
515
335
662
322
419
411
411
279
535
282
467
455
431
363
455
390
455
243
615
275
611
198
627
231
551
206
503
171
579
387
523
315
447
291
495
323
535
263
503
338
511
239
451
343
515
211
603
423
511
367
431
302
503
311
555
314
715
219
463
403
503
355
623
287
435
359
483
282
507
311
379
319
387
471
447
299
327
290
355
327
455
350
443
410
583
323
519
371
531
411
487
207
642
270
539
347
539
258
499
343
531
423
627
215
634
251
471
259
479
231
571
307
567
463
587
327
427
411
387
454
611
315
415
295
611
391
583
207
427
266
459
319
603
207
471
395
415
255
527
355
487
295
603
223
327
287
539
247
558
275
515
455
467
383
587
275
627
375
523
431
683
387
471
147
502
399
511
335
427
471
391
303
570
315
459
391
487
307
519
303
647
339
631
427
471
339
587
395
371
407
483
391
439
382
479
378
651
263
591
343
547
507
451
203
527
491
531
343
447
411
507
311
567
367
547
331
567
318
490
391
535
302
567
235
458
427
579
371
591
187
526
303
575
574
578
235
519
386
551
331
594
395
547
386
471
315
503
227
443
359
338
398
655
215
495
303
527
251
507
395
451
471
694
407
439
247
483
243
523
287
535
267
622
379
398
227
454
483
603
398
670
211
418
223
570
211
395
291
431
411
534
419
499
350
551
419
635
338
571
374
475
195
622
311
443
251
538
323
523
307
411
166
403
371
439
219
483
415
422
306
447
335
530
299
403
63
243
0
179
30
555
383
395
295
491
283
518
362
215
375
326
259
343
263
343
310
127
247
330
379
311
255
247
107
219
423
363
371
379
195
135
327
242
298
287
271
327
310
263
323
335
302
295
367
187
395
315
118
335
399
247
367
199
255
355
270
270
227
350
155
259
231
351
299
351
399
358
315
147
263
215
258
251
355
378
339
327
231
158
191
259
279
274
367
147
83
379
226
351
335
347
403
335
315
231
163
191
275
299
154
427
303
339
203
343
303
263
294
391
359
95
375
103
303
299
131
339
118
270
251
399
246
239
218
375
334
351
411
307
295
327
270
142
347
255
254
171
251
255
319
227
355
295
250
314
186
306
231
174
227
147
323
259
282
231
278
126
291
403
270
199
223
394
275
283
239
263
270
414
291
295
431
199
279
275
415
255
315
211
279
175
111
318
291
323
319
379
371
307
311
251
191
331
251
223
323
291
311
331
263
175
258
299
415
155
347
123
378
263
299
235
211
391
127
431
299
227
262
202
303
259
263
363
287
307
459
287
255
323
347
299
379
342
471
319
262
251
510
431
319
223
330
351
343
203
234
363
307
271
295
287
363
307
479
403
330
319
391
342
226
211
250
295
283
287
375
243
219
287
415
275
327
279
279
191
319
195
267
275
291
343
283
251
331
330
331
282
359
275
151
159
223
271
351
151
343
222
391
326
199
175
199
279
351
199
183
202
307
422
263
246
275
175
226
351
243
303
219
143
187
323
374
371
399
247
259
339
391
151
242
355
443
283
299
299
215
231
294
55
351
375
231
199
358
375
307
270
283
91
307
123
155
399
467
367
231
175
171
387
370
251
279
227
191
415
395
255
339
295
315
255
223
323
199
254
331
178
255
270
290
319
207
255
327
271
243
199
275
223
447
415
331
331
427
203
182
238
227
206
255
275
287
387
319
379
326
203
379
311
383
358
299
211
286
459
371
331
455
310
291
219
235
331
203
339
311
327
311
118
270
235
254
339
163
211
291
247
298
367
203
335
407
359
363
362
331
271
395
387
359
275
295
383
271
279
331
299
198
382
407
371
399
379
343
231
439
155
283
507
286
207
310
259
295
451
303
251
338
395
271
198
259
219
223
355
331
355
367
223
279
323
411
295
235
375
338
259
235
467
231
235
151
379
267
363
259
167
247
414
223
207
235
247
250
195
447
467
451
527
527
759
