319
579
323
659
251
618
483
543
407
567
451
547
398
655
535
603
267
547
379
451
367
599
279
479
290
615
310
587
431
567
463
479
287
595
423
679
459
491
443
519
555
643
526
643
295
571
303
727
419
583
343
663
315
511
455
711
403
578
399
554
503
626
630
686
462
538
395
634
395
514
427
526
383
599
367
683
414
775
415
562
591
591
267
603
411
651
415
686
423
606
435
610
435
562
431
654
523
550
519
506
327
555
315
443
315
547
431
571
310
602
451
539
479
427
263
527
435
487
447
495
331
590
367
615
447
619
387
483
486
539
491
547
411
482
371
675
323
663
354
571
423
579
354
563
483
454
463
487
526
519
435
494
283
691
311
627
355
471
431
531
503
647
483
519
178
686
315
559
447
499
399
599
347
626
471
598
383
475
406
595
439
551
499
423
331
619
415
619
231
475
427
623
471
619
327
459
495
575
254
639
399
555
371
515
487
599
367
623
323
691
407
547
398
639
311
555
311
487
342
651
359
523
443
503
331
491
451
511
343
447
319
651
430
595
387
567
363
654
407
619
391
447
242
599
439
450
463
439
383
571
307
614
315
535
359
503
467
571
327
479
343
711
466
479
442
515
363
551
499
590
406
735
399
595
403
562
423
423
263
527
382
543
287
619
367
539
335
602
359
707
462
595
303
651
359
523
222
451
263
655
391
599
431
603
299
603
371
651
259
543
479
659
371
523
343
479
559
527
375
567
570
551
431
563
403
619
375
579
275
619
335
551
395
658
499
751
338
543
391
659
415
539
359
523
459
511
411
458
311
635
447
691
467
470
403
703
247
503
286
647
454
518
359
571
243
451
379
555
331
630
583
543
415
503
355
662
518
471
475
594
391
651
658
535
515
487
383
742
347
467
167
599
359
435
331
507
303
715
579
691
211
611
383
643
407
555
447
443
307
563
367
459
359
507
423
575
291
491
343
555
551
423
462
543
487
551
435
595
451
543
415
639
263
558
367
614
331
523
415
503
335
482
427
431
170
575
534
499
559
503
411
639
494
503
239
659
551
571
302
642
318
531
339
623
347
631
402
563
411
631
358
691
383
499
435
434
446
591
359
719
287
547
462
654
427
527
359
567
335
675
215
631
291
555
295
511
251
306
87
367
35
311
43
486
195
511
323
531
438
463
399
335
531
331
363
279
391
423
375
391
279
359
307
319
195
295
391
375
383
475
430
371
347
342
347
203
279
339
367
335
407
311
575
327
331
371
455
206
267
299
375
395
398
415
299
418
486
251
375
270
483
494
443
315
359
307
251
283
343
195
315
239
258
323
335
319
287
463
411
346
487
435
263
367
350
387
330
231
363
487
315
307
303
451
223
411
307
362
363
203
395
279
331
250
359
407
287
299
366
471
407
339
371
371
326
350
335
299
467
203
375
275
431
291
390
378
426
411
351
491
127
283
327
459
342
227
315
355
371
347
371
411
323
315
402
231
503
319
403
255
383
271
347
386
386
255
367
294
399
299
451
215
431
267
463
299
395
395
446
263
483
219
463
430
386
434
386
91
335
259
454
395
326
419
307
503
323
330
419
255
251
199
326
323
491
202
387
311
419
115
279
371
462
311
315
379
507
375
319
458
339
351
339
278
310
379
399
402
335
371
419
187
423
275
419
331
295
407
483
371
267
254
275
282
287
239
291
315
395
371
395
467
606
347
266
335
251
215
395
331
407
371
495
447
475
375
295
167
362
391
442
139
423
243
275
258
267
219
367
495
451
375
410
211
299
406
359
227
375
299
330
359
294
267
471
311
283
411
299
447
307
351
387
434
431
311
275
471
275
363
302
311
407
347
175
451
415
351
495
371
275
283
323
375
166
347
231
451
318
366
214
279
187
543
387
395
474
395
243
363
255
339
379
419
319
354
322
215
290
210
439
458
318
362
483
411
323
278
447
263
467
327
519
319
463
255
303
331
382
339
435
315
471
331
363
391
451
379
251
387
427
319
350
311
299
551
391
343
327
438
315
451
447
299
315
343
175
267
303
427
379
435
399
279
427
311
430
390
363
383
515
315
399
247
331
319
267
270
202
303
387
234
366
431
291
311
290
310
331
382
370
403
227
319
319
339
463
251
291
346
319
231
343
311
447
378
291
330
323
338
375
219
339
259
411
311
387
271
291
391
359
427
411
383
387
307
379
331
223
279
374
291
394
395
443
542
295
263
367
463
407
407
323
383
375
179
438
379
450
491
451
343
371
343
379
375
371
262
219
451
347
359
399
495
447
383
271
302
343
295
330
402
319
231
479
551
247
347
426
399
271
338
351
427
195
315
323
175
167
199
351
142
251
523
