399
491
419
427
347
687
379
563
367
495
447
571
295
555
355
511
415
523
439
591
311
587
359
499
391
471
295
595
423
539
359
671
355
607
379
463
291
403
267
443
319
423
259
575
487
519
379
635
431
555
459
527
351
543
335
623
499
583
339
611
287
515
251
587
439
431
291
519
543
503
187
551
355
723
287
515
367
579
247
659
415
607
423
623
515
655
471
627
307
535
203
587
347
459
435
603
331
599
299
479
315
559
311
403
275
739
295
503
311
491
279
579
371
491
367
491
215
455
383
523
271
543
275
499
339
539
315
611
439
579
415
623
471
715
435
627
327
531
335
531
467
527
415
667
271
627
339
679
335
611
367
423
283
527
407
535
447
503
499
731
327
595
347
327
559
499
343
607
331
571
419
499
399
495
547
583
399
495
243
495
315
443
379
519
379
539
367
635
547
359
335
715
387
515
283
571
491
675
351
499
279
631
555
399
379
495
427
595
367
459
447
503
347
599
411
471
363
567
351
571
291
639
371
527
283
491
459
623
467
627
391
439
319
531
315
555
631
499
391
527
355
419
355
695
231
483
247
535
459
643
423
779
275
503
407
599
411
579
395
667
383
567
271
735
187
475
387
531
411
635
399
563
447
659
403
483
387
559
431
455
391
555
431
519
499
619
367
547
499
447
403
671
403
559
347
447
443
511
319
523
351
651
423
743
375
507
387
683
351
563
351
567
391
579
371
447
407
511
347
667
367
659
439
547
459
667
331
487
355
515
315
535
451
575
427
395
503
659
395
551
387
663
187
659
367
603
299
539
375
495
359
595
375
623
423
595
259
467
323
755
423
547
479
615
419
435
351
479
395
587
419
659
359
691
511
555
343
563
311
739
231
635
431
555
523
663
371
595
479
635
411
495
339
511
271
471
451
507
367
599
375
447
367
515
299
583
295
487
191
495
411
607
379
591
499
523
519
599
431
595
423
599
367
431
339
611
359
403
423
559
355
659
299
519
335
495
367
575
439
607
407
483
215
603
423
567
359
443
407
539
383
667
331
627
319
591
463
575
323
503
375
559
411
531
423
635
435
635
283
499
479
495
471
655
367
703
371
591
383
667
411
687
451
675
379
671
335
559
435
515
383
683
399
471
451
611
335
463
39
311
159
303
0
483
391
539
347
479
331
603
319
199
423
327
323
331
343
223
307
303
399
331
427
299
287
543
387
495
339
407
267
419
455
475
335
331
147
375
279
215
351
343
423
323
407
443
323
339
323
319
323
343
219
243
295
375
343
487
259
327
379
275
379
295
311
323
427
159
239
235
331
371
391
191
483
419
427
319
267
439
267
467
319
331
351
411
415
231
295
231
363
303
263
407
271
435
395
295
231
187
391
355
207
423
395
311
187
363
467
427
307
323
403
379
447
407
343
271
239
347
455
407
363
383
199
415
295
347
399
239
323
375
327
251
375
331
295
247
471
275
383
491
395
315
307
255
275
355
279
387
363
347
171
279
319
255
319
263
355
459
383
355
359
379
407
223
291
335
327
327
483
315
303
299
467
411
167
347
367
131
299
311
387
243
183
263
255
411
263
387
271
359
315
275
431
319
211
151
343
295
519
351
243
331
327
379
523
359
467
371
327
415
291
207
451
355
255
383
287
375
283
211
387
427
459
251
347
307
167
387
387
283
271
331
403
279
367
343
315
319
315
363
515
379
379
227
215
423
443
259
351
515
475
271
231
363
379
355
339
219
463
335
363
415
315
415
215
395
419
307
347
311
243
235
475
207
307
367
259
375
411
423
395
359
375
395
375
255
303
343
255
351
259
319
403
291
403
303
323
367
479
327
323
307
311
303
295
331
419
267
267
355
399
347
343
371
395
227
311
335
367
375
291
199
287
295
339
291
303
271
315
187
367
383
155
367
359
407
351
359
235
335
443
287
495
327
227
299
291
283
347
419
315
371
339
371
275
195
343
391
271
247
267
279
459
259
319
323
223
351
251
339
371
331
411
431
303
399
311
467
323
303
431
315
347
371
247
219
335
267
283
311
363
355
267
331
383
279
423
283
367
387
427
279
431
439
443
379
415
163
315
419
423
431
407
351
255
487
367
243
231
303
315
339
327
251
419
275
403
379
403
235
279
255
303
271
311
387
403
383
343
343
343
323
343
267
423
379
475
323
427
263
403
187
219
199
363
435
183
411
391
443
311
295
251
327
295
311
471
339
323
315
339
463
427
287
427
423
343
295
327
375
307
455
235
239
435
227
271
171
383
371
295
375
243
263
299
379
435
203
471
307
203
339
323
303
231
347
375
515
163
215
211
319
247
411
339
475
319
211
323
255
451
435
