239
631
355
559
327
543
287
571
335
383
467
423
391
471
319
527
439
655
299
451
299
583
343
403
287
531
303
527
371
455
271
523
423
639
399
519
419
519
519
527
431
535
499
331
359
503
431
495
339
475
347
551
387
559
371
539
299
463
299
475
391
539
383
567
427
551
419
567
231
399
255
643
247
527
383
607
355
511
379
675
243
351
451
535
391
439
259
487
295
567
207
531
307
591
267
599
299
607
263
603
271
463
371
443
411
539
323
419
255
311
375
443
359
623
507
651
339
475
303
567
343
599
315
515
363
379
351
567
479
495
383
495
139
571
319
567
299
519
255
555
267
579
259
587
287
475
163
495
355
403
335
435
299
515
399
619
411
631
315
459
487
655
403
523
319
427
443
615
291
591
299
427
331
463
335
543
427
467
411
559
279
475
459
583
287
599
307
451
355
367
311
583
439
459
367
599
239
499
363
567
287
563
383
607
239
507
391
511
411
495
339
555
291
515
275
575
315
479
211
539
483
523
315
535
359
515
311
431
315
671
299
507
299
383
415
439
259
535
359
487
355
655
319
563
339
607
351
491
387
479
303
475
379
571
295
683
175
623
419
583
459
467
283
483
299
531
471
443
387
591
243
547
327
399
363
623
327
703
327
463
175
507
331
463
375
531
343
491
351
575
383
415
455
535
359
579
279
391
251
471
259
579
443
683
307
379
475
727
511
667
359
639
523
591
367
535
343
487
355
523
275
623
247
467
327
539
251
567
307
607
379
587
395
539
379
655
243
539
311
591
459
463
207
539
415
439
435
475
319
435
387
671
407
531
459
639
443
407
399
583
287
475
303
567
307
551
347
483
267
631
411
659
251
379
359
583
283
515
379
443
383
479
371
583
295
587
243
539
215
307
375
511
355
475
419
635
319
487
403
499
327
663
363
467
207
467
315
583
327
523
439
415
327
551
383
487
251
543
303
659
391
591
335
607
483
559
355
559
323
483
467
443
471
683
287
543
451
499
431
687
411
607
343
643
263
487
391
507
343
559
347
543
255
427
279
515
311
643
263
599
443
571
231
575
287
555
375
527
383
619
403
531
395
447
427
423
355
599
375
675
351
787
339
591
391
531
355
587
323
635
291
483
363
495
323
439
339
435
99
387
15
319
207
603
399
663
131
439
363
491
371
267
319
319
355
415
411
355
295
351
287
403
219
259
263
423
291
199
367
431
363
291
415
391
327
287
395
323
303
243
315
271
371
319
335
291
391
299
287
371
435
371
195
247
299
399
327
367
327
303
367
283
311
307
431
263
319
307
267
207
371
359
247
335
335
275
303
319
371
151
343
343
375
279
415
335
499
307
351
295
279
311
383
351
311
335
203
299
299
395
343
275
387
259
663
387
307
195
271
359
343
299
295
427
379
259
331
195
319
183
375
315
243
327
435
351
375
163
331
375
199
395
407
271
435
319
143
367
411
387
323
331
223
283
319
331
323
403
423
247
343
367
411
279
483
223
451
231
355
235
343
299
155
239
327
343
331
347
363
371
371
247
407
263
427
319
271
475
331
283
287
275
375
439
383
383
455
367
487
203
291
403
299
315
367
323
327
291
419
187
391
243
323
351
379
471
419
207
315
343
267
183
347
411
279
367
343
307
363
155
263
307
375
223
387
263
283
167
327
299
303
303
299
335
287
275
347
287
347
431
311
231
399
455
367
247
251
391
371
347
303
263
351
207
179
323
335
287
307
251
323
167
395
155
323
327
399
299
447
359
347
335
387
255
327
183
247
283
403
315
319
511
307
251
391
275
187
347
283
335
159
431
211
323
235
311
419
387
247
355
287
355
415
227
271
419
335
267
279
351
163
327
347
347
187
415
383
299
319
259
271
371
335
139
459
315
463
371
435
299
483
231
287
211
343
327
339
319
335
303
323
279
351
275
403
279
379
331
455
307
327
315
327
235
219
331
275
251
323
323
275
295
367
307
299
211
315
219
319
299
383
323
235
279
259
275
435
363
307
287
399
335
347
339
431
203
231
247
279
367
327
199
291
363
355
375
271
391
395
327
315
279
335
299
203
363
259
287
443
299
283
395
339
279
399
371
335
315
423
283
175
335
367
267
375
459
295
287
339
291
339
479
307
323
287
191
355
239
311
319
315
279
263
355
259
275
319
247
287
435
267
135
299
287
379
335
283
251
371
267
443
415
335
367
415
231
267
351
339
311
443
359
495
343
239
379
247
327
259
375
199
247
383
415
307
379
299
299
379
335
491
423
315
319
267
155
415
323
215
275
383
315
227
199
211
355
303
211
367
351
315
227
155
259
403
491
255
127
295
263
267
127
247
359
