451
480
318
566
296
510
269
575
300
503
257
495
231
402
277
494
277
528
244
477
251
526
188
498
236
323
281
577
232
622
284
509
403
532
342
463
381
525
282
411
243
542
331
455
235
445
360
563
283
515
334
599
285
365
236
435
285
504
377
534
338
442
210
542
310
581
336
470
284
531
282
613
302
418
318
471
137
544
204
486
366
481
298
631
113
579
354
465
173
390
203
490
234
515
329
517
315
467
341
568
400
507
397
572
261
398
373
638
303
506
343
453
252
458
287
504
254
527
293
553
358
424
257
386
313
645
185
481
248
638
315
632
132
515
409
477
202
559
131
509
300
422
339
603
271
576
501
364
380
490
381
470
171
554
464
601
234
349
264
584
234
449
352
460
262
491
340
570
419
422
335
330
262
442
131
528
280
441
296
539
376
535
536
485
317
592
344
499
343
421
231
570
272
418
388
558
390
489
271
577
306
308
326
551
275
498
339
558
309
479
363
498
408
511
229
654
249
463
269
574
252
460
341
601
229
500
364
467
260
417
151
534
196
379
279
539
298
632
487
572
276
561
330
568
274
543
224
459
377
501
194
422
283
505
238
649
443
375
386
545
231
457
300
530
389
421
499
625
448
397
473
391
311
625
97
497
397
470
304
573
334
576
383
511
374
499
289
538
320
540
228
580
375
700
198
555
182
527
403
516
277
498
359
412
282
587
518
582
213
579
321
469
360
535
214
529
345
513
173
484
331
471
400
619
327
630
317
581
283
631
356
521
332
515
334
416
284
521
387
499
249
507
228
695
315
572
270
562
234
445
265
477
335
530
391
481
185
541
344
411
260
601
355
686
412
531
362
437
306
544
425
480
218
469
412
500
370
587
206
656
312
530
350
506
218
572
282
509
338
475
293
549
107
414
389
501
260
461
360
569
210
653
390
463
306
552
247
439
403
431
208
544
383
541
183
480
277
673
385
499
351
485
264
460
225
445
512
525
299
417
299
592
257
440
433
312
275
641
331
484
249
526
279
479
350
419
376
469
435
600
321
501
322
361
218
479
421
514
443
552
343
379
347
487
171
536
423
672
344
643
402
407
355
506
235
460
363
485
143
496
293
450
329
630
194
445
268
510
310
650
229
411
277
538
240
391
260
304
33
267
9
136
54
612
280
610
311
480
305
494
369
326
319
275
232
263
287
351
343
323
364
173
115
409
217
245
337
236
407
309
274
275
237
228
228
280
281
109
267
133
382
251
322
275
510
191
253
159
403
185
212
196
167
313
339
146
295
143
309
286
555
322
290
284
394
234
305
155
305
328
209
337
109
303
286
450
323
199
261
322
254
251
241
473
233
320
208
236
295
176
192
306
318
260
258
290
205
290
194
239
363
405
225
233
265
318
316
356
277
376
368
229
296
197
268
0
425
273
349
305
349
257
213
389
241
329
221
313
301
133
433
257
225
221
225
17
117
293
437
225
371
229
373
207
350
251
197
268
373
222
280
362
253
409
333
230
209
342
234
315
313
225
391
345
213
286
260
253
248
253
356
253
326
277
315
242
326
289
246
276
362
175
343
238
220
61
290
208
273
250
231
257
303
335
161
329
402
221
355
232
263
239
269
275
253
221
345
216
211
342
243
246
209
352
257
252
280
353
147
161
272
199
431
381
242
173
205
303
222
234
268
251
168
155
242
332
271
265
189
358
197
285
318
324
329
172
253
381
298
397
242
304
478
223
289
270
330
367
291
202
276
247
268
213
302
424
253
289
452
259
210
439
255
273
351
154
154
391
337
181
278
334
130
292
357
344
313
266
242
208
365
97
502
270
310
200
327
252
394
412
227
330
307
297
344
135
251
320
255
283
323
281
453
191
240
312
306
328
218
211
272
270
289
242
295
270
84
253
327
437
178
284
227
347
217
280
300
355
303
347
229
196
290
334
242
142
302
397
363
207
265
267
334
254
225
291
176
268
366
283
277
270
251
171
258
224
120
329
419
297
379
195
252
238
258
297
247
312
252
280
364
382
250
291
250
181
290
314
257
309
300
206
227
219
435
196
281
331
274
235
307
206
253
299
327
388
346
174
328
247
310
239
314
351
340
195
376
189
244
204
302
357
119
204
299
227
337
307
309
306
347
416
326
292
287
294
201
343
142
197
205
411
340
171
349
343
334
256
471
271
314
246
203
233
127
173
304
298
183
323
373
302
316
369
311
259
195
289
358
245
288
182
397
197
352
407
223
247
164
252
347
240
337
422
416
170
122
265
308
208
175
369
332
301
328
288
198
160
233
160
239
168
279
359
307
334
315
167
349
294
267
206
281
264
181
193
405
213
428
434
523
508
485
695
