1075
1335
1131
1219
1063
1327
1187
1303
1111
1143
1043
1135
1055
1279
1103
1171
1007
1251
1019
1167
1067
1215
1083
1259
1067
1303
927
1219
931
1187
1219
1331
1055
1347
1135
1215
1011
1331
1167
1291
1007
1223
1063
1115
1171
1231
1083
1187
1127
1243
1059
1311
1079
1275
995
1287
975
1287
1147
1087
1075
1231
1031
1359
1079
1267
1111
1291
979
1179
1031
1255
1047
1195
1015
1351
1107
1207
1035
1255
1187
1275
1079
1179
1135
1411
999
1387
955
1203
1035
1067
1039
1087
1175
1043
1107
1363
1183
1147
955
1235
1027
1243
1003
1291
1071
1127
1059
1247
1071
1347
1087
1355
1091
1391
1043
1275
1099
1299
979
1267
1055
1175
1031
1115
967
1219
1067
1183
1147
1255
1011
1179
1147
1299
1031
1219
1055
1283
1091
1179
1135
1159
1055
1167
1095
1243
1103
1347
903
1375
1027
1235
983
1351
1047
1243
899
1339
1155
1307
987
1411
1019
1323
1095
1215
1047
1183
1047
1275
927
1339
1075
1275
1179
1255
1135
1227
1127
1255
1079
1315
999
1131
1111
1315
1131
1379
1171
1183
1163
1323
1027
1311
959
1343
1043
1207
1039
1211
1007
1327
939
1335
943
1247
967
1163
1059
1387
955
1231
1091
1159
1075
1243
991
1195
1075
1187
963
1171
939
1287
1043
1399
1155
1275
971
1159
1031
1095
1159
1315
1107
1303
1107
1243
1107
1287
1151
1287
1023
1227
811
1391
1079
1147
1027
1203
991
1003
1047
1243
1055
1335
1047
1135
951
1311
1091
1263
1103
1175
1055
1383
1127
1207
1155
1363
1215
1287
1075
1199
1039
1271
1071
1159
1003
1163
1051
1183
1175
1219
1075
1315
1207
1223
1059
1123
1131
1263
1011
1263
1083
1227
923
1207
1031
1395
931
1179
1019
1307
1107
1279
987
1347
1219
1127
1011
1199
987
1223
1135
1251
1019
1247
1047
1247
1043
1263
1103
1159
1095
1327
1187
1195
959
1223
935
1263
967
1239
1095
1179
1183
1395
879
1187
1183
1143
967
1227
1047
1275
1083
1327
1179
1299
1107
1323
1107
1415
1031
1255
1023
1279
847
1235
979
1259
1023
1239
1043
1187
1143
1291
1155
1315
1067
1235
1179
1291
1123
1195
1187
1251
1091
1143
1031
1315
1031
1231
943
1299
983
1199
903
1315
887
1303
1139
1175
995
1307
927
1247
1123
1319
1015
1271
951
1179
1171
1219
1131
1351
919
1143
1023
1235
967
1315
1059
1239
1223
1339
1035
1219
1023
1099
943
1199
1011
1255
1279
1351
1031
1159
1035
1187
1027
1167
1095
1211
1139
1331
979
1211
1103
1363
991
1103
1035
1331
1223
1271
1155
1171
1175
1143
1031
1271
995
1307
1023
1243
979
1295
1095
1371
1039
1295
1011
1395
1107
1219
1071
1243
1039
1315
1127
1275
951
1167
987
1287
963
1267
907
1359
1095
1363
959
1207
967
1239
987
1375
1063
1223
1047
1307
1075
947
759
851
755
1071
811
1211
1235
1271
1223
1307
983
1287
1035
1031
959
915
963
879
1207
1127
1107
1031
1035
999
1007
983
1119
1007
971
995
1059
1007
1011
947
1103
1015
1099
835
1043
1107
1083
1011
987
1079
1275
1071
1075
1087
995
955
1055
1027
1031
1239
935
1019
951
991
943
943
911
1055
1107
995
1023
903
1155
955
1059
1079
1047
899
955
971
1007
1011
991
1159
1027
1135
1135
963
1039
1011
951
983
923
975
1007
1039
1047
967
1151
1151
1147
999
1303
1111
1051
979
987
1135
987
959
1023
1079
923
963
967
875
1119
1051
1043
1079
979
1011
1159
1155
1115
999
955
999
1043
987
1131
1031
1039
931
1119
1043
1103
1035
1051
1075
931
983
1023
935
1115
1059
1147
995
1115
1143
1063
999
1063
995
939
919
1035
883
935
875
959
1035
1139
975
1015
1127
1043
907
1023
1079
951
1139
959
1119
1063
943
955
979
915
1007
1023
935
943
995
971
1123
931
1051
899
1047
1123
883
1091
1099
947
927
1019
1139
1147
1107
1003
1071
967
927
1039
1051
1143
1015
1011
1043
1099
959
1047
1043
1015
895
1071
979
1007
1055
1007
923
923
1143
1063
1039
1155
1067
983
1039
1067
1055
1111
1019
1159
1015
1119
999
1087
935
1015
971
1003
967
1031
1159
1023
1135
1131
951
1079
1071
1103
931
1131
999
959
1135
1195
979
1131
1023
1019
1095
847
979
1111
1043
1051
1015
975
1039
1027
911
1015
903
967
1139
1155
1123
1079
991
1051
1075
1083
911
1103
883
1091
1115
1035
951
787
955
927
1131
1087
1051
1051
947
1023
1039
1131
1079
871
987
1011
1079
1211
1099
1007
1023
1139
1103
1043
1019
1107
1119
931
1043
923
1071
1071
895
1171
1075
1127
995
1175
1047
1135
1059
887
983
863
999
903
899
1079
907
1067
995
1131
1019
1135
903
939
991
991
891
971
1079
1095
1083
1183
1059
979
1019
959
883
903
923
1059
1115
1115
1071
987
967
1019
999
1191
1087
1099
915
1131
999
1091
943
1079
1227
1043
1151
871
875
1155
1047
1159
1039
1043
875
975
987
903
1095
931
915
959
1155
1031
1007
971
1075
1095
1123
979
1103
1051
1071
1143
1019
1031
1011
1027
899
1103
983
935
863
1191
927
1027
1079
1011
1039
959
975
1159
1027
1259
1043
1119
1095
1275
1063
1203
1035
1015
1039
1019
1007
1103
951
903
1043
1011
1119
935
1003
1087
955
1167
895
1107
1003
1135
959
1039
1027
1075
991
1035
1067
879
1111
1151
971
1123
1007
1059
1147
1063
1139
1083
1147
1127
1043
1051
915
963
1015
1023
1067
1175
967
999
1027
999
1011
955
1067
1027
1159
1035
1035
967
1047
1087
967
1031
1039
1027
1215
1039
1055
1051
1127
1155
1063
983
963
1023
1059
1015
1019
1083
1015
1131
1047
1079
911
947
1087
999
927
1011
1087
1767
1943
827
1271
1755
1723
