1139
1274
1266
1275
1049
1310
1135
1333
1029
1418
1329
1183
1102
1415
1091
1271
1007
1235
1167
1287
1023
1407
1121
1265
1087
1243
1135
1353
1145
1425
1114
1279
999
1325
1299
1263
1103
1479
1190
1313
1074
1286
1105
1294
995
1319
967
1447
1034
1267
1142
1293
1143
1217
1101
1422
1086
1218
1011
1238
1263
1293
1271
1303
1107
1234
1191
1377
1183
1361
1179
1259
1159
1205
1127
1382
1153
1251
1070
1230
970
1299
1126
1311
1147
1286
1215
1391
1127
1247
1191
1397
931
1335
1117
1307
1035
1289
1211
1393
1134
1294
1001
1310
1233
1231
1057
1321
1187
1359
1133
1331
1127
1279
1119
1427
1054
1418
1079
1519
1137
1299
1167
1435
1182
1283
1181
1282
1243
1427
1170
1313
1190
1259
1065
1293
1086
1315
1259
1415
1154
1407
1170
1313
1150
1230
1119
1394
1271
1327
1079
1215
1250
1217
983
1170
918
1330
1142
1279
1235
1262
1182
1411
1139
1247
987
1367
1030
1431
1207
1279
1147
1294
1091
1298
1190
1325
1046
1326
1011
1342
1161
1279
1199
1429
1131
1307
1131
1215
1115
1375
1147
1311
1183
1313
1118
1279
1070
1407
1067
1313
1249
1266
1030
1249
1114
1285
1173
1407
1143
1455
1087
1363
1115
1134
1163
1409
1249
1219
1131
1310
1137
1227
1099
1283
1203
1381
1119
1270
1215
1298
1095
1207
1122
1305
1001
1435
1078
1371
1154
1163
1262
1290
1206
1426
907
1427
969
1158
1122
1229
1234
1159
1087
1358
1254
1339
1177
1290
1306
1275
1138
1306
1099
1271
1270
1343
1213
1251
1209
1478
1013
1263
1187
1286
1083
1402
1207
1338
1091
1187
1025
1346
1059
1365
1035
1358
1171
1311
1142
1251
1238
1275
1183
1259
1067
1343
1183
1253
989
1313
1193
1497
1067
1347
1127
1326
1090
1397
1154
1411
1147
1179
1121
1506
1091
1331
1099
1490
1195
1159
1037
1314
1129
1247
1171
1201
1251
1377
1098
1248
1105
1383
1299
1349
1139
1221
1094
1274
1135
1370
1246
1307
1206
1193
1139
1329
1082
1283
1230
1338
1086
1419
1165
1370
1143
1359
851
1381
1095
1237
1141
1455
1147
1281
1075
1379
1199
1327
1162
1383
1273
1365
1105
1234
1053
1259
1191
1239
1265
1263
1179
1351
1195
1311
1231
1431
1114
1426
1174
1403
1237
1273
1146
1418
1147
1265
1105
1399
1162
1350
1231
1267
1147
1365
1290
1339
1190
1273
1098
1229
1106
1178
1234
1249
1071
1245
1001
1314
1179
1305
1153
1390
1063
1299
1225
1387
1227
1311
1331
1359
1021
1335
1031
1325
1166
1271
1158
1409
1037
1415
1235
1321
1103
1193
1066
1419
1049
1411
1231
1399
1155
1378
1101
1331
1142
1341
1137
1287
1309
1249
993
1287
999
1286
1217
1378
911
1309
1215
1363
1237
1326
1191
1315
1002
1354
1134
1377
1146
1265
1147
1259
961
1291
1127
1439
1142
1287
1142
1205
971
1343
1195
1399
1171
1071
837
1107
750
967
931
1322
1135
1291
1215
1287
1171
1239
1151
922
1099
1059
1263
1055
1163
1029
1054
1163
1161
995
1067
951
1199
1255
1138
1121
1223
1119
1062
1039
1051
1175
1145
1035
1065
1151
1265
1159
977
1151
1201
1115
1105
1090
1125
1082
1134
1153
1137
1043
1191
1146
1138
997
936
994
1062
1185
1019
1022
1143
1079
1063
1021
1067
1127
1110
1142
1039
1167
1113
1035
965
1058
1079
958
1183
1009
1169
1013
1135
963
1019
1087
1023
1122
1147
1091
1095
1139
970
1063
1274
1077
1181
966
993
1047
1198
1211
1167
1123
1143
1157
1123
1061
1055
1193
1061
1154
1014
1031
1058
1047
1047
1047
1047
1047
1047
1047
1047
1047
1047
1047
1047
1047
1047
1047
1047
1047
1047
1047
1047
1047
1047
1047
1047
1047
1047
1189
1055
949
1099
1197
1157
915
1067
1221
1217
1041
1107
1181
1070
1155
1190
1102
1058
1067
1199
1077
1175
1185
1205
1078
1097
1073
1131
1094
1147
1091
1274
1175
1089
1131
1195
899
1203
1106
1099
895
1053
1166
1035
1281
966
1183
1097
1007
1129
1107
1119
1059
1033
1133
1091
1063
1099
954
1111
903
1233
1061
1295
1089
1073
1031
1123
1181
1013
1067
1151
1094
1199
1189
1130
1049
1179
1206
1311
993
991
982
1249
1138
1169
1141
1007
946
1171
1117
1133
1191
1070
1161
1191
1215
1090
1111
1069
1091
1073
1063
1062
1137
1114
1145
1003
1154
1139
1127
1051
1133
1062
1134
1225
1094
1077
1079
1037
1003
983
973
1147
1137
1011
1114
1091
1263
1161
1199
1039
1135
1158
1033
1071
1034
909
1026
1097
1014
1123
1150
1109
1154
1181
1007
1114
1191
1025
1002
1158
1131
1065
1071
1070
1218
1114
998
1162
1047
1195
1113
1069
1094
990
1075
931
1167
1006
1097
1138
1101
1155
1089
1106
1067
1170
1089
1147
1174
1214
1075
1209
1085
1039
1103
1097
1042
1097
1091
1134
1094
1199
1069
1082
982
1163
1267
1005
995
1067
1122
1286
957
1214
1009
1229
1063
1227
1045
1147
1131
1173
1063
1201
983
1219
1250
1187
1146
1173
1059
1105
1131
1259
1111
1058
1129
1103
1134
1219
1051
1134
1199
1102
1139
1203
1047
1190
1003
1102
1038
979
1090
1203
907
979
1023
1159
1017
1050
1003
943
1198
1066
1075
1150
1099
1171
1085
1213
1211
907
1233
1167
1105
1123
1053
1075
1206
1155
1099
1122
1153
1033
1091
1150
1127
1057
1149
1129
1177
1178
1029
1158
1179
1122
1087
1211
1066
1019
1175
1007
1189
1115
1145
1162
1101
1203
1035
1123
1131
1123
1114
1082
1063
1059
1191
1198
1182
1029
907
1015
1059
1059
1205
1099
1021
1126
1139
1045
1085
1197
1207
1067
949
1053
1117
1091
967
1042
1039
1017
1166
1155
1071
1191
1159
1175
1091
1182
1111
1259
1109
1211
1093
1078
1271
1141
1102
1071
1026
1127
959
1135
1191
994
849
1223
1130
1050
997
1061
1061
1071
1251
1121
959
1043
954
1005
1023
1098
1103
1189
963
345
599
0
343
1149
577
