1111
1207
1127
1143
1051
1403
1095
1271
1075
1203
1163
1279
1003
1271
1067
1223
1131
1226
1150
1307
1019
1302
1071
1206
1102
1186
1007
1303
1135
1251
1070
1379
1067
1319
1095
1175
1003
1115
979
1159
1031
1131
971
1287
1198
1230
1094
1343
1134
1270
1171
1238
1071
1251
1042
1335
1207
1299
1050
1331
995
1234
959
1295
1146
1147
1003
1231
1255
1211
898
1262
1063
1430
991
1223
1075
1295
963
1374
1131
1319
1131
1334
1219
1367
1178
1334
1015
1247
910
1295
1055
1170
1146
1311
1043
1314
1011
1191
1031
1267
1022
1110
982
1450
1006
1215
1019
1199
999
1287
1087
1199
1074
1207
927
1163
1091
1242
991
1251
983
1206
1050
1251
1027
1319
1155
1295
1131
1339
1182
1426
1142
1343
1039
1239
1043
1247
1175
1234
1126
1375
979
1335
1047
1391
1050
1327
1075
1139
995
1239
1114
1251
1155
1215
1207
1447
1035
1307
1058
1035
1266
1215
1051
1319
1042
1279
1126
1211
1115
1203
1259
1291
1110
1207
955
1211
1026
1151
1091
1234
1086
1251
1083
1351
1262
1067
1043
1427
1099
1226
1003
1279
1195
1387
1062
1210
991
1347
1267
1115
1099
1206
1138
1307
1071
1171
1159
1219
1059
1311
1119
1182
1075
1279
1059
1275
999
1346
1083
1238
994
1199
1175
1338
1178
1339
1102
1146
1031
1238
1022
1267
1343
1211
1106
1235
1062
1130
1067
1411
939
1191
955
1243
1167
1362
1139
1495
983
1215
1127
1311
1115
1286
1103
1375
1091
1279
979
1446
899
1182
1094
1243
1126
1347
1115
1275
1162
1367
1115
1202
1095
1267
1147
1167
1095
1270
1142
1235
1206
1331
1086
1255
1214
1159
1115
1383
1111
1275
1063
1158
1151
1223
1031
1231
1059
1363
1138
1455
1087
1219
1103
1391
1063
1279
1063
1278
1099
1291
1078
1155
1119
1219
1058
1379
1079
1371
1150
1263
1171
1379
1042
1190
1062
1223
1026
1246
1163
1291
1143
1107
1210
1374
1099
1263
1095
1375
903
1370
1079
1315
1006
1251
1086
1211
1063
1303
1086
1334
1131
1311
971
1186
1039
1467
1130
1255
1191
1331
1135
1146
1059
1187
1103
1298
1127
1367
1067
1399
1223
1267
1063
1271
1019
1455
939
1347
1143
1266
1235
1371
1079
1311
1191
1350
1119
1202
1051
1222
979
1187
1163
1222
1078
1315
1083
1163
1083
1226
1011
1291
1003
1198
903
1211
1126
1322
1087
1298
1215
1235
1231
1311
1143
1307
1131
1315
1083
1135
1050
1322
1079
1111
1134
1274
1063
1371
1007
1231
1046
1203
1083
1287
1147
1319
1110
1202
922
1310
1130
1275
1067
1154
1118
1251
1091
1375
1038
1342
1035
1302
1175
1283
1035
1211
1087
1267
1118
1250
1130
1351
1147
1346
995
1202
1183
1203
1183
1367
1083
1422
1079
1306
1098
1383
1118
1395
1159
1383
1086
1383
1051
1267
1143
1230
1091
1391
1106
1183
1163
1319
1047
1175
751
1027
866
1011
715
1195
1107
1258
1055
1191
1039
1315
1035
911
1130
1035
1035
1043
1059
935
1015
1023
1107
1042
1135
1007
998
1254
1099
1206
1051
1115
979
1126
1167
1187
1047
1038
859
1091
987
926
1063
1054
1131
1031
1111
1151
1035
1050
1039
1031
1039
1050
931
951
1011
1086
1051
1203
978
1039
1091
991
1087
1003
1022
1031
1134
871
955
947
1043
1083
1103
903
1190
1127
1143
1027
974
1154
979
1179
1027
1046
1063
1115
1127
942
1015
947
1075
1019
974
1123
987
1150
1103
1003
939
899
1099
1059
926
1135
1111
1019
895
1079
1183
1139
1015
1035
1111
1087
1159
1119
1051
991
955
1046
1170
1123
1071
1090
907
1122
1007
1046
1114
951
1031
1079
1038
959
1087
1047
1011
963
1179
991
1103
1202
1115
1030
1019
970
983
1063
991
1095
1075
1059
883
991
1031
967
1035
979
1070
1175
1091
1062
1079
1086
1115
939
999
1047
1038
1039
1199
1019
1011
1015
1179
1131
883
1055
1079
843
1015
1019
1103
955
899
975
971
1119
974
1103
983
1067
1027
979
1143
1035
923
863
1063
1011
1230
1067
959
1047
1035
1091
1239
1067
1179
1075
1043
1118
1003
918
1167
1071
970
1091
1002
1083
999
927
1098
1142
1171
966
1063
1022
882
1106
1103
995
983
1043
1111
987
1083
1051
1031
1031
1035
1070
1227
1091
1091
943
935
1131
1151
974
1066
1230
1183
979
947
1079
1091
1067
1047
935
1175
1047
1067
1131
1023
1127
922
1110
1134
1023
1063
1030
954
947
1183
923
1022
1079
979
1086
1123
1138
1107
1075
1087
1107
1091
967
1011
1059
963
1066
975
1027
1118
1003
1119
1011
1035
1075
1187
1042
1039
1018
1019
1011
1003
1043
1131
983
975
1074
1110
1055
1051
1087
1103
943
1022
1043
1074
1091
1002
914
1003
1006
1046
999
1011
987
1027
902
1079
1099
867
1082
1071
1114
1070
1075
947
1043
1155
999
1207
1038
935
1007
999
995
1063
1127
1023
1079
1054
1078
991
902
1055
1099
990
963
982
987
1175
975
1027
1031
930
1063
959
1047
1079
1047
1123
1139
1014
1115
1026
1175
1035
1011
1147
1026
1063
1087
955
935
1047
979
995
1022
1071
1075
979
1047
1098
995
1135
999
1074
1095
1139
991
1147
1147
1151
1087
1126
871
1027
1127
1139
1139
1115
1059
971
1195
1090
955
947
1007
1027
1047
1039
963
1127
994
1115
1095
1115
943
986
963
1019
987
1019
1099
1110
1091
1055
1063
1050
1038
1051
975
1130
1091
1187
1035
1135
971
1119
898
931
915
1074
1151
891
1123
1099
1158
1019
1003
963
1042
1007
1018
1178
1055
1039
1031
1051
1171
1139
1003
1135
1135
1059
1010
1043
1091
1027
1174
951
955
1154
939
986
883
1099
1083
1010
1087
951
971
1014
1095
1147
915
1190
1019
915
1047
1039
1015
943
1055
1091
1223
870
923
923
1031
955
1126
1047
1191
1867
323
1595
583
1691
403
