1159
1375
1219
1335
1199
1383
1007
1491
1083
1363
1227
1351
1083
1375
1035
1255
1055
1379
1003
1431
1231
1363
1239
1147
1151
1431
1035
1375
1159
1383
1195
1319
1255
1427
1231
1551
1155
1403
1259
1347
1255
1311
1251
1343
1135
1379
1215
1407
1179
1431
1303
1387
1239
1319
1167
1319
1127
1219
1167
1423
1047
1383
1179
1367
1247
1327
1215
1383
1255
1255
1227
1459
1327
1371
1223
1375
1151
1323
1051
1395
1179
1351
1255
1283
1203
1387
1127
1387
1119
1459
1239
1291
1103
1235
1195
1407
1127
1415
1115
1355
1083
1219
1119
1331
1119
1471
1291
1359
1023
1335
1239
1375
1227
1259
1291
1459
1303
1339
1327
1235
1219
1379
1075
1423
1187
1259
1119
1307
1199
1407
1175
1423
1247
1239
1143
1499
1191
1351
1023
1367
1259
1315
1079
1279
1379
1419
1199
1383
1239
1287
1079
1419
1191
1423
1139
1287
1179
1467
1079
1403
1099
1299
1167
1359
1163
1327
1099
1383
1147
1359
1183
1495
1187
1427
1211
1475
1235
1419
1175
1363
1119
1327
1119
1219
1107
1335
1115
1403
1043
1379
1299
1339
1275
1371
1143
1371
1267
1331
1267
1323
1119
1503
1111
1275
1123
1347
1055
1319
1211
1335
1135
1359
1031
1251
1107
1355
1195
1271
1167
1359
1071
1431
1203
1359
1135
1403
1211
1431
1191
1247
1115
1323
1187
1439
1055
1323
1207
1279
1083
1391
1111
1323
1271
1423
1219
1387
1135
1291
1135
1155
1119
1355
1151
1271
987
1387
1239
1423
1187
1403
1127
1275
1143
1463
1115
1359
1187
1539
1135
1403
1159
1475
1179
1327
1251
1359
1123
1527
1147
1315
1171
1603
1295
1255
1067
1307
1111
1291
1187
1439
1267
1495
1159
1455
999
1443
1039
1431
1123
1335
1035
1403
1107
1367
931
1451
1171
1367
1227
1407
1067
1327
1139
1391
1239
1319
1159
1263
1139
1375
1163
1387
1219
1267
1091
1379
1099
1319
1243
1323
1031
1431
1171
1487
1151
1275
1031
1315
1255
1383
1295
1275
1207
1303
1191
1463
1115
1275
1203
1383
1239
1303
1275
1463
1171
1379
1067
1363
1151
1379
1167
1283
1167
1603
1011
1315
1367
1363
1247
1255
1327
1415
1355
1431
1099
1355
1163
1387
1203
1399
1203
1503
1079
1275
1115
1411
1167
1235
1171
1355
1223
1359
1043
1199
1123
1435
1307
1255
1127
1271
1175
1379
1191
1359
1019
1443
1287
1299
1163
1335
1211
1227
1127
1347
1275
1291
1219
1383
1191
1379
1115
1375
1143
1403
1103
1271
1151
1391
1099
1375
1151
1415
1075
1259
1183
1427
1295
1375
1251
1335
1119
1395
1187
1335
1279
1363
1071
1471
1071
1355
1063
1483
1219
1411
1143
1395
1279
1355
1139
1303
1051
1199
1227
1455
1031
1251
1195
1415
1167
1363
1319
1431
1187
1487
1195
1447
1007
1319
1187
1419
1091
1539
1175
1283
1251
1187
1207
1347
1187
1399
1307
1411
1291
1343
1155
1391
1223
1255
923
1183
851
1107
1039
1375
1123
1291
1247
1351
1071
1571
1155
1151
1219
1119
1199
1091
1087
1199
1107
1211
1035
1179
1079
1091
1227
1143
1167
1207
1171
1015
1075
1071
1147
1123
1147
1135
1115
1087
1167
1107
1035
1207
1151
1107
1179
1135
1179
1155
1055
1139
1143
1159
1179
1183
1071
1123
1175
1047
1323
1055
1299
1195
1235
963
1311
1219
1003
1183
1031
999
1175
1059
1183
1103
1135
995
1071
1131
1127
1279
1099
1067
1095
1175
1171
1231
1159
1047
1047
1047
1163
1095
1067
1239
1179
1071
1167
991
1047
1199
1067
1095
1115
1127
1247
1207
1127
1107
1095
1079
1223
1135
1207
1135
1015
1095
1103
1299
1299
1299
1299
1299
1299
1299
1299
1299
1299
1299
1299
1299
1299
1299
1299
1299
1299
1299
1299
1299
1299
1299
1299
1299
1299
1319
1159
1063
1159
1179
1147
1039
1067
975
1131
1051
1115
999
1191
1059
1199
1179
1075
1219
1271
1051
1111
1287
1175
1159
1127
1107
1275
1095
1071
1203
1159
1259
1255
1119
1211
979
1111
1171
963
1079
1131
1203
1123
1283
1139
1151
1227
1083
1179
1135
1143
1115
1207
1131
979
1163
1227
1119
1103
1103
1167
1159
1111
1107
1099
1063
1151
987
1167
1119
1171
1163
1207
1215
1259
1135
1187
1179
1135
1147
1015
1095
1195
1159
1147
1103
1083
1199
1039
1155
1191
1183
1247
1159
1095
1139
1219
1379
1095
1107
1235
1243
1067
1015
1079
1059
1203
1047
1283
1087
1051
1039
1239
1207
1187
1047
1111
1199
1107
1223
1079
1067
1139
1147
1207
1267
1107
1023
1083
1155
1183
1183
963
1175
975
1099
1071
1215
1211
1059
1131
1203
1439
1183
1139
1059
1239
1211
1099
1039
979
1187
1151
1211
1091
1151
1107
1191
1167
1207
1099
1055
1167
1175
1119
991
1183
1079
1175
1211
1087
1023
1059
1143
1215
1111
1195
1011
1255
991
1063
1059
1067
1027
1139
1071
1023
1119
1163
1099
1171
1055
1191
1107
1239
979
1219
1151
1083
1167
1011
1187
1255
1139
1151
1147
1123
1215
1207
1195
1151
1195
1079
1023
1167
1131
1119
1115
1211
1135
1059
1255
1159
1215
1143
1151
1207
1015
1111
1115
1083
1287
1171
1095
1255
1003
1095
1123
1059
1127
1111
1231
1243
1211
1227
1051
1099
1163
1123
1003
1151
1163
951
1195
1031
1163
1227
1175
1255
1079
1143
1051
1103
1143
1123
1171
1127
1151
1183
1263
967
1211
1199
1047
1219
1215
1087
1103
1275
1163
1143
1075
1211
1191
1223
1015
1139
1011
1119
1103
1111
1051
1167
1111
1063
1143
1127
1083
1091
1223
1015
1175
1215
1107
1211
1163
1215
1215
1183
1267
1099
1051
1111
1063
1195
1027
1091
1023
1091
1127
1163
1027
1115
1023
1151
1135
1183
991
1259
1051
1163
1019
1123
1047
1267
1203
1047
1219
1143
1235
1067
991
1163
1031
1067
1083
1127
1195
1103
1055
1179
1035
1175
1123
1123
1039
1235
1143
1019
1159
1155
1095
1191
1191
1155
1023
1159
1023
1291
1151
1171
1095
1035
1011
567
0
1371
1035
399
783
