1607
2222
1715
2149
1687
2131
1647
2161
1697
1743
1827
1786
1758
1895
1683
2118
1799
2250
1661
1818
1659
2173
1706
1765
1643
2119
1655
2118
1719
1811
1635
2114
1787
2230
1762
2110
1782
2111
1894
1890
1793
2125
1857
1695
1727
2094
1798
2026
1697
1895
1703
2146
1747
2155
1733
2129
1651
1819
1662
1891
1747
2127
1746
2155
1783
2147
1783
2163
1583
1762
1618
2231
1607
2123
1745
2197
1718
2102
1735
2266
1610
1715
1813
2130
1753
1801
1626
1961
1657
2163
1563
2119
1669
2179
1623
2190
1659
2199
1625
2195
1633
1823
1735
1806
1775
2127
1690
1781
1615
1671
1737
1807
1722
2218
1837
2251
1699
1883
1667
2158
1706
2189
1677
2103
1725
1731
1718
2155
1806
2110
1745
2031
1505
2162
1686
2159
1651
2110
1611
2143
1623
2167
1611
2183
1643
1887
1526
2025
1711
1766
1702
1795
1655
2105
1761
2207
1767
2219
1675
1826
1958
2246
1767
2118
1671
1790
1799
2203
1650
2179
1655
1783
1687
1823
1691
2139
1789
1819
1767
2147
1642
1883
1815
2171
1649
2190
1674
1819
1722
1727
1673
2174
1791
1815
1729
2191
1602
2023
1723
2155
1650
2158
1731
2203
1599
2099
1753
2099
1763
2025
1702
2143
1647
2111
1635
2166
1677
1953
1573
2127
1831
2115
1667
2131
1722
2105
1659
1787
1678
2262
1651
2097
1655
1747
1771
1795
1626
2130
1715
1955
1717
2247
1682
2151
1695
2195
1713
1955
1750
1953
1671
1891
1731
2159
1657
2274
1531
2218
1775
2174
1822
1819
1643
1947
1658
2126
1830
1811
1750
2183
1607
2142
1694
1755
1719
2214
1690
2293
1683
1819
1542
2097
1693
1823
1739
2121
1695
2021
1714
2167
1743
1771
1811
2123
1722
2169
1639
1751
1614
1890
1615
2167
1795
2273
1669
1746
1885
2315
1815
2299
1722
2227
1771
2233
1729
2123
1703
1961
1717
2113
1638
2215
1614
1830
1690
2129
1614
2163
1670
2198
1731
2177
1755
2135
1741
2251
1607
2127
1675
2181
1819
1827
1567
2127
1767
1802
1794
1891
1679
1791
1743
2261
1767
2122
1822
2229
1806
1770
1755
2174
1643
1893
1659
2158
1671
2139
1703
1957
1634
2227
1767
2255
1603
1735
1707
2171
1645
2109
1731
1799
1739
1953
1731
2174
1658
2175
1599
2129
1582
1659
1738
2098
1717
1947
1786
2223
1679
1962
1759
2023
1685
2251
1711
1831
1569
1823
1682
2175
1695
2113
1795
1775
1687
2147
1746
1959
1611
2139
1665
2254
1745
2181
1699
2197
1835
2161
1718
2151
1690
1957
1827
1810
1883
2275
1649
2134
1807
2030
1794
2275
1767
2195
1702
2231
1619
1959
1754
2102
1703
2150
1703
2131
1618
1789
1642
2103
1671
2231
1619
2187
1795
2159
1598
2171
1643
2143
1737
2115
1743
2207
1755
2122
1747
1809
1783
1779
1722
2190
1739
2265
1703
2375
1695
2181
1743
2123
1718
2181
1671
2225
1651
1962
1726
2019
1687
1801
1702
1797
1455
1739
1382
1679
1559
2191
1761
2251
1483
1803
1721
1955
1733
1635
1679
1675
1707
1778
1774
1718
1643
1714
1650
1766
1575
1611
1625
1786
1653
1562
1727
1787
1725
1643
1779
1747
1683
1639
1751
1679
1665
1606
1677
1631
1723
1667
1695
1643
1743
1663
1650
1733
1798
1735
1557
1609
1667
1767
1690
1733
1683
1659
1719
1639
1674
1673
1791
1623
1675
1670
1630
1559
1723
1715
1599
1691
1697
1627
1663
1681
1727
1519
1703
1705
1734
1643
1771
1693
2027
1659
1714
1651
1641
1675
1745
1713
1667
1693
1571
1659
1662
1757
1706
1635
1751
1622
2255
1751
1670
1559
1619
1715
1699
1651
1647
1790
1746
1621
1687
1562
1681
1543
1735
1678
1603
1683
1798
1707
1735
1519
1687
1731
1562
1751
1767
1634
1794
1681
1506
1723
1767
1749
1675
1690
1582
1635
1686
1683
1686
1766
1785
1599
1703
1727
1769
1642
1955
1583
1814
1591
1715
1591
1695
1662
1511
1606
1675
1707
1698
1710
1731
1738
1731
1609
1767
1619
1783
1681
1634
1893
1679
1643
1650
1627
1741
1795
1739
1747
1818
1730
1959
1566
1651
1766
1659
1678
1727
1686
1683
1649
1781
1550
1758
1602
1683
1709
1743
1889
1771
1567
1677
1706
1627
1550
1710
1774
1627
1729
1699
1669
1719
1522
1627
1671
1735
1575
1749
1627
1638
1523
1675
1651
1651
1655
1655
1698
1651
1637
1709
1639
1713
1787
1675
1587
1762
1807
1719
1603
1613
1747
1731
1699
1666
1625
1714
1563
1535
1687
1698
1639
1663
1603
1682
1526
1755
1511
1685
1683
1751
1659
1803
1721
1703
1691
1749
1617
1679
1539
1609
1646
1759
1678
1667
2101
1675
1611
1753
1637
1547
1703
1643
1697
1526
1793
1571
1686
1597
1667
1787
1747
1606
1711
1650
1717
1778
1593
1623
1782
1699
1629
1635
1718
1526
1687
1703
1710
1550
1777
1739
1659
1675
1625
1630
1734
1679
1491
1821
1677
1815
1734
1795
1663
1958
1593
1649
1571
1705
1695
1691
1682
1687
1661
1683
1635
1699
1631
1769
1642
1731
1687
1818
1663
1693
1682
1687
1591
1578
1698
1635
1619
1691
1689
1637
1657
1730
1670
1661
1567
1677
1581
1681
1661
1739
1689
1602
1635
1619
1631
1783
1726
1669
1654
1751
1695
1695
1706
1797
1555
1587
1615
1639
1727
1683
1558
1653
1711
1717
1735
1635
1753
1755
1690
1675
1639
1694
1659
1563
1725
1615
1635
1795
1663
1643
1754
1701
1635
1767
1726
1699
1675
1779
1643
1531
1702
1719
1619
1739
1819
1657
1643
1687
1639
1695
1949
1669
1685
1643
1543
1715
1607
1673
1679
1673
1627
1619
1717
1623
1637
1682
1613
1639
1783
1619
1501
1647
1639
1742
1698
1635
1613
1738
1619
1810
1779
1697
1734
1775
1593
1629
1707
1702
1667
1805
1721
2023
1705
1601
1746
1615
1679
1619
1735
1551
1599
1739
1777
1663
1737
1651
1662
1741
1697
2022
1783
1671
1686
1630
1523
1778
1675
1581
1638
1747
1674
1590
1558
1571
1723
1655
1563
1723
1711
1677
1589
1503
1615
1765
1959
1615
1483
1911
1679
1914
1170
1289
923
