886
1051
980
1207
976
1122
962
1147
935
1030
843
1124
839
1100
891
1155
858
1095
815
1113
1039
1190
838
995
920
1183
831
1170
867
1237
927
1089
1059
1231
819
1086
911
1119
864
1117
930
1157
1028
1056
921
1027
907
1215
956
1179
999
1068
843
1230
897
1039
803
1085
1034
1115
873
1026
921
1124
786
1231
906
1085
975
1051
931
1087
885
1083
795
1050
937
1106
865
1134
1021
1242
950
1053
830
1071
919
1086
961
1074
895
1081
891
1245
1011
1041
1127
1149
845
1207
810
1069
881
1121
887
1219
835
1115
875
1060
778
947
927
1047
867
1059
910
935
1049
1223
1041
1034
907
1164
846
1026
890
1269
871
1154
783
1090
803
1121
883
1155
821
953
941
1179
835
1211
973
1190
855
1295
842
1130
835
1015
866
1139
870
1233
857
1015
959
1242
935
1163
927
1117
894
1173
1007
985
857
1011
995
1206
861
1145
1057
1094
919
1007
830
1115
966
1190
1069
902
702
1104
970
1067
961
1119
835
1031
799
1239
839
1184
912
1233
899
1155
1053
1130
927
1054
972
1054
1063
1007
921
1169
803
1074
1025
995
890
1053
826
1230
827
1035
836
1077
914
1066
950
1202
781
1217
855
1155
887
1071
828
1103
811
1052
879
1127
885
994
849
1257
953
1225
971
1050
927
1095
1019
1130
835
1213
849
1117
846
1153
799
1183
795
1131
1031
1193
867
1127
875
1230
849
1077
933
987
789
957
802
1183
997
1163
897
1054
798
1036
915
1150
811
1183
878
1117
979
1162
963
1111
1066
1238
912
1182
1039
1178
819
1161
960
1050
840
1197
1097
929
979
1011
939
1091
826
1153
1074
1050
857
1245
999
1166
950
1061
819
1307
844
1144
895
1015
981
1133
909
1071
911
1167
931
1087
786
1093
862
982
887
1312
1037
1141
863
1135
949
1065
857
1180
849
1030
881
1140
1051
1055
906
1115
1022
1113
877
1034
1051
1059
762
1219
967
1019
859
1119
982
1106
872
1218
954
1209
851
1162
1010
1142
987
974
839
1083
797
1052
775
1179
967
1136
971
1175
1027
1189
898
1207
860
1287
824
1145
803
1267
998
1087
979
1195
905
1125
925
1225
923
1176
905
1162
799
994
879
1007
731
1078
935
1066
863
1180
943
1034
1011
1099
937
1095
826
1127
875
1075
830
1175
959
1277
843
1182
945
995
693
1095
931
1089
960
1122
934
1123
839
1007
889
1148
991
1083
983
1143
892
1151
901
1101
741
1177
812
1042
886
1048
955
1063
967
1043
786
1101
883
1141
1035
1067
826
981
898
1223
932
1098
965
1187
847
1147
994
1095
809
1089
983
1184
786
1226
879
1085
933
1121
921
1165
878
1041
782
799
691
805
433
1151
989
1115
1067
1099
859
1147
926
854
949
866
869
907
884
969
895
963
709
847
995
961
846
944
909
947
917
938
913
886
1046
1024
931
898
921
798
792
862
1070
875
818
726
935
912
759
902
765
883
910
695
807
934
887
877
835
937
907
824
953
961
790
940
1042
788
872
837
765
873
836
919
978
806
815
824
866
987
839
875
734
899
1034
742
837
963
867
939
1010
755
820
1017
845
926
858
795
974
777
870
829
905
1030
972
803
824
956
889
877
971
933
711
797
1046
891
906
883
923
984
791
782
854
791
906
803
928
938
974
810
932
897
1001
794
874
925
904
755
815
990
835
709
923
761
906
967
769
1028
814
968
829
869
909
677
856
825
897
937
961
975
934
954
938
898
899
998
832
878
1024
887
821
730
938
853
931
938
873
961
943
927
873
746
947
832
947
807
910
953
900
875
903
943
843
835
810
980
929
810
897
1000
963
910
997
839
921
857
837
818
1015
871
971
951
1021
811
1017
911
830
746
969
851
895
791
816
923
851
793
887
986
731
995
822
795
908
852
790
841
821
861
893
890
839
1063
960
851
822
803
928
762
669
864
816
855
815
1008
839
809
1016
977
897
898
709
847
926
890
834
990
694
814
857
831
962
965
902
813
835
861
983
824
794
969
859
759
771
751
971
839
939
845
811
971
831
937
917
827
896
914
983
997
880
791
803
950
963
917
1009
767
934
810
910
927
855
766
846
858
795
789
1019
883
941
851
809
772
1030
968
899
973
887
947
951
873
799
935
830
865
762
970
806
897
1005
860
807
978
937
927
1055
947
848
879
951
898
906
843
903
1006
941
850
1001
769
911
886
899
911
1020
849
787
774
847
914
955
807
834
845
960
887
941
767
929
935
823
915
716
855
1035
1036
829
910
859
853
873
805
806
846
792
851
842
741
870
928
778
891
919
776
849
776
835
866
768
877
959
817
1040
925
847
920
690
870
827
798
1003
874
927
882
858
915
935
962
1018
817
897
900
907
1025
831
1019
871
1011
669
912
781
985
944
830
991
690
932
975
934
811
978
891
984
940
825
799
867
913
912
887
869
855
973
979
831
906
1030
871
988
961
869
1010
917
767
851
898
927
848
780
871
979
859
807
887
919
854
847
847
883
905
1081
758
947
968
820
799
750
819
944
719
862
861
921
827
798
779
934
957
813
906
851
859
862
734
711
830
847
743
827
951
1036
751
911
0
397
1367
930
446
