995
1291
1091
1694
1154
1259
1091
1259
1118
1267
1229
1325
1087
1233
1099
1354
983
1295
1055
1643
1117
1243
1151
1199
1258
1287
1047
1258
1083
1230
1127
1223
1154
1355
1195
1167
1065
1325
1141
1291
1050
1167
1155
1350
1191
1181
1039
1349
1023
1306
1127
1351
1179
1353
1038
1275
1178
1638
959
1315
1139
1351
1159
1335
1103
1327
1071
1322
1130
1199
1131
1663
1081
1258
1127
1198
1190
1225
1021
1209
1093
1266
1127
1291
1138
1239
979
1691
1127
1333
1198
1118
1106
1346
1066
1325
1237
1687
954
1633
962
1311
1039
1281
931
1627
1159
1225
935
1318
975
1263
1215
1287
1199
1645
1107
1243
1087
1290
1035
1327
1091
1705
1183
1275
1186
1653
991
1323
1231
1327
1243
1258
1057
1215
1017
1317
1067
1301
1079
1345
1051
1335
1183
1270
1087
1347
1067
1283
1067
1334
1135
1166
1071
1355
1058
1245
1110
1347
1019
1335
1119
1283
1215
1238
1182
1623
1091
1363
1063
1189
1165
1310
1215
1655
1107
1763
1101
1631
1046
1631
1038
1669
1174
1651
1130
1194
1171
1293
1007
1323
1083
1247
1055
1358
1011
1314
1163
1247
1121
1263
1079
1311
1170
1655
1151
1209
1091
1695
1134
1142
1209
1623
1091
1345
1126
1243
1087
1363
1223
1282
1026
1253
1078
1306
1170
1347
1035
1323
1031
1159
1038
1113
1101
1255
1109
1230
1099
1746
1194
1266
1223
1279
1139
1327
1195
1710
1089
1210
1114
1286
1031
1286
1059
1355
1195
1639
1131
1171
1151
1331
863
1706
1039
1234
1114
1291
1043
1687
955
1331
1091
1698
946
1267
1070
1637
1229
1310
1027
1335
1131
1243
1147
1283
990
1314
1083
1259
1099
1663
951
1663
1019
1686
1034
1331
1006
1235
1131
1259
999
1262
1189
1330
1126
1266
1027
1251
991
1369
1115
1634
1103
1295
1110
1159
1047
1637
1167
1361
1163
1662
1006
1179
983
1330
1155
1299
1085
1247
1047
1219
1179
1357
1103
1251
1075
1314
879
1303
1075
1274
1041
1213
963
1307
1067
1349
1190
1222
1251
1090
1114
1318
1098
1303
971
1355
1102
1294
1102
1295
1175
1275
1071
1343
1126
1265
1079
1295
1259
1318
1055
1347
1142
1319
1002
1283
1047
1245
1134
1279
1101
1722
1227
1281
1187
1219
1115
1295
1066
1267
1278
1305
1151
1255
1194
1658
1207
1251
1035
1623
983
1663
1206
1277
1007
1303
1166
1654
1217
1247
1322
1123
1051
1230
1062
1346
1054
1363
1078
1671
1023
1343
1047
1279
1063
1639
1059
1306
999
1263
1087
1303
1187
1243
999
1635
1247
1325
1107
1238
1239
1655
1159
1282
1186
1370
1123
1235
1125
1231
1139
1655
1159
1106
1063
1251
1127
1258
1037
1199
1091
1167
1094
1305
1059
1359
1085
1714
1054
1299
1171
1299
835
1246
911
1211
1069
1251
1023
1767
1135
1187
1034
1339
1111
1182
987
1243
1146
1261
991
1627
1210
1086
986
1023
859
1047
831
1218
1035
1350
1082
1161
1134
1283
1011
1035
1095
1135
1161
1094
1115
963
1151
1082
1191
1007
902
1147
1063
1038
1035
989
1026
1091
1175
955
1079
1034
1075
1006
1074
1041
1223
1123
1095
981
1235
1071
1067
1047
1226
1123
1359
1174
1038
1047
995
971
1074
949
898
931
1050
1042
1142
994
1041
1143
1070
1103
1033
1190
1083
1091
943
985
1106
1063
1022
1035
1091
987
1050
991
939
1027
1094
1055
974
1063
1071
1150
1086
1059
1094
955
1089
1047
1097
1055
955
1095
1067
1235
1109
1003
1198
1014
1095
1083
1115
1137
1161
1159
1070
1214
1067
1194
1159
1445
1445
1445
1445
1445
1445
1445
1445
1445
1445
1445
1445
1445
1445
1445
1445
1445
1445
1445
1445
1445
1445
1445
1445
1445
423
1115
1163
919
1067
1087
1135
1113
1098
1083
1090
995
1123
1127
1015
1075
1062
962
1087
1211
951
1047
1134
935
981
995
1046
1034
1017
1063
1151
1023
1095
918
1143
1098
982
1106
937
1235
974
1174
1151
994
1011
1146
1077
1094
1135
1199
1035
1035
1083
1163
1313
1031
1159
1054
1214
1039
1211
1139
1079
1031
1107
1061
1063
1041
1175
1055
1119
1179
1175
1079
1123
1011
986
1067
975
1142
1006
1027
1095
1050
1353
1135
983
1186
939
1155
1011
1166
1202
1106
1115
1015
1062
959
1015
1094
1062
1103
1183
1095
1083
987
1139
977
1147
983
1147
1051
1047
1071
1243
1059
997
1163
1191
1019
1079
967
1118
1143
943
1021
1039
1055
1111
963
1178
1202
1071
1118
1067
987
987
1117
1018
1107
1199
1153
1031
1022
1057
1130
999
1011
1135
1014
1046
1077
1110
1006
931
1187
1003
950
999
1126
990
954
1027
1101
1250
1003
1261
1061
1175
1047
1147
1042
1167
986
1095
1011
1257
1094
953
1127
1015
1095
1027
1058
867
1042
1099
1133
1039
999
1102
1143
1187
1175
1107
1071
1083
1107
1275
1015
927
1003
1047
1102
1139
1087
998
1015
1042
1067
1249
1079
863
1094
1066
1019
1078
1071
1163
1054
1081
1107
1127
1078
1043
1127
985
1054
1054
1198
1135
1102
1215
1031
985
951
962
1095
998
1207
1201
1135
1079
919
1341
1045
1118
982
950
982
1155
1181
1194
986
919
1219
1095
1215
1019
1002
1055
967
927
1130
1006
1106
1178
1074
1118
1091
963
1089
1071
1187
1123
1147
995
1195
1078
1067
990
1047
1083
971
1099
1155
1066
1114
1126
1078
983
1051
1087
1023
1079
1015
990
903
1054
991
1165
1042
1058
967
1023
1019
1119
1219
1075
1118
1043
918
1121
1079
919
1035
1185
969
863
1098
1114
1043
1119
1042
1075
1243
1085
1155
1066
1047
1095
1037
1059
1109
987
1121
1003
955
1102
1122
1091
1146
955
1053
1267
1082
1071
1162
1067
979
1179
1063
963
1053
1125
1047
1030
1055
1119
967
1038
887
1263
1054
1101
1151
1046
982
1063
1183
1066
1021
966
1027
927
1203
1110
933
0
143
130
1259
719
351
