795
1115
859
1007
887
1043
1091
1367
835
1307
871
1047
931
1063
915
1107
899
1303
895
1367
839
967
891
1111
823
1315
1103
1115
1019
1123
783
1055
967
1119
775
1419
1027
999
1011
1103
707
1015
1099
1363
815
1091
983
1367
959
1419
879
1347
815
1331
967
1127
911
1023
991
1047
867
1103
939
1347
931
959
935
1287
1015
1095
871
1091
959
1287
843
1327
871
1127
731
1347
839
1023
931
1051
819
1019
847
1127
1027
983
963
1051
875
1287
851
1347
903
1095
907
1387
935
1287
991
1355
851
1343
947
1003
967
1059
907
1007
851
1071
819
1003
807
1051
867
1067
927
1331
903
1095
767
1343
907
1455
891
1111
1019
1291
967
1027
947
1115
799
1111
995
1383
871
1079
915
1023
891
999
955
1363
895
1319
911
1343
951
1339
903
1295
907
1335
787
1395
863
1319
915
1283
895
1339
771
1063
915
1363
843
947
867
1295
863
999
791
1075
843
1063
827
1047
879
1063
851
1027
999
1323
871
1323
847
1395
915
1019
935
1063
875
1439
867
1331
691
1287
799
1103
907
1063
975
1099
1003
1043
927
1347
1031
1063
731
1311
791
1311
819
979
1023
1051
895
1095
871
1119
879
1343
907
1299
783
1347
791
991
795
1091
927
1063
851
1311
967
1063
931
1303
895
1283
979
1331
931
1031
727
967
799
1083
951
1035
1019
1027
875
1399
1011
1079
775
1439
859
1123
879
1067
967
1123
923
1331
883
1103
883
1071
911
1407
983
1355
951
963
843
1099
815
1371
907
975
939
1067
883
1307
827
1119
783
1319
791
1023
783
1083
959
1087
963
1315
907
1059
1007
1047
851
1291
923
983
903
1027
995
987
795
955
935
1283
899
1063
1007
1311
995
1115
795
1311
943
999
987
1067
967
1075
1023
1363
1027
1331
1023
1083
987
1023
939
1111
931
1079
887
1311
851
1039
823
1367
799
1319
935
1019
811
1095
743
1095
967
1099
943
1043
883
1083
847
1335
863
1123
743
1023
851
1059
923
1351
755
1063
871
1019
883
1287
783
1331
767
1091
795
887
915
1027
867
1103
943
951
879
1067
851
1071
915
1407
743
1099
823
1031
1003
1099
831
1335
819
1351
843
1039
931
1055
851
1351
939
1291
951
1383
739
1327
863
1295
879
1059
919
1035
863
1043
1027
1059
843
1319
867
1383
799
1287
951
1463
819
1315
835
1295
779
1347
1055
1287
955
1111
891
1287
991
1091
863
979
819
1111
835
1079
843
1079
1063
1359
943
951
899
1355
955
1307
839
1351
775
1035
995
1327
719
979
823
1079
843
1355
787
1091
967
1051
983
1047
827
1059
1007
1115
867
1351
863
1015
831
935
583
827
491
767
631
1379
887
947
847
1103
779
1283
927
979
991
1031
931
715
879
767
927
747
887
947
979
779
863
891
923
967
823
939
795
955
875
963
839
811
911
879
879
971
967
815
847
855
871
951
763
971
1007
807
771
799
871
783
875
875
859
879
795
787
931
903
751
983
883
803
791
931
895
707
723
843
943
927
951
775
923
763
1007
851
883
795
827
923
811
939
959
775
915
927
999
927
879
847
907
787
939
699
751
835
903
999
787
787
879
899
823
979
879
811
895
927
839
883
835
827
719
947
947
947
947
947
947
947
947
947
947
947
947
947
947
947
947
947
947
947
947
947
947
947
947
947
947
847
899
807
755
855
895
723
775
943
887
927
735
775
891
1051
855
791
1007
739
835
855
955
971
811
827
835
827
919
1007
867
1023
871
819
831
835
943
855
899
715
867
867
811
935
1063
923
935
943
823
723
719
879
867
811
903
715
847
1027
899
887
827
839
915
747
783
903
939
851
799
799
883
1011
915
859
915
843
827
811
1035
955
951
807
799
799
827
867
795
851
939
843
759
803
867
691
951
835
903
851
1047
895
883
879
771
811
1047
851
875
875
931
851
871
887
915
867
887
891
895
791
879
899
839
803
899
911
815
971
907
811
807
947
719
883
815
851
847
823
783
851
899
791
807
883
863
935
943
867
771
907
919
851
795
811
959
763
851
907
891
903
851
875
771
815
1031
763
899
923
779
851
987
887
867
807
891
895
871
883
995
871
819
771
779
971
895
847
803
839
931
691
1111
887
943
731
935
883
871
1011
815
955
931
803
931
859
787
971
871
943
1047
819
967
819
851
875
763
791
951
887
771
851
875
1035
931
855
907
987
939
779
891
927
915
971
799
791
783
759
875
815
855
863
839
783
915
851
843
839
867
875
1051
843
783
787
955
919
899
687
947
1027
859
919
955
947
775
871
895
831
791
887
1011
947
883
843
1075
883
827
963
731
759
959
875
879
707
799
847
867
859
811
979
1003
875
763
911
871
863
1043
767
779
951
751
839
871
815
791
727
955
947
967
871
883
843
747
703
903
895
827
767
803
807
963
759
923
931
871
875
875
891
971
743
843
815
911
915
699
819
831
795
811
903
839
739
947
727
959
887
755
855
775
895
995
855
959
959
939
807
923
891
887
847
951
839
887
947
963
755
887
1019
1035
815
855
787
923
895
1055
919
867
907
815
763
1275
135
0
959
695
147
