951
885
757
867
638
1211
897
1019
637
1035
667
850
803
958
845
907
773
885
715
1083
822
1054
766
1030
758
910
889
1017
787
941
823
1021
839
1035
979
985
838
977
830
947
794
1031
867
942
710
901
810
1063
791
1055
782
1153
806
1045
899
975
719
1021
646
989
787
959
873
1003
877
1066
858
1071
879
966
971
970
795
1122
791
965
779
1087
743
923
965
963
675
947
845
1038
853
1095
837
1003
775
1046
923
987
883
947
779
994
801
937
775
934
851
994
1014
1025
994
1019
925
955
766
1106
779
1090
683
1115
907
974
850
927
917
993
783
1018
767
1063
741
1183
709
1109
813
1037
787
873
891
915
835
885
702
1050
793
1163
950
955
751
917
723
1189
827
990
879
1051
823
1115
735
1023
909
1107
843
943
867
933
857
1083
959
967
857
927
758
982
851
1127
910
945
781
811
866
911
857
1043
943
1091
815
930
726
914
751
1043
891
1087
827
1141
842
1057
718
1006
863
1039
798
1051
625
870
787
914
751
1059
791
1007
981
979
743
975
855
929
730
1019
881
1091
791
1141
763
993
843
1026
811
1031
815
773
859
1027
878
893
665
993
798
931
706
850
850
1065
769
1011
813
993
773
1014
703
906
645
1019
783
913
761
871
775
1103
665
945
953
923
863
907
719
871
793
991
805
887
855
1111
822
967
799
943
837
1061
938
1086
874
1019
786
1027
889
967
887
945
709
877
854
958
734
1014
835
1051
823
1062
783
911
763
1070
846
971
794
987
809
1091
698
939
835
1011
898
987
867
1007
771
1095
935
1013
918
1031
806
987
819
913
725
975
751
815
815
1021
927
1058
673
999
869
925
838
1003
811
923
851
967
895
990
709
975
754
974
991
891
918
1009
858
858
811
926
810
957
871
991
807
1023
911
783
771
1035
937
951
825
1094
859
1134
767
1039
902
1155
791
899
834
1018
707
911
941
1086
713
1107
789
1087
907
1099
825
1066
871
1038
831
1014
823
1047
823
1054
917
989
861
915
891
983
687
991
955
1061
735
1146
854
1073
991
1027
854
975
922
879
811
1071
775
1039
835
997
815
930
711
939
925
931
939
1001
726
935
863
1059
727
939
855
998
831
1011
1002
1017
866
991
811
1107
787
1127
899
963
851
915
883
1026
755
983
809
955
794
978
803
938
835
933
693
887
775
1078
739
1041
818
1023
759
1015
823
981
869
1007
915
1043
858
923
695
910
867
951
831
949
697
886
810
1023
866
762
542
779
481
671
675
990
801
918
791
931
675
1055
623
807
775
743
811
714
777
613
807
718
739
853
678
797
891
787
757
761
683
773
827
810
798
774
835
674
659
795
819
715
842
907
959
771
773
830
845
735
770
846
711
770
927
841
925
835
679
791
799
673
830
795
671
871
943
867
799
827
838
923
761
755
691
793
923
762
857
761
719
679
779
765
823
807
807
862
779
845
921
766
774
871
878
730
743
689
698
735
711
801
726
806
891
771
890
809
825
795
769
667
721
841
819
727
809
906
850
838
775
743
763
806
577
795
718
894
710
729
775
782
843
791
871
775
851
711
763
687
779
795
805
875
887
753
789
818
987
757
941
783
882
725
875
961
699
838
958
794
747
822
925
709
807
683
825
838
861
898
975
761
695
727
827
921
873
787
834
762
802
782
695
629
782
723
767
863
843
711
790
851
727
838
675
707
767
719
731
710
869
730
683
843
827
638
847
719
767
767
739
714
903
830
811
646
755
731
799
639
663
685
818
846
671
785
786
631
614
891
903
755
655
798
858
1009
682
781
742
747
710
786
787
879
794
803
779
853
667
795
807
755
790
831
927
758
779
763
871
883
863
729
945
869
635
635
813
805
786
894
734
822
838
797
698
739
811
667
829
741
767
561
746
797
819
839
703
798
863
802
931
979
667
671
839
831
909
503
763
690
815
611
935
693
795
754
891
851
722
767
822
761
787
846
751
858
767
887
939
726
763
725
875
790
845
770
663
615
715
594
755
751
758
819
807
754
745
862
763
801
835
733
826
699
610
713
767
823
719
650
747
679
933
723
718
719
715
794
742
751
803
658
871
803
711
750
698
830
806
778
735
757
843
726
827
835
775
739
745
631
675
883
927
837
861
786
646
819
918
726
761
747
727
721
703
859
837
735
759
731
783
795
871
962
859
751
787
859
755
795
703
851
898
719
755
705
803
781
647
715
794
750
698
779
757
742
802
779
715
791
819
706
719
803
863
837
671
750
739
786
894
735
755
771
778
807
831
727
886
777
701
835
694
771
857
827
861
731
773
651
839
854
802
790
907
766
665
790
742
815
766
722
774
709
949
843
761
919
771
831
698
727
763
758
867
855
646
819
850
731
650
865
767
855
779
743
803
851
883
815
837
727
703
867
703
742
795
887
887
811
873
743
746
781
823
686
797
719
735
650
1218
823
1181
1559
0
1287
