1079
1187
1146
1226
1031
1170
1027
1283
939
1085
1153
1222
1065
1235
1115
1095
1055
1265
1039
1223
1041
1274
962
1231
1045
1241
983
1259
959
1137
943
1275
878
1201
975
1109
963
1211
1073
1231
1005
1149
946
1142
995
1343
997
1170
926
1255
1003
1226
863
1167
1053
1165
870
1297
1085
1335
1039
1151
1097
1267
1019
1199
1047
1251
975
1191
947
1265
1002
1274
1027
1189
1094
1173
974
1127
1190
1301
1050
1181
885
1163
934
1171
959
1257
921
1246
1026
1191
1067
1393
1139
1235
1093
1222
999
1239
1102
1350
1083
1242
1043
1215
1027
1261
958
1270
1087
1307
1043
1379
935
1223
1079
1251
945
1166
875
1103
1031
1139
987
1175
1011
1222
998
1363
927
1211
1091
1310
867
1122
991
1243
917
1206
863
1250
959
1107
989
1277
899
1233
1195
1354
1171
1287
1119
1265
947
1187
1031
1178
985
1227
1043
1103
1146
1171
1015
1238
1015
1195
983
1245
1021
1151
983
1331
934
1223
955
1066
963
1263
895
1210
1107
1083
981
1157
935
1215
973
1285
1301
1117
970
1149
961
1158
975
1175
1071
1171
1027
1198
1021
1239
927
1231
1245
1215
971
1181
937
1163
1030
1245
999
1134
1095
1253
867
1179
1077
1327
987
1369
1175
1327
1075
1175
819
1135
975
1211
1050
1231
945
1035
1027
1302
977
1222
1002
1323
889
1185
1086
1229
1037
1121
939
1239
971
1273
1015
1263
1157
1162
1142
1374
1039
1263
1099
1114
1087
1198
1214
1167
989
1294
1179
1233
879
1319
1018
1415
1006
1310
950
1169
806
1241
1005
1189
1003
1227
1005
1302
1027
1139
929
1187
1037
1447
1106
1191
891
1273
999
1283
1082
1243
995
1382
1005
1223
909
1143
1039
1343
1019
1291
983
1331
1099
1110
1026
1291
1043
1471
995
1201
979
1246
958
1151
1175
1441
1039
1119
1081
1347
985
1037
917
1159
957
1113
1067
1218
1047
1297
1041
1234
1031
1066
1141
1239
1053
1166
917
1295
1035
1025
991
1211
1087
1117
982
1315
1070
1226
1051
1227
962
1390
1051
1161
1067
1343
978
1355
1098
1311
907
1186
1029
1175
1019
1251
837
1154
1051
1239
994
1163
1106
1234
1086
1251
817
1165
973
1251
987
1339
913
1235
951
1205
1051
1353
1067
1186
967
1239
887
1167
971
1215
929
1346
999
1198
1021
1173
839
1295
1239
1127
966
1191
1146
1314
947
1295
939
1167
915
1315
974
1285
1094
1167
1101
1319
1175
1301
997
1243
998
1142
1031
1279
885
1191
1079
1179
935
1271
955
1287
1035
1321
1019
1262
982
1211
1143
1181
999
1217
1050
1335
1083
1225
1158
1323
1106
1167
1019
1143
975
1369
1137
1194
1039
1085
1026
1405
889
1278
1113
1179
1023
1242
946
1283
791
1119
907
1291
1134
1083
1090
1237
1125
1062
717
822
710
774
623
1094
895
1166
1106
1226
1049
1162
1001
927
1029
1053
953
839
1061
927
938
887
1003
810
1055
847
893
1023
1127
942
1087
931
995
1029
827
1014
891
1113
1059
1079
1069
1023
1031
929
1139
935
1047
922
975
975
1062
861
1001
959
1071
1010
1039
1011
1005
887
1059
1003
1129
1005
1023
1039
1079
1001
1143
974
954
959
1054
961
993
974
905
949
1101
925
1050
831
1019
958
794
915
926
983
1063
1043
987
969
1059
1010
1089
870
1027
919
939
1042
989
1051
1110
1050
1021
971
878
1019
1007
979
967
909
971
979
918
973
1101
995
975
967
967
967
967
967
967
967
967
967
967
967
967
967
967
967
967
967
967
967
967
967
967
967
967
967
967
881
1015
917
971
907
999
939
910
1039
1102
917
958
915
927
1026
951
985
998
863
963
974
1022
941
1033
959
1055
995
1043
1095
922
907
971
831
959
1087
934
977
981
895
1111
738
913
1127
1023
995
1039
1067
1153
985
961
986
889
923
875
967
1015
921
914
927
939
931
969
1081
895
879
1003
941
927
942
1079
997
895
943
1142
953
835
973
923
919
919
993
1075
939
1003
1006
1099
1071
1005
879
1031
949
1097
1018
1081
882
1115
971
1047
933
961
933
961
866
811
1058
850
818
923
1091
1123
1055
1105
973
1082
983
983
918
1061
1023
895
955
942
947
958
1007
951
1059
905
859
910
1014
1011
1011
934
1153
1105
891
1023
1074
1083
893
983
851
1025
830
1115
1081
974
879
1077
1178
1127
1047
1030
846
873
875
1043
1010
1083
881
975
961
1051
987
986
915
1049
1163
925
993
962
935
1103
1035
1019
861
1001
915
834
983
993
978
923
922
963
983
1055
1006
983
1039
775
994
1059
943
974
866
1218
971
1019
887
1051
910
1002
1001
1030
987
801
1066
1007
790
1023
1022
1065
945
925
923
867
1017
999
963
961
1051
1065
995
1039
957
846
909
1051
1002
1002
911
889
1057
1006
979
1003
991
1035
1123
923
910
923
961
1159
962
887
950
1039
943
931
911
1085
990
999
1083
1062
1087
921
879
983
949
1003
1037
1106
975
930
965
1033
831
1007
926
1059
822
919
917
941
933
926
935
1066
971
1115
939
1063
995
899
999
1015
826
999
979
937
1043
1019
937
975
934
1047
1010
967
1035
1067
1027
1027
994
947
871
1075
1063
917
970
1019
1121
981
1047
937
1019
1149
1043
970
950
923
1023
1001
975
942
1023
987
1071
926
999
923
918
943
1025
1030
1102
987
898
831
991
975
991
1091
839
1139
998
1075
942
1001
1021
987
1115
969
915
1106
902
982
1009
966
919
1010
1126
1017
959
893
895
1179
963
953
927
974
935
477
0
842
1843
1358
1187
