703
935
817
995
775
1066
821
1095
747
1071
947
1003
759
1043
718
871
831
946
766
1051
723
1102
830
815
857
1029
831
919
629
1027
726
1091
803
1031
925
1050
863
879
763
931
831
959
735
927
738
1023
845
971
846
966
926
963
831
1091
810
902
787
971
798
1021
761
982
843
1027
811
1067
1002
1006
819
1009
783
1002
826
975
807
855
991
903
743
939
835
990
866
847
935
1017
807
1014
854
1015
799
991
791
1087
691
1067
783
939
734
1129
795
1033
839
1109
727
974
663
938
815
1103
801
958
906
1034
687
966
903
1017
842
963
833
961
850
1097
822
947
771
1031
791
1075
827
1082
759
965
817
1058
827
1011
810
1126
802
1155
751
975
857
1083
823
1139
763
877
843
901
710
818
783
947
905
999
795
999
993
1227
858
1035
887
1023
907
1023
841
974
854
1023
807
970
954
1002
803
1151
723
1117
785
919
598
942
891
1171
915
957
835
981
827
971
903
1039
894
963
819
1042
935
1106
694
1015
831
957
837
1067
739
995
731
1042
814
1094
806
1043
739
903
755
958
767
1029
783
1083
813
1129
887
991
767
990
791
1010
675
883
855
850
803
1001
819
815
867
1143
787
942
946
927
650
887
894
959
863
1079
811
1013
938
873
919
1227
759
1071
867
1007
715
806
775
830
854
961
854
981
779
1019
711
970
850
1039
915
942
658
915
767
978
742
999
823
998
863
1099
919
931
855
1099
794
882
823
1087
827
983
887
1043
895
998
643
1042
726
1086
806
878
899
1043
802
871
806
1175
865
1101
803
946
803
963
843
1047
770
1019
754
995
833
1155
699
1101
773
1055
835
942
815
1013
903
1070
814
1031
887
991
763
931
839
1063
879
935
795
1007
739
939
767
1027
675
1091
867
1035
739
987
871
1027
779
1011
731
1049
691
1019
862
959
1023
1010
835
1055
1031
1011
879
1019
902
978
811
895
803
930
755
1203
823
1055
742
1094
771
1066
731
947
893
1059
785
1035
927
995
887
1055
683
1031
869
1018
867
1038
706
1031
859
927
835
1113
718
931
779
1171
851
1014
915
1135
797
923
915
1091
931
891
831
907
713
1087
719
799
723
971
854
1022
739
1025
789
1105
826
945
907
1069
839
1087
754
1113
794
982
921
971
879
1263
918
1079
807
833
871
982
829
950
901
991
951
1123
1015
1135
761
871
951
1075
706
1050
739
1075
693
1043
959
1043
803
1011
715
939
903
1034
863
987
783
1043
946
1111
691
999
803
919
793
867
419
631
658
691
495
1054
791
1019
682
927
746
979
847
799
789
667
790
893
821
795
883
805
795
735
979
891
755
626
793
718
839
739
707
777
775
794
951
831
765
726
723
662
811
807
939
819
883
702
818
959
737
787
901
687
779
774
895
857
831
827
755
823
787
763
765
627
897
719
639
679
737
826
838
698
799
855
799
851
935
901
841
779
779
825
875
814
691
810
895
903
771
766
898
805
799
859
822
794
923
722
755
758
803
914
871
622
759
899
806
723
875
722
993
731
791
719
699
846
782
762
690
722
846
870
719
809
806
749
627
691
833
787
975
673
858
779
783
642
815
694
951
923
739
851
773
695
711
865
845
779
867
742
745
742
743
822
934
775
763
775
911
594
938
777
781
870
815
791
850
813
765
725
811
755
846
834
707
851
891
735
759
863
849
771
767
709
843
882
851
907
707
730
786
767
913
819
725
798
811
715
813
639
783
883
979
735
897
886
799
779
771
787
839
761
799
698
783
814
759
899
835
839
727
839
887
763
855
727
769
857
754
895
785
633
975
703
945
767
991
867
835
771
823
773
926
859
755
778
814
743
723
755
777
889
763
898
675
901
903
855
851
558
758
699
771
778
831
866
699
966
794
739
855
775
823
727
863
919
819
759
823
667
729
771
774
735
854
743
758
733
799
814
937
694
895
747
767
826
739
918
895
745
725
778
775
815
907
745
899
775
749
867
763
711
635
763
795
687
850
762
863
811
687
739
714
886
814
859
767
817
857
711
747
749
935
766
835
807
881
879
739
722
765
782
803
819
921
811
774
811
943
847
791
795
895
793
767
889
705
811
830
745
763
770
921
755
803
751
731
765
973
727
673
754
815
735
715
670
830
815
883
739
818
791
611
698
843
858
929
661
777
850
806
711
858
766
809
810
827
827
806
815
899
687
759
670
683
887
759
713
731
657
779
750
863
782
843
835
814
723
799
743
899
802
826
735
634
778
715
793
818
755
723
751
727
867
687
695
706
698
738
822
747
787
791
741
619
811
863
715
941
753
786
703
763
857
699
781
763
687
826
783
867
799
819
678
835
799
855
847
767
783
895
731
811
751
883
871
795
723
862
842
787
923
831
702
818
842
915
847
775
713
825
781
831
671
755
727
769
799
727
687
639
743
811
673
782
713
727
741
822
785
787
561
650
618
751
630
859
658
807
1179
107
0
715
555
