1783
1087
911
1102
1054
1215
1063
1119
854
1049
1211
1299
811
1307
1079
1119
951
1167
1079
1238
1007
1247
941
1135
843
1279
967
1269
990
1115
1058
1177
1018
1131
907
1182
859
1123
835
1186
907
1175
863
1126
1027
1085
1023
983
959
1123
938
1171
786
1115
946
1035
919
1238
1121
1127
923
1091
922
1083
1027
1225
1034
1239
909
1275
881
1054
885
1194
951
1167
1078
1119
1079
1263
1033
1055
803
1095
942
1086
999
1031
1055
1130
950
1007
967
1111
1043
1131
954
1143
987
1043
1037
1063
1083
1143
811
1153
807
1099
863
1191
903
1231
1015
1258
991
1007
951
1047
1063
1237
983
1083
826
1179
1143
1151
1019
1223
923
1079
979
1147
986
1199
1079
1203
795
1235
1097
1167
810
1247
887
1223
1022
1115
966
1250
1003
1147
1099
1263
883
1095
863
1035
951
1115
951
1179
1035
1141
1115
1271
829
1186
983
1283
958
1053
863
1087
983
1273
803
1095
1030
1147
991
1227
875
1187
997
1230
955
1191
910
1206
955
1026
891
1129
966
1251
907
1223
1102
1223
935
1150
962
1003
974
1287
951
1315
879
1091
942
1207
982
1150
967
1089
1054
1159
906
1115
975
1222
985
1199
967
1195
942
1247
947
1161
1061
1143
883
1201
991
1083
935
1214
798
1083
961
1207
991
1238
1131
991
823
1183
907
1119
971
1173
1065
1231
799
1078
879
1050
987
1247
903
1195
947
1198
829
1250
1015
1190
867
1263
930
1143
1043
1158
927
1234
891
1146
1023
1175
934
1095
1055
1014
935
1299
891
1214
849
1321
994
1255
855
1322
987
1151
867
1131
757
1246
991
1135
981
1199
935
1078
1031
1194
955
1294
930
1165
1041
1259
958
995
1051
1055
887
1015
735
1267
1027
1195
939
1223
1019
1083
815
1071
1098
1083
845
1171
943
1161
865
1135
985
1223
978
1235
891
1199
954
1143
949
1034
1126
1243
889
1307
975
1138
1022
1062
1022
1223
1094
1087
842
1003
950
1115
959
1179
927
1195
1051
1187
967
1274
831
1169
943
1055
834
1209
998
1107
1007
1206
1030
1126
875
1099
1174
1279
967
1143
1101
1142
842
1089
1062
1111
953
1149
890
1110
879
1203
975
1166
895
1263
1006
1039
911
1157
939
1143
751
991
905
1195
831
1250
811
1123
938
1006
914
1033
1035
1146
969
1069
837
1099
923
1163
991
1183
827
1183
1126
1075
1135
1214
822
1283
847
1111
919
1235
790
1071
943
1147
1127
1198
1022
1178
903
1111
943
1346
967
1129
1039
1211
987
1191
1023
1135
943
1234
995
1174
1018
1234
919
1219
898
1175
986
1105
807
1123
1030
1021
1033
1119
897
1214
1167
1183
991
1086
899
1169
899
1250
943
1167
873
1133
1085
870
614
919
530
1025
613
1057
951
1123
919
1119
947
1254
799
867
807
975
889
819
1025
1051
910
955
907
975
1046
891
866
959
898
843
915
982
927
1003
939
863
963
943
823
853
831
899
1039
935
883
787
1005
969
994
806
867
1015
795
911
895
819
743
835
1051
959
1047
1045
935
1011
1019
870
1023
950
847
935
1107
949
962
871
1039
939
807
839
933
1062
1043
887
962
894
878
1051
895
970
1034
1014
999
1083
1005
751
823
925
923
725
943
890
865
879
918
983
962
973
847
997
993
933
943
857
1007
898
989
803
1051
995
1091
907
899
934
1051
973
863
835
1035
1023
951
763
921
855
957
901
1014
1023
990
843
869
959
803
795
951
846
949
983
914
861
887
913
902
959
947
971
967
863
907
950
951
1023
991
959
983
943
883
879
1071
923
815
813
935
1015
875
939
873
839
945
911
1063
971
959
895
877
850
954
834
899
891
1082
775
747
907
823
887
950
1011
951
943
1038
834
913
825
979
923
1093
862
971
943
961
1025
986
959
943
866
891
907
931
1005
1047
970
987
939
823
959
1047
878
1047
974
979
903
1039
863
907
963
1027
827
845
915
794
885
994
949
931
861
1091
939
994
846
877
883
843
843
983
894
947
1091
927
965
854
1043
798
999
923
731
951
838
883
939
1001
959
849
1087
1063
825
985
919
915
883
959
987
1015
886
943
891
1003
891
877
815
871
837
859
850
933
1067
975
843
979
926
959
858
930
875
1071
1067
806
867
802
923
975
931
955
879
890
847
954
831
1019
826
1083
974
895
971
1034
926
817
899
862
955
899
847
1002
975
925
911
875
1015
1007
759
822
1006
927
887
1059
938
959
931
1051
915
987
1003
875
975
897
839
986
855
985
947
718
859
1007
807
951
811
975
927
1003
907
963
886
899
897
963
862
1063
978
954
902
1103
987
842
1023
861
1113
1143
1094
963
935
854
841
887
843
841
934
1027
821
954
950
886
999
857
895
1034
947
951
805
955
807
899
815
967
925
966
915
967
1057
899
1031
1015
858
1027
1078
859
839
991
967
975
1063
835
873
907
851
1083
911
915
961
915
943
823
925
803
1059
1123
853
839
879
990
995
977
891
910
978
889
867
907
927
851
929
793
1014
867
847
851
983
958
959
930
867
905
803
943
990
949
871
1071
919
1031
750
1031
999
759
1031
1002
1002
963
943
931
1039
875
973
859
779
887
838
871
1015
943
955
815
830
913
895
951
897
827
883
935
1035
939
798
885
995
819
973
794
905
814
831
926
907
2094
1695
1946
894
158
2177
