1106
1329
981
1087
983
1146
1025
1203
861
1185
995
1090
1055
1198
974
1127
1090
1305
1106
1015
1019
1251
958
1281
1010
1095
1119
1339
991
1167
1067
1266
1050
1269
1019
1210
1059
1223
1025
1243
1019
1122
1151
1349
867
1187
1050
1295
1051
1171
919
1343
1003
1107
1166
1263
1039
1263
1119
1226
1065
1207
1194
1263
903
1211
1015
1411
1069
1309
1150
1195
979
1081
1001
1147
1055
1310
1015
1383
1133
1295
963
1354
1011
1237
1059
1225
890
1245
909
1038
975
1139
1053
1133
989
1158
1105
1310
1002
1062
958
1177
993
1235
939
1251
1098
1282
1165
1181
982
1147
1023
1186
1082
1190
1114
1367
1094
1183
1019
1315
915
1186
1123
1170
938
1281
1014
1315
1107
1163
1122
1243
1062
1315
967
1135
958
1265
850
1193
1026
1223
995
1267
1073
1295
1009
1319
1045
1213
1067
1287
931
1223
1102
1361
1006
1213
995
1246
1087
1249
899
1170
943
1147
1134
1073
913
1078
1123
1378
1075
1119
1014
1247
994
1199
1045
1111
954
1127
1046
1238
1087
1183
999
1295
975
1175
939
1307
983
1185
1057
1159
1043
1162
1198
1254
922
1195
843
1187
1098
1421
999
1269
907
1367
1019
1321
979
1079
991
1337
1059
1223
1085
1318
1055
1242
1039
1179
1014
1294
999
1207
1045
1143
987
1247
1058
1321
1151
1266
1030
1298
1055
1187
1153
1195
926
1107
937
1171
1094
1206
1075
1191
1022
1411
1159
1167
1103
1239
891
1183
1009
1307
954
1163
1039
1215
966
1191
1071
1225
978
1335
1037
1167
1059
1271
1075
1299
977
1133
985
1150
1031
1215
994
1190
1038
1299
1067
1191
929
1202
1019
1243
1103
1213
1046
1185
1003
1207
959
1357
1021
1315
1011
1245
1081
1182
1007
1347
1050
1146
1094
1119
962
1097
1163
1215
955
1111
1123
1255
995
1143
1075
1137
1098
1154
971
1338
1058
1155
1017
1155
1134
1199
947
1158
1001
1298
859
1219
1063
1198
1021
1150
1041
1177
1071
1106
982
1218
1034
1298
947
1250
1025
1179
958
1255
955
1273
1039
1134
1019
1275
1009
1225
1030
1194
1046
1310
1051
1274
967
1203
967
1159
971
1131
963
1261
1115
1141
1158
1343
963
1250
954
1355
983
1087
1042
1163
1039
1051
1205
1294
1039
1309
941
1359
1007
1287
1002
1255
931
1166
979
1347
985
1111
1019
1397
1037
1227
1103
1266
1066
1130
1130
1133
899
1207
990
1189
1010
1241
1103
1219
886
1199
1147
1259
1053
1221
1035
1182
1014
1211
911
1178
1121
1210
1023
1183
995
1229
1127
1201
1043
1098
1063
1109
1037
1291
1043
1227
918
1295
1043
1319
1011
1030
947
1366
1091
1083
1083
1007
1087
1210
923
1150
975
1169
1065
1247
1077
1305
971
1343
1073
1309
1007
1230
843
1279
1039
1275
1039
1242
1067
1291
926
1119
650
934
723
942
865
1205
970
1221
803
1185
937
1235
953
767
1098
1078
1119
1019
911
1101
871
895
1115
1037
1041
929
1050
887
1025
939
985
1010
979
935
974
918
958
923
1149
879
894
1027
1127
917
1017
1003
907
1054
998
1054
923
1042
939
1175
1127
950
851
986
943
1051
998
919
979
979
890
1062
1027
1051
1067
959
991
733
899
823
931
1006
1121
1054
1021
1017
1158
919
1086
1019
1091
961
1063
875
1107
1014
1041
911
1001
787
1010
1087
1082
923
977
1029
1053
1129
930
1062
917
977
994
1075
977
862
962
1125
813
1085
970
1113
1047
901
883
913
887
1059
1082
923
1083
1011
1051
998
1111
958
911
1007
962
1227
931
851
1063
935
1025
1019
983
1002
1019
954
961
1002
951
1054
925
1010
1047
1035
1118
877
934
923
961
938
966
922
1006
854
1066
883
987
995
1059
1015
879
910
1053
971
1067
942
1127
1051
1019
967
1121
1006
847
838
1011
1143
843
1007
897
863
1049
993
985
1123
823
1131
982
1021
939
975
1054
1107
910
1147
999
938
989
931
1075
1043
943
943
1034
1029
959
995
991
1025
1069
894
1111
955
1045
914
907
943
1006
847
1029
898
1051
1103
1094
931
930
879
1005
1171
998
917
975
979
1015
890
933
1041
913
925
1049
1069
1015
979
1018
959
1102
1077
1135
1079
999
1222
965
1047
957
899
1051
1046
1135
1034
986
966
906
1011
1035
949
1087
959
827
925
1051
1035
941
1007
1007
974
1077
1006
875
923
1074
990
1059
995
1039
1111
1122
1015
1083
1058
1047
1047
1062
839
1093
939
1015
971
1131
899
953
1059
1026
966
942
935
923
1137
965
1049
1178
999
1117
963
1133
1011
931
927
1042
1123
1011
959
1025
971
979
1043
1063
1071
971
1017
983
978
1071
1006
963
1003
958
879
919
998
1071
971
947
929
1047
1059
1338
1201
963
1062
995
1119
1011
799
1039
819
1057
1063
959
1025
1051
1015
974
986
1063
933
971
1007
1043
881
971
987
1046
1043
1089
1011
937
1119
899
899
911
951
1175
1107
1063
914
1031
1043
951
961
887
1095
955
1049
1123
923
1030
963
1051
963
1202
1062
911
926
998
1035
951
962
1133
963
1038
965
1059
934
859
1030
907
1130
915
878
1127
987
1039
1051
959
983
941
1111
795
1017
1011
923
979
911
971
994
1019
961
1025
1145
979
959
983
1058
991
963
1018
791
1055
947
1031
995
997
955
902
1147
986
871
986
879
1073
803
995
943
1139
943
1125
1067
1037
950
963
973
1129
1127
1009
933
975
917
1022
999
963
1066
1038
825
957
1059
1059
1117
911
1054
1095
1102
1075
1034
975
1001
995
951
1075
986
1077
1041
1097
1035
1057
1053
871
898
923
1031
955
946
895
1021
1731
2133
1199
110
770
1591
