1299
1543
1407
1927
1347
1381
1191
1483
1317
1559
1226
1530
1333
1544
1390
1423
1391
1509
1365
1712
1173
1551
1278
1698
1380
1428
1275
1927
1318
1563
1391
2052
1231
1517
1340
1513
1237
1505
1343
1691
1335
1463
1211
1489
1186
1505
1351
1465
1259
1707
1257
1529
1307
1482
1261
1540
1359
1495
1269
1461
1146
1814
1368
1574
1261
1398
1254
1555
1325
1431
1329
2052
1319
1451
1407
1461
1328
1382
1324
1590
1253
1583
1463
1817
1389
1393
1255
2101
1195
1523
1227
1571
1336
1446
1313
1702
1269
1559
1267
1457
1347
1587
1492
1807
1451
1559
1225
1494
1523
1459
1350
1594
1386
1557
1285
1437
1261
1497
1295
1505
1323
1566
1355
1541
1185
1533
1178
1449
1296
1707
1322
1535
1299
1499
1151
1590
1441
1454
1251
1935
1287
1433
1331
1375
1462
1506
1409
1518
1313
1547
1296
1492
1351
1577
1337
1464
1283
1509
1318
1478
1415
1590
1500
1468
1295
1814
1312
2073
1333
1531
1346
1509
1283
1409
1351
2034
1357
1570
1501
1531
1282
1555
1291
1455
1257
1470
1283
1513
1363
1555
1399
1522
1383
1488
1190
1540
1260
1519
1411
1453
1245
1505
1351
1448
1414
1369
1391
1555
1319
1531
1355
1567
1343
1491
1386
1411
1298
1705
1322
1491
1352
1573
1392
1458
1179
1474
1486
1506
1195
1546
1333
1454
1281
1435
1283
1513
1221
1526
1383
1542
1372
1511
1310
1467
1309
1598
1337
1523
1121
1443
1337
1809
1363
1346
1413
1483
1198
1284
1332
1306
1285
1465
1353
1519
1362
1433
1365
1821
1358
1463
1373
1494
1197
1702
1418
1552
1306
1547
1353
1501
1283
1363
1281
1421
1343
1521
1263
1471
1322
1418
1399
1919
1265
1391
1485
1535
1270
1419
1334
1494
1133
1550
1474
1366
1211
1550
1256
1470
1294
1569
1330
1495
1366
1428
1278
1460
1258
1324
1243
1503
1282
1592
1440
1495
1278
1503
1350
1483
1274
1511
1232
1507
1427
1383
1374
1803
1277
1934
1280
1539
1334
1463
1382
1479
1275
1425
1338
1918
1287
1478
1207
1438
1433
1499
1359
1809
1129
1530
1217
1535
1331
1403
1389
1575
1307
1591
1266
1504
1338
1479
1350
1439
1343
1451
1362
1513
1445
1433
1277
1580
1150
1424
1320
1583
1425
1533
1387
1583
1300
1473
1325
1597
1181
1519
1300
1474
1275
1927
1444
1459
1203
1539
1477
1927
1323
1573
1379
1691
1443
1475
1365
1536
1281
1386
1311
1478
1320
1457
1263
1565
1209
1510
1427
1499
1285
1595
1259
1536
1297
1807
1223
1569
1346
1555
1323
1363
1235
1815
1343
1803
1221
1477
1375
1578
1367
1474
1257
1539
1291
1485
1323
1575
1338
1453
1294
1403
1258
1286
1201
1525
1475
1539
1314
1491
1351
1447
1310
1588
1283
1458
1258
1422
1307
1466
1444
2075
1315
1403
1505
1554
1225
1582
1449
1553
1283
1543
1311
1551
1283
1511
1366
1595
1285
1438
1379
1491
1322
1326
1029
1307
1023
1175
907
1595
1321
1695
1298
1390
1135
1479
1442
1357
1257
1187
1352
1475
1423
1310
1031
1158
1184
1235
1361
1262
1298
1280
1393
1353
1287
1193
1327
1196
1195
1125
1303
1239
1439
1165
1211
1358
1266
1371
1295
1235
1366
1227
1340
1142
1267
1195
1390
1291
1371
1330
1183
1191
1314
1401
1248
1253
1280
1327
1114
1387
1390
1281
1189
1341
1303
1247
1259
1194
1343
1167
1233
1083
1297
1383
1315
1250
1234
1327
1375
1245
1138
1242
1295
1293
1331
1405
1330
1221
1231
1254
1182
1235
1182
1297
1246
1291
1436
1306
1311
1221
1347
1383
1404
1163
1294
1409
1243
1447
1436
1201
1207
1277
1277
1277
1277
1277
1277
1277
1277
1277
1277
1277
1277
1277
1277
1277
1277
1277
1277
1277
1277
1277
1277
1277
1277
1277
1277
1338
1197
1166
1405
1095
1415
1250
1227
1279
1235
1217
1378
1344
1275
1441
1365
1406
1336
1287
1243
1313
1278
1208
1289
1299
1251
1189
1276
1289
1254
1407
1434
1318
1342
1313
1335
1219
1195
1237
1354
1335
1390
1295
1225
1264
1313
1292
1246
1171
1197
1195
1147
1313
1281
1258
1372
1283
1228
1141
1295
1254
1281
1202
1387
1381
1458
1370
1323
1190
1358
1347
1189
1362
1277
1323
1330
1271
1226
1249
1247
1230
1490
1319
1234
1411
1289
1195
1250
1301
1278
1235
1351
1298
1388
1242
1249
1437
1245
1215
1274
1161
1218
1431
1442
1157
1182
1198
1359
1104
1161
1331
1345
1207
1302
1420
1382
1230
1374
1173
1231
1259
1313
1226
1286
1234
1263
1254
1239
1354
1211
1114
1398
1323
1273
1209
1287
1223
1231
1213
1293
1265
1339
1351
1365
1402
1353
1297
1187
1391
1147
1385
1215
1266
1217
1105
1295
1278
1349
1301
1449
1245
1246
1328
1331
1329
1235
1165
1432
1332
1148
1270
1319
1254
1213
1165
1322
1326
1419
1163
1445
1392
1209
1283
1349
1287
1327
1223
1240
1289
1159
1279
1370
1351
1228
1183
1278
1310
1346
1410
1312
1406
1332
1194
1383
1475
1158
1313
1254
1237
1395
1238
1488
1255
1228
1222
1379
1304
1294
1235
1193
1230
1410
1208
1365
1339
1315
1250
1392
1349
1292
1286
1190
1151
1243
1318
1315
1274
1363
1401
1409
1363
1255
1223
1293
1331
1191
1219
1233
1189
1329
1288
1332
1175
1351
1259
1318
1254
1379
1160
1320
1332
1285
1319
1424
1279
1256
1423
1367
1190
1343
1331
1231
1219
1338
1212
1383
1253
1391
1175
1219
1282
1244
1279
1301
1282
1363
1411
1215
1386
1338
1281
1280
1254
1276
1360
1183
1150
1251
1306
1119
1178
1248
1352
1382
1382
1299
1310
1171
1251
1242
1326
1383
1229
1256
1323
1213
1131
1379
1204
1335
1295
1454
1325
1241
1358
1335
1271
1178
1127
1319
1274
1346
1349
1256
1161
1376
1335
1362
1291
1431
1336
1221
1243
1206
1257
1280
1400
1319
1308
1286
1389
1333
1370
1331
1335
1226
1323
1319
1159
1378
1370
1225
1135
1414
1271
1213
1179
1334
1267
1331
1340
1266
1247
1198
1289
1379
1222
669
850
1297
896
0
1894
