999
1131
837
1047
858
1105
863
986
822
1143
926
1145
873
1195
834
1179
814
1007
819
1163
863
1090
994
1237
913
1179
1018
1285
923
1127
849
1235
943
1271
1105
1158
975
1197
955
1094
923
1005
981
1183
869
1155
835
1263
845
949
915
1079
819
1149
1001
1071
991
1099
981
1154
966
1211
1003
1151
951
1203
835
1131
998
1171
795
1139
985
1237
1003
1110
907
1183
917
1115
915
1095
842
1062
961
1102
863
1210
971
1145
921
1153
938
1119
955
1150
849
1178
969
1275
834
1114
1041
1158
961
1023
979
1186
1031
1178
855
1213
915
1109
1061
1229
911
1047
897
1195
883
1179
945
1171
965
1107
826
1129
922
1169
955
1162
971
1227
919
1065
1078
1083
862
1097
915
1155
999
1189
967
1141
1011
1290
903
1162
875
1239
883
1050
903
1067
1035
1123
939
1159
831
1171
1093
1141
939
1127
845
1213
898
1143
1006
1121
1003
1051
979
1185
930
1227
1029
990
991
1379
931
1117
1029
1113
1071
1019
921
1247
959
1207
943
1062
1099
1238
859
1307
963
1138
947
977
971
1239
927
1041
891
1207
845
1110
959
1103
809
1181
783
1079
935
1083
957
1077
923
1087
1002
1234
946
1190
1014
1250
931
1247
813
1147
815
1025
863
1367
1075
1187
963
1241
1003
1127
919
1150
975
1146
1017
1103
955
1141
822
1045
883
1098
1118
1102
922
1115
930
1197
999
1205
841
1153
971
1087
1008
1086
1099
1099
981
1218
991
1141
886
1219
859
1074
954
1095
955
1059
939
1119
998
1073
902
1117
903
977
977
1115
991
1182
855
1115
815
1114
925
1146
946
1151
974
1150
965
1057
1021
1131
987
1107
1007
1009
811
1115
825
1206
802
961
1034
1138
957
1039
939
1139
1035
1159
834
1126
927
1067
918
1203
991
1187
861
1019
803
1069
967
1274
1061
1034
799
1238
818
1115
871
989
799
1015
818
1235
1087
1165
971
1035
931
1098
987
1027
878
1158
871
1211
818
1147
973
1209
1074
1133
1057
1073
990
1261
897
1101
847
1087
891
1037
1015
1091
986
1143
1057
1234
851
1250
863
1075
1051
1067
967
901
791
1029
933
1266
886
1314
821
1062
870
1170
1081
1179
990
1189
885
1170
917
1087
859
1099
955
1193
906
1017
745
1181
937
1153
829
1105
769
1118
896
1182
885
1227
815
1162
899
1090
942
1097
799
1167
975
1122
1107
1139
914
1027
1073
1219
899
1163
1075
1123
801
1155
1007
1161
770
1175
861
1087
975
1271
917
1242
923
1049
834
1139
991
1058
983
1062
923
1053
970
1099
1050
1223
1111
1167
1002
1071
943
1121
918
1095
975
1023
827
1079
1091
1130
906
1130
931
1143
837
1157
1085
939
475
862
687
823
650
1115
934
1151
859
1029
753
1085
874
742
969
1021
943
842
963
963
906
821
1059
982
789
1027
709
843
1023
891
851
1017
973
861
913
823
919
791
994
1007
945
775
895
919
859
838
949
937
966
903
981
926
935
975
966
886
833
955
999
947
887
865
925
959
879
919
981
1025
926
859
826
775
831
850
777
915
950
903
1035
850
994
883
945
855
814
838
1009
797
905
977
963
890
1019
771
955
809
869
990
783
829
849
857
965
931
866
869
1027
825
870
802
998
835
986
909
873
910
854
971
853
671
941
943
911
833
1075
723
1075
795
939
749
1051
943
1042
899
926
818
911
902
807
865
878
946
791
939
1078
821
811
974
823
841
1023
810
835
1007
943
974
857
799
971
847
1017
971
939
777
1014
975
959
963
911
839
890
1110
902
785
946
943
843
803
806
829
919
909
870
1006
885
806
959
806
739
874
823
927
938
955
1023
959
899
799
767
831
758
973
923
970
939
831
935
781
891
983
903
957
943
901
987
883
770
727
1067
967
865
995
974
802
893
913
979
827
842
814
859
835
971
799
1079
819
690
687
842
787
907
1042
906
803
875
914
799
851
841
915
965
898
991
994
898
879
971
906
1017
885
1009
730
1090
786
833
891
823
865
859
891
1075
786
915
807
1087
918
1011
1025
801
842
901
861
898
930
875
755
909
985
803
843
890
966
783
843
839
966
865
1014
845
787
1022
997
795
983
854
899
878
990
954
965
1042
790
922
722
973
799
930
833
913
938
879
803
921
771
781
946
978
1007
781
979
974
973
881
905
1087
850
909
855
1086
943
950
763
935
786
973
826
950
967
1013
903
939
946
899
911
997
1043
931
781
921
903
689
882
1110
779
806
1015
923
930
1011
894
915
769
865
822
889
794
889
883
959
899
1033
855
1059
893
838
791
763
770
941
845
991
799
858
865
1035
855
1066
909
977
1062
921
913
847
1003
1050
879
897
963
897
877
1013
891
978
918
919
979
975
843
886
874
914
991
895
945
907
918
958
939
909
1011
1087
819
990
869
890
881
1027
941
791
815
994
749
914
901
851
867
1099
1039
866
849
947
1038
907
939
811
875
891
881
826
915
859
939
978
985
951
811
915
914
927
747
910
935
917
817
865
827
973
689
922
939
783
918
897
906
837
1003
791
882
927
859
862
875
917
871
893
963
963
890
754
851
1055
943
923
855
851
1063
895
933
1023
898
1029
925
823
863
859
818
945
838
795
963
1754
1299
1995
1631
898
2019
