1263
1667
1198
1339
1241
1255
1102
1378
1183
1127
1103
1289
1251
1279
1207
1347
1235
1379
1101
1226
1303
1687
1230
1311
1029
1255
1167
1375
1201
1715
1207
1359
1226
1307
1187
1383
1219
1654
1079
1367
1215
1737
1127
1350
1295
1341
1263
1658
1307
1359
1166
1359
1118
1635
1029
1371
1103
1362
1207
1731
1067
1323
1095
1619
1207
1282
1119
1695
1146
1679
1118
1729
1307
1355
1211
1635
1141
1345
1151
1699
1134
1315
1035
1631
1174
1285
1183
1351
1223
1691
1242
1371
1075
1367
1151
1742
1151
1623
1246
1297
1173
1209
1171
1615
1249
1699
1166
1303
1315
1331
1191
1629
1263
1366
1170
1639
1314
1643
1123
1699
1049
1311
1039
1371
1141
1367
1227
1679
1355
1355
1143
1654
1134
1690
1155
1359
1262
1354
1134
1359
1215
1291
1123
1654
1179
1363
1231
1387
1259
1322
1155
1689
1122
1294
1291
1323
1174
1295
1247
1675
1083
1662
1250
1634
1214
1306
1127
1682
1314
1230
1174
1354
1111
1355
1127
1665
1038
1715
1319
1627
1122
1675
1227
1327
1027
1615
1219
1613
1183
1675
1067
1750
1313
1675
1367
1291
1247
1371
1203
1235
1291
1621
1127
1371
1103
1622
1135
1371
1331
1751
1170
1659
1174
1663
1350
1687
1305
1326
1275
1629
1111
1365
1283
1653
1175
1379
1211
1739
1190
1329
1194
1698
1243
1279
1147
1647
1195
1625
1059
1803
1199
1334
1150
1295
1243
1258
1117
1633
1331
1343
1267
1246
1215
1239
1177
1639
1279
1650
1206
1329
1279
1363
1254
1283
1210
1173
1143
1631
1219
1654
1115
1309
1171
1619
1135
1707
1147
1255
1123
1647
1114
1659
1115
1243
1127
1298
1197
1311
1171
1675
1162
1274
1091
1291
1079
1643
1223
1283
1195
1323
1285
1699
1151
1727
1211
1687
1215
1635
1115
1758
1071
1743
1118
1330
1107
1259
1110
1351
1170
1319
1287
1335
1133
1226
1059
1354
1145
1339
1214
1335
1266
1331
1191
1627
1262
1315
1175
1379
1262
1639
1155
1619
1189
1699
1121
1638
1181
1635
1142
1362
1178
1371
1279
1249
1203
1310
1335
1370
1139
1630
1151
1331
1310
1345
1142
1643
1215
1615
1226
1326
1126
1783
1071
1337
1319
1723
1131
1333
1239
1294
1115
1377
1034
1331
1182
1693
1271
1346
1243
1695
1155
1383
1111
1355
1158
1667
1115
1675
1286
1251
1203
1279
1278
1367
1135
1359
1158
1309
1175
1327
1123
1381
1142
1306
1198
1701
1167
1721
1227
1382
1223
1335
1107
1647
1063
1346
1231
1383
1167
1665
1163
1305
1143
1711
1186
1702
1095
1327
1199
1359
1155
1277
1207
1694
1110
1199
1207
1782
1323
1339
1351
1711
1139
1695
1142
1630
927
1353
1063
1327
1031
1655
1151
1269
1291
1638
1167
1355
1079
1715
1219
1681
1079
1378
1175
1689
1205
1227
1255
1659
971
1625
1223
1718
1165
1635
1131
1319
1210
1359
1135
1705
1127
1337
1255
1663
1159
1177
875
1159
871
1107
1023
1325
1143
1355
1235
1234
1171
1370
1063
1119
1119
1199
1183
1165
1122
983
1287
1103
1167
1273
1231
994
1075
1207
1103
1070
1231
1171
1102
1123
1127
1178
1199
1165
1123
1135
1213
1201
1191
1235
1093
1207
1107
1283
1258
1102
1021
1042
1234
1115
1127
1215
1091
1162
1155
1155
1249
954
1233
1223
1195
1075
1055
1179
1135
1270
1151
1234
1266
1143
1207
1126
1202
1018
1174
1077
1091
1039
1155
1190
1131
1050
1263
1070
1223
1171
1114
1227
1106
1261
1075
1131
1234
1219
1127
1199
1179
1194
1191
1143
1109
1075
1130
1119
1214
1059
1209
1150
1147
1226
1283
1178
1231
1139
1139
1139
1139
1139
1139
1139
1139
1139
1139
1139
1139
1139
1139
1139
1139
1139
1139
1139
1139
1139
1139
1139
1139
1139
1586
1103
1115
1110
1142
1150
1035
1037
1183
1167
1110
1071
1251
1241
1327
1279
1083
1159
1151
1135
1111
1147
1007
1055
1079
1257
1077
1075
1166
1067
1207
1015
1231
1159
1015
1171
1231
1230
1258
1174
1110
1079
995
1051
1154
1047
1027
1195
1183
1339
1210
970
1122
1203
1093
1019
1151
1183
1065
1158
1115
1113
1055
1149
1102
1207
1094
1099
1045
1077
1066
1226
1205
1062
1223
1158
1319
1202
1171
1199
1191
1239
1207
1099
1095
1090
1271
1151
1647
1107
1187
1199
1259
1086
1105
1133
1059
1087
1257
1063
1179
953
1095
1327
1135
1003
1031
1067
1091
1143
1115
1279
1231
1211
1186
1111
1133
1234
943
967
1274
1261
1195
1023
1163
1151
1171
1155
1199
1154
1075
1083
1170
1067
1146
1190
1167
1218
1139
1114
1175
1138
1273
1219
1126
1286
1187
1075
1158
1195
1227
1262
1183
1179
1043
1054
1179
1047
1147
1077
1137
1239
1178
1186
1062
1099
1202
999
1085
1051
1235
1023
1165
1075
1035
1175
1271
1085
1281
1079
1095
1129
1031
1103
1054
1009
1075
1159
1175
1167
1197
1081
1079
1159
1191
1191
1099
1214
1226
1075
1079
1070
1109
1169
1303
1022
1183
1214
1135
1147
1251
1059
1279
1107
1215
1158
1101
1067
1235
1138
1071
1007
1079
1175
1215
1131
1178
1215
1067
1055
1187
1303
1114
1622
1139
1117
1162
1055
1281
1231
1087
1095
1135
1221
1091
1203
1255
1095
1175
1131
1130
1143
1099
1146
1041
1070
1174
1351
1171
1034
1235
1162
1115
1051
1235
975
1207
1075
1167
1351
1003
1235
1205
1095
1171
1247
1187
1207
1197
1102
1286
1022
1239
1131
1289
1111
1154
1039
1259
1095
1147
1166
1271
1133
1063
1070
1142
1147
1103
1123
1267
943
1159
1189
1158
1115
1227
1127
1207
1170
1239
1131
1202
1039
1071
1079
1095
1083
1074
1325
1195
1195
1166
1215
991
1311
1235
1219
1039
1161
1010
947
1015
1205
1246
1179
1275
1223
1073
1218
1163
1051
1231
1034
1023
994
1282
987
1179
1095
1243
1229
1171
1191
1147
1271
1358
1143
1169
1105
1137
1061
1183
1078
1211
1087
1187
1119
1207
1183
1103
1102
1247
1127
1195
1215
1206
1119
333
178
411
0
63
426
