819
969
791
971
763
943
643
935
711
883
713
922
747
983
803
939
819
891
747
995
767
967
798
958
707
793
723
869
873
903
755
1047
711
1015
786
809
895
935
854
917
787
823
777
1015
671
915
897
1147
795
958
734
775
798
1066
698
849
707
951
723
1066
654
870
703
986
691
999
795
959
822
1033
822
887
823
866
755
1082
739
986
806
963
709
983
815
1003
719
926
719
1023
691
951
767
1014
734
855
779
823
795
935
803
867
755
895
759
1014
755
953
701
859
842
838
862
831
775
975
774
801
763
1003
647
943
786
967
731
1018
682
1002
675
1023
663
907
890
867
651
939
795
842
854
1058
799
943
750
879
827
963
755
931
878
810
823
895
754
902
725
959
639
919
673
866
762
1009
738
1035
867
922
879
1011
793
951
759
827
906
927
659
1023
706
711
743
835
713
918
731
1101
746
1027
754
725
747
927
719
842
810
823
715
1067
743
906
943
881
854
971
738
939
675
943
837
894
743
975
763
1010
719
911
710
886
807
1087
675
943
831
886
759
835
851
1047
702
959
863
891
869
871
707
1047
779
947
762
958
694
1010
825
1103
775
971
790
1075
695
977
742
882
687
839
691
921
779
867
679
1073
771
1023
890
1005
775
887
658
862
794
951
851
970
763
1029
849
1098
670
1022
835
990
787
941
710
1155
729
970
659
827
719
882
729
955
935
965
765
1002
683
871
747
1019
711
718
767
935
803
851
766
895
755
939
697
983
683
951
734
811
775
801
759
879
754
903
546
933
858
999
707
954
817
851
755
849
842
906
709
845
778
890
823
979
933
933
646
1073
854
979
722
1007
727
894
959
971
914
1006
663
1059
779
894
830
945
731
971
794
915
867
917
754
779
701
927
785
890
673
927
767
875
795
927
663
985
767
850
755
987
702
901
841
1037
927
977
759
1031
859
959
699
1009
739
981
823
995
637
1079
671
997
791
1091
769
895
723
1027
879
870
679
915
745
967
711
1023
731
979
767
1066
782
1003
735
843
927
901
882
1019
790
1067
802
899
813
995
839
801
743
950
807
921
897
943
785
950
681
1007
795
883
763
1031
891
975
690
923
787
981
827
973
735
783
817
1025
775
1031
763
923
791
1035
695
883
782
957
875
1006
767
927
695
873
779
1026
809
969
883
871
670
1017
706
1070
723
883
663
931
915
887
618
991
738
975
719
771
479
673
378
659
474
910
801
779
819
938
871
987
683
787
767
798
682
799
755
647
643
674
627
822
731
703
657
719
683
735
951
762
831
665
791
577
619
739
854
719
619
707
795
703
754
715
818
774
890
727
755
638
655
655
818
639
718
745
779
607
787
762
699
719
631
687
767
691
591
678
682
743
719
803
683
799
763
762
702
711
819
659
694
711
647
698
677
611
737
707
678
789
651
823
719
747
813
566
695
723
691
614
738
599
747
749
707
663
782
715
819
703
647
739
765
859
679
539
755
706
823
673
623
757
626
679
699
794
723
691
823
735
793
553
849
815
661
767
726
715
671
739
874
755
719
711
879
658
754
742
731
807
787
658
827
663
741
711
739
791
681
559
779
770
571
658
638
663
675
819
851
747
679
751
769
841
843
687
859
795
750
775
718
719
827
635
934
634
719
769
695
711
715
674
763
587
717
634
705
651
667
738
835
699
707
755
831
743
638
727
750
815
651
710
718
738
779
793
883
679
646
793
789
775
627
827
707
730
633
567
646
707
605
763
759
749
777
811
687
810
729
813
679
710
871
701
755
597
713
617
773
754
719
683
791
859
703
983
751
670
714
675
563
706
678
651
659
745
679
771
770
805
829
598
798
739
770
643
823
735
647
801
691
654
787
671
763
731
731
590
626
647
726
647
697
789
749
639
699
726
631
699
677
751
710
721
731
715
731
629
735
718
727
703
697
743
695
645
839
829
631
767
750
711
886
735
643
726
683
562
723
681
587
687
759
777
763
719
697
639
751
699
757
815
791
627
721
639
743
729
711
719
735
797
689
831
753
734
639
719
774
782
825
742
794
575
697
810
839
746
727
687
723
735
858
694
865
755
630
742
698
629
739
682
819
735
735
783
719
643
733
635
763
622
651
681
727
867
670
637
675
690
771
667
689
647
699
695
730
711
889
762
783
863
777
727
745
715
722
755
725
639
889
574
723
582
902
753
742
726
713
699
662
814
682
815
723
714
679
691
743
743
730
767
650
683
726
783
831
687
839
751
821
586
774
739
642
759
619
733
665
671
762
695
599
711
693
627
739
675
687
666
837
587
887
630
715
754
727
638
709
641
675
743
655
610
735
659
714
707
727
687
707
726
807
655
822
914
703
826
739
507
738
843
567
695
685
706
582
735
787
595
530
743
659
659
835
669
767
710
662
202
1347
1397
807
1489
