946
1011
906
1325
1051
1182
1032
1140
1060
1264
1051
1152
1020
1324
1041
1254
898
1212
1019
1201
1103
1242
1038
1334
1083
1209
1081
1244
986
1175
964
1425
1130
1122
973
1151
992
1158
1008
1243
1018
1260
1150
1146
1013
1250
982
1150
1047
1113
1008
1331
1011
1151
978
1288
1082
1170
1060
1169
1011
1182
1098
1315
1015
1397
1095
1134
1136
1160
1194
1240
1091
1117
1083
1324
1008
1233
1104
1216
1039
1182
1105
1238
1000
1099
1019
1149
1038
1223
1019
1280
881
1148
1021
1236
1050
1123
968
1218
1050
1203
973
1183
1013
1209
842
1318
1021
1197
956
1171
1057
1317
1056
1267
1114
1172
904
1228
1153
1037
1061
1307
1017
1255
918
1251
1116
1342
1037
1166
1013
1319
918
1366
1119
1221
977
1077
909
1215
874
1375
1134
1178
991
1301
1152
1182
1106
1106
998
1154
1017
1315
1099
1183
938
1238
967
1287
963
1135
989
1165
1051
1203
1171
1338
989
1252
1014
1210
962
1154
976
1182
1029
1214
1111
1220
1064
1207
1090
1138
981
1284
1047
1168
1004
1080
1123
1155
1105
1233
1089
1201
965
1172
1136
1197
1045
1313
1075
1398
1085
1276
1070
1156
1082
1211
957
1132
1058
1101
1074
1201
1109
1053
848
1092
1147
1213
1043
1226
1022
1216
950
1346
943
1206
843
1149
1074
1307
1057
1185
1000
1160
1160
1244
993
1365
972
1252
924
1200
1049
1157
1052
1132
1025
1275
1014
1154
1087
1193
1097
1240
1135
1334
1190
1191
1026
1211
1144
1167
1023
1203
978
1214
972
1252
1100
1065
1069
1259
1038
1332
1019
1163
1093
1271
1021
1299
934
1328
968
1339
1066
1286
1138
1131
1079
1169
900
1194
983
1200
932
1223
993
1219
956
1329
961
1264
1111
1204
968
1291
1024
1262
1015
1091
1024
1167
972
1212
1003
1326
1063
1202
1006
1124
1010
1148
1039
1239
1045
1109
1012
1195
1160
1223
908
1293
1001
1349
1115
1192
1052
1250
965
1234
1114
1177
1174
1254
1064
1244
1045
1119
981
1248
1021
1212
1020
1327
1004
1199
1107
1373
1107
1290
922
1220
979
1038
1100
1231
986
1312
1010
1207
1026
1075
979
1256
885
1307
1148
1145
1185
1322
1068
1306
962
1239
1088
1270
924
1122
941
1308
851
1259
1105
1384
1090
1247
1017
1113
1060
1268
1044
1234
1000
1390
1021
1302
957
1150
1024
1266
1049
1358
953
1278
1063
1021
1045
1232
937
1222
1163
1375
989
1161
1122
1192
1148
1286
1036
1168
1062
1271
1096
1292
914
1153
1105
1151
1091
1222
1021
1399
1145
1265
1092
1116
976
1246
978
1228
966
1137
1053
1152
1080
1221
1106
1220
1110
1099
1013
1286
1023
1293
985
1358
1074
1315
942
1422
973
1104
1045
1279
1108
1330
1062
1056
1058
1235
992
1099
1072
1333
1051
1274
1017
1210
1043
1143
961
1098
824
854
734
830
929
1207
1039
1200
958
1117
989
1211
1134
944
978
1126
950
882
1033
977
855
1011
894
958
968
1042
1032
975
1026
1033
1117
1018
1117
968
1028
835
942
945
958
1019
1024
1175
1000
1015
1097
835
901
1066
1046
929
1110
864
998
984
1171
1017
924
890
921
987
1022
1189
912
1098
1027
995
1082
928
888
1004
1067
1007
1082
1041
1016
1019
1032
1048
1017
819
1060
999
920
1054
916
880
992
1112
889
921
957
912
957
788
1108
960
923
1112
930
1005
814
999
924
1012
978
960
1035
1004
893
942
1053
983
934
1121
963
889
1039
965
1126
979
1085
1112
951
959
1046
983
1244
963
972
1095
901
924
947
1119
907
1032
963
869
1023
971
990
1011
1027
947
1046
1133
971
928
960
1013
965
948
1044
1011
972
1035
979
1062
979
935
1016
919
1105
1130
1006
1031
887
940
942
1007
962
996
1012
1053
1065
1075
880
984
1063
1020
1005
948
1079
850
1085
887
950
1069
976
1037
848
814
1020
959
921
981
991
890
1042
886
1081
973
927
994
1008
927
1061
1007
1068
1084
1030
1066
990
970
1032
970
1016
865
964
997
987
1059
1106
999
1067
1010
892
1091
1065
943
862
932
995
932
1050
903
957
957
1073
1011
887
1058
951
944
1033
921
957
1006
1021
908
1014
871
1195
979
1092
1095
1033
1033
1017
1009
904
1007
982
934
1022
1021
922
949
844
972
1237
993
964
952
957
980
884
929
1017
1038
950
961
1049
1143
1071
1005
878
930
983
1021
1097
1074
1055
1079
920
916
1191
1098
1102
951
1010
940
1109
1058
1019
1123
1014
995
1039
1117
1007
1128
1103
1025
1023
988
975
833
1054
1012
903
920
917
837
932
1053
947
1006
1015
941
937
917
1058
845
1138
973
1090
993
966
942
1152
1103
934
940
943
1102
874
995
1000
978
1068
1135
898
993
1075
894
959
1149
1088
971
1005
880
1206
1047
963
1002
1016
1013
954
1000
887
1093
848
968
1070
993
1107
1030
1130
1027
1070
1033
950
855
1037
896
1028
1005
896
970
1082
864
973
1025
1011
978
1024
909
1066
876
997
1057
1046
1123
908
1049
1018
997
958
1007
1036
1023
1027
1112
1038
1079
985
977
895
990
998
958
1071
1062
988
1079
1059
969
1158
966
1023
1049
908
1025
911
1006
862
1059
1033
1071
922
1074
866
974
946
973
1101
966
998
1015
1067
969
1016
934
956
1005
859
951
997
1069
907
885
903
959
847
944
1047
1001
1000
1076
1060
822
754
1009
1054
1085
975
1019
1005
1013
964
919
1010
958
936
1037
951
1043
1007
971
1049
893
878
956
929
906
1092
825
915
1036
1108
1026
1052
963
1003
1082
984
1063
997
901
935
1020
1132
722
1101
1043
999
1124
923
875
455
1774
1266
2007
504
1047
