1050
1315
1203
1299
1123
1435
1079
1270
1007
1319
979
1139
1247
1326
1027
1239
1083
1083
1171
1299
1127
1190
1119
1286
1059
1303
1027
1327
1191
1374
1054
1294
1163
1415
1071
1175
1063
1155
999
1339
1167
1490
1235
1375
1111
1319
1082
1147
1195
1210
1035
1323
1195
1147
1039
1315
1035
1379
1178
1199
1015
1375
1179
1335
1111
1375
1087
1303
1238
1223
1107
1194
1110
1455
1139
1283
1046
1319
1175
1279
1027
1303
1182
1314
1207
1235
1143
1326
1054
1259
1219
1151
1267
1339
1091
1326
1063
1271
998
1207
1038
1267
1087
1242
1135
1227
1175
1323
959
1243
1223
1275
1063
1283
1150
1243
1371
1299
1111
1410
1183
1227
1110
1410
1067
1387
1219
1343
1143
1182
1171
1239
1135
1151
1091
1275
1059
1319
1015
1327
1187
1307
1247
1294
1127
1307
1090
1323
1183
1310
1239
1310
1094
1294
1075
1199
1083
1347
1123
1283
1178
1291
1267
1235
1015
1394
1247
1231
963
1287
1007
1255
1235
1227
1131
1259
1226
1275
1183
1279
1055
1307
883
1383
1135
1343
1099
1255
1046
1307
1047
1323
1091
1319
958
1175
1079
1267
1026
1238
1043
1307
1018
1335
975
1275
1086
1191
1003
1399
1011
1407
1123
1374
1187
1311
1211
1295
1054
1243
1035
1367
1119
1415
1030
1318
1147
1243
1195
1287
1051
1363
1034
1255
1031
1422
1191
1219
1127
1323
1083
1243
1135
1359
1047
1290
1187
1303
962
1310
1099
1207
938
1315
1103
1355
1139
1191
1102
1327
975
1247
1127
1331
975
1431
1083
1319
1159
1306
1247
1347
1135
1270
1075
1255
1171
1347
1015
1163
1122
1250
1234
1318
1198
1227
1238
1323
1250
1295
1111
1315
1055
1487
1027
1247
1147
1299
1155
1359
1078
1383
1055
1351
903
1267
1059
1231
1071
1339
1147
1390
1187
1211
1043
1335
1034
1366
1063
1259
1162
1347
1154
1386
1002
1278
1147
1451
983
1243
1134
1422
1127
1395
1123
1359
1119
1391
1091
1331
979
1179
1075
1210
999
1207
1135
1342
1134
1310
1199
1274
1007
1343
1054
1270
1111
1243
1079
1363
995
1399
975
1211
999
1391
1071
1199
1087
1302
1139
1355
1123
1435
1119
1454
1155
1203
1159
1263
1051
1379
1099
1194
1111
1242
1215
1415
1063
1439
1063
1074
927
1199
1107
1331
1195
1451
931
1499
1131
1342
1251
1367
1051
1274
1031
1251
979
1246
1079
1351
1099
1211
1106
1379
1126
1343
911
1299
1103
1343
1087
1419
1043
1270
1059
1275
1078
1246
1159
1374
1147
1370
1207
1235
1139
1403
1103
1339
1175
1287
1043
1302
1103
1347
1055
1359
1051
1343
1006
1387
1083
1214
1143
1291
1015
1303
1091
1382
1094
1206
1178
1443
1098
1259
1047
1087
1067
1351
1171
1267
1055
1287
1067
1331
1039
1322
1179
1395
1190
1342
1167
1326
1199
1123
1123
1319
1247
1299
1014
1347
1063
1287
983
1199
1050
1303
819
1035
875
1035
791
1255
963
1143
1006
1310
979
1235
1059
1038
987
1190
1135
1187
1030
1227
1071
935
1219
1031
1007
1203
1034
1014
1043
1179
1194
1055
1075
1175
1122
1202
1115
1210
1047
1199
1071
975
1147
1059
1127
1051
1147
1079
1319
1095
1131
1094
1170
974
1027
1067
1247
1042
1075
1087
1103
1095
1023
990
1115
1127
1019
1010
1075
1079
1210
1123
1074
1131
1186
1038
1055
1135
1019
991
1291
1011
1079
1175
1091
1047
1087
1070
1238
1023
1019
1111
1059
1071
999
1187
1179
1107
1047
1071
979
1039
943
1071
1095
1111
1054
1226
1019
990
1155
1003
1146
1062
1190
1159
1043
1014
1018
935
1159
1031
1139
1031
1019
1131
1142
1063
1059
1010
1179
1207
1182
963
1122
934
1103
1055
882
1047
1143
1026
1039
1079
1274
1139
1130
1030
1007
1207
1075
1075
1199
1091
1174
1027
1031
1039
1151
1083
1235
1019
1178
1107
1102
1150
1063
999
1047
1098
987
1019
1011
1175
1063
1155
1095
943
1154
1155
1135
1186
1219
1131
895
1023
1123
1135
1114
1234
1179
1002
1071
1090
1103
1127
1071
1067
1043
935
1063
1138
1071
1087
1167
943
1254
1035
1059
1175
1151
1099
1151
1019
1143
1315
987
1130
1215
1027
1114
974
1131
1043
1159
1095
1111
1082
1067
963
1135
1139
1063
1023
1046
1014
987
1091
1143
998
1075
1179
1086
1158
1119
1095
1026
898
1027
1067
1166
1255
1067
1139
1215
1107
1090
951
1134
1163
1098
1118
1067
1126
918
1023
1155
1151
1171
1055
1115
1075
1075
1099
1099
1107
934
1038
1134
991
1062
1195
1063
1050
1095
1035
1082
1035
1119
1071
1307
1026
1167
923
1019
1007
990
1095
1014
935
1107
942
1067
1074
1251
1030
1067
1083
1119
1022
1082
1139
1143
1039
1023
955
1043
1211
1150
1067
1115
1102
1039
1011
1059
1063
1191
1106
1047
1066
1110
1047
1099
930
1079
1087
1043
1091
955
995
942
1011
947
1098
1030
1003
1075
971
1055
1106
1118
855
1082
939
1054
1122
1042
1099
1006
1151
1095
995
1054
1135
975
1059
1139
1051
1139
1055
1142
1003
1038
979
1067
1163
1066
931
963
1003
1059
1067
1079
1091
1075
995
1214
1059
1019
1087
1135
919
1083
1071
1051
1075
1035
1110
1043
1079
1091
1019
1183
1022
926
1051
1175
1010
1099
1079
1034
1127
1007
935
1039
1074
1087
1183
1107
1063
946
958
1182
1155
1023
1115
1071
1074
979
1210
1103
1255
1142
1019
1091
1107
1039
982
1107
1083
1007
1027
999
1002
1151
1071
1099
1026
1195
959
1143
1211
1139
955
1031
899
1087
1047
1083
1175
1087
1030
1239
1143
1019
1062
1130
919
855
999
1066
1046
1003
1151
1023
927
1159
1023
1023
1119
1111
1010
983
1079
1170
1047
1130
1010
1071
1122
1131
991
1067
1035
943
1155
1122
1078
1211
1011
1035
1107
1127
1035
1123
1095
1055
931
987
1087
1139
1127
1094
1042
983
1003
863
971
1075
1051
0
1631
363
1415
519
2035
