1267
1547
1351
1599
1263
1531
1202
1583
1376
1591
1273
1516
1321
1551
1399
1478
1214
1493
1251
1454
1171
1457
1234
1542
1362
2035
1245
1591
1240
1555
1318
1689
1387
1584
1311
1544
1154
1521
1158
1473
1269
1808
1379
1534
1179
1464
1405
1683
1419
1529
1283
1562
1395
1485
1321
1569
1222
1804
1282
1534
1205
1462
1397
1562
1363
1352
1415
1559
1273
1527
1286
1492
1355
1575
1275
1503
1274
1523
1315
1802
1408
1691
1221
1538
1342
1690
1279
1547
1421
1465
1357
1587
1258
1452
1405
1506
1537
1446
1199
1812
1394
1566
1225
2058
1177
1499
1279
1570
1245
1511
1309
1578
1441
1455
1287
1477
1350
1447
1264
1439
1339
1586
1270
1705
1127
1333
1299
2146
1315
1586
1254
1690
1373
1459
1343
1926
1204
1514
1303
1515
1313
1820
1234
1923
1259
1561
1243
1699
1172
1547
1452
1495
1331
1247
1454
1485
1243
1378
1173
1572
1149
1425
1168
1458
1326
1469
1406
1464
1355
1394
1345
1491
1207
1423
1413
1595
1310
1447
1347
1705
1376
1375
1205
1494
1102
1595
1273
1690
1215
1567
1471
1456
1344
1523
1379
1537
1129
1423
1139
1519
1278
1419
1302
1486
1217
1803
1137
1574
1325
1407
1259
1919
1179
1386
1471
1535
1283
1453
1246
1383
1347
1405
1199
1505
1289
1335
1395
1559
1285
1570
1099
1592
1278
1490
1305
1494
1263
1455
1363
1575
1299
1497
1176
1403
1206
1387
1367
1935
1345
1306
1417
1453
1486
1479
1466
1704
1328
1508
1291
1574
1219
1430
1263
1310
1213
1522
1265
1567
1209
1498
1470
1522
1182
1450
1349
1570
1282
1530
1314
1513
1434
1521
1252
1437
1263
1450
1310
1706
1249
1419
1376
1510
1354
2071
1429
1527
1387
1528
1203
1587
1277
1497
1302
1692
1262
1697
1239
1419
1238
1563
1287
1383
1349
1446
1236
1570
1159
1440
1226
1581
1350
1921
1398
1539
1127
1373
1385
1475
1214
1819
1258
1369
1344
1328
1350
1555
1278
1337
1203
1516
1226
1435
1303
1815
1293
1679
1375
1583
1387
1494
1168
1541
1259
1479
1262
1595
1247
1347
1347
1549
1381
1575
1373
1530
1313
1531
1431
1353
1463
1564
1463
1550
1269
1485
1298
1507
1451
1557
1401
1471
1240
1535
1239
1361
1261
1486
1367
1591
1347
1567
1435
1463
1313
1401
1447
1550
1352
1402
1119
1555
1242
1565
1387
1423
1226
1448
1282
1390
1293
1575
1415
1547
1331
1443
1451
1487
1299
1419
1283
1495
1380
1409
1202
1691
1346
1429
1386
1704
1222
1502
1163
1539
1263
2043
1349
1678
1305
1455
1205
2075
1313
1462
1385
1487
1233
1574
1426
1570
1246
1568
1239
1519
1383
1518
1319
1409
1251
1491
1420
1333
1359
1438
1351
1587
1479
1821
1374
1582
1250
1517
1321
1535
1262
1397
1199
1541
1327
1534
1450
1354
1221
1461
1195
1707
1294
1455
1371
1527
1330
1515
1375
1479
1362
1705
1353
1679
1306
1383
977
1257
1070
1214
983
1570
1250
1379
1239
1395
1329
1481
1338
1365
1331
1278
1363
1342
1206
1163
1251
1131
1403
1335
1046
1212
1227
1282
1313
1167
1391
1146
1299
1295
1313
1339
1297
1233
1199
1315
1309
1318
1270
1484
1265
1247
1214
1213
1411
1377
1469
1264
1410
1286
1269
1283
1275
1257
1298
1266
1319
1215
1339
1384
1459
1331
1298
1443
1308
1152
1347
1279
1331
1205
1269
1152
1137
1457
1240
1269
1261
1358
1366
1277
1303
1315
1319
1295
1347
1105
1361
1385
1290
1419
1326
1160
1298
1177
1257
1276
1261
1347
1354
1138
1247
1205
1399
1301
1343
1255
1348
1322
1268
1087
1352
1326
1325
1338
1295
1339
1329
1166
1239
1238
1373
1173
1394
1283
1253
1307
1236
1277
1277
1203
1310
1386
1411
1175
1271
1246
1165
1149
1127
1181
1191
1217
1287
1351
1250
1318
1315
1359
1384
1259
1279
1366
1297
1298
1305
1389
1165
1076
1343
1301
1256
1151
1303
1286
1263
1171
1370
1250
1306
1091
1351
1335
1171
1331
1199
1306
1285
1317
1353
1133
1338
1291
1361
1335
1329
1380
1231
1310
1438
1427
1304
1340
1367
1253
1241
1435
1323
1260
1430
1295
1350
1252
1329
1306
1218
1171
1349
1199
1301
1330
1410
1315
1258
1330
1333
1355
1265
1209
1231
1271
1357
1365
1321
1287
1342
1156
1225
1333
1167
1279
1123
1355
1303
1182
1376
1250
1357
1247
1362
1379
1368
1086
1259
1204
1414
1115
1289
1290
1308
1335
1447
1282
1271
1349
1390
1289
1424
1281
1201
1225
1199
1239
1323
1354
1338
1253
1218
1285
1281
1329
1170
1310
1127
1307
1301
1283
1333
1318
1387
1425
1394
1202
1251
1381
1166
1307
1432
1238
1242
1370
1302
1367
1126
1235
1303
1396
1187
1211
1443
1383
1357
1223
1356
1261
1244
1371
1391
1102
1307
1355
1185
1203
1334
1258
1414
1431
1243
1321
1354
1266
1287
1213
1220
1347
1407
1165
1264
1248
1341
1190
1203
1370
1353
1290
1318
1048
1277
1196
1237
1258
1127
1232
1239
1201
1369
1180
1423
1215
1315
1239
1246
1203
1174
1331
1261
1192
1211
1193
1203
1222
1271
1202
1381
1299
1285
1135
1199
1450
1431
1243
1263
1179
1283
1202
1369
1278
1361
1323
1381
1294
1207
1437
1411
1417
1255
1331
1364
1228
1179
1415
1214
1331
1211
1129
1214
1288
1367
1307
1279
1191
1267
1241
1334
1276
1331
1383
1187
1235
1150
1211
1277
1291
1266
1281
1309
1286
1305
1293
1401
1312
1254
1399
1143
1293
1311
1173
1393
1190
1377
1286
1384
1227
1302
1240
1244
1383
1097
1189
1253
1183
1222
1189
1337
1256
1293
1217
1307
1297
1326
1227
1290
1219
1343
1329
1275
1203
1234
1267
1230
1500
1249
1291
1152
1383
1287
1314
1257
1331
1147
1132
1127
1338
1185
1231
1227
1186
1263
1445
1353
1321
1349
1368
1307
1283
1335
1222
1359
1370
1341
1275
1281
1328
1352
1154
1262
1184
1308
1221
1202
1282
1290
1255
1314
1229
1292
1197
1271
1377
1173
1156
1289
1318
1256
1368
1343
1165
1736
1553
1255
1651
766
524
