1335
1523
1159
1379
1198
1503
1155
1450
1127
1482
1267
1543
1266
1543
1299
1391
1275
1551
1287
1507
1278
1463
1251
1423
1079
1315
1195
1478
1051
1507
1127
1522
1182
1350
1318
1495
1127
1327
1186
1399
1071
1423
1075
1287
1127
1535
1303
1431
1223
1467
1247
1427
1211
1487
1415
1414
1199
1394
1247
1375
1251
1495
1238
1455
1326
1491
1314
1526
1238
1439
1087
1395
1234
1467
1267
1479
1262
1450
1415
1562
1311
1559
1195
1615
1167
1415
1247
1471
1279
1427
1107
1507
1331
1475
1319
1503
1202
1402
1339
1587
1199
1527
1063
1451
1262
1315
1247
1390
1203
1291
1203
1379
1319
1551
1279
1387
1238
1411
1183
1426
1255
1363
1187
1310
1215
1411
1243
1419
1387
1419
1367
1463
1211
1459
1206
1651
1238
1439
1431
1390
1371
1383
1199
1462
1243
1443
1223
1471
1235
1578
1171
1395
1207
1394
1218
1487
1243
1359
1179
1335
1263
1379
1299
1419
1083
1406
1367
1587
1103
1462
1099
1478
1271
1531
1187
1399
1171
1415
1279
1459
1190
1467
1211
1522
1175
1371
1211
1435
1219
1447
1255
1579
1131
1395
1259
1446
1367
1363
1167
1538
1227
1395
1211
1455
1263
1555
1159
1487
1083
1323
1307
1438
1127
1367
1139
1423
1219
1486
1275
1431
1171
1403
1283
1587
1206
1419
1355
1415
1347
1303
1227
1483
1279
1443
1159
1347
1275
1386
1295
1515
1255
1423
1391
1410
1331
1315
1363
1339
1095
1447
1194
1358
1347
1402
1254
1519
1083
1431
1251
1547
1219
1451
1147
1439
1251
1391
1311
1423
1091
1391
1198
1515
1187
1434
1239
1523
1239
1322
1299
1419
1287
1471
1139
1351
1003
1471
1223
1515
1130
1347
1303
1394
1255
1375
1347
1535
1179
1411
1379
1455
1186
1435
1306
1542
1283
1471
1359
1431
1067
1343
1139
1451
1251
1395
1291
1287
1230
1391
1183
1547
1287
1462
1274
1395
1247
1287
1399
1427
1239
1462
1311
1422
1271
1355
1303
1567
1311
1550
1395
1475
1219
1387
1287
1439
1127
1411
1310
1619
1095
1415
1179
1483
1235
1398
1167
1358
1243
1435
1122
1439
1183
1315
1267
1422
1147
1450
1231
1586
1215
1315
1375
1535
1367
1303
1323
1558
1327
1419
1303
1387
1319
1415
1115
1515
1307
1482
1307
1619
1143
1251
1183
1351
1207
1542
1259
1427
1115
1475
1239
1407
1287
1507
1191
1342
1259
1546
1367
1395
1251
1415
1171
1427
1235
1507
1351
1419
1239
1459
1250
1426
1335
1390
1147
1307
1155
1375
1195
1307
1247
1415
1215
1435
1247
1331
1087
1503
1195
1422
1218
1419
1183
1419
1190
1463
1203
1323
1206
1582
1238
1306
1263
1466
1186
1347
1195
1431
1139
1319
1311
1403
1251
1423
1195
1487
1258
1427
1263
1442
1235
1423
1238
1495
1231
1279
1283
1447
1243
1523
1270
1491
1143
1363
1086
1542
1271
1415
1339
1395
1303
1374
1191
1386
1123
1366
1207
1355
1283
1263
878
1239
962
1087
786
1495
1110
1323
1235
1539
1163
1319
1126
1227
1271
1203
1211
1191
1227
1231
1339
1263
1143
1163
1011
1242
1099
1031
1118
1191
1171
1135
1107
1143
1202
1207
1111
1255
1202
1287
1183
1027
1238
1111
1215
1254
1230
1311
1271
1195
1227
1147
1143
1419
1134
1251
1183
1051
1259
1199
1103
1191
1311
1247
1019
1251
1315
1227
1226
1171
1355
1183
1219
1143
1191
1118
1227
1203
1083
1239
1135
1302
1295
1314
1171
1227
1350
1151
1255
1051
1283
1202
1034
1227
1211
1142
1291
1114
1055
1155
1143
1211
1322
1171
1034
1143
1251
1351
1158
1103
1271
1215
1195
1163
1159
1135
1071
1139
1258
1007
1203
1242
1307
1219
1166
1091
1191
1191
1207
1103
1243
1163
1130
1135
1307
1207
1271
1202
1267
1291
1079
1167
1223
1327
1247
1343
1175
1247
1095
1146
1187
1203
1223
1191
1207
1135
1142
1191
1138
1247
1355
1231
1403
1155
1099
1250
1047
1127
1335
1203
1134
1154
1195
1123
1243
1107
1263
1219
1318
1047
1147
1246
1366
1186
1195
1230
1242
1306
1242
1095
1167
1299
1359
1179
1222
1150
1323
1343
1254
1103
1350
1075
1067
1167
1263
1243
1279
1242
1367
1215
1191
1226
1059
1131
1247
1219
1103
1163
1242
1343
1194
1207
1107
1187
1254
1203
1115
1123
1218
1095
1239
1175
1239
1219
1211
1263
1058
1119
1178
1107
1142
1139
1194
1130
1115
1151
1075
1323
1179
1139
1254
1271
1315
1234
1219
1306
1310
1267
1271
1194
1215
1207
1091
1055
1211
1195
1202
1223
1259
1171
1103
1139
1278
1103
1347
1163
1111
1163
1259
1067
1371
1203
1235
1267
1138
1203
1054
1123
1175
1103
1203
1211
1206
1155
1319
1167
1227
1202
1071
1339
1275
1207
1218
1179
1414
1303
1151
1263
1203
1243
1283
1163
1163
1190
1190
1331
1174
1242
1255
1199
1171
1079
1186
1231
1159
1207
1362
1158
1194
1115
1139
1286
1142
1134
1175
1155
1151
1263
1202
1226
1235
1258
1307
1179
1123
1158
1067
1227
1019
1159
1247
1231
1367
1159
1307
1227
1251
1331
1287
1146
1279
1303
1019
1114
1082
1103
1351
1171
1163
1154
1267
1255
1227
1043
1155
1123
1367
1295
1231
1015
1098
1355
1195
1211
1130
1183
1190
1127
1195
1067
1122
1166
1315
1111
1243
1326
1251
1114
1054
1115
1231
1190
1215
1219
1119
1258
1271
1211
1162
1175
1195
1215
1199
1283
1194
1155
1051
1199
1251
1235
1222
1131
1035
1235
1375
1387
1206
1147
1170
1167
1315
1251
1346
1111
1174
1311
1115
1155
1271
1106
1199
1187
1423
1119
1163
1295
1251
1207
1038
1151
1115
1231
1135
1170
1107
1227
1191
1130
1187
1127
1271
1118
1378
1258
1246
1287
1282
1175
1247
1210
1219
1195
1207
1139
1159
1179
1262
1390
1090
1242
1118
1083
1351
967
1207
1122
1199
1279
1151
1086
1362
1311
1219
1119
1251
1219
1159
1175
1246
1127
1311
1167
1191
1178
1147
1183
1135
1175
1315
1083
1267
1211
1039
1171
1122
1147
1211
1183
1227
1278
494
819
0
1514
1458
911
