2231
1219
1055
1295
1023
1239
999
1307
1043
1234
995
1223
959
1139
1007
1223
1011
1263
978
1215
979
1259
914
1227
974
1051
1018
1307
959
1351
1018
1239
1131
1258
1075
1191
1107
1255
1011
1135
969
1283
1059
1183
963
1186
1087
1298
1011
1250
1063
1330
1014
1107
970
1162
1023
1234
1115
1266
1071
1171
939
1271
1039
1315
1063
1207
1017
1266
1007
1355
1031
1159
1051
1199
870
1278
942
1219
1095
1223
1035
1359
855
1307
1087
1207
915
1131
931
1219
975
1246
1058
1254
1043
1195
1079
1299
1138
1238
1138
1310
994
1139
1110
1367
1031
1239
1071
1186
986
1199
1015
1234
990
1254
1035
1295
1087
1158
999
1122
1051
1375
922
1219
986
1371
1042
1366
862
1243
1147
1215
943
1287
861
1251
1027
1155
1067
1335
999
1307
1242
1091
1106
1222
1123
1207
899
1295
1195
1343
971
1087
999
1311
963
1186
1078
1191
1003
1223
1074
1299
1150
1151
1070
1059
1003
1171
862
1267
1022
1171
1027
1275
1103
1267
1262
1218
1051
1330
1067
1234
1075
1155
967
1299
1006
1159
1118
1294
1123
1231
1006
1310
1035
1043
1063
1279
1003
1227
1065
1291
1051
1210
1094
1239
1135
1241
955
1383
987
1191
1007
1306
982
1203
1083
1334
970
1234
1091
1195
991
1158
883
1263
926
1107
1007
1267
1031
1366
1218
1310
1007
1299
1071
1302
1010
1274
955
1187
1115
1235
935
1151
1011
1247
979
1379
1171
1107
1123
1275
959
1194
1027
1266
1115
1162
1227
1366
1187
1139
1215
1119
1051
1367
839
1230
1135
1207
1037
1307
1071
1310
1114
1242
1107
1234
1027
1263
1050
1270
958
1323
1103
1435
939
1289
911
1258
1131
1250
1003
1227
1094
1139
1023
1319
1247
1319
942
1303
1047
1207
1098
1263
950
1271
1083
1255
911
1227
1059
1203
1134
1350
1059
1374
1059
1314
1011
1359
1089
1255
1067
1245
1071
1142
1013
1251
1115
1234
986
1237
966
1430
1054
1298
1011
1295
963
1182
1003
1215
1059
1259
1123
1211
911
1282
1071
1146
999
1339
1083
1415
1155
1266
1095
1171
1047
1271
1158
1210
954
1207
1138
1238
1099
1322
935
1387
1042
1259
1079
1235
947
1303
1015
1247
1071
1203
1035
1287
839
1147
1130
1231
991
1198
1087
1299
943
1382
1127
1191
1039
1283
975
1171
1143
1159
946
1287
1111
1279
915
1219
1019
1410
1123
1230
1079
1223
993
1190
966
1178
1242
1263
1030
1159
1026
1323
995
1170
1171
1047
1003
1383
1067
1211
991
1255
1007
1207
1079
1147
1106
1207
1167
1343
1054
1235
1051
1099
947
1215
1163
1250
1171
1286
1075
1107
1075
1218
899
1270
1154
1411
1082
1371
1135
1139
1083
1235
963
1183
1091
1227
871
1239
1031
1179
1071
1367
934
1187
995
1239
1039
1391
961
1142
1015
1267
974
1119
994
1034
774
999
747
870
795
1346
1007
1343
1039
1215
1042
1223
1111
1063
1051
1018
958
991
1015
1082
1075
1049
1098
915
843
1143
946
986
1071
970
1139
1051
1007
1002
975
962
959
1015
1019
846
1002
874
1123
983
1055
1003
1239
919
991
891
1135
923
950
923
895
1054
1067
879
1026
871
1043
1019
1283
1051
1023
1019
1127
971
1047
883
1031
1062
950
1071
851
1031
1022
1182
1055
927
998
1063
983
979
983
1211
965
1054
951
978
1031
914
926
1039
1055
987
995
1019
942
1027
919
969
1095
1135
962
971
1003
1051
1050
1086
1015
1111
1107
975
1026
934
994
987
987
987
987
987
987
987
987
987
987
987
987
987
987
987
987
987
987
987
987
987
987
987
987
987
623
971
1110
939
1086
990
939
1010
1115
959
1014
1099
987
1151
1067
966
943
1071
967
1043
1055
959
1123
1083
955
1021
991
995
991
987
1091
998
1059
1007
1051
975
1059
1019
975
1010
1095
907
1075
967
954
803
1031
935
1011
979
963
995
1039
1078
887
1063
1131
959
1089
974
994
978
1007
1007
987
955
1079
947
946
1075
971
975
943
1090
994
991
1015
1095
879
895
1011
934
1159
1119
971
907
947
1035
951
963
1007
983
895
883
971
1062
1003
1003
931
1087
935
1027
1051
1062
1071
899
995
1119
1031
1131
979
1047
1211
954
1027
1007
1062
1095
1019
938
1010
975
991
955
1039
1163
991
1027
1195
987
939
1169
986
1011
1078
887
895
1119
1079
915
1011
1067
863
1019
1099
1074
1050
1003
979
943
1102
835
1235
998
1047
927
1055
982
1131
1146
963
1059
1034
1039
1087
863
983
1059
983
1014
1067
1014
1187
922
963
1042
1043
1062
947
943
1002
999
1026
979
1023
1011
811
990
1055
1178
907
1019
954
1082
955
1017
1030
1083
1029
1075
959
930
1019
1063
983
875
1043
1139
1101
946
1003
995
1067
983
967
1015
906
999
1095
1015
1010
999
979
899
995
963
866
1071
1147
1039
1107
923
983
967
987
1030
971
1042
991
1007
1106
1119
983
1023
979
926
1027
1051
991
1047
1031
935
951
950
1170
923
1023
1063
1011
967
1035
935
990
1031
1055
1123
1075
903
1071
983
1039
970
1051
1083
1083
923
1110
926
971
934
1035
1099
847
938
1026
966
1078
1035
1047
1043
1083
1145
1063
1030
1015
1035
939
1071
871
935
943
1139
1079
910
1087
1073
1071
990
1199
999
1051
975
931
975
855
915
1038
1035
911
1051
1107
1031
1041
1095
1039
987
926
1027
1087
987
1031
911
1139
939
1090
1135
951
975
894
991
1075
974
1075
1151
1146
903
851
998
1042
946
903
1111
1067
1039
1053
1018
927
894
967
886
979
910
1011
1083
1035
1075
1043
898
1083
1031
1002
939
1010
1007
919
927
1143
955
1971
2231
2215
427
406
2067
