879
971
771
875
807
1119
847
975
675
867
991
943
647
1099
847
1055
859
1331
803
935
799
1083
775
895
871
1323
707
1023
803
967
899
1315
967
999
771
975
859
951
699
1111
731
1075
799
1011
815
979
711
983
679
1075
843
999
703
1011
835
1075
795
923
855
1015
803
1027
743
1027
763
1035
731
1027
763
971
847
979
839
1067
731
887
759
967
843
1295
751
1363
967
983
859
943
791
1043
947
935
835
851
751
859
807
1127
751
935
711
1015
799
1095
931
1047
799
987
795
1047
1055
791
883
1111
767
907
791
1299
775
1091
815
1083
811
1039
771
1323
775
991
855
1307
915
975
655
1023
787
983
819
1023
695
1011
811
1075
683
851
803
1083
891
1079
783
1079
879
1007
843
991
767
991
695
1079
643
1031
767
971
767
1043
759
923
711
1031
807
1031
823
911
659
875
795
907
895
1007
951
927
871
1127
791
987
687
851
659
1079
871
939
879
987
707
963
755
1331
847
1007
703
911
787
1095
771
919
855
995
967
1063
879
923
755
995
815
1079
803
935
627
1047
915
999
947
1119
819
991
791
859
743
1303
735
1071
855
1371
659
903
803
987
751
1083
791
1043
867
1047
843
999
887
1019
763
947
791
1055
819
1055
951
863
887
1007
747
975
843
1035
835
979
823
1047
871
1063
819
955
815
1007
731
1071
799
1083
991
1007
743
1079
919
1007
903
931
763
1075
739
1063
719
1051
803
1079
763
1075
831
1123
547
1119
771
1067
911
839
859
1079
743
1083
755
1031
847
1039
835
1071
775
975
879
983
735
1039
739
795
691
1031
763
1043
771
911
835
1047
791
1299
875
859
655
959
771
1023
823
963
855
987
771
895
727
943
875
951
895
1015
703
967
751
867
835
875
683
1003
675
975
727
987
883
1091
831
979
695
915
755
1011
883
1007
855
1303
887
967
739
1291
779
823
931
1019
763
971
907
835
763
1003
811
1091
687
1071
803
1099
851
1115
839
979
731
1083
879
1055
795
967
767
1031
879
911
887
963
791
1003
891
999
743
1087
955
983
823
891
787
915
871
1079
907
1007
807
855
867
983
763
1011
771
987
747
859
835
963
823
1083
847
979
739
1047
763
1075
803
959
843
927
983
911
807
1095
847
1023
847
1119
819
1055
943
1035
887
1087
807
887
871
987
827
999
787
899
827
991
847
967
827
967
763
931
815
919
699
1067
859
967
775
959
811
991
791
1023
895
1019
755
927
787
1123
675
1083
955
1055
795
895
555
627
423
731
451
1059
847
899
811
955
767
923
783
771
891
783
703
743
755
811
851
891
647
799
739
863
699
759
787
847
919
731
915
643
695
799
803
711
775
763
659
735
823
743
715
579
879
915
791
879
803
863
791
803
843
643
807
751
795
807
859
739
783
695
659
675
843
799
759
891
811
667
703
787
835
767
715
727
923
631
775
839
791
719
723
687
847
771
807
779
723
787
755
851
839
907
767
771
799
635
839
691
727
835
707
719
587
791
763
755
607
783
847
763
759
799
739
687
811
867
783
727
715
743
819
659
767
835
699
839
699
859
799
807
887
719
679
775
727
855
903
839
791
751
835
735
843
707
915
795
863
767
711
759
791
799
847
731
683
823
819
699
739
839
763
963
851
699
855
775
715
815
835
759
807
1011
827
843
755
727
783
803
851
799
775
743
655
867
807
731
823
787
847
771
847
779
879
815
747
707
723
855
855
767
803
743
815
711
711
699
711
671
715
719
895
607
851
779
791
687
667
659
819
707
679
807
763
743
975
795
703
687
695
775
835
671
963
847
731
723
887
703
791
795
663
611
847
671
667
607
891
915
855
803
759
731
823
787
755
579
811
671
751
583
667
823
799
687
791
915
839
835
703
759
903
807
811
831
699
763
787
803
803
715
739
895
631
771
743
747
855
675
723
735
899
799
791
831
775
847
791
907
659
747
835
583
787
703
747
667
603
727
779
647
683
723
799
703
843
775
871
775
939
627
655
875
667
727
639
759
967
763
791
611
843
855
867
787
711
751
735
743
783
855
1047
735
903
799
807
671
867
739
727
787
683
751
775
671
835
747
727
795
663
643
775
851
851
827
783
851
679
691
803
735
723
763
727
787
823
851
915
859
839
903
843
847
707
651
767
639
711
727
775
847
711
843
775
887
655
679
775
767
719
611
659
667
719
607
775
763
791
803
795
651
743
643
691
835
819
771
815
783
819
675
787
835
751
831
883
699
775
787
743
827
615
647
687
739
927
791
787
703
819
687
827
731
823
843
755
739
875
739
835
647
859
827
847
687
715
699
655
831
763
827
823
731
747
663
815
815
887
923
815
843
739
871
715
691
875
811
831
743
795
747
751
711
651
807
743
603
715
831
699
807
743
695
723
879
811
783
639
875
943
763
947
807
839
811
767
687
743
771
627
735
783
955
727
639
859
807
463
1527
1723
683
567
1435
