851
1151
887
1062
859
1007
845
1022
842
955
847
1035
917
1086
891
1095
862
989
789
919
935
1051
855
942
882
979
803
1041
723
1022
825
977
822
1207
827
1114
831
1022
767
1091
883
1090
778
987
791
1071
866
994
1075
1069
845
1163
857
1062
963
966
885
1113
855
991
811
1070
811
1165
858
1105
991
969
807
945
911
1011
845
1123
886
1214
759
891
665
1019
921
1123
875
994
870
830
845
1195
739
1119
759
1023
791
971
813
1097
929
1145
855
1057
806
1027
986
1033
807
1123
890
1157
981
1002
762
903
838
1033
833
1093
1030
1155
887
995
815
1186
861
993
851
963
795
898
907
1050
950
1155
853
935
911
1139
853
1162
843
1183
957
1071
995
1062
894
1151
801
1115
937
1115
975
959
883
1065
865
1098
863
1130
887
1063
893
1139
867
1094
902
1010
894
1147
851
794
822
883
827
999
955
918
978
1019
725
1141
867
935
851
1175
759
969
966
955
811
1079
1005
1014
1003
933
859
1186
966
1087
763
971
811
1023
779
955
982
1222
1166
1047
854
1086
1005
1022
982
1191
811
1095
934
1067
774
1223
849
990
755
1151
911
1098
777
1139
761
1199
801
827
743
1174
838
934
867
1143
915
1075
751
1123
907
1113
838
1007
870
1170
725
1041
855
1009
869
1095
831
1099
906
1151
970
1053
786
991
931
1009
826
987
937
1019
889
975
854
1051
847
1081
1003
1038
829
1030
950
971
883
991
731
1150
891
1039
875
1210
875
974
805
1003
878
867
870
1107
859
1077
735
1143
753
1043
1014
1118
831
999
891
1079
751
1099
843
1111
969
975
918
1171
819
1038
917
1183
905
1153
823
1026
854
971
907
1055
855
1035
890
1055
819
1086
831
1051
1007
1121
895
1077
979
1098
843
982
803
1231
886
1085
969
937
814
1099
1082
943
795
1095
935
1043
942
1079
931
1083
839
1037
846
1063
850
1099
859
1063
791
1015
831
1055
843
1101
807
1101
835
1059
783
967
839
1009
899
1059
906
1079
870
1174
935
1099
847
935
759
899
895
1066
849
1090
931
1158
901
1051
941
1013
903
1085
931
1150
819
1187
857
1101
779
1059
839
1045
898
985
891
951
923
1007
799
1106
999
1167
955
1029
835
1195
841
1015
921
1171
947
955
767
1063
866
947
891
1091
723
1063
870
1013
978
1047
834
1055
799
1087
889
962
863
1041
899
1031
767
1001
939
1083
855
1151
909
1093
877
953
778
1086
847
1107
785
995
803
1073
750
1163
923
1091
877
1093
911
1041
987
1038
905
974
829
1119
886
1078
911
1151
879
919
567
814
483
814
595
1074
794
887
843
926
1015
971
926
897
815
923
739
749
879
701
714
923
839
777
917
886
762
882
803
783
807
755
867
891
763
851
819
867
902
911
767
915
815
731
819
805
803
871
806
767
827
754
891
785
987
905
835
686
955
739
943
953
943
835
946
763
1095
819
855
874
725
747
879
763
835
897
926
799
967
815
933
919
787
823
918
761
757
877
949
986
743
831
766
782
791
749
879
703
1031
851
765
857
834
750
929
954
766
890
905
871
990
930
811
771
906
919
843
862
905
899
910
830
923
698
827
786
893
791
973
983
934
811
847
799
842
715
975
913
933
891
807
763
847
755
863
857
711
977
894
966
883
959
839
917
845
870
875
823
845
923
801
927
815
970
849
1042
1079
773
783
769
811
819
879
683
938
767
743
911
897
851
787
853
838
971
831
871
845
959
893
874
810
859
811
803
966
639
809
803
794
855
813
758
795
903
889
1015
843
761
825
855
799
839
787
878
746
797
877
867
793
830
931
919
858
861
886
823
847
963
751
877
942
847
959
938
823
745
867
825
754
902
797
979
883
914
731
775
775
818
766
845
905
765
967
1013
843
809
697
763
795
783
769
810
973
905
754
890
894
677
907
955
886
757
773
811
783
775
815
747
723
918
815
797
839
771
871
898
1059
791
841
819
935
779
1007
846
790
769
870
707
701
718
807
851
949
723
835
817
913
745
779
843
734
879
734
919
842
883
939
942
863
1003
827
933
699
827
742
881
811
803
958
871
749
867
773
766
803
887
827
855
889
779
795
801
831
810
679
746
794
786
791
927
883
847
834
787
835
843
951
827
863
930
677
977
871
839
1063
983
887
775
815
799
870
831
863
767
789
874
719
857
834
715
979
981
831
843
891
849
946
795
907
765
763
965
857
833
663
831
827
898
930
801
827
870
962
909
770
786
862
775
917
743
890
915
826
817
921
1015
994
842
857
869
926
781
958
755
806
789
853
935
858
790
931
823
949
861
765
931
865
718
947
718
807
799
959
751
774
914
709
917
962
723
759
819
930
850
830
891
905
931
831
833
893
677
762
851
1071
791
795
799
826
791
973
853
819
789
855
739
902
823
926
785
713
751
793
794
827
903
859
709
730
933
875
779
834
727
762
761
846
723
766
787
878
855
859
710
755
883
826
789
915
773
938
867
762
755
651
863
851
871
871
763
225
807
459
7
1635
739
