1826
1179
883
1291
1127
1239
821
1062
823
1149
1027
1051
906
1215
779
1113
950
1175
943
1059
803
1266
875
993
898
1171
1074
1263
867
1158
979
1130
911
1221
931
1211
753
1111
974
1175
786
1158
891
1163
983
1123
971
1226
910
1247
813
1099
954
1215
995
1123
999
1186
815
1147
1011
1067
919
1167
907
1269
881
1218
927
1122
1003
1086
987
1090
991
1102
975
1215
927
1095
1062
1166
1003
1102
959
1081
1009
959
867
1019
927
1063
979
1095
1027
1119
939
1243
819
1271
975
1103
938
1079
919
1265
963
983
863
1031
807
1030
895
1110
930
1051
887
982
939
1119
931
1129
919
1191
835
1059
911
1075
899
1095
803
1090
859
1219
925
1043
903
1170
895
1085
927
1155
867
1239
870
1147
879
1090
1014
1023
867
1123
1043
1043
947
1211
1018
1206
974
1067
851
1119
983
1094
894
1139
914
1106
818
1119
851
1119
957
1127
943
1274
931
1029
1027
1019
889
1149
894
1075
1067
1046
975
1071
1007
1067
847
1223
883
1227
806
1242
839
1162
818
1111
783
1191
999
1139
923
1062
895
1106
938
1151
874
1111
950
1119
851
1067
954
1130
822
1219
1035
1123
971
1043
911
1115
919
1167
925
1319
819
1071
1011
1113
963
1239
899
1043
975
1095
894
1119
915
989
930
994
1078
1059
907
939
902
967
931
1067
967
1055
1022
1195
931
1131
979
1143
1022
1103
818
1254
882
1147
963
1150
869
1111
947
1139
1034
1238
826
1247
862
1079
863
1087
842
1186
913
1183
1071
1202
939
1027
1027
999
1066
1225
925
1019
903
1227
1007
1195
819
1035
867
1075
927
1211
814
1087
1003
1027
867
1139
963
1099
911
1219
831
939
891
1153
858
1165
890
1123
1066
1082
998
1195
887
1239
991
1135
1043
1298
1001
1083
761
1114
1013
1121
943
1035
1079
1005
907
1181
925
1074
995
1102
919
1131
915
1258
955
1246
1035
1083
951
1195
1003
987
1022
1097
1002
1055
994
1089
990
1267
867
1207
950
1163
1123
1067
811
1135
1099
1143
959
1055
1027
1119
923
1182
975
1155
945
1179
935
1095
999
1139
914
1179
851
1070
1034
1187
987
1203
799
1138
914
1187
1195
1190
839
1131
997
1163
943
1206
1011
1159
997
1087
923
1115
837
1051
971
947
1009
1271
819
1107
911
1139
859
1123
999
1065
1082
1302
1018
1055
855
1091
851
1131
895
1147
882
1238
990
1003
835
1067
1095
1215
1010
1282
819
1031
833
1182
819
1011
902
1039
1027
1146
1031
1107
957
1166
1023
1243
941
1183
983
1089
803
1234
923
1051
859
1150
934
1135
911
1023
778
1011
975
1047
830
1095
1029
1034
918
1061
950
1142
915
1019
667
855
615
791
642
1171
999
1011
902
1107
898
1127
973
827
983
938
863
951
871
955
921
735
862
947
987
927
866
855
721
831
1039
975
979
991
806
743
938
857
895
891
883
939
919
871
935
947
913
903
979
799
1011
925
730
951
1011
861
978
810
863
971
879
882
833
962
770
863
839
963
913
959
1014
975
930
758
870
829
869
863
970
989
953
939
838
770
803
863
893
886
975
759
699
995
831
967
951
959
1011
947
919
846
779
802
885
907
766
1037
919
951
815
951
914
871
903
1002
974
699
991
719
918
910
747
947
730
882
855
1007
858
855
829
985
942
966
1026
919
899
943
871
754
959
866
866
775
863
871
927
835
963
899
859
925
797
911
842
786
835
759
935
863
894
839
883
738
895
1011
882
807
839
1007
887
894
846
874
882
1023
903
903
1046
806
889
883
1029
863
926
819
887
783
719
929
907
931
927
995
985
918
919
866
799
945
855
830
934
903
911
938
878
783
869
903
1026
771
963
731
989
867
906
843
821
1003
738
1043
913
838
873
807
911
863
879
971
895
919
1067
895
863
929
962
907
994
954
1079
923
874
865
1122
1043
930
831
941
955
950
811
845
974
919
882
905
895
979
915
1091
1011
941
935
1003
951
837
822
862
911
891
899
983
847
827
899
1026
875
934
891
891
803
927
810
879
883
899
958
894
862
943
942
947
894
973
890
763
775
834
875
963
763
951
827
999
937
811
787
807
891
963
807
799
813
911
1039
874
858
891
786
838
961
858
911
827
755
799
935
982
979
1006
858
870
955
1003
767
847
963
1058
898
911
910
831
839
906
670
963
985
839
813
970
990
919
882
893
702
919
735
766
1015
1075
975
841
789
779
1001
982
867
887
831
803
1031
1009
866
954
903
926
867
834
942
815
866
947
790
867
882
899
927
823
855
938
883
847
813
883
839
1055
1031
943
931
1041
811
791
849
835
803
870
886
895
999
927
987
935
811
990
919
995
975
914
819
897
1075
975
939
1071
922
899
831
847
943
823
951
915
934
922
731
882
839
865
946
779
811
907
855
910
979
819
947
1022
967
977
974
939
883
1006
991
967
887
911
995
882
894
939
915
810
990
1017
983
1015
990
955
839
1051
771
897
1115
887
815
921
866
911
1067
911
854
951
1011
887
811
867
831
835
971
943
971
981
835
887
927
1022
903
847
991
950
871
849
1071
847
847
763
983
875
979
871
775
851
1026
834
819
835
855
866
811
1671
2039
1619
2275
687
2083
