1147
1323
1219
1347
1350
1607
1187
1519
1154
1303
1115
1383
1291
1343
1210
1490
1223
1431
1155
1367
1227
1571
1351
1603
1427
1407
1263
1555
1215
1335
1139
1419
1254
1451
1199
1446
1358
1315
1271
1463
1239
1531
1111
1523
1267
1347
1247
1338
1219
1579
1271
1382
1167
1299
1223
1451
1171
1479
1174
1355
1311
1231
1166
1447
1303
1523
1191
1523
1223
1406
1175
1610
1235
1515
1283
1571
1291
1387
1322
1363
1159
1455
1323
1307
1239
1307
1227
1390
1195
1539
1143
1499
1275
1435
1159
1499
1375
1391
1295
1515
1191
1439
1258
1467
1178
1318
1075
1390
1282
1415
1295
1475
1343
1355
1303
1335
1146
1535
1207
1467
1090
1342
1242
1598
1127
1439
1118
1479
1399
1519
1346
1478
1395
1491
1170
1431
1307
1399
1203
1406
1139
1406
1291
1506
1255
1426
1191
1551
1079
1383
1319
1503
1151
1507
1291
1431
1070
1459
1223
1387
1191
1427
1387
1343
1190
1363
1119
1459
1270
1395
1286
1403
1226
1551
1263
1635
1238
1491
1310
1343
1155
1479
1242
1427
1315
1631
1075
1471
1239
1359
1194
1430
1255
1443
1103
1363
1163
1323
1291
1351
1215
1515
1283
1367
1323
1482
1055
1435
1155
1479
1294
1499
1210
1383
1254
1431
1235
1467
1135
1242
1191
1387
1166
1351
1246
1475
1219
1459
1091
1379
1243
1546
1194
1403
1243
1387
1202
1363
1287
1618
1258
1619
1143
1411
1063
1430
1295
1423
1175
1458
1199
1455
1275
1447
1171
1427
1207
1499
1207
1399
1202
1410
1283
1567
1287
1342
1227
1414
1271
1455
1335
1351
1222
1339
1262
1535
1215
1551
1143
1563
1319
1391
1282
1527
1167
1355
1311
1410
1347
1403
1291
1507
1103
1367
1203
1534
1187
1427
1367
1483
1094
1407
1154
1367
1175
1411
1215
1363
1302
1526
1227
1350
1299
1399
1174
1319
1215
1483
1111
1298
1278
1671
1094
1430
1190
1435
1199
1531
1211
1546
1279
1307
1227
1283
1407
1331
1231
1438
1330
1487
1363
1475
1202
1482
1039
1407
1183
1603
1219
1499
1107
1647
1215
1499
1203
1479
1215
1350
1195
1363
1307
1323
1274
1459
1283
1443
1283
1543
1175
1342
1223
1427
1215
1275
1207
1399
1182
1283
1163
1450
1263
1411
1335
1471
1331
1398
1191
1587
1206
1455
1063
1411
1283
1511
1234
1503
1279
1367
1287
1455
1151
1435
1279
1282
1039
1467
1275
1299
1278
1475
1118
1590
1339
1494
1199
1427
1123
1406
1167
1431
1286
1455
1211
1422
1251
1571
1279
1451
1167
1423
1363
1443
1267
1463
1219
1479
1175
1523
1414
1327
1226
1258
1187
1519
1250
1527
1310
1375
1170
1351
1178
1463
1323
1558
1239
1467
1195
1311
1343
1475
1270
1459
1339
1467
1227
1483
1223
1451
1179
1527
1222
1511
1323
1431
1331
1347
1147
1379
1191
1527
1211
1682
1370
1383
1211
1351
1183
1526
1091
1479
1154
1379
1158
1251
1303
1378
1279
1323
954
1219
935
1107
931
1591
1098
1315
1039
1347
1279
1363
1267
1231
1318
1231
1243
1267
1307
1167
1115
1111
1206
1271
1022
1122
1363
1367
974
1167
1331
1091
1135
1231
1311
1291
1255
1163
1183
1171
1299
1102
1243
1143
1206
1130
1279
1115
1110
1103
1259
1151
1311
1171
1238
1135
1219
1263
1243
1323
1267
1174
1235
1159
1287
1247
1267
1107
1278
1079
1279
1142
1167
995
1207
1175
1214
1346
1178
1191
1191
1259
1198
1271
1187
1127
1243
1326
1223
1199
1306
1234
1091
1091
1251
1215
1259
1291
1143
1083
1030
1307
1195
1219
1303
1023
1263
1239
1198
1139
1167
1199
1194
1027
1183
1131
1159
1275
1275
1275
1275
1275
1275
1275
1275
1275
1275
1275
1275
1275
1275
1275
1275
1275
1275
1275
1275
1275
1275
1275
1275
1275
1275
487
1191
1143
1086
1091
1155
1019
1175
1175
1299
1207
1167
1206
1250
1207
1355
1263
1031
1107
1110
1175
1182
1207
1047
1235
1091
1047
1179
1039
1103
1131
1155
1151
1155
1327
1195
1107
1238
1331
1131
1070
1119
1187
1219
1159
1143
1174
1207
1275
1279
1026
1223
1195
1235
1251
1203
1134
1123
1131
1063
1099
1299
1175
1299
1291
1063
1283
1319
1071
1315
1074
1191
1179
1187
1114
1283
1183
1215
1187
1190
1187
1223
1107
1223
1286
1223
1211
1303
975
1187
1083
1290
1083
1043
1091
1287
1199
1211
1107
1071
1230
1159
1219
1018
1327
1071
1110
1159
1214
1210
1163
1155
1291
1227
1171
1254
1163
1139
1094
1163
1119
1250
1167
1130
1087
1367
1343
1167
1275
1311
1002
1235
1155
1215
1231
1299
1147
1187
1147
1167
1026
1299
1195
1199
1227
1203
1051
1255
1267
1195
1143
1258
1230
1163
1119
1339
1107
1207
1191
1255
1143
1335
1327
1255
1119
1123
1119
1278
1099
1086
1103
1258
1147
1207
1135
1331
1079
1223
1091
1258
1158
1110
1215
1158
1243
1391
1082
1183
1234
1242
1075
1326
1163
1143
1275
1202
1351
1163
1171
1063
1223
1207
1287
1227
1154
1150
1135
1299
1115
1163
1222
1211
1179
1214
1151
1170
1219
1127
1203
1099
1111
1127
1210
1379
1167
1162
1266
1131
1263
1159
1259
1131
1107
1263
1303
1250
1115
1210
1027
1143
1063
1263
1159
1295
1095
1250
1103
1099
1107
1227
983
1262
1239
1322
1111
1071
979
1194
1127
1235
1095
1227
1123
1339
1307
1147
1071
1259
1267
1367
1107
1263
1198
1383
1231
1226
1143
1279
1043
1211
1155
1070
1115
1266
1186
1230
1131
1199
1407
1283
1235
1098
1314
1179
1158
1223
1207
1331
1243
1171
1235
1231
1387
1199
1127
1327
1195
1067
1183
1203
1250
1358
1202
1339
1199
1291
1147
1286
1159
1038
1051
1155
1175
1215
1235
1174
1215
1115
1155
1335
1159
1287
1159
1306
1226
1187
1126
1319
1231
1187
1335
1303
1063
1179
1283
1275
1227
1215
1246
1182
1163
1251
1163
1139
1159
1091
1331
1223
1362
1206
1110
1091
1179
1183
1287
1106
1199
1311
1031
1251
1058
1231
1195
1175
1183
1078
1183
1915
1419
2246
679
855
2035
