1015
1291
1031
1363
955
1318
1195
1243
1110
1263
1147
1250
1107
1358
1231
1301
967
1259
1083
1159
1075
1295
981
1179
990
1318
1015
1287
1125
1266
1159
1175
983
1299
1127
1377
1167
1203
1147
1217
1253
1347
1226
1339
995
1267
1003
1434
1119
1279
1043
1371
1023
1211
1163
1415
1103
1287
1095
1258
1210
1339
1339
1386
1171
1233
1107
1329
1098
1211
1131
1230
1077
1310
1063
1381
1107
1475
1111
1271
1291
1299
974
1302
1110
1359
1115
1385
1119
1310
1137
1315
1131
1266
1138
1362
1231
1258
1227
1209
1035
1258
1018
1139
1018
1250
1131
1267
1010
1307
1159
1243
1178
1131
963
1233
1131
1195
1139
1199
1025
1291
1063
1318
1147
1319
1083
1187
1194
1237
1190
1251
1119
1186
1067
1371
1031
1361
1063
1267
1123
1275
1045
1271
1191
1155
1159
1195
1221
1231
1143
1203
987
1395
1007
1323
1053
1182
1127
1226
1203
1359
1183
1223
869
1390
1015
1267
1147
1199
1106
1303
1043
1317
1175
1294
1078
1183
1101
1299
1131
1259
1195
1123
1034
1313
1119
1319
931
1173
1126
1327
1165
1327
1031
1158
1194
1273
947
1337
1102
1263
1083
1211
1183
1303
1074
1335
1019
1387
1115
1243
1098
1351
1005
1254
1014
1195
1041
1355
1067
1219
1139
1203
1039
1187
1147
1219
1047
1139
1013
1354
1121
1291
1091
1267
1067
1354
1107
1327
1087
1149
937
1311
1142
1150
1175
1139
1087
1279
1003
1313
1023
1231
1059
1210
1174
1273
1019
1177
1047
1407
1166
1183
1137
1209
1063
1249
1198
1290
1102
1434
1102
1299
1103
1266
1123
1127
971
1234
1091
1239
990
1331
1061
1235
1038
1306
1067
1414
1175
1293
1010
1349
1066
1226
921
1151
967
1357
1095
1311
1127
1311
995
1311
1075
1351
963
1251
1177
1355
1078
1219
1039
1183
1263
1231
1083
1271
1263
1251
1135
1259
1095
1317
1075
1283
982
1319
1035
1247
1091
1367
1199
1447
1043
1255
1087
1355
1111
1239
1063
1226
1155
1219
1113
1151
1015
1343
1147
1389
1163
1174
1101
1395
945
1203
986
1347
1163
1227
1063
1279
942
1154
1077
1253
1035
1327
1281
1251
1127
1210
1055
1361
1207
1179
1182
1307
1099
1354
1354
1243
1211
1181
1081
1443
1051
1171
865
1299
1066
1131
1039
1211
1003
1414
1283
1391
919
1323
1083
1351
1114
1255
1147
1139
1003
1263
1075
1159
1066
1202
1130
1271
995
1199
1046
1251
1255
1126
1155
1239
1191
1259
1131
1299
1143
1246
1113
1342
971
1262
1061
1314
1031
1223
1115
1207
1031
1190
1121
1135
870
1279
1227
1210
1258
1210
1110
1347
1202
1199
947
1371
1249
1270
1006
1337
1013
1223
1047
1323
1047
1335
1106
1271
1109
1339
1062
1386
1091
1199
1127
1143
1146
1294
1063
1415
995
1243
1157
1354
1122
1223
1067
1267
1031
1375
911
1327
991
1258
993
1206
951
1015
787
1067
733
1015
751
1194
895
1209
1031
1238
1133
1175
1107
1031
1227
1034
1063
983
1095
1123
1074
1095
987
1058
1015
1026
895
994
1090
1071
1087
1175
1126
1073
1051
1035
1050
899
973
1043
1063
1035
1109
1013
1271
1031
1039
1079
1153
910
974
991
1079
1091
1091
1122
1003
1126
1186
959
1079
965
1179
1187
1139
1019
1059
1015
950
990
1046
899
1019
935
953
1027
1038
1027
985
1155
1107
1050
1195
1131
959
1074
1047
1087
1034
927
1066
1187
1013
1014
1005
1149
923
1111
1002
1058
1062
911
1102
982
1034
950
1062
1109
991
1001
1066
1179
1110
1035
1067
1073
1030
1053
1031
999
1171
898
1079
973
1127
994
1098
1077
1130
1105
1055
1189
827
987
1031
1167
1046
931
1011
1051
1067
1043
1075
1122
1019
1023
1102
934
1199
1011
1099
955
1075
974
1043
1081
1081
951
1063
991
1102
1007
1153
922
1135
970
1171
1003
1101
1091
1150
971
1191
915
1166
1139
1095
1127
1086
790
1034
971
1150
1098
1026
1114
1009
1201
1019
1039
1119
962
951
903
1021
1019
1195
899
1095
1006
1123
817
978
1079
1157
1009
1014
1075
1199
1071
1015
1157
1042
1059
1039
974
1005
1077
1107
1111
1038
1079
1117
899
1118
969
1126
1034
999
1107
1179
1067
969
963
983
986
995
943
990
1009
1107
1079
1095
1163
1301
1043
962
1039
959
919
1102
1034
1111
1079
1191
1147
1171
1073
991
871
1062
1095
1142
847
1123
947
983
958
970
915
1063
1195
1151
1083
1109
913
995
1101
1057
935
1078
1003
1029
1055
989
975
1171
1007
987
1111
1006
1143
1003
1051
1085
1123
1131
1007
974
1163
983
1065
1007
1015
1107
1045
875
1155
1123
1047
1199
1074
975
991
1027
1079
870
1051
935
1155
1017
1071
923
987
879
1255
1099
1099
1182
1091
943
1071
959
1038
1087
1130
1015
1054
1022
919
985
914
1142
1153
1018
1062
1190
1111
1026
974
1147
963
1167
1025
1215
1015
1159
958
1003
1031
1079
1038
1146
1015
1167
1031
1067
1087
1149
1075
945
1083
1138
1015
1043
1007
1006
1259
1095
1047
1021
1133
1015
1159
1151
1003
1011
1047
877
967
1007
1119
1078
1147
1094
983
1123
1014
1129
1085
1071
1087
1219
1023
1097
950
1035
1022
975
967
898
1003
1087
938
1070
1127
999
1015
985
1006
1034
1075
1070
1099
927
1018
1023
1047
1163
955
991
1046
1019
939
1042
1015
1154
1073
995
1026
1027
1038
1075
923
1037
967
1107
1007
1081
975
990
1099
1055
1126
1111
1083
1091
1001
1071
1035
925
973
1074
994
1098
1098
1141
1246
1003
959
1075
1155
1115
1110
1019
1079
1069
883
1133
1075
1158
1199
1159
1046
1075
1043
1083
1083
1071
957
927
1155
1055
1063
1097
1195
1151
1086
971
1006
1041
994
1029
1110
1015
934
1175
1255
943
1045
1121
1102
971
1038
1059
1135
899
1013
1026
882
0
670
1819
315
62
1579
