471
503
231
455
243
535
271
523
347
515
319
447
255
419
275
407
423
551
295
483
415
499
311
503
311
531
419
327
499
451
383
463
431
631
359
483
435
527
275
567
291
679
223
451
215
543
295
431
319
483
355
619
339
591
155
483
279
671
295
391
343
459
319
527
375
507
227
515
247
591
295
531
215
459
383
623
367
507
371
519
295
603
343
527
423
375
203
471
203
579
327
591
519
503
439
527
387
539
399
447
323
411
247
519
235
459
151
347
243
475
363
551
435
583
199
475
279
535
347
451
347
507
291
623
339
571
343
523
343
579
467
711
243
391
271
403
319
571
283
555
395
447
211
523
459
499
375
371
411
547
299
339
467
503
303
527
267
515
387
495
379
707
247
583
215
419
319
439
319
531
327
495
239
567
407
655
251
595
431
395
407
563
231
615
159
355
355
499
431
463
295
527
263
603
343
407
395
543
103
567
287
403
291
463
343
567
183
571
463
507
247
591
335
539
355
579
259
347
379
479
191
399
435
475
427
575
263
483
303
535
139
427
315
483
275
551
427
607
231
519
315
487
351
555
287
587
251
427
371
543
315
511
455
643
415
343
351
531
259
423
291
495
311
423
131
615
323
455
275
519
383
479
315
455
511
431
295
447
255
443
315
363
355
431
307
499
331
451
311
495
355
483
311
471
323
531
255
635
347
527
295
479
175
615
163
543
255
591
379
451
291
415
235
487
391
559
143
563
459
379
219
599
283
431
403
403
303
527
171
487
255
563
419
667
375
483
303
511
371
439
263
427
379
503
327
359
247
483
371
423
403
423
411
439
311
495
387
535
423
367
315
547
371
471
367
627
407
535
435
471
235
603
395
591
439
439
387
543
371
339
299
615
271
531
279
531
191
615
271
515
143
411
307
455
419
475
439
591
107
403
387
407
379
515
267
515
399
351
407
599
159
435
339
403
227
567
239
551
355
539
287
547
223
439
239
555
275
615
287
495
347
503
419
479
443
479
347
367
351
483
343
531
247
431
447
547
311
535
243
563
351
619
195
487
171
663
263
531
371
547
355
395
331
519
243
663
275
435
179
555
283
543
463
643
291
475
339
615
459
419
351
611
231
587
319
527
175
299
307
571
295
451
427
591
235
435
315
315
27
263
87
203
0
535
283
483
343
359
419
391
275
319
251
355
251
327
327
291
251
219
255
95
303
227
171
327
415
327
119
251
339
391
283
311
331
339
127
251
231
143
287
187
319
179
311
287
399
311
355
223
299
255
335
171
399
251
443
403
163
315
295
351
327
303
303
279
159
363
251
327
387
283
363
279
319
327
291
167
391
179
311
183
215
319
347
203
315
151
247
251
247
267
207
379
239
335
339
139
515
391
327
255
391
323
299
251
411
355
211
359
243
211
291
291
279
299
307
215
455
267
215
303
227
291
319
291
219
231
207
287
255
195
247
291
175
199
331
255
267
367
263
95
343
207
271
339
191
231
299
367
303
227
343
351
235
323
251
423
363
191
307
187
287
211
455
219
275
275
187
247
299
331
343
127
451
323
191
291
235
35
263
207
263
267
199
271
383
227
307
219
183
223
323
271
267
363
155
87
375
175
235
387
287
375
251
467
407
275
271
331
439
275
331
335
303
479
127
127
403
343
303
259
219
207
315
223
275
203
135
267
367
387
199
347
291
367
207
339
227
331
235
171
315
231
239
191
399
183
459
171
347
331
311
275
279
211
315
211
239
243
131
119
311
379
327
363
507
319
223
355
383
227
239
199
223
407
123
299
275
371
131
267
219
319
339
335
327
215
275
243
123
395
427
103
355
203
371
271
331
87
259
167
127
359
367
303
203
231
323
231
311
275
335
195
371
187
247
359
355
195
267
179
123
307
187
195
379
203
259
115
287
219
307
319
335
363
327
195
259
407
243
259
387
279
259
295
251
283
247
131
207
267
335
179
275
371
363
247
303
327
335
295
275
379
211
187
419
279
379
307
327
339
483
247
127
323
327
291
151
435
331
207
171
235
279
191
271
351
383
103
359
335
327
327
363
255
323
331
371
315
395
207
275
459
155
311
383
123
283
315
459
175
319
359
339
255
327
235
335
323
211
239
423
319
455
247
383
275
231
203
311
327
251
367
363
263
251
279
367
287
307
287
383
287
207
275
275
399
371
359
235
95
299
371
315
155
267
327
419
263
283
227
275
187
299
239
303
383
379
371
271
319
191
311
295
235
251
91
371
271
183
299
319
219
363
399
335
291
299
335
311
183
363
191
251
339
423
335
187
419
259
167
371
283
231
159
307
291
223
263
403
235
447
251
223
259
207
271
303
103
427
91
203
475
