503
587
422
659
427
743
399
598
455
802
351
655
502
703
603
706
422
535
511
670
491
698
355
666
407
723
411
843
479
779
471
759
430
667
387
639
435
594
407
515
570
787
347
835
359
671
411
722
539
767
479
803
299
738
331
731
523
586
422
651
699
734
411
807
407
655
547
570
438
651
507
738
530
771
510
578
527
614
462
571
495
635
635
555
343
783
462
627
471
647
419
587
471
746
531
647
423
794
411
591
451
691
315
679
395
707
407
562
523
642
611
799
582
751
419
730
379
731
559
623
443
679
331
679
486
718
339
683
367
559
435
779
507
658
503
591
531
814
467
659
294
727
327
731
506
779
383
679
526
659
287
663
331
695
499
507
479
647
295
683
386
671
567
546
487
643
459
691
423
547
367
595
459
655
395
571
499
539
467
674
475
659
459
487
455
863
558
811
459
727
547
559
591
675
519
643
399
563
431
595
455
639
367
699
523
627
491
626
391
643
543
667
539
767
355
651
502
663
559
746
459
750
458
642
419
631
343
603
367
723
467
659
571
719
542
691
387
695
487
683
423
515
475
627
383
571
415
831
435
654
350
651
367
611
571
739
515
659
475
595
539
823
519
599
475
694
574
610
602
714
258
718
251
775
491
671
451
671
535
627
387
735
515
675
390
707
503
715
423
790
535
847
567
631
495
687
371
631
379
683
454
767
371
711
435
674
663
787
503
683
387
607
566
771
339
635
463
747
279
679
454
747
539
599
447
742
499
642
510
683
391
675
471
631
467
715
499
727
431
547
679
606
595
687
227
531
379
515
535
643
439
691
614
679
463
859
431
603
535
595
495
695
550
555
383
691
231
655
562
751
586
687
335
719
443
663
515
643
407
715
687
631
391
611
567
826
423
699
375
651
471
675
471
627
607
683
443
806
567
667
499
663
451
703
479
651
303
646
623
735
479
762
439
603
243
827
675
671
475
551
590
719
390
535
371
687
499
658
511
675
531
859
451
695
367
870
387
639
359
659
667
543
382
619
527
587
559
639
467
827
359
443
367
635
426
574
458
527
451
739
303
719
587
739
499
655
395
643
411
723
395
731
323
699
475
559
519
638
519
683
367
803
435
611
435
715
515
663
579
555
451
526
479
567
643
655
443
219
147
402
159
375
219
543
495
643
383
687
554
591
502
395
419
418
519
439
303
367
487
415
547
386
490
527
363
375
407
527
419
343
419
603
447
635
399
406
395
435
419
399
387
390
394
427
386
403
331
587
467
523
455
295
299
483
531
430
451
283
495
423
323
491
295
375
327
403
415
411
423
403
483
487
435
459
426
447
531
331
607
515
367
430
514
591
519
430
471
567
535
567
506
471
355
451
499
431
387
307
471
167
399
423
399
299
631
379
503
479
579
410
534
407
395
523
447
567
406
403
595
463
583
367
575
563
687
527
567
467
455
531
447
555
411
503
431
475
623
355
431
535
627
399
467
411
487
499
439
331
427
503
591
630
390
326
590
267
463
331
362
322
307
419
499
419
491
467
531
455
382
478
574
543
391
331
359
367
435
470
487
339
407
383
383
403
558
363
407
511
363
366
411
467
491
347
422
507
374
399
403
499
383
391
519
462
343
583
435
415
531
322
371
366
635
351
495
383
491
383
327
443
439
427
495
535
359
335
475
351
403
386
407
447
563
403
502
375
515
315
587
307
379
391
271
331
395
371
287
459
367
475
530
579
450
451
566
459
339
355
383
410
419
351
335
427
430
391
366
418
555
435
347
322
447
611
355
423
330
367
387
299
499
406
431
395
534
375
455
391
406
331
443
479
403
459
467
455
535
435
527
323
571
226
535
423
450
395
463
307
495
471
502
447
555
443
538
407
294
403
431
415
454
475
331
391
355
455
531
439
362
471
290
599
383
455
551
491
262
331
491
471
391
367
467
367
475
443
459
410
611
459
423
382
447
555
342
535
394
199
567
319
443
343
371
459
363
379
607
415
415
239
279
362
399
439
419
334
519
442
411
299
539
391
395
383
463
483
451
334
427
431
575
399
539
266
447
431
466
379
491
298
391
299
439
603
447
267
407
367
487
394
526
371
535
371
539
535
367
355
350
367
614
499
471
515
450
367
571
367
543
411
543
374
315
331
263
335
415
395
447
443
519
591
434
431
454
391
366
471
523
263
447
439
151
438
519
455
271
427
427
479
399
375
375
431
403
458
511
347
383
471
387
331
467
354
595
546
451
422
363
410
303
486
283
447
427
179
314
447
394
311
575
523
415
391
547
491
399
411
431
515
474
467
403
503
466
399
503
382
483
387
371
295
439
335
370
403
327
499
467
999
679
603
667
718
