330
543
403
539
315
463
407
538
411
587
359
479
263
615
415
587
271
507
327
511
395
471
359
599
299
619
271
487
343
539
415
551
351
547
283
695
399
571
259
351
427
479
211
615
275
466
467
563
243
587
435
615
279
519
487
599
315
595
367
639
327
415
443
611
415
691
463
623
375
619
331
443
343
491
283
503
371
683
343
611
399
639
475
563
407
467
275
395
331
519
291
619
375
579
435
626
447
455
463
619
331
495
299
547
279
675
331
595
231
511
275
679
427
491
439
787
419
531
419
571
175
642
447
591
351
567
323
647
363
631
306
595
371
583
479
551
283
567
435
550
299
475
427
543
379
663
279
727
399
599
275
499
299
626
307
507
331
595
363
491
455
495
379
767
311
534
439
547
271
659
331
647
334
723
255
583
447
551
235
583
395
743
379
491
367
587
459
531
335
603
475
631
391
563
359
603
395
527
339
591
263
563
247
527
447
583
415
519
399
694
487
539
287
583
351
431
319
519
311
727
435
735
407
579
503
607
383
551
427
599
371
403
291
727
323
650
419
691
431
547
331
442
443
507
435
499
239
579
531
663
319
603
339
555
463
619
515
695
342
559
494
611
311
495
319
482
287
499
343
419
387
563
159
503
307
587
271
515
371
503
431
611
311
707
319
591
319
595
399
559
359
595
355
655
511
547
335
555
503
463
399
735
339
559
271
603
411
571
427
675
199
643
343
527
442
431
363
555
375
655
363
627
415
627
363
607
327
555
223
527
239
691
331
591
511
791
391
527
403
615
503
595
399
755
319
747
407
551
295
483
306
463
383
563
415
699
363
567
451
483
319
511
427
475
303
579
407
667
259
555
379
499
407
615
315
747
459
598
179
599
495
682
187
463
411
487
279
511
203
659
255
431
439
491
295
511
339
639
347
603
323
751
367
731
291
655
403
583
343
518
327
439
407
551
334
479
335
607
263
607
423
603
351
699
399
655
403
539
471
695
335
551
382
503
299
623
267
699
207
487
367
479
431
587
383
438
287
647
339
567
307
495
299
523
375
587
279
583
215
499
335
539
483
783
487
611
347
543
283
687
346
443
259
471
359
575
451
579
423
627
231
543
283
563
191
711
315
467
355
463
331
539
307
547
267
651
227
411
55
139
75
295
127
467
419
519
263
487
275
695
471
307
387
391
275
347
415
399
311
387
503
175
318
335
279
295
403
403
339
339
335
283
267
234
335
263
287
275
431
415
439
435
395
383
191
283
395
307
339
355
319
307
315
235
267
291
327
411
255
219
363
295
387
283
259
259
323
507
419
283
183
391
483
327
379
335
315
263
447
311
367
311
379
283
215
203
347
307
151
271
363
247
423
331
515
399
267
415
319
99
471
267
387
355
303
155
438
359
339
383
411
307
335
327
187
283
411
375
335
323
435
343
315
427
363
223
379
303
371
307
371
235
183
335
251
251
438
291
283
459
395
331
343
503
223
375
427
335
339
311
331
343
299
271
375
347
263
175
363
255
287
243
279
231
290
398
358
271
455
439
307
351
315
215
495
363
323
307
307
191
331
306
363
283
327
331
427
403
243
411
371
335
479
331
343
387
271
351
419
367
375
287
347
271
255
299
375
415
319
383
291
211
422
319
407
255
195
219
459
174
199
267
443
447
331
311
403
227
391
267
359
191
439
303
379
199
347
123
359
295
459
303
387
435
423
282
235
351
403
343
387
327
267
135
179
235
411
367
311
171
287
267
279
475
375
443
250
315
315
331
439
379
391
355
223
327
419
187
247
363
283
371
479
331
299
187
431
419
419
239
447
271
403
299
395
319
351
223
415
323
519
275
303
167
455
359
407
327
183
199
251
479
390
227
283
419
403
231
423
307
347
199
379
287
339
355
343
299
247
263
419
354
331
359
267
411
311
351
335
395
227
275
419
339
455
451
307
395
255
331
439
463
375
355
431
359
443
279
415
227
459
375
339
319
215
307
327
458
427
271
347
215
431
187
527
243
267
339
295
435
231
319
427
315
427
546
351
363
367
299
279
211
299
223
371
423
327
379
327
447
375
363
251
143
227
439
407
307
335
259
347
335
387
315
355
523
415
295
379
303
251
327
291
343
371
327
478
387
247
263
271
347
367
319
362
383
231
319
267
162
415
191
431
415
366
363
299
403
263
315
339
459
375
399
339
298
399
295
355
391
287
515
291
359
303
251
347
427
331
271
295
303
339
155
211
327
459
379
367
299
295
395
314
251
335
511
443
343
359
311
331
307
395
323
239
350
315
503
455
363
299
370
339
387
327
411
255
355
331
335
447
278
311
359
179
207
355
303
655
0
335
419
683
783
