465
622
238
654
304
633
439
563
343
697
495
714
319
823
407
690
348
601
357
531
373
569
345
604
447
633
277
784
393
690
261
459
411
710
510
647
499
628
346
445
202
632
375
831
434
612
376
735
440
529
450
726
409
639
408
723
330
605
461
649
406
635
363
618
463
639
353
538
444
527
395
543
382
717
299
546
226
643
488
593
357
560
353
617
304
701
516
741
401
653
493
594
531
519
367
605
462
612
580
518
408
630
499
651
411
630
360
686
459
609
518
687
387
565
423
608
525
610
474
815
172
675
354
437
427
607
334
651
382
716
373
712
291
698
353
757
393
672
495
657
362
719
447
575
443
583
467
560
308
680
279
522
468
619
295
725
433
501
461
496
468
557
523
633
406
605
307
643
462
593
287
649
325
545
333
588
434
653
379
685
359
558
418
644
531
713
344
688
478
607
561
640
408
794
387
574
487
719
492
551
471
494
462
556
352
576
475
674
486
696
382
457
385
612
279
613
265
563
406
567
379
630
493
764
574
674
443
559
442
578
490
537
373
582
478
649
439
614
370
675
566
485
318
670
432
627
438
595
491
656
490
791
353
793
465
682
455
657
399
508
510
702
320
619
288
503
433
501
467
679
321
626
377
777
430
636
503
607
426
589
441
625
403
595
499
670
493
716
517
565
395
586
366
716
555
546
423
568
606
714
251
665
375
601
517
591
570
646
391
653
393
614
341
791
451
624
266
747
375
501
483
637
531
486
418
718
280
530
445
758
283
530
475
673
474
709
374
623
445
697
470
833
399
702
435
687
439
518
591
607
370
605
518
546
491
727
353
686
280
730
387
582
403
589
411
574
427
600
522
589
445
654
309
489
364
672
523
599
366
540
427
730
512
694
588
663
446
587
378
695
393
677
462
751
237
653
426
510
490
574
381
794
487
651
372
638
479
479
437
615
359
539
455
707
408
617
427
548
513
680
455
655
395
568
442
639
377
570
483
568
336
664
492
606
456
705
406
599
370
674
521
621
249
559
335
715
359
667
498
692
447
608
351
625
461
716
367
601
399
771
486
631
463
715
499
624
386
699
447
782
548
575
416
613
524
547
563
693
421
698
356
677
483
680
430
697
471
576
477
647
504
467
302
651
575
580
437
357
293
402
131
474
89
510
396
615
366
775
406
746
630
371
415
573
511
471
445
384
386
449
394
354
438
577
354
351
301
388
486
364
373
336
343
308
340
431
417
363
359
271
340
383
402
414
353
453
241
466
383
472
514
515
387
342
323
384
201
393
556
541
610
520
381
266
503
383
461
370
334
443
314
309
289
360
325
463
351
266
434
269
380
443
540
337
374
466
348
473
295
425
568
417
362
207
353
297
355
365
339
467
411
302
469
431
342
311
318
491
571
377
456
398
402
331
419
354
351
359
362
417
401
373
397
545
513
413
533
413
341
369
509
461
385
481
481
309
341
569
405
465
625
301
457
413
341
262
395
331
429
301
438
335
393
363
371
471
432
343
550
366
347
346
475
345
189
397
521
439
358
307
382
398
495
380
410
307
415
246
485
395
291
427
515
363
464
295
662
469
362
364
406
331
366
318
446
466
331
389
508
361
415
333
389
451
498
363
421
303
432
341
347
289
471
334
460
507
282
351
417
447
402
435
429
394
418
235
285
318
241
200
551
355
522
381
581
427
443
473
353
447
435
379
389
404
379
374
229
439
374
573
416
374
426
395
283
376
356
455
275
457
314
390
284
265
437
516
378
414
400
297
372
292
416
419
430
391
419
223
332
465
295
292
450
463
402
453
449
372
258
382
435
447
295
377
384
360
370
256
467
399
387
291
534
340
357
442
383
400
424
219
407
444
284
508
415
197
543
544
514
359
459
323
465
399
437
442
406
321
295
400
412
316
278
398
375
396
341
329
357
468
326
495
471
353
407
329
336
278
401
276
387
551
399
248
463
236
362
350
322
291
279
475
217
466
495
395
303
331
403
370
438
339
463
428
411
448
306
211
283
433
416
285
309
314
466
448
404
487
310
330
390
269
398
478
439
379
322
411
561
403
355
491
345
263
491
400
466
322
379
311
487
513
451
239
624
483
307
510
431
520
334
328
410
468
401
408
364
217
329
400
393
447
495
430
364
440
348
401
391
393
398
359
263
281
346
449
320
353
347
369
308
380
295
218
483
342
322
408
459
285
421
425
243
275
379
471
366
348
323
343
279
323
267
353
451
387
419
382
406
487
535
195
351
422
181
307
232
286
445
208
451
424
375
378
485
390
419
507
397
488
245
395
558
386
482
387
524
403
452
366
379
374
358
335
417
449
283
359
255
323
246
399
72
564
