535
647
327
683
287
463
255
527
323
499
447
459
455
559
375
527
315
455
271
487
471
603
279
451
231
391
171
479
407
511
511
691
335
471
319
543
367
567
251
483
283
539
211
563
551
475
455
495
211
483
295
463
323
459
467
579
243
479
311
471
543
575
243
463
363
559
399
679
303
575
383
511
219
571
527
487
395
623
351
535
499
499
399
543
339
607
479
631
387
519
399
563
471
515
267
463
315
603
311
599
327
507
455
591
399
491
355
463
539
667
359
511
471
515
139
703
211
679
283
615
395
543
395
651
323
567
335
443
543
651
383
519
351
451
267
459
231
591
331
735
387
487
379
539
547
667
351
535
347
447
287
539
363
575
299
535
255
539
187
539
391
575
351
567
303
567
179
495
323
603
323
531
347
619
303
483
335
539
387
451
291
515
355
535
463
655
335
567
455
491
339
651
327
603
367
607
383
275
455
415
503
487
227
567
511
567
215
531
399
583
491
507
343
475
443
487
327
691
347
631
379
667
383
687
539
359
339
623
275
359
331
523
487
515
203
639
407
459
423
547
439
511
203
627
355
515
323
539
323
543
323
595
339
575
419
543
523
655
339
467
367
551
423
531
371
511
395
535
323
347
263
647
383
563
299
583
299
567
295
495
287
479
287
391
507
515
291
579
499
739
271
563
327
467
195
659
311
531
227
587
407
503
415
455
315
551
351
543
467
575
271
483
351
527
323
635
351
571
291
539
355
671
499
647
375
503
263
499
303
655
335
555
379
655
171
607
435
591
283
527
435
579
559
503
339
507
207
475
539
419
291
615
367
443
335
539
299
475
375
491
339
475
243
447
187
523
319
619
271
531
211
531
315
515
411
567
375
591
347
559
251
507
363
475
415
631
291
583
303
535
307
499
263
479
259
379
415
555
359
367
379
467
307
479
403
563
295
403
283
519
371
591
331
595
359
539
447
603
259
687
319
655
323
555
319
651
327
447
359
647
327
483
351
531
343
439
251
507
359
387
311
627
323
475
319
743
359
579
271
539
379
459
255
635
263
595
351
595
311
419
475
499
383
559
511
615
367
555
259
563
307
515
343
531
363
467
439
671
395
387
307
755
443
567
283
575
459
471
427
587
407
571
339
583
299
531
447
179
95
243
55
279
19
543
175
471
195
555
479
499
343
295
327
359
399
259
415
387
251
435
475
311
459
315
207
203
463
367
423
207
251
351
427
419
231
307
247
315
295
403
391
187
475
247
227
259
255
371
255
171
283
391
315
203
315
411
271
263
327
319
323
387
275
239
339
247
331
263
483
287
335
231
339
475
327
483
387
295
387
311
279
387
359
279
223
247
215
291
179
435
295
231
355
347
247
423
307
327
259
259
191
383
491
299
335
391
271
487
379
319
367
311
327
355
375
243
291
199
275
375
271
219
451
339
419
315
511
295
431
323
267
519
267
419
387
351
219
143
363
451
315
339
443
355
399
303
307
175
131
319
299
159
479
387
471
107
343
383
403
271
431
447
355
175
215
131
239
339
311
255
367
319
319
259
223
383
255
267
295
323
79
339
371
195
275
259
387
331
307
375
323
223
451
395
467
375
211
187
315
307
239
235
415
259
339
227
183
359
307
387
195
183
359
243
435
403
271
355
267
427
207
375
487
351
399
271
271
371
363
335
223
307
283
347
379
411
279
367
415
291
459
219
203
295
191
327
391
331
415
463
451
367
339
67
391
259
231
315
375
291
295
271
343
311
247
447
423
431
307
291
315
235
375
203
319
283
219
275
487
387
267
187
371
307
331
363
387
203
427
267
359
315
407
203
491
379
167
259
175
183
235
367
359
343
231
323
323
251
135
219
307
255
159
299
363
327
219
179
275
307
263
315
343
435
311
239
319
315
327
255
263
383
451
359
187
279
423
175
199
275
307
335
175
207
331
267
195
331
219
327
383
463
327
347
247
175
343
279
223
231
371
259
355
291
275
311
431
331
235
179
347
171
295
151
355
439
243
295
299
331
383
291
291
191
343
399
303
247
347
191
351
347
311
375
315
335
415
323
339
375
327
219
351
299
487
371
371
359
259
303
315
279
283
323
391
183
355
195
275
263
379
363
311
323
331
215
455
379
223
467
327
275
299
215
283
235
423
347
327
247
227
319
287
223
275
323
407
351
367
331
271
271
227
223
459
359
331
235
351
411
331
187
387
415
203
343
275
111
263
351
295
303
167
423
395
303
335
347
227
319
455
419
303
183
319
247
299
247
375
263
339
339
263
371
391
299
387
303
415
319
343
199
423
251
335
255
319
447
431
331
267
227
267
87
275
159
191
227
387
319
123
83
347
575
