349
629
239
649
439
464
396
550
469
534
294
503
418
407
249
487
285
366
396
623
399
566
411
465
452
610
239
607
338
489
355
574
409
487
320
678
327
683
359
521
419
639
416
423
239
598
225
609
452
491
319
477
382
606
363
631
261
454
195
475
507
614
383
438
503
609
351
695
454
730
269
447
423
496
334
749
445
406
537
570
413
635
333
604
536
569
262
631
370
475
295
622
397
567
299
667
462
540
425
675
489
561
391
613
266
558
365
496
399
686
433
501
411
514
224
642
483
699
381
707
267
594
312
562
341
688
519
671
341
547
351
607
342
602
332
558
189
579
333
466
441
617
250
630
290
567
374
665
317
536
361
477
407
574
289
609
357
536
413
600
574
610
400
487
442
638
275
540
317
531
319
584
330
450
463
517
498
688
390
589
212
489
351
517
383
523
359
585
311
621
221
551
547
655
307
674
354
487
232
723
396
647
462
579
213
542
241
476
365
550
377
675
427
638
186
674
279
455
385
553
330
667
330
615
491
483
296
511
373
605
151
510
264
554
293
651
317
628
457
658
485
713
360
461
421
620
314
591
505
485
253
565
330
494
341
638
406
634
382
435
494
586
261
695
485
562
235
709
238
618
341
508
373
576
493
409
328
710
434
435
346
643
363
643
350
537
314
575
357
643
247
521
483
544
503
496
491
489
279
683
433
723
265
566
361
453
398
639
302
707
453
553
411
511
398
613
329
474
426
606
467
570
465
459
498
579
343
662
319
597
494
585
424
582
326
691
347
581
373
671
407
610
370
766
334
580
296
527
418
414
262
632
384
692
482
606
450
641
383
494
304
580
379
555
276
491
498
634
382
549
351
551
281
482
367
697
402
579
278
563
430
651
494
536
456
737
344
485
482
558
322
598
422
607
327
606
348
461
543
614
464
666
463
641
316
521
391
494
422
665
303
595
403
555
344
596
230
587
499
523
407
579
288
519
411
559
273
406
249
506
465
547
408
491
309
621
354
774
222
508
309
618
338
605
486
594
379
591
459
585
287
582
361
538
319
474
403
481
383
510
382
503
495
598
275
637
209
629
353
585
381
514
300
525
379
539
369
626
408
680
420
659
237
654
367
624
460
561
322
818
411
534
339
646
398
635
313
267
82
293
172
325
0
573
590
544
358
806
351
622
370
471
438
417
493
348
285
259
252
318
344
305
342
359
318
392
321
337
458
438
198
399
381
427
329
375
432
158
396
295
331
251
427
358
492
294
342
317
267
479
303
334
280
159
409
333
272
357
401
359
427
451
354
302
319
470
305
393
326
225
216
292
531
359
466
422
378
391
399
387
322
296
506
410
335
270
363
379
293
136
218
455
494
351
412
443
305
309
263
277
481
311
435
284
363
353
470
380
311
199
413
431
209
283
295
244
310
386
331
311
322
401
273
382
452
323
383
374
339
275
472
478
267
331
351
309
345
318
408
371
363
262
351
350
423
160
195
285
326
300
431
311
343
348
467
341
430
439
398
382
333
458
431
260
449
423
346
232
221
247
363
336
339
484
291
287
146
302
312
336
207
508
312
259
342
507
319
427
322
309
487
466
340
426
301
297
170
255
478
351
319
186
354
458
331
321
336
365
383
392
254
306
490
381
333
242
406
347
275
314
335
332
370
358
431
366
427
317
239
452
411
353
298
179
298
356
379
386
364
376
338
418
285
372
175
395
231
354
423
223
328
529
490
465
389
217
294
373
243
221
311
363
380
405
379
224
278
354
262
366
350
380
369
510
459
265
279
349
318
290
325
227
402
331
297
223
467
383
370
315
398
334
245
243
371
229
277
374
421
321
276
375
403
354
366
298
329
280
465
314
279
374
282
425
412
253
366
391
462
481
374
395
381
282
464
266
338
365
320
467
547
375
436
422
467
251
411
362
276
252
267
375
505
250
292
332
463
256
359
347
360
492
416
304
259
353
462
285
463
448
327
451
418
359
425
333
433
462
559
299
314
337
370
336
390
330
316
419
319
405
341
331
319
298
359
239
356
361
345
362
221
183
347
261
273
272
487
440
319
385
444
390
123
395
386
360
556
216
358
392
319
427
288
271
448
341
291
172
164
467
258
343
240
256
370
388
388
291
376
325
309
304
271
422
269
290
392
303
339
385
458
258
369
266
355
412
314
351
414
385
239
88
347
204
243
442
493
279
376
327
363
363
349
463
322
343
217
249
378
358
321
182
443
497
310
240
303
244
499
431
326
326
382
226
380
223
411
278
330
366
360
336
366
514
193
283
443
361
293
192
319
270
362
334
395
231
415
319
364
335
319
392
365
133
204
271
275
291
440
364
641
289
571
934
