330
527
419
639
350
531
239
371
367
543
291
527
338
539
299
527
367
675
335
447
363
502
298
527
343
587
374
455
406
475
435
442
235
514
502
651
426
486
487
399
431
515
383
515
283
539
439
535
359
575
447
555
351
547
426
499
203
563
423
595
311
411
391
423
347
311
402
450
266
563
347
495
311
510
318
479
315
463
215
486
262
558
314
499
222
663
335
451
447
587
367
491
435
503
311
483
267
731
363
486
379
383
423
523
423
550
259
559
383
455
463
434
294
459
318
507
307
607
374
523
275
510
355
507
327
551
335
486
459
439
371
462
371
491
211
607
319
599
411
439
467
471
431
586
443
539
355
455
227
587
519
543
215
519
283
499
331
491
363
583
347
463
303
655
383
523
335
442
395
423
415
510
475
631
275
587
315
427
267
503
303
531
271
435
187
511
263
483
483
559
379
571
391
742
275
539
247
519
375
571
267
479
471
411
459
727
343
530
354
539
339
511
319
455
443
455
563
558
295
706
270
423
406
715
407
631
298
475
283
499
459
486
455
438
183
375
251
590
383
611
403
603
442
387
323
591
146
427
347
431
291
586
451
535
291
487
439
491
355
539
223
419
235
619
379
599
267
555
331
571
403
578
287
539
163
615
383
395
362
555
415
391
359
463
431
655
347
579
279
507
299
563
335
639
375
542
366
494
251
494
414
543
155
543
322
395
363
395
283
559
271
494
307
479
255
439
242
510
231
526
466
487
290
479
347
575
335
555
375
463
379
459
375
595
335
555
379
487
198
611
438
555
371
639
259
523
443
427
247
707
379
571
399
535
295
602
159
711
455
610
359
691
307
455
507
527
403
639
287
599
395
507
299
475
211
463
283
519
382
431
251
703
330
551
435
595
387
471
322
546
399
479
463
423
275
359
290
599
355
766
270
591
263
430
246
483
147
682
490
599
466
647
283
523
379
607
403
423
239
515
282
419
287
543
303
635
275
535
411
487
255
462
531
539
259
511
339
555
410
595
279
635
523
607
426
407
251
639
391
650
454
635
335
547
343
515
414
463
214
539
399
591
367
619
347
503
287
639
458
623
354
654
362
503
358
559
363
431
243
619
283
479
374
559
399
627
307
538
339
503
267
591
431
551
319
619
203
207
183
246
182
203
55
499
295
559
435
559
247
563
407
235
302
179
351
371
379
238
255
387
347
467
483
475
187
415
275
299
443
307
427
351
363
347
414
359
271
419
438
363
347
275
323
458
287
374
263
351
427
343
302
306
262
291
351
327
307
250
359
239
323
322
554
262
347
406
247
351
326
378
215
410
347
362
315
391
358
371
475
451
231
194
347
263
411
331
323
347
259
226
343
347
490
307
307
407
199
319
327
219
287
291
330
407
343
235
358
319
315
279
239
287
435
291
371
315
427
291
395
375
339
455
383
527
439
279
435
283
415
267
363
111
343
483
307
307
379
331
283
323
395
367
319
383
439
162
263
227
259
303
223
290
307
307
423
410
331
247
291
390
246
279
295
371
302
303
270
295
407
403
395
427
227
479
379
391
283
259
235
311
307
250
382
335
383
191
275
299
411
243
291
287
383
190
319
222
367
343
435
235
438
327
367
274
411
267
223
506
351
227
251
406
278
382
431
363
323
338
295
131
363
263
343
171
291
310
358
274
358
339
439
271
314
331
459
366
391
291
459
427
351
243
267
271
339
255
394
351
315
299
211
278
251
311
475
387
267
303
235
183
343
387
258
247
367
310
442
487
195
331
371
250
215
427
295
407
287
358
239
395
351
175
403
207
334
399
354
339
367
283
251
215
494
363
507
231
255
71
315
174
335
346
423
383
335
314
255
375
215
411
415
331
287
331
407
315
359
291
439
363
343
299
291
291
423
363
290
251
387
287
271
223
170
127
403
279
307
311
363
347
267
283
235
235
366
355
174
407
287
239
191
383
402
255
291
214
283
327
363
299
227
311
391
374
327
351
295
299
311
339
431
295
311
259
379
279
446
135
343
335
354
182
379
223
306
130
395
259
271
247
371
219
255
227
311
455
307
271
250
358
315
275
251
347
375
259
331
314
291
263
339
271
219
411
243
395
439
302
287
379
139
399
443
250
195
423
391
375
311
307
379
179
383
307
255
266
239
339
323
342
290
307
239
391
423
355
311
103
302
298
191
335
247
334
303
359
370
338
239
266
423
131
311
330
295
331
338
322
406
367
255
327
315
215
323
207
287
303
451
295
434
154
291
311
242
335
343
307
343
371
319
351
243
331
291
327
203
255
322
203
339
119
271
370
443
423
214
322
247
247
402
330
219
299
339
299
239
307
715
363
479
263
475
959
