1835
2130
1822
1963
1871
2075
1843
1990
1827
1997
1766
2063
1919
2099
1849
2095
1855
1994
1879
2106
1922
2127
1815
2167
2055
2227
2026
2030
1979
2182
1839
2103
1838
2030
1943
2147
2007
2198
1786
2063
1815
2015
1875
2017
1811
2047
1851
2087
1791
2023
1871
2067
1959
1913
1747
2094
1759
2079
1762
2073
1902
1959
1931
2002
1967
2087
1943
1979
1871
2143
1915
2059
1885
2079
1683
2167
1914
2038
1983
2119
1979
2041
1811
2019
1942
2163
1907
1953
1763
1998
2038
2115
1730
2035
1795
1995
1895
2131
1873
2114
1890
2070
1714
1991
1933
2079
1738
1951
1887
1903
1755
1915
1919
2090
1839
2023
1822
2031
1819
1931
1847
2043
1843
2027
1891
2057
1727
2063
1791
2195
1710
2150
1999
1942
1863
1963
1887
2055
1758
2003
1919
2147
1879
2139
1966
2095
2051
2205
1938
2033
1955
2163
1919
2179
1815
2070
1853
2031
1918
2079
1911
2167
1718
2194
1921
2099
1895
1923
2019
2075
2059
2079
1943
2215
1819
2070
1918
2062
1978
2027
1915
2087
1867
2155
1955
2019
1767
2083
2022
2077
1963
2079
1829
2034
1953
1991
1759
2171
1950
2111
1663
2130
1803
2086
1879
1999
1854
2110
1799
1922
1670
2011
1866
1971
1855
2099
1983
2095
1862
2047
1927
1887
1783
2183
1883
2011
1755
2035
1871
2083
1831
2039
1895
1990
2045
2187
1823
2090
1775
2155
2003
2131
1847
1902
1911
1966
1822
2027
1751
1966
1818
1915
1891
2107
1950
2019
1846
2043
1907
2126
1815
2122
1789
2130
1826
2077
1794
1987
1811
1993
1723
2071
2047
2055
1959
2079
1915
2211
1835
2106
1862
2119
1787
2014
1935
2107
1898
2017
2067
2239
1835
2023
1890
2151
1975
2027
1827
2127
1835
1951
1955
1951
1931
2095
1806
2042
1806
2135
1787
2002
1882
2139
1779
2087
1887
2147
1971
2091
1751
2135
1866
2227
1911
2197
1707
1991
1971
2071
1831
2066
2063
2071
2019
2094
1803
2199
1874
2087
1801
2019
1931
2031
1822
2079
1861
2015
1879
1923
1895
2155
1879
2071
1810
2023
1886
1995
1855
2045
1785
1958
1986
2163
1827
2035
1919
2030
1874
2095
1870
2115
1738
1975
1959
2115
1699
2023
1769
2031
2007
1935
1798
2146
1819
2071
1899
2151
1782
1999
1855
2051
1951
2070
1867
2150
1735
2162
1951
1979
1819
2130
1803
2047
1835
2090
1727
2010
1971
2162
1798
2022
1735
2071
1891
2209
1846
2079
1899
2014
1814
2109
1711
2107
1830
2243
1806
1971
1893
2055
1898
2007
1931
2190
1943
2015
1898
2083
1942
1978
1771
1946
1893
2051
1906
2031
1995
1971
1927
1974
1907
2131
1787
2030
1851
2086
1935
2074
1855
2035
1727
2058
1914
2067
1967
2234
1811
2082
1847
2063
1871
1923
1763
2095
1818
2195
1951
1907
1915
1978
1839
2051
1954
2087
1943
2135
1735
2086
1839
2065
1850
2075
1754
2215
1939
2031
1875
2146
2055
1747
1589
1731
1499
1735
1631
2129
1763
2087
1918
2075
1835
2079
1878
1859
1835
1777
1698
1727
1701
1762
1865
1797
1714
1775
1919
1813
1619
1755
1919
1927
1811
1707
1843
1883
1803
1874
1878
1943
1834
1814
1863
1963
1979
1898
1887
1955
1983
1878
1903
1847
1963
1802
1818
1791
1883
1751
1803
1914
1835
1735
2091
1903
1934
1937
1875
1807
1775
1795
1867
1841
1879
1803
1890
1911
1811
1851
1839
1887
1763
1851
1875
1847
1823
1863
1786
1842
1987
1767
1851
1887
1795
1879
1961
1843
1823
1847
1895
2070
1635
1715
1855
1857
1791
1850
1683
1811
1839
1879
1823
1946
1786
1871
1783
1791
1831
1855
1799
1955
1703
1823
1906
1974
1870
1954
2042
1906
1758
1911
1982
1738
1846
1882
1762
1799
2010
1858
1863
1890
1770
1727
1786
1834
1942
1894
1842
1763
1835
1779
1835
1867
1811
1787
1786
1911
1831
1927
1851
1970
1743
1871
1679
1834
1999
1835
1827
1839
1883
1783
1763
1890
1846
1735
1791
1907
1823
1938
1878
1955
1839
1889
1847
1851
1838
1735
1877
1714
1934
1842
1718
1879
1839
1870
1738
1917
1895
1703
1866
1783
1778
2011
1935
1799
1767
1866
1831
1711
1770
1845
1839
1890
1854
1722
1850
1779
1983
1807
1934
1811
1775
1746
1839
1811
1962
1923
1723
1954
1943
1826
1806
1855
1997
1869
1851
1923
1863
1867
1855
1819
1819
1859
1911
1759
1899
1851
1859
1855
1855
1859
1891
1791
1826
1851
1906
1918
2006
1974
1955
1823
1871
1695
1835
1830
1825
1863
1838
1939
1871
1935
1859
1965
1727
1895
1887
1899
1841
1791
1943
1946
1807
1970
1867
1843
1843
1839
1815
1990
1907
1739
1894
1815
2015
1886
1893
1863
1883
1699
1895
1897
1859
1759
2119
1759
1830
1843
1735
1759
1733
1809
1818
1823
1875
1819
1818
2043
1883
1818
1851
1823
1963
1894
1946
1875
1791
1954
1947
1715
1755
1879
1931
1775
1915
1891
1814
1706
1827
1835
1918
1810
1783
1934
1886
1826
1943
1755
1767
1997
1843
1939
1935
1926
1887
1883
1859
1899
1783
1731
1718
1911
1810
1846
1927
1995
1983
1911
1894
2014
1759
1779
1750
1719
1847
1810
1815
1811
1925
1795
1686
1815
2006
1795
1775
1878
1765
1849
1929
1890
1843
1919
1915
1770
1847
1831
1787
1819
1931
1919
1899
1862
1771
1687
1855
1951
1814
1683
1875
1831
1895
1881
1935
1785
1907
1706
1883
1983
1815
1955
1915
1902
1827
1774
1843
1875
1815
1775
1911
1838
1803
1726
1899
1814
1762
1795
1823
1914
1846
1690
1862
1751
1951
1831
1807
1810
1799
1883
1883
1727
1875
1839
1823
1803
1782
1763
1914
1946
1790
1795
1790
1894
1919
1927
1975
1887
1631
1851
1922
1815
1827
1919
1922
1806
1983
1891
1811
1851
1939
1703
1967
1887
1847
1911
1779
1838
1726
1858
1899
1907
1959
1741
1911
1911
1850
1803
1827
1851
1767
1891
1883
1839
1783
1759
1875
1763
1858
1787
1955
1821
1902
1791
2007
1927
1825
1671
1767
1659
1806
1823
1730
1727
1846
1919
1499
1523
1946
2003
1803
1659
