1487
1591
1447
1671
1531
1703
1363
1631
1355
1635
1431
1739
1555
1603
1607
1691
1619
1691
1543
1639
1391
1715
1491
1671
1487
1619
1414
1655
1347
1714
1570
1587
1491
1883
1466
1691
1487
1651
1543
1663
1435
1771
1563
1599
1399
1791
1359
1635
1503
1727
1479
1723
1375
1659
1543
1671
1419
1647
1379
1551
1527
1639
1719
1663
1411
1583
1595
1471
1491
1455
1479
1699
1663
1715
1375
1711
1483
1579
1431
1723
1487
1875
1526
1631
1507
1714
1495
1731
1655
1699
1558
1703
1495
1682
1571
1587
1683
1759
1463
1699
1487
1627
1675
1615
1643
1667
1467
1563
1635
1675
1459
1691
1374
1894
1435
1671
1499
1571
1479
1531
1431
1642
1483
1787
1459
1622
1647
1679
1667
1731
1475
1607
1627
1706
1515
1603
1487
1615
1539
1710
1583
1771
1546
1731
1511
1779
1499
1751
1551
1595
1463
1691
1299
1814
1495
1715
1387
1599
1407
1642
1518
1531
1379
1763
1306
1667
1406
1611
1471
1563
1547
1599
1603
1767
1578
1803
1543
1751
1435
1755
1591
1615
1375
1739
1451
1630
1611
1687
1423
1638
1591
1575
1483
1654
1491
1655
1359
1847
1470
1671
1522
1767
1359
1467
1598
1735
1530
1651
1459
1630
1387
1746
1451
1719
1383
1567
1503
1855
1375
1595
1518
1739
1531
1691
1615
1727
1411
1623
1395
1767
1383
1619
1487
1759
1511
1547
1642
1595
1699
1627
1531
1703
1543
1583
1495
1683
1355
1539
1463
1579
1595
1639
1471
1639
1323
1598
1323
1587
1455
1663
1507
1586
1398
1587
1479
1631
1471
1531
1443
1747
1583
1623
1671
1839
1595
1699
1623
1675
1371
1651
1527
1715
1487
1603
1567
1675
1478
1747
1570
1727
1627
1627
1423
1654
1427
1807
1439
1607
1467
1763
1463
1771
1427
1647
1575
1671
1523
1627
1571
1679
1547
1623
1399
1735
1491
1731
1502
1715
1459
1659
1535
1723
1523
1667
1399
1723
1431
1567
1435
1742
1475
1719
1451
1751
1527
1602
1571
1547
1447
1547
1531
1855
1495
1535
1451
1739
1331
1739
1511
1611
1326
1735
1419
1643
1487
1539
1683
1503
1547
1667
1495
1747
1507
1639
1438
1671
1387
1683
1435
1643
1407
1702
1634
1699
1447
1743
1631
1615
1363
1715
1467
1775
1451
1723
1683
1671
1522
1723
1542
1739
1299
1623
1491
1614
1463
1575
1603
1614
1359
1535
1551
1711
1427
1607
1571
1690
1403
1643
1550
1651
1619
1711
1535
1662
1371
1627
1515
1739
1479
1639
1555
1671
1451
1531
1403
1743
1451
1747
1511
1779
1407
1623
1571
1627
1383
1635
1515
1619
1275
1519
1398
1859
1427
1819
1535
1543
1419
1667
1594
1735
1395
1639
1499
1727
1551
1523
1391
1583
1371
1631
1406
1671
1367
1687
1427
1667
1563
1691
1643
1627
1551
1675
1459
1603
1454
1627
1491
1747
1451
1771
1287
1759
1427
1731
1531
1763
1535
1594
1431
1755
1459
1731
1595
1751
1511
1607
1498
1427
1035
1395
1075
1343
1083
1639
1570
1563
1511
1618
1503
1570
1514
1283
1427
1419
1595
1435
1467
1359
1603
1443
1323
1347
1487
1251
1511
1455
1486
1543
1491
1439
1559
1387
1483
1575
1430
1459
1451
1495
1443
1362
1395
1407
1647
1479
1487
1315
1503
1474
1459
1431
1355
1531
1519
1386
1406
1339
1499
1375
1339
1435
1387
1331
1423
1479
1523
1547
1395
1395
1403
1255
1467
1523
1455
1451
1607
1303
1487
1667
1411
1455
1299
1431
1535
1583
1459
1579
1291
1483
1322
1343
1519
1563
1443
1359
1419
1422
1499
1519
1495
1511
1583
1375
1435
1355
1463
1463
1499
1527
1435
1383
1563
1346
1355
1271
1467
1430
1327
1223
1474
1466
1451
1419
1455
1527
1539
1523
1487
1459
1503
1403
1419
1567
1315
1507
1407
1515
1559
1415
1499
1506
1503
1590
1427
1531
1450
1515
1451
1435
1403
1391
1415
1367
1515
1431
1415
1579
1527
1491
1435
1363
1367
1367
1459
1539
1479
1455
1459
1543
1323
1531
1490
1375
1459
1510
1411
1531
1391
1347
1339
1410
1351
1383
1435
1371
1407
1539
1551
1519
1379
1379
1491
1463
1431
1303
1494
1507
1431
1431
1447
1531
1414
1466
1422
1538
1511
1559
1431
1439
1571
1327
1490
1503
1419
1435
1391
1455
1298
1451
1587
1467
1583
1559
1439
1591
1355
1491
1471
1371
1479
1443
1471
1447
1507
1275
1463
1427
1483
1315
1418
1314
1303
1363
1399
1495
1507
1535
1483
1499
1463
1399
1515
1467
1483
1555
1411
1411
1571
1491
1551
1451
1334
1387
1395
1411
1483
1491
1594
1555
1483
1511
1455
1351
1366
1567
1411
1438
1387
1299
1563
1455
1339
1439
1527
1411
1611
1554
1399
1531
1315
1427
1587
1583
1535
1431
1435
1487
1395
1431
1583
1499
1567
1463
1442
1495
1515
1531
1459
1367
1547
1391
1455
1479
1335
1499
1463
1435
1494
1487
1479
1403
1363
1475
1399
1531
1359
1527
1442
1463
1343
1403
1319
1555
1531
1263
1311
1503
1451
1406
1639
1411
1478
1591
1431
1583
1415
1315
1491
1491
1419
1335
1439
1543
1411
1439
1467
1527
1558
1427
1519
1583
1515
1370
1611
1515
1535
1483
1475
1638
1395
1403
1499
1347
1463
1519
1531
1423
1535
1463
1451
1411
1303
1439
1479
1443
1391
1455
1567
1571
1287
1527
1471
1411
1415
1499
1459
1539
1627
1319
1375
1578
1499
1447
1311
1287
1455
1426
1479
1442
1519
1411
1419
1387
1407
1415
1543
1434
1451
1414
1527
1427
1371
1594
1399
1398
1507
1375
1503
1454
1459
1379
1627
1431
1503
1407
1427
1403
1514
1423
1467
1491
1507
1667
1443
1467
1491
1439
1467
1599
1423
1619
1358
1491
1459
1327
1547
1275
1495
1507
1439
1587
1579
1527
1518
1366
1439
1287
1531
1479
1511
1367
1447
1375
1347
1419
1391
1566
1471
1367
1451
1491
1386
1506
1459
1354
1427
1475
1303
1619
1527
1494
1491
1390
1495
1603
1407
1538
1423
1515
1447
1371
1475
1435
1503
1495
1531
1359
1699
1487
1467
1311
1390
1559
1415
1459
1451
1351
1443
1535
1691
1531
1675
1770
0
1779
