610
833
514
760
773
848
434
678
640
555
651
648
555
511
509
762
547
739
639
821
473
844
589
709
577
651
439
829
576
845
643
573
466
890
469
655
528
613
492
760
534
626
632
745
628
867
526
667
495
801
383
605
481
704
532
530
519
741
380
709
701
666
485
789
699
731
477
737
560
815
454
760
439
763
612
775
453
654
728
738
690
857
525
899
500
561
450
859
525
834
381
613
495
764
481
752
506
931
518
657
607
732
574
706
650
625
541
739
502
731
444
746
645
777
576
774
537
747
421
685
571
647
526
830
515
551
660
756
677
670
501
797
337
739
525
800
451
785
557
779
538
753
484
783
464
628
676
472
454
808
530
786
535
853
550
895
652
829
487
773
510
606
414
603
655
743
592
790
447
623
655
757
505
798
493
827
532
905
614
738
670
638
564
665
647
721
575
679
572
658
401
698
584
760
560
699
724
765
532
759
557
695
410
659
543
759
529
777
615
742
517
774
559
771
451
763
462
685
540
648
571
815
441
742
629
701
418
713
568
874
432
747
667
828
619
781
531
703
561
694
497
624
555
650
647
658
401
711
611
618
482
666
576
683
593
776
705
731
704
725
546
875
581
662
463
731
400
642
458
691
522
625
658
719
606
633
457
823
529
638
554
846
604
777
654
661
475
699
607
734
577
561
578
710
485
699
635
688
481
690
478
724
491
665
614
648
478
637
669
735
539
671
517
672
464
665
617
773
419
890
727
781
578
570
598
846
473
666
795
729
590
777
648
879
450
738
500
531
533
738
674
739
449
677
567
697
537
674
497
784
473
773
572
711
497
788
661
814
515
657
508
634
573
755
437
831
382
727
634
795
548
750
630
816
615
629
435
630
507
659
498
596
553
694
576
779
390
651
392
770
432
652
443
822
534
734
475
827
600
689
578
824
550
674
515
726
402
804
543
784
487
665
507
902
484
739
496
753
496
720
447
771
629
719
661
750
526
764
468
713
449
851
509
667
622
540
426
703
555
761
456
782
586
682
485
805
645
700
618
799
491
814
613
642
455
802
665
829
617
700
427
737
445
719
493
715
522
884
447
749
473
583
605
682
590
636
695
777
509
687
597
821
453
665
478
663
523
867
559
752
409
789
569
817
657
691
600
390
238
495
350
545
0
557
509
640
507
650
502
698
603
558
493
540
477
454
520
537
508
510
645
443
694
544
602
345
527
569
509
265
552
515
509
355
423
496
412
585
512
551
456
490
542
660
567
463
403
490
550
477
495
493
416
550
455
506
504
493
521
464
691
237
503
543
412
475
521
602
426
527
527
522
509
476
555
586
366
327
527
499
591
536
553
705
562
482
507
442
609
521
501
578
563
497
522
327
550
261
558
453
472
499
696
474
474
560
599
450
460
476
648
390
548
435
289
526
435
404
523
540
565
552
573
616
561
494
535
504
484
444
506
468
523
478
337
357
527
375
367
505
488
531
594
509
337
536
441
536
408
336
451
587
608
463
544
469
471
562
310
328
505
499
395
372
508
430
486
521
313
419
594
700
616
511
679
555
486
523
528
619
555
491
510
402
500
441
544
545
504
531
516
487
631
468
595
517
461
414
555
526
418
506
405
497
362
541
496
401
515
465
566
401
442
516
615
383
439
431
465
505
581
568
497
507
507
588
339
477
512
635
598
687
614
514
657
542
547
515
487
605
366
497
483
387
457
357
563
691
552
516
531
621
492
551
569
458
563
347
379
385
474
358
582
605
497
462
478
589
526
454
272
433
647
531
599
514
480
385
440
446
502
515
578
386
531
491
388
438
501
515
432
475
433
449
566
458
637
326
425
443
518
364
552
626
505
526
594
616
596
497
451
573
567
429
434
537
408
374
548
592
482
534
509
643
618
545
472
534
593
641
637
488
456
571
639
487
614
480
521
376
510
379
500
456
496
544
535
639
525
584
574
591
479
489
519
400
621
462
533
496
367
449
638
469
443
499
633
466
509
550
342
515
458
654
568
591
335
565
533
489
526
446
267
534
442
448
453
525
406
534
433
539
554
487
386
455
503
408
643
571
371
380
563
465
512
484
503
572
482
506
485
422
668
515
483
523
522
534
404
494
358
476
427
485
583
570
576
643
506
365
495
497
429
409
454
467
458
571
455
615
436
495
529
638
491
522
560
589
363
325
584
447
468
570
570
554
567
572
463
510
542
419
517
533
429
443
450
597
510
422
710
519
465
577
472
560
426
549
515
431
521
538
647
509
545
491
587
568
452
622
507
483
559
546
649
423
483
480
569
413
464
425
626
482
625
506
511
437
383
563
475
627
566
429
390
523
409
362
218
347
567
343
87
1026
