320
731
330
502
377
455
277
553
368
549
205
375
412
520
364
626
464
648
428
625
298
637
417
542
292
571
279
814
327
559
454
683
370
519
342
417
365
485
287
595
257
785
375
584
283
590
580
537
402
511
334
523
533
614
334
458
298
601
281
646
309
462
315
557
407
457
306
520
476
584
199
455
233
467
199
394
358
638
428
567
478
291
326
504
315
659
419
509
389
641
302
451
295
540
371
483
300
600
413
553
431
429
268
476
363
652
412
610
376
720
190
563
371
526
232
708
450
504
156
521
477
481
374
452
367
535
372
559
495
608
299
583
265
655
437
616
303
503
277
552
390
603
419
532
367
650
520
545
270
442
404
567
397
540
281
663
393
582
472
557
347
653
396
507
393
622
419
498
319
575
440
732
339
538
193
585
406
469
405
463
536
531
344
696
171
458
315
503
522
675
230
551
592
514
564
621
425
490
358
615
343
638
359
517
243
727
364
485
254
608
411
486
300
644
325
583
366
585
343
560
419
600
446
460
407
523
429
555
361
545
359
543
336
497
392
642
532
461
358
619
372
479
135
617
331
715
393
580
335
424
357
577
428
616
370
644
478
585
404
622
298
551
202
477
440
611
309
549
303
603
369
536
445
607
367
592
317
619
367
633
456
474
386
563
349
527
302
400
575
529
458
642
303
527
517
529
451
590
429
544
351
523
325
415
363
698
603
701
339
710
256
601
344
630
112
485
378
543
422
449
365
657
447
510
357
623
292
605
427
576
320
530
290
571
469
574
491
545
481
583
366
505
490
478
528
576
338
430
359
476
411
499
363
602
244
395
337
708
448
460
474
453
206
531
442
586
465
472
578
581
451
604
343
535
287
533
345
537
279
646
439
627
403
539
234
577
452
555
406
663
287
554
377
497
345
551
372
700
364
586
469
521
361
516
385
523
291
415
337
478
423
380
355
451
310
575
403
568
418
568
454
567
357
592
389
603
442
560
246
610
381
644
353
591
461
561
331
406
374
438
324
505
204
666
321
699
194
542
413
607
398
445
414
523
192
507
359
700
456
513
386
524
345
612
327
650
367
621
457
493
357
538
420
511
446
623
371
658
369
411
375
821
321
638
284
530
385
558
293
628
304
504
547
745
343
497
298
334
25
361
162
213
26
622
364
521
258
423
373
588
580
310
407
378
426
363
300
276
360
423
349
270
364
189
331
403
370
347
377
437
341
197
420
314
454
312
275
378
430
443
345
242
414
386
281
315
298
315
419
375
359
401
224
206
317
431
387
331
319
304
327
271
438
457
374
243
306
344
274
319
269
305
349
285
350
363
482
294
422
262
367
331
206
374
315
316
364
257
386
407
366
328
249
427
358
152
406
360
530
403
242
147
441
334
325
393
441
346
291
379
353
410
233
300
414
409
397
304
355
193
301
381
339
304
436
338
282
238
347
317
210
302
444
363
379
90
327
257
515
355
415
290
293
253
381
332
217
397
338
481
479
284
232
248
267
426
277
368
269
319
408
213
313
229
349
258
237
294
315
371
439
298
286
400
263
418
363
226
278
254
217
310
452
431
357
236
388
266
487
339
365
277
411
247
355
200
419
291
454
343
450
331
257
274
252
397
368
425
290
319
424
288
559
219
430
316
309
332
305
280
377
418
506
341
422
296
339
342
354
159
207
327
382
357
341
328
489
345
431
407
325
219
347
281
397
312
326
347
448
405
446
255
446
408
433
421
342
366
501
362
286
326
469
343
267
379
443
495
347
295
346
346
351
260
318
352
294
459
358
368
175
197
496
518
275
263
230
436
308
408
300
351
296
266
514
165
315
304
251
467
333
319
389
392
311
432
351
288
408
135
313
314
267
383
378
223
330
324
397
328
453
218
307
264
416
294
421
364
332
462
558
326
475
535
407
360
373
255
309
360
307
262
207
392
295
353
359
206
389
305
285
352
531
366
448
385
462
391
440
313
181
281
394
388
283
350
203
420
278
391
389
245
187
346
207
365
529
276
127
389
474
339
470
373
430
289
313
257
342
239
432
325
490
340
368
336
311
191
430
449
258
300
334
245
298
363
378
337
238
275
329
345
371
347
377
423
426
314
315
343
412
278
346
467
315
358
224
435
380
386
365
322
459
284
405
359
250
279
253
231
298
308
338
377
380
350
451
133
438
317
338
353
444
252
389
299
342
451
408
246
229
479
318
405
410
389
432
309
290
314
349
422
275
335
265
408
458
353
226
341
178
254
370
293
292
304
268
311
259
389
525
533
141
201
296
258
261
268
308
313
334
279
302
382
445
357
434
419
560
265
473
405
299
329
287
277
270
270
518
416
809
723
422
973
