243
559
355
371
383
471
415
419
335
459
311
627
259
535
335
519
351
639
335
507
99
611
347
295
255
487
347
391
383
431
111
579
219
531
271
679
447
563
239
527
195
387
271
559
327
503
423
451
359
463
207
591
295
483
295
463
203
463
399
487
267
543
275
491
211
579
423
567
359
367
359
567
343
379
223
631
491
395
235
579
299
531
339
427
239
543
179
555
307
459
339
535
99
459
443
615
247
507
367
475
227
547
95
599
343
343
299
475
287
519
351
511
443
455
371
439
283
395
215
399
183
471
163
391
247
471
327
567
339
563
223
487
327
531
319
407
227
575
319
679
243
443
215
411
363
383
179
531
467
527
275
391
307
655
395
619
291
463
315
519
243
551
283
659
307
419
311
403
259
591
411
543
403
323
359
559
475
571
363
587
287
479
207
523
187
715
371
563
487
479
331
491
343
679
335
427
291
603
303
351
363
583
283
487
303
483
255
519
351
479
411
511
319
519
319
423
387
479
419
571
271
567
367
627
183
611
243
467
395
411
107
507
495
519
243
411
335
363
247
435
403
615
335
375
479
655
179
459
399
387
395
443
207
499
351
475
403
639
287
367
311
679
407
467
259
471
403
455
255
591
423
771
227
543
263
527
355
519
347
467
391
383
283
695
263
463
363
551
383
451
375
595
299
391
183
427
259
447
503
531
243
435
263
587
271
619
399
423
471
619
283
407
259
447
243
407
351
575
367
431
387
635
407
451
339
555
383
619
323
575
307
607
435
567
359
491
403
687
295
595
335
519
355
443
403
495
223
515
223
695
343
323
279
691
227
603
315
475
307
527
279
371
267
571
371
531
475
383
411
495
363
467
339
579
331
675
219
443
431
323
419
587
395
575
487
519
343
651
427
419
331
535
351
619
351
387
363
495
239
559
363
435
331
619
283
399
251
391
227
547
155
507
343
527
271
371
323
467
331
595
307
615
307
479
187
427
275
559
283
407
267
463
259
595
171
579
247
367
291
351
195
603
179
587
215
539
191
415
471
547
251
411
275
679
155
447
351
415
303
503
319
539
351
459
387
399
271
499
407
479
203
619
367
451
219
543
435
603
271
671
331
567
307
591
427
559
247
615
379
515
363
615
295
531
463
395
319
243
3
171
59
187
55
623
347
511
163
427
319
447
415
447
279
331
291
311
299
491
399
407
347
307
375
275
259
295
247
267
339
371
279
251
315
263
307
267
323
199
147
155
267
215
263
515
163
199
183
287
247
271
255
339
235
295
215
239
331
323
443
163
143
395
323
311
251
419
331
303
435
179
395
307
331
231
383
391
359
211
203
187
315
383
235
359
315
203
219
383
307
291
323
319
351
267
463
243
355
247
279
283
207
211
243
455
247
243
279
291
187
211
311
351
339
203
355
351
327
235
247
459
319
335
439
411
279
331
407
175
403
299
475
303
199
503
251
135
443
363
459
355
343
335
223
215
271
391
183
191
303
251
335
167
327
311
379
219
303
403
371
283
155
359
287
387
227
215
271
315
127
279
259
463
407
323
203
399
171
359
387
195
303
307
243
319
383
131
275
391
235
119
315
283
307
255
215
435
215
259
327
315
415
115
279
343
367
267
203
347
339
315
431
263
347
179
303
303
195
215
407
335
343
387
479
287
443
291
243
311
279
303
259
191
383
187
231
219
419
323
175
231
231
191
207
411
279
303
167
359
327
307
411
467
359
371
319
379
291
191
331
223
279
203
319
295
423
419
283
439
119
323
243
331
351
299
235
223
343
167
255
123
343
391
283
215
295
263
299
151
447
391
307
347
195
379
391
335
331
191
443
207
211
203
147
155
291
235
311
263
395
243
395
319
187
147
267
335
243
379
423
319
279
383
291
215
439
355
335
279
267
119
363
211
363
391
355
291
243
299
131
295
515
151
367
299
323
355
439
423
259
407
391
115
283
247
299
219
207
351
303
319
351
363
283
251
227
275
311
391
159
171
331
463
243
215
227
351
283
279
387
287
191
335
323
183
315
207
351
391
187
327
359
215
227
303
295
483
415
251
247
323
247
247
259
123
291
231
227
251
263
431
403
263
203
187
423
403
179
251
103
159
355
211
147
307
303
163
347
387
423
231
343
323
123
283
379
283
319
327
419
263
335
315
179
215
351
275
343
139
271
283
447
119
247
479
207
363
167
95
379
283
231
247
195
247
247
199
187
299
303
415
279
239
279
247
263
255
307
431
291
251
431
311
415
179
383
375
295
279
419
223
323
403
383
327
295
339
195
247
267
287
135
175
335
259
367
291
251
123
183
179
391
275
151
235
191
339
123
275
331
415
643
339
579
863
