1603
1931
1579
1787
1567
1747
1699
1750
1626
1743
1715
1915
1515
1842
1522
1779
1615
1819
1639
1855
1595
1755
1551
1795
1607
1875
1531
1867
1631
1771
1571
1739
1675
1959
1707
1927
1527
1735
1559
1775
1603
1715
1619
1799
1662
1766
1607
1787
1739
1903
1695
1827
1731
1891
1575
1759
1663
1923
1699
1851
1599
1803
1611
1819
1759
1922
1639
1739
1603
1731
1663
1911
1643
1707
1494
1979
1655
1918
1663
1735
1691
1847
1615
1790
1687
1799
1723
1727
1591
1714
1475
1743
1659
1691
1651
1915
1591
1851
1678
1743
1743
1774
1735
1671
1711
1819
1299
1818
1531
1871
1575
1715
1675
1843
1619
1838
1699
1835
1535
1810
1791
1866
1587
1771
1675
1863
1674
1839
1627
1775
1623
1879
1606
2047
1723
1878
1675
1830
1587
1843
1658
1843
1663
1839
1619
1831
1627
1899
1787
1967
1743
1939
1699
1895
1695
1914
1747
1795
1507
1983
1802
1795
1659
1754
1746
1803
1671
1915
1495
1959
1547
1855
1707
1775
1667
1983
1687
1831
1647
1759
1591
1895
1563
1863
1639
1771
1579
1695
1607
1903
1639
1947
1759
1979
1587
1935
1507
1799
1563
1767
1683
1830
1567
1807
1695
1807
1739
1863
1663
1827
1471
2007
1607
1839
1523
1879
1671
1782
1703
1695
1623
1811
1646
1839
1559
1943
1551
1795
1747
1803
1531
1835
1623
1867
1514
1807
1626
1791
1711
1775
1647
1779
1591
1763
1655
1855
1615
1907
1655
1887
1483
1775
1651
1863
1743
1911
1615
1943
1527
1819
1555
2007
1599
1647
1683
2011
1779
1819
1611
1915
1655
1999
1666
1726
1563
1723
1667
1674
1583
1903
1619
1775
1635
1719
1579
1715
1771
1903
1567
1751
1507
1727
1831
1899
1583
1767
1639
1851
1463
1843
1603
1891
1631
1815
1695
1947
1591
1887
1539
1895
1642
1763
1703
2095
1723
1846
1519
1867
1718
1795
1615
1903
1583
1867
1735
1907
1630
1979
1731
1819
1679
1691
1731
1899
1650
1699
1591
1771
1587
1643
1643
1931
1611
1747
1643
1791
1615
1870
1679
1811
1727
1750
1603
1819
1587
1835
1519
1714
1538
1814
1746
1994
1599
1763
1671
1855
1579
1699
1615
1767
1607
1827
1663
1763
1687
1687
1723
1747
1658
1839
1571
1867
1547
1787
1675
1754
1695
1663
1663
1755
1503
1707
1567
1867
1742
1763
1690
1815
1615
1711
1715
2002
1763
1847
1691
1878
1539
1875
1695
1827
1531
1819
1643
1898
1614
1838
1679
1867
1531
1751
1631
1803
1615
1735
1611
1747
1603
1655
1523
1847
1634
1775
1479
1891
1727
1734
1623
1911
1675
1867
1647
1923
1435
1674
1715
1779
1619
1975
1707
1767
1595
1731
1643
1811
1603
1815
1555
1919
1603
1867
1439
1890
1579
1655
1643
1899
1607
1803
1523
1855
1623
1863
1614
1818
1675
1703
1599
1718
1539
1894
1555
1791
1523
1914
1607
1799
1535
1707
1667
1871
1703
1695
1523
1731
1579
1639
1587
1635
1395
1526
1419
1351
1187
1771
1619
1859
1651
1667
1627
1787
1591
1603
1598
1599
1659
1643
1527
1510
1703
1611
1623
1599
1658
1319
1583
1543
1547
1535
1631
1555
1559
1567
1587
1711
1591
1506
1543
1523
1747
1603
1615
1562
1691
1703
1639
1467
1663
1627
1591
1699
1683
1503
1771
1479
1575
1543
1571
1659
1655
1595
1683
1499
1635
1559
1619
1551
1651
1667
1595
1687
1651
1423
1643
1594
1631
1663
1627
1599
1723
1582
1623
1662
1639
1587
1487
1611
1511
1675
1615
1443
1623
1623
1655
1583
1691
1707
1658
1607
1675
1703
1523
1523
1603
1483
1671
1615
1611
1667
1543
1479
1675
1543
1599
1759
1515
1451
1603
1563
1590
1523
1495
1591
1691
1723
1655
1599
1571
1755
1467
1639
1619
1543
1539
1587
1603
1715
1627
1463
1587
1667
1539
1551
1583
1751
1758
1591
1747
1646
1595
1551
1623
1691
1619
1579
1675
1622
1703
1599
1495
1655
1511
1535
1683
1683
1627
1635
1619
1747
1707
1583
1531
1503
1578
1587
1699
1611
1543
1391
1571
1671
1659
1551
1579
1607
1715
1511
1623
1659
1607
1559
1631
1663
1583
1463
1667
1727
1579
1635
1651
1571
1599
1571
1574
1479
1507
1583
1655
1679
1483
1599
1658
1579
1723
1339
1515
1643
1679
1583
1731
1611
1623
1571
1727
1675
1475
1599
1699
1723
1559
1663
1667
1687
1611
1559
1502
1651
1611
1563
1471
1559
1599
1615
1615
1703
1495
1503
1571
1511
1567
1571
1527
1759
1534
1603
1667
1715
1587
1563
1563
1531
1535
1723
1635
1579
1651
1459
1595
1707
1651
1631
1747
1523
1607
1359
1695
1547
1538
1615
1511
1519
1590
1579
1627
1531
1607
1614
1523
1523
1631
1651
1478
1615
1671
1427
1623
1463
1623
1619
1647
1543
1563
1715
1595
1611
1687
1519
1595
1507
1595
1579
1615
1503
1563
1631
1539
1663
1667
1479
1595
1699
1619
1539
1559
1467
1682
1559
1795
1671
1731
1635
1555
1639
1630
1515
1567
1575
1655
1483
1623
1719
1523
1494
1587
1567
1699
1530
1711
1679
1602
1423
1638
1647
1431
1615
1575
1547
1683
1599
1547
1695
1879
1651
1698
1475
1539
1523
1462
1659
1583
1651
1575
1631
1507
1519
1687
1547
1606
1595
1475
1739
1595
1579
1611
1502
1535
1475
1567
1546
1635
1511
1695
1514
1615
1563
1759
1563
1611
1615
1663
1631
1626
1619
1655
1682
1426
1498
1551
1662
1762
1543
1679
1431
1591
1490
1542
1595
1575
1615
1623
1647
1551
1551
1667
1603
1447
1563
1519
1723
1459
1555
1650
1559
1459
1623
1563
1535
1670
1607
1615
1595
1671
1523
1610
1611
1583
1599
1587
1743
1495
1499
1799
1595
1519
1559
1743
1603
1663
1607
1639
1535
1762
1547
1707
1531
1707
1411
1639
1691
1583
1619
1531
1607
1503
1519
1611
1771
1559
1507
1699
1631
1639
1587
1503
1526
1634
1627
1775
1523
1707
1607
1563
1547
1703
1615
1511
1683
1574
1575
1611
1639
1731
1583
1747
1671
1659
1463
1539
1691
1643
1687
1771
1679
1511
1563
1539
1515
1491
1543
1327
1591
1227
1019
1495
1007
