531
715
507
607
595
755
575
847
463
859
527
743
535
843
495
759
575
803
523
727
543
747
523
719
559
731
423
815
695
743
631
815
651
799
627
859
595
719
423
707
431
863
479
787
559
711
579
759
515
847
647
739
655
615
519
779
499
695
515
599
591
875
567
703
607
803
575
707
539
703
667
863
495
695
603
683
659
587
595
787
511
743
499
691
607
895
659
727
591
695
427
687
607
675
467
907
607
807
531
623
591
883
555
671
643
755
639
711
535
727
543
811
447
759
491
647
599
731
607
635
559
803
515
719
599
779
563
807
571
567
503
511
531
755
495
743
547
703
639
707
555
571
567
867
687
739
455
803
647
707
527
847
627
587
455
727
523
803
647
811
523
803
515
763
443
703
547
651
539
859
571
747
391
723
523
863
395
799
563
791
351
759
635
691
503
771
551
791
675
779
435
707
459
707
567
615
523
783
643
695
671
815
443
655
463
851
447
679
671
759
511
751
499
931
599
751
503
799
527
767
471
671
551
795
607
707
615
623
563
515
667
615
583
799
603
635
563
847
675
747
639
867
643
827
499
751
575
763
411
835
451
719
639
955
443
703
615
823
459
691
627
723
599
631
515
747
579
763
703
543
563
791
551
695
639
539
651
671
595
715
643
811
563
823
399
831
451
787
483
815
591
763
499
871
487
779
535
739
475
783
619
771
547
759
675
787
503
747
695
739
547
791
559
683
455
803
503
775
531
939
655
779
547
759
495
775
415
643
575
671
559
747
591
747
447
799
567
491
643
927
707
819
647
871
435
715
535
759
623
659
671
715
551
627
543
695
383
803
503
651
515
783
555
775
483
763
515
731
527
715
507
763
631
811
531
775
515
763
495
751
531
659
363
839
531
887
391
815
479
823
499
627
495
723
503
703
583
807
491
827
475
691
619
811
455
759
603
727
683
667
415
735
571
739
595
859
683
763
623
795
463
611
507
611
543
795
635
703
747
719
487
739
475
779
483
715
611
679
675
663
455
807
435
739
679
767
715
815
615
671
411
623
523
643
563
719
495
847
635
859
587
795
603
667
611
739
467
671
611
755
599
587
515
787
419
803
475
723
475
731
535
855
615
607
611
783
495
595
499
663
471
687
479
727
571
715
639
351
219
455
239
431
211
799
387
699
571
627
403
747
551
591
419
395
475
427
623
371
507
515
415
503
543
579
515
471
395
487
631
519
415
599
583
563
607
627
567
543
411
639
475
503
631
383
515
527
495
491
335
579
323
479
591
483
523
587
615
535
611
619
543
331
503
479
583
551
431
443
395
419
603
431
515
567
591
691
551
543
631
683
651
639
531
571
479
335
523
375
499
339
555
731
607
451
475
403
359
471
471
539
563
503
379
487
547
447
431
495
519
523
603
543
531
539
667
475
615
379
639
611
539
379
591
507
603
451
523
363
515
527
583
659
567
559
531
587
679
475
591
511
635
611
639
471
431
495
531
523
339
519
587
547
511
483
551
559
459
551
455
599
515
491
499
547
607
535
287
523
339
407
703
511
515
511
683
475
447
599
579
587
447
415
615
643
387
439
539
559
711
327
447
411
535
607
591
443
491
443
603
467
563
631
631
559
639
551
499
495
579
483
579
439
571
539
599
455
507
611
567
535
499
431
495
487
571
391
383
535
347
507
551
339
527
479
603
543
411
427
583
607
383
307
375
443
439
391
419
483
439
467
511
499
475
643
515
467
471
475
643
531
483
455
611
507
515
539
595
483
619
523
667
439
543
539
611
491
575
619
623
503
607
555
651
667
571
519
679
591
691
547
451
483
555
635
487
423
419
587
539
559
507
555
411
463
471
515
563
479
527
543
559
335
463
567
583
611
683
491
515
523
403
495
471
507
539
451
427
591
591
543
431
575
523
499
667
367
499
371
487
491
483
531
599
391
595
499
487
495
687
607
519
659
487
491
443
675
531
363
663
551
551
663
627
399
519
511
559
463
575
387
491
607
611
503
487
527
535
599
659
507
527
587
571
547
515
379
675
443
663
423
567
443
423
491
551
483
583
407
451
471
635
491
459
479
627
499
551
427
499
447
635
655
551
563
435
271
679
395
419
547
471
467
547
475
623
631
599
531
519
515
443
491
579
435
491
375
539
499
551
555
463
611
483
567
503
567
463
395
543
355
507
415
467
419
563
535
451
503
551
611
511
523
483
563
443
559
539
647
627
479
363
539
479
515
679
531
587
543
499
587
511
507
539
431
503
483
523
619
575
551
651
587
487
627
475
551
559
411
451
627
603
603
615
507
487
523
563
551
567
595
491
439
479
483
643
571
575
615
147
0
291
371
527
299
