427
535
451
475
327
515
463
583
350
571
331
447
323
639
267
599
511
559
403
427
375
579
287
515
263
611
231
539
479
583
343
667
318
727
411
599
455
551
335
503
423
359
327
567
359
571
415
599
471
539
355
775
419
431
363
439
399
575
391
599
483
631
370
607
555
475
515
583
507
555
359
459
339
731
419
483
443
715
391
707
391
551
479
406
411
683
399
671
347
683
379
583
415
499
411
651
327
591
315
575
415
463
527
503
419
499
383
687
423
683
327
503
523
739
347
651
391
535
415
595
355
603
491
499
303
527
383
531
583
535
383
555
463
607
231
535
283
471
327
599
450
691
631
543
491
543
267
543
283
587
271
567
363
603
486
487
427
659
355
515
307
751
375
595
511
547
179
627
199
619
391
579
423
551
315
551
507
495
511
515
375
731
351
511
439
619
271
631
383
519
231
491
439
627
379
523
447
531
263
547
315
487
211
431
307
627
467
623
371
703
363
543
391
599
334
559
391
651
314
679
499
491
487
671
407
651
439
594
343
395
231
631
291
571
379
687
431
571
415
759
358
647
287
563
279
547
315
427
335
599
311
595
390
751
335
603
347
627
339
575
351
483
451
555
375
527
411
663
367
535
431
547
235
643
267
427
462
607
283
543
395
551
291
575
443
675
443
563
463
711
347
691
359
735
399
447
463
407
399
467
503
455
415
391
535
583
247
735
395
583
323
535
335
495
375
470
279
539
275
567
415
435
339
575
323
507
395
414
371
595
415
627
423
743
239
511
307
679
455
663
319
535
319
551
207
511
383
503
363
575
379
551
323
479
443
555
459
639
299
543
427
623
379
655
351
527
375
579
279
527
387
443
443
611
391
579
327
703
299
671
395
419
371
567
515
499
411
587
435
587
359
647
423
707
355
567
315
475
375
715
347
415
367
459
503
691
235
563
415
611
443
531
411
503
303
591
355
499
458
651
359
479
511
467
263
583
387
538
291
391
391
623
327
551
391
495
439
543
178
355
311
623
391
599
311
623
391
731
519
671
419
583
442
615
335
507
343
567
375
559
271
615
299
679
475
719
355
655
387
595
519
539
287
583
327
451
355
606
175
595
511
591
327
511
450
482
594
651
419
755
495
619
231
647
491
647
511
343
11
207
19
211
62
435
215
627
375
587
391
503
379
211
391
303
347
239
279
347
355
447
251
271
342
319
283
251
427
319
411
399
426
379
347
343
443
299
447
283
235
427
295
455
351
347
459
231
351
311
395
247
371
335
451
247
331
255
335
283
487
271
359
199
419
155
451
378
431
371
291
187
471
323
371
399
319
255
419
311
391
327
235
319
495
327
271
315
303
327
175
295
255
303
411
131
411
335
271
335
375
331
355
327
219
527
439
307
347
323
363
303
379
259
391
227
259
331
447
427
471
291
271
363
355
343
311
367
355
371
351
383
303
391
519
427
427
255
455
391
527
315
439
291
371
323
287
367
315
363
327
355
419
91
279
399
363
291
354
271
343
475
275
231
223
455
287
351
262
343
419
375
515
223
359
411
311
187
267
335
391
311
331
447
335
335
351
451
391
323
343
283
467
283
211
239
395
383
303
307
283
279
358
307
491
439
315
371
447
235
295
351
367
395
291
215
395
371
451
303
359
243
347
367
407
331
399
215
351
371
255
223
379
399
171
171
367
351
411
347
443
335
311
231
311
415
383
311
298
379
391
443
363
287
355
255
303
327
375
331
367
295
219
314
211
199
379
295
271
351
439
399
263
359
431
367
311
227
335
207
287
406
307
335
315
343
335
343
387
287
303
343
195
355
387
475
187
255
315
387
327
175
243
331
415
331
331
171
367
367
375
331
355
423
395
331
343
419
431
323
463
383
255
243
455
423
263
319
359
411
183
347
223
419
387
455
239
399
250
323
451
347
335
190
271
351
215
323
431
395
471
323
323
399
423
227
287
263
435
342
335
275
339
471
375
299
279
331
327
387
243
251
351
346
323
431
483
399
327
355
407
279
359
359
427
267
51
299
387
211
283
435
387
275
211
411
423
175
419
347
459
235
451
463
379
379
411
355
251
187
303
295
283
459
391
331
383
283
303
335
247
275
306
479
411
367
499
307
279
311
303
411
431
239
347
399
446
371
347
263
287
275
418
247
395
223
423
398
487
415
327
191
343
315
451
291
287
327
187
423
307
375
275
391
407
275
295
199
415
367
507
355
395
475
335
447
423
451
211
139
415
303
251
259
399
227
223
283
327
359
263
407
195
319
327
295
331
327
343
383
307
347
323
187
447
267
287
370
395
395
255
287
374
426
187
303
235
299
263
307
151
391
391
127
207
407
