299
715
447
523
427
631
343
447
399
555
423
559
267
507
267
451
483
771
555
463
267
503
499
659
447
495
435
659
447
507
407
459
403
639
307
643
391
675
363
647
447
639
287
575
383
467
423
631
371
647
259
639
283
735
199
487
475
559
483
523
443
539
287
595
379
639
299
651
491
559
323
595
327
663
471
531
419
679
355
683
307
643
531
447
519
575
519
595
327
667
463
579
355
547
291
679
419
655
251
615
479
575
355
567
487
627
259
527
315
583
199
619
407
651
395
563
611
539
303
607
555
591
371
543
475
587
479
651
451
791
375
627
503
539
263
519
371
487
547
451
415
659
359
563
287
555
363
535
363
559
319
607
423
683
243
575
411
423
323
399
403
675
239
695
427
583
399
495
435
447
379
523
491
607
375
683
367
487
391
459
275
499
355
623
555
571
251
451
323
579
347
683
351
495
191
547
399
675
415
627
559
635
279
611
391
479
427
627
423
643
247
483
391
659
263
607
503
591
395
475
263
527
315
555
439
515
311
555
315
583
395
363
407
567
227
643
407
731
303
499
367
619
435
583
319
611
207
559
455
675
399
399
411
655
291
523
339
531
235
507
295
399
199
551
423
559
343
603
331
663
339
483
451
583
367
475
451
599
355
483
479
447
287
559
563
623
411
487
359
667
475
487
335
615
315
523
459
451
323
667
411
583
255
643
387
711
375
687
347
619
471
631
159
495
311
663
339
419
423
531
367
603
239
599
371
523
383
527
295
563
347
535
247
463
415
523
355
487
331
707
207
703
379
579
415
511
347
687
503
747
475
495
303
643
275
655
355
555
271
555
355
591
331
467
431
755
419
503
279
611
363
687
331
531
203
451
343
639
471
531
399
667
247
619
287
535
459
495
507
447
367
483
411
619
519
491
431
675
419
395
395
567
379
739
415
519
411
447
403
471
611
515
623
491
415
511
415
603
307
519
303
783
427
491
307
635
519
695
487
675
411
467
311
623
471
655
475
675
423
683
259
607
375
379
399
631
323
515
303
615
455
643
407
563
407
691
495
375
363
511
343
567
467
463
207
555
503
615
399
583
403
435
363
675
331
639
403
587
499
399
403
639
351
679
551
583
331
511
371
551
531
491
475
675
355
515
279
259
91
395
171
423
103
467
327
547
323
531
367
515
347
615
523
255
323
287
307
383
251
403
279
331
279
483
379
391
379
431
327
335
443
359
303
375
391
331
315
295
375
395
423
403
515
363
151
531
419
451
327
359
315
391
355
251
331
323
267
327
407
303
231
223
503
307
375
319
487
359
311
443
471
495
319
239
295
267
267
283
443
427
499
307
307
439
463
267
563
443
327
239
411
267
259
347
491
507
311
395
463
395
479
527
267
375
319
399
527
279
255
371
459
327
403
399
327
195
323
383
291
391
299
455
535
183
475
275
363
431
315
363
215
279
391
107
383
383
403
291
471
459
447
255
303
243
363
447
411
183
0
283
419
315
327
351
119
367
379
279
287
307
383
335
327
467
391
239
423
219
455
299
407
367
455
415
395
291
323
223
327
367
463
467
243
479
403
371
391
423
531
411
499
251
355
343
355
367
455
303
251
335
223
311
539
403
299
287
299
267
439
311
343
319
247
355
479
259
355
519
319
235
291
415
279
339
363
319
459
291
243
287
315
315
315
395
391
343
383
387
379
311
363
319
327
147
275
251
455
311
351
311
295
343
407
503
283
283
359
207
423
167
467
259
299
371
439
515
511
295
295
303
335
335
215
335
279
331
427
203
407
471
363
323
467
375
375
283
391
271
359
187
387
347
495
271
439
287
423
287
467
455
439
227
379
439
311
275
475
343
271
351
227
507
455
303
319
367
283
319
259
315
415
283
379
351
311
427
335
227
415
387
343
435
439
447
519
375
271
351
347
391
263
367
383
471
403
259
287
427
407
223
331
255
475
463
415
363
223
447
255
395
247
407
427
515
399
399
391
395
435
459
363
403
255
219
283
363
395
431
379
515
351
407
335
471
351
415
367
359
399
311
275
347
327
559
403
275
427
255
391
243
427
355
363
379
411
255
391
303
339
395
291
415
431
227
263
439
267
311
355
363
391
371
335
415
391
471
403
371
487
267
427
351
307
283
375
315
263
211
555
375
359
403
339
179
339
367
359
495
255
447
379
455
491
411
351
367
347
283
351
327
299
331
495
319
315
195
215
307
383
307
399
347
435
327
331
471
447
351
371
319
411
399
279
263
443
423
291
535
363
291
323
247
303
187
515
339
331
415
307
483
391
343
299
383
391
455
455
287
135
467
327
187
291
207
247
287
295
347
415
307
263
511
519
639
