1719
1843
1791
2043
1894
2019
1991
2058
1779
2119
1913
1975
1795
1989
2087
1983
2075
1914
1759
1942
1811
2010
1719
2091
1711
2014
1651
2039
1850
1923
1831
2094
1911
2023
1727
1983
1843
1995
1619
2087
1847
2075
1875
2118
1743
1990
1771
2011
1875
2062
1827
1898
1767
1991
1851
2046
1759
2030
1831
1887
1867
2079
1863
1957
1755
2109
1739
2051
1919
2147
1723
1995
1834
1874
1935
1999
1879
2223
1782
2131
1842
1950
1911
1831
1883
1931
1861
2163
1774
1975
1966
1923
1651
2263
1787
1939
1871
1983
1738
1931
1838
2115
1855
1855
1786
1815
1815
1927
1919
2123
1927
2023
1927
1995
1743
2042
1846
2007
1726
1950
1787
1999
1839
2145
1899
1983
1767
2094
1915
2023
1947
2155
1847
1951
1831
2059
1747
1931
1739
2099
1851
2095
1847
2179
1863
1918
1809
2111
1699
2099
1875
2163
1751
2019
1811
2075
1722
1987
1823
2063
1887
1971
1874
1971
1843
2007
1806
1979
1891
1911
1799
2094
1850
2051
1771
2007
1875
2011
1823
1933
1663
2002
1787
2031
1833
2087
1806
1962
1931
2195
1703
2023
1794
2131
1733
2074
1771
2013
1707
2022
1907
1998
1919
2091
1887
2171
1855
2027
1783
2039
1895
1959
1735
1947
1818
2047
1915
1987
1699
2013
1858
1963
1779
2071
2063
2019
1758
1955
1842
1945
1951
1951
1809
2046
1691
1903
1863
2013
1802
1995
1751
1998
1847
1874
1847
2019
1899
1959
1859
2055
1883
2066
1767
2115
1886
1947
1775
2147
1867
2023
1759
1963
1913
1975
1881
2111
1862
2087
1767
2099
2011
2190
1783
2063
1759
2043
1915
1999
1767
2135
1743
1947
1835
2030
1805
1982
1835
2006
1971
1982
1905
1951
1883
2149
1967
1995
1775
2031
1725
2115
1743
1935
1815
2166
1858
2115
1883
1802
1861
2219
1827
1979
1663
2143
1875
1927
1919
2133
1679
2023
1838
2051
1939
1919
1823
2063
1707
2011
1811
2046
1777
1867
1906
2215
1734
1915
1715
2015
1966
2178
2042
2186
1691
2055
1786
2019
1817
2091
1931
1978
1731
2010
1851
2041
1715
1943
1854
1999
1882
1914
1875
1847
1783
1903
1762
2067
1767
1929
1871
1954
1863
1967
1834
2051
1750
1998
1875
2039
1839
1958
1871
1971
1851
1998
1755
1887
1918
2031
1858
1910
1795
2046
1862
2063
1723
1871
1799
2118
1799
1835
1943
1835
1846
1942
1951
2029
1766
1923
1711
2086
1758
2099
1867
2094
1739
2111
1751
2043
1851
1954
1927
1939
1871
1919
1862
2067
1815
2147
1835
2137
1935
1925
1939
2045
1815
2211
1747
2059
1639
2053
1723
2009
1814
2087
1839
2091
1823
1987
1874
2066
1910
1955
1941
2011
1758
1999
1705
1935
1821
2075
1799
2234
1923
2015
1798
1991
1771
2047
1843
2071
1711
2047
1951
2055
2030
2022
1887
2073
1755
2059
1782
2147
1855
2046
1783
2058
1783
1998
1887
2067
1834
1906
1871
1925
1766
1975
1991
1639
1499
1715
1567
1642
1478
1958
1698
2039
1646
2059
1643
1999
1862
1771
1855
1751
1747
1847
1783
1665
1739
1698
1714
1959
1875
1735
1755
1595
1839
1774
1783
1730
1935
1759
1790
1695
1790
1834
1839
1855
1763
1755
1667
1754
1719
1763
1793
1865
1858
1719
1743
1875
1766
1851
1757
1887
1855
1699
1727
1802
1659
1727
1951
1814
1849
2002
1643
1803
1741
1747
1915
1714
1845
1671
1803
1586
1799
1734
1774
1755
1739
1699
1867
1617
1862
1871
1883
1839
1855
1647
1839
1683
1827
1863
1891
1727
1759
1859
1873
1751
1847
1727
1775
1741
1815
1807
1947
1795
1667
1682
1783
1851
1647
1771
1726
1747
1731
1883
1803
1775
1827
1603
1906
1667
1735
1791
1691
1814
1854
1815
1838
1818
1815
1830
1850
1703
1683
1818
1839
1715
1933
1754
1783
1802
1778
1839
1843
1754
1723
1799
1891
1671
1783
1843
1895
1746
1894
1655
1835
1907
1791
1879
1737
1803
1606
1775
1750
1871
1735
1722
1823
1811
1791
1747
1771
1819
1791
1778
1881
1930
1882
1783
1927
1757
1979
1783
1783
1742
1819
1807
1846
1803
1747
1779
1730
1591
1815
1879
1927
1851
1747
1610
1719
1825
1946
1819
1883
1838
1822
1883
1855
1755
1815
1831
1782
1831
1735
1747
1631
1761
1975
1739
1718
1739
1835
1810
1814
1747
1918
1762
1798
1819
1651
1743
1794
1835
1803
1879
1770
1621
1647
1679
1899
1739
1718
1774
1755
1754
1651
1783
1810
1903
2003
1887
1825
1917
1783
1922
1875
1747
1811
1615
1759
1739
1822
1883
1914
1918
1906
1815
1703
1895
1874
1770
2006
1767
1703
1851
1694
1819
1695
1863
1875
1749
1947
1811
1770
1751
1758
1743
1801
1687
1923
1639
1874
1703
1806
1858
1631
1819
1783
1707
1839
1663
1794
1730
1687
1915
1766
1883
1851
1847
1855
1867
1771
1807
1767
1774
1747
1842
1951
1759
1875
1765
1831
1739
1891
1671
1839
1926
1719
1847
1887
1707
1766
1827
1747
1747
1794
1739
1811
1687
1795
1751
1702
1733
1774
1735
1787
1907
1857
1678
1859
1683
1886
1707
1774
1971
1767
1819
1971
1906
1842
1846
1827
1835
1683
1759
1818
1855
1825
1818
1779
1803
1755
1889
1861
1690
1770
1887
1863
1805
1827
1799
1862
1899
1743
1751
1783
1747
1743
1747
1819
1783
1878
1863
1839
1598
1827
1779
1753
1746
2011
1810
1895
1607
1766
1762
1775
1674
1914
1795
1899
1902
1723
1619
1757
1667
1862
1738
1791
1843
1925
1943
1823
1821
1830
1843
1883
1786
1811
1799
1767
1802
1910
1819
1947
1763
1703
1795
1731
1815
1803
1759
1751
1775
1666
1867
1875
1778
1739
1650
1934
1855
1819
1907
1719
1825
1775
1767
1842
1751
1767
1566
1843
1843
1791
1770
1690
1773
1822
1810
1766
1838
1667
1623
1966
1847
1942
1919
1691
1735
1686
1803
1759
1707
1771
1711
1747
1785
1803
1847
1719
1909
1659
1759
1727
1755
1807
1731
1827
1785
1865
1750
1755
1835
1859
1851
1831
1943
1841
1723
1693
1727
1771
1667
1743
1991
1823
1927
2239
2011
1830
1507
0
2007
