671
895
687
851
539
807
615
671
551
823
619
851
619
807
695
814
774
879
690
867
615
831
514
895
587
834
447
795
691
695
599
843
527
802
587
847
595
802
559
727
575
847
603
851
667
759
374
707
498
942
642
747
687
799
654
930
443
843
583
811
591
711
622
815
755
783
578
783
719
827
631
915
510
719
623
771
579
747
667
871
455
826
491
827
527
843
711
702
691
847
659
747
699
879
579
787
523
826
826
875
707
851
583
875
578
767
571
758
643
879
743
707
658
863
735
875
502
843
623
683
591
751
551
871
503
783
715
955
715
827
703
799
463
935
603
823
627
763
695
747
683
867
571
751
634
899
482
803
599
815
547
711
711
819
675
859
643
734
643
763
603
787
643
871
590
691
678
914
599
783
607
786
627
943
547
783
695
991
675
774
595
739
663
734
463
859
539
839
627
839
543
622
722
907
714
683
655
671
523
767
543
715
714
731
555
835
538
679
638
871
791
875
783
791
707
835
687
795
650
855
587
715
647
743
643
859
699
787
699
763
627
911
619
754
671
967
615
687
551
891
595
819
495
827
671
783
591
742
515
831
578
847
715
815
635
847
795
782
451
803
499
798
679
767
587
958
647
811
519
823
723
754
659
771
571
659
567
842
527
755
567
887
607
927
695
827
727
819
766
919
539
798
770
815
507
759
615
819
635
719
611
895
663
903
603
935
707
718
606
922
595
735
767
786
723
922
511
903
579
723
675
835
482
647
611
811
571
719
603
791
731
823
611
831
723
987
526
959
582
847
507
847
727
719
567
799
571
858
647
838
579
867
683
867
671
722
715
783
590
779
735
935
587
607
579
747
546
939
643
838
623
647
831
795
558
795
514
639
419
855
655
911
638
775
679
863
523
907
699
747
611
871
587
818
607
959
599
843
555
790
679
859
367
719
899
831
611
707
527
803
635
971
687
854
646
831
583
767
531
879
587
839
503
903
591
763
431
699
654
743
647
699
619
815
723
874
595
722
639
931
695
802
634
787
595
599
562
771
638
887
691
699
631
806
631
791
555
775
667
843
663
783
510
767
539
738
359
855
563
703
539
839
495
759
591
859
731
683
802
811
511
759
667
895
699
767
583
583
699
927
575
859
511
711
463
835
451
523
211
503
315
551
339
835
543
790
506
843
654
847
647
679
483
522
530
595
507
555
562
547
583
491
615
583
755
407
687
519
443
659
455
699
534
587
531
567
603
591
543
447
599
487
667
527
538
571
639
503
583
515
607
571
527
535
543
579
483
567
747
518
539
359
503
555
646
607
514
610
562
531
611
586
611
623
575
555
491
550
491
507
547
614
563
563
535
495
523
667
574
775
651
503
679
467
635
575
591
495
543
571
630
535
699
527
559
583
543
671
574
526
675
575
647
442
595
531
547
523
615
558
475
591
651
459
635
579
723
719
647
707
615
567
471
435
687
639
550
587
791
535
550
535
615
615
531
571
730
715
510
522
611
735
515
655
599
574
579
547
503
403
630
546
611
630
535
627
575
602
502
567
555
595
523
582
519
699
527
615
451
527
547
566
675
627
547
475
543
499
623
603
583
499
587
446
591
510
391
519
539
674
503
631
615
511
711
767
439
602
507
599
603
707
543
479
575
587
527
547
559
515
635
615
707
598
495
563
623
571
478
583
567
739
479
626
547
467
486
719
643
651
427
703
447
539
719
475
522
670
599
523
499
395
663
659
779
483
667
651
338
406
594
411
619
467
727
491
551
503
675
471
595
695
535
499
683
538
731
507
583
595
791
467
507
619
546
647
638
551
611
622
579
527
603
539
551
683
427
659
559
691
594
711
762
607
471
394
567
646
603
654
570
707
595
707
735
563
542
511
419
639
631
619
595
347
699
574
462
591
627
447
583
511
642
662
591
598
695
563
603
583
563
527
619
594
594
615
535
511
691
575
579
619
475
455
555
538
442
555
687
791
607
799
639
483
643
610
671
647
591
375
687
502
667
630
474
519
359
635
598
687
579
470
611
598
483
447
667
531
567
455
679
503
667
435
655
659
658
647
523
659
567
399
495
690
510
478
487
558
563
687
675
463
698
699
587
651
563
347
783
619
622
483
674
507
766
563
511
523
607
482
555
507
467
690
539
547
463
631
546
615
383
635
707
611
431
523
611
538
655
674
567
579
555
563
523
778
571
618
499
435
683
466
531
571
611
487
527
575
563
619
515
543
627
595
647
643
639
451
683
491
639
707
591
491
558
583
454
526
727
547
495
471
618
587
703
587
499
575
511
431
547
619
550
547
579
591
531
451
551
607
575
611
511
447
623
543
579
667
531
0
311
459
406
726
