495
667
471
635
471
631
339
643
447
647
419
555
495
662
343
559
434
615
295
563
343
619
494
523
219
599
363
599
539
643
375
707
419
650
315
646
527
651
259
563
623
695
191
579
426
679
467
671
423
539
391
571
323
703
403
558
383
451
339
662
455
466
371
571
427
655
395
627
555
530
354
495
395
739
403
570
447
715
366
595
563
631
451
558
519
587
359
695
422
547
303
443
379
591
399
663
475
659
639
574
415
546
315
547
511
539
459
703
475
515
327
827
475
599
526
435
491
634
471
643
479
770
263
547
463
655
419
606
467
626
423
634
427
562
382
639
411
698
427
559
319
527
515
743
411
563
395
487
479
583
499
574
483
731
479
583
358
587
295
531
434
566
351
747
427
622
399
659
423
571
347
635
631
650
431
682
583
703
459
507
351
619
482
631
483
631
474
743
423
671
543
687
443
742
371
615
494
579
487
647
415
703
351
639
383
699
303
671
499
583
406
590
547
763
402
547
423
578
463
359
466
679
370
607
439
659
419
703
411
639
299
719
411
595
399
618
443
679
379
566
207
743
355
487
562
526
543
559
327
703
495
599
451
639
595
603
407
635
407
687
307
782
419
571
499
639
503
679
435
691
399
571
331
591
503
671
346
579
387
575
439
591
247
559
414
747
402
563
535
607
363
535
487
675
379
599
515
579
567
671
323
575
371
635
422
590
395
583
322
595
459
835
419
546
439
467
563
639
427
599
479
782
403
607
431
667
431
542
319
735
503
715
367
819
287
571
407
790
395
519
358
647
311
567
567
643
343
651
455
675
451
683
375
651
431
594
487
719
419
582
331
611
391
599
375
587
335
587
527
687
466
694
571
595
355
702
503
583
271
547
371
723
379
446
543
507
391
691
463
615
555
575
370
799
491
551
455
486
495
555
515
695
591
523
403
731
291
475
486
595
423
595
543
739
459
555
399
571
423
731
486
626
463
563
239
683
422
483
423
683
338
803
398
550
463
643
498
663
343
439
358
498
519
759
291
766
375
575
379
635
367
647
479
631
319
523
299
698
495
651
427
635
315
595
519
763
319
587
511
610
407
570
499
574
387
583
419
599
410
778
463
611
582
615
463
727
471
611
427
731
450
590
499
707
482
734
471
367
39
267
223
427
0
687
327
707
339
519
279
647
387
407
390
559
507
295
431
279
387
355
315
455
495
343
375
391
547
431
290
371
318
291
406
203
346
366
455
403
211
311
535
507
475
343
498
355
495
470
411
291
398
338
303
443
227
443
487
291
383
487
454
475
415
366
282
427
591
411
235
387
619
463
418
399
511
491
547
371
355
391
338
319
398
555
407
459
339
419
339
398
539
402
339
395
338
491
459
475
367
479
382
311
455
443
495
435
511
499
415
310
323
435
351
331
278
419
323
371
399
323
351
475
355
551
378
367
463
355
407
327
446
431
347
430
442
447
415
483
318
407
383
426
522
427
351
431
399
458
267
314
434
411
447
355
535
347
291
543
491
335
403
386
391
479
291
347
334
311
427
586
423
523
394
491
455
495
339
278
447
307
434
271
346
443
435
335
387
423
542
443
483
463
339
454
419
426
199
398
503
387
450
567
478
343
558
527
371
543
431
531
175
370
287
239
551
507
382
495
371
431
467
291
463
343
427
255
343
295
495
483
323
331
519
351
451
391
475
259
446
427
462
331
354
251
371
471
523
403
455
491
435
531
507
478
566
495
463
286
471
463
379
347
543
398
515
363
555
478
559
354
326
475
519
415
235
378
327
399
291
555
511
450
382
423
355
330
403
463
535
407
450
263
419
279
471
519
435
470
367
295
335
411
426
442
439
331
223
511
447
331
467
443
431
459
462
379
443
339
387
339
275
471
198
463
367
426
535
523
442
418
383
483
383
387
203
359
403
379
511
291
410
495
355
387
319
399
423
435
382
515
419
567
479
427
387
435
551
455
411
319
379
467
507
491
370
438
426
327
419
343
391
327
430
371
439
291
263
378
615
523
434
431
403
298
419
387
391
383
387
375
315
419
351
555
455
394
354
267
519
418
443
331
394
211
434
359
455
375
387
535
515
403
451
359
555
223
315
359
423
323
431
350
411
335
403
407
419
406
483
502
483
490
387
455
550
295
439
354
510
379
307
351
362
386
347
451
607
371
427
295
483
387
407
179
415
451
507
322
559
487
523
427
515
391
331
363
443
299
407
447
639
263
447
571
415
406
575
215
350
443
527
271
471
559
518
390
347
442
363
298
387
299
411
375
538
351
503
502
367
319
299
371
418
523
347
319
303
455
471
295
523
331
210
427
243
399
263
258
51
291
39
255
215
291
