467
887
455
615
499
779
563
727
559
855
459
775
547
595
491
695
427
783
583
743
547
783
607
887
439
847
507
771
427
575
559
723
483
719
555
691
535
687
487
747
559
823
575
735
523
779
471
679
579
743
427
655
483
691
463
795
531
771
491
767
591
683
615
827
439
715
575
763
483
787
483
647
503
659
547
695
603
707
471
691
615
635
487
647
591
727
519
763
707
787
679
779
695
815
507
735
583
719
467
647
611
747
415
731
483
663
531
743
487
819
623
707
631
915
655
771
619
799
615
755
643
719
599
651
651
691
547
579
563
743
471
655
355
903
507
851
571
771
491
623
599
663
571
731
463
871
467
659
551
751
487
663
527
683
527
691
487
803
631
595
503
791
479
647
519
791
451
707
415
639
423
727
563
771
663
691
467
831
503
819
667
803
563
743
699
831
551
815
467
771
631
727
407
811
531
755
343
819
591
771
587
755
571
603
571
655
519
799
599
615
523
631
479
623
555
691
547
731
455
727
411
851
667
671
451
799
567
731
607
671
375
739
655
851
499
851
403
743
523
735
483
695
591
647
515
795
399
715
519
723
411
543
483
591
499
799
455
735
479
855
507
687
559
699
595
619
583
779
519
839
483
687
467
835
587
719
643
727
719
771
455
583
635
775
583
683
499
671
631
659
439
667
495
727
495
895
511
667
491
723
455
831
515
699
419
727
515
811
519
675
535
799
663
795
547
743
563
739
631
739
675
739
607
771
407
763
611
743
607
771
487
823
551
615
471
671
631
775
555
751
455
823
507
787
531
831
627
771
507
763
639
723
671
835
363
635
575
723
475
739
623
663
363
731
547
751
431
743
491
591
535
695
539
723
483
803
479
571
511
667
431
835
511
587
667
771
427
727
523
655
551
731
691
735
563
755
571
891
563
675
459
811
627
683
523
767
547
755
555
775
511
779
547
731
619
695
495
787
655
867
599
727
595
687
639
647
555
919
499
603
479
731
571
811
495
795
511
755
523
559
515
751
531
963
611
727
575
687
683
859
719
723
543
691
575
743
643
867
671
647
463
667
363
943
587
759
551
783
527
759
535
707
559
699
603
823
671
715
467
959
499
827
491
783
643
859
575
739
523
651
543
667
547
699
523
671
607
483
219
403
251
439
307
763
511
691
391
691
639
731
395
451
643
603
487
447
583
471
527
507
563
535
639
523
407
543
551
475
567
479
523
603
455
491
527
455
535
575
467
363
467
427
491
615
531
507
527
539
467
547
591
527
555
575
615
447
463
599
643
451
527
471
531
531
459
551
579
467
415
551
515
423
503
487
595
467
575
423
515
427
607
487
555
467
395
511
463
499
575
535
499
395
539
587
387
423
503
451
331
467
447
495
507
667
659
551
495
519
679
563
411
583
547
491
499
619
491
367
527
503
547
359
523
619
507
451
615
515
419
327
467
543
551
443
459
355
475
555
471
399
523
559
495
491
495
667
499
491
431
491
563
571
587
583
407
555
523
483
583
463
471
491
427
547
519
427
499
559
511
435
507
671
543
515
583
467
535
463
435
619
471
511
555
531
459
535
507
491
423
619
519
323
367
415
531
535
515
391
391
319
575
407
575
647
487
531
507
491
575
435
659
535
391
579
491
491
487
487
403
587
551
511
387
307
499
395
515
459
599
515
551
407
575
487
539
575
491
511
575
483
415
431
675
599
375
443
439
495
555
591
407
455
635
463
471
447
623
427
387
535
435
323
463
495
423
427
643
543
387
527
571
467
291
491
483
499
391
491
523
451
479
431
411
455
591
483
499
719
447
571
431
503
415
495
659
351
427
499
491
499
491
547
579
419
523
575
551
387
439
439
603
639
507
511
691
551
483
527
579
635
583
395
479
519
239
527
603
523
603
427
539
571
591
479
567
663
471
467
491
523
319
427
467
383
375
623
531
427
567
503
623
595
583
335
583
491
391
307
471
475
435
575
507
471
423
587
483
479
703
399
523
415
479
591
575
459
467
463
559
539
639
475
403
399
479
363
599
455
599
359
551
423
627
327
507
455
587
471
511
459
471
303
707
355
539
395
583
395
655
399
403
415
475
515
655
539
403
511
559
487
423
379
587
531
415
687
527
427
567
471
587
347
471
527
491
471
559
463
463
631
379
563
479
611
443
463
631
419
635
431
567
599
443
579
455
431
663
615
575
575
555
391
639
563
343
479
543
507
403
551
639
559
551
467
563
615
687
419
551
431
531
547
603
603
499
631
415
435
511
491
631
279
631
575
583
359
531
463
571
279
671
511
515
487
499
387
567
355
459
267
427
411
331
547
511
523
547
519
871
463
231
699
419
771
