627
603
491
771
471
787
451
659
551
647
587
683
479
639
471
751
483
707
355
635
471
699
547
615
403
699
419
627
491
735
499
659
423
807
443
619
499
643
243
547
555
867
475
643
683
639
499
683
383
751
467
843
439
555
383
599
283
683
583
811
415
791
347
683
483
551
499
663
431
643
495
643
507
659
399
755
463
703
335
719
563
703
387
671
543
643
371
739
487
683
515
675
535
631
427
551
531
755
519
715
491
727
323
771
527
799
579
575
427
723
379
739
463
659
595
811
427
623
443
539
503
551
443
707
399
543
415
707
647
563
523
791
499
803
395
667
535
635
387
607
515
795
487
639
507
711
495
635
519
735
467
631
423
667
595
707
531
647
567
735
403
627
335
607
607
799
427
851
423
715
523
575
543
555
423
647
539
827
391
619
475
759
407
799
599
615
443
787
435
803
603
723
579
807
419
667
523
599
651
739
239
667
591
715
471
727
499
659
491
595
467
723
635
711
295
583
407
735
639
811
483
663
467
747
651
703
551
583
435
711
503
735
399
659
467
763
359
731
451
723
403
675
463
719
503
595
495
671
367
675
323
627
431
475
435
611
419
823
519
655
547
719
343
615
571
651
451
719
483
667
327
751
447
655
483
535
395
555
455
763
519
783
487
659
487
731
475
703
523
739
491
691
363
703
379
651
511
775
439
555
547
743
255
643
487
535
463
687
319
519
331
619
503
647
315
667
451
535
455
667
675
651
623
763
443
707
511
775
595
651
439
735
431
883
587
663
535
667
547
763
603
663
355
619
339
711
563
747
475
671
431
803
499
747
571
763
467
799
423
587
431
567
411
695
459
691
571
651
675
855
415
579
491
655
563
659
427
531
383
555
375
807
519
767
391
727
387
699
535
667
571
595
259
763
363
659
419
703
291
603
543
671
539
719
259
755
479
587
523
491
483
799
431
559
351
687
647
603
559
703
531
611
487
619
603
539
403
719
467
719
375
615
399
583
551
719
511
735
479
679
563
663
519
683
527
451
419
715
443
603
511
755
507
727
367
631
423
747
451
675
567
739
455
743
651
627
475
667
467
687
371
783
435
635
567
607
587
663
515
675
571
779
439
587
507
595
483
795
559
723
483
679
563
799
439
655
535
479
79
555
143
403
107
575
475
671
431
783
463
675
583
463
467
531
367
415
459
511
399
527
471
479
455
423
427
331
459
379
383
455
367
467
371
439
535
439
459
515
415
455
391
443
375
455
371
319
439
535
431
563
475
427
483
391
523
479
539
515
395
375
499
407
411
479
479
399
531
507
567
391
495
427
471
507
315
451
347
351
279
379
523
499
399
487
315
463
547
379
427
411
459
475
383
351
479
487
491
439
423
491
511
483
551
543
391
411
491
523
319
591
523
567
499
351
415
467
499
423
487
395
479
371
455
451
555
579
407
379
407
315
499
355
599
343
547
447
391
499
479
443
511
511
391
439
515
447
375
283
491
479
603
535
499
415
575
455
371
411
407
403
483
415
467
359
487
419
439
431
559
427
595
339
479
367
531
539
495
427
479
487
367
403
567
407
483
467
399
491
519
371
479
407
511
427
515
411
587
403
231
459
439
371
451
351
375
295
423
411
475
455
475
367
467
459
263
395
583
463
475
499
583
379
479
479
507
591
435
371
559
335
387
439
511
503
503
427
435
623
607
339
407
475
471
243
395
375
335
415
539
387
499
431
459
423
491
463
491
275
447
359
415
439
367
391
471
403
515
471
443
391
599
371
403
327
431
431
335
431
443
459
587
591
355
403
515
411
467
415
487
343
259
539
511
455
551
479
323
379
491
431
395
299
467
495
443
495
503
443
459
271
651
327
583
507
491
479
395
415
431
419
467
491
567
479
491
435
407
555
407
603
403
555
531
431
487
375
579
487
347
447
399
331
439
475
391
339
443
435
459
459
583
475
431
539
411
431
443
511
519
391
259
435
551
455
499
419
503
475
471
423
491
503
559
467
495
391
435
399
571
543
419
403
411
439
379
467
367
295
431
495
539
555
567
575
399
399
451
459
591
423
511
351
503
331
399
539
499
439
487
435
503
355
527
411
399
475
447
347
495
403
451
603
543
451
619
395
387
415
375
319
475
319
375
331
455
443
551
447
579
391
307
511
495
447
447
355
395
459
487
411
527
471
299
363
435
571
411
491
319
507
451
335
491
383
491
443
483
535
399
559
627
423
423
475
703
495
303
343
415
503
567
411
519
363
479
399
459
331
471
555
547
343
503
495
587
379
355
443
483
391
415
375
395
427
395
447
519
583
371
451
403
511
343
423
543
455
343
379
483
475
183
163
47
479
