627
899
719
895
487
859
463
819
639
743
555
875
491
695
583
767
607
759
567
803
567
551
655
747
671
811
603
887
567
811
607
811
459
759
519
775
531
827
559
743
619
847
651
751
699
831
439
867
851
803
551
887
523
767
583
679
451
755
451
883
595
719
615
707
503
855
571
775
631
687
583
767
571
807
571
687
715
787
547
743
699
787
627
775
611
759
519
783
575
975
599
871
607
911
543
771
663
851
583
747
599
763
583
771
455
711
599
819
683
763
579
731
603
735
599
743
635
831
683
815
655
735
523
895
707
735
615
1015
503
827
639
911
631
727
719
795
543
675
607
703
687
855
499
603
499
783
523
727
571
691
543
875
615
843
467
807
703
715
599
815
723
839
659
803
623
719
571
671
443
755
659
919
451
851
471
635
679
755
583
711
507
783
611
735
491
779
663
803
447
835
499
871
631
931
567
703
579
703
495
735
667
759
703
595
655
791
507
931
583
579
783
695
371
855
555
871
651
775
671
859
451
799
415
1023
547
839
515
727
719
755
527
783
575
911
579
667
711
747
683
815
531
803
571
779
627
603
639
799
531
863
667
839
411
715
571
703
611
719
799
751
531
859
519
703
603
795
523
823
731
807
635
703
631
907
659
879
499
931
567
763
615
847
715
771
631
755
583
803
543
859
775
847
471
763
659
771
499
895
607
787
571
731
639
907
599
831
583
871
559
459
527
835
567
811
471
891
551
795
515
823
611
791
615
775
671
651
555
843
411
851
667
883
547
851
507
843
591
775
559
835
423
771
499
923
615
691
511
879
559
759
511
735
595
711
631
719
507
647
647
695
607
903
539
683
615
739
539
715
795
871
431
719
587
635
659
735
667
867
599
827
807
859
447
731
631
691
487
831
431
755
615
707
539
831
523
651
695
831
651
763
567
843
647
791
683
723
539
659
671
667
575
735
763
791
567
879
619
767
663
783
687
803
615
663
643
915
563
971
587
915
639
843
775
707
455
859
595
835
767
887
539
831
427
731
611
843
575
743
635
835
591
739
739
791
583
751
491
783
623
723
671
771
595
707
647
871
559
703
579
851
619
659
587
827
659
983
695
771
551
735
639
735
515
791
587
835
631
727
695
639
711
707
563
859
619
859
555
523
143
563
267
499
279
923
567
859
499
911
687
739
591
507
539
515
575
627
655
643
623
543
575
683
603
611
643
543
527
539
611
443
775
675
719
479
487
599
595
567
651
651
555
559
611
563
619
527
511
631
499
663
535
411
603
583
551
575
703
587
467
595
499
511
703
555
551
619
551
459
551
603
675
503
511
531
559
483
591
467
491
579
539
731
603
459
491
643
651
627
483
507
719
507
495
547
615
607
731
571
571
419
571
511
743
539
639
603
807
515
535
519
751
615
615
531
451
539
511
555
515
583
491
659
615
639
695
591
615
531
567
623
499
583
563
583
539
523
683
523
631
443
555
643
563
659
807
635
523
519
539
603
611
635
535
471
595
711
559
467
571
451
615
555
535
551
627
607
511
503
647
615
599
507
563
503
587
495
579
519
559
631
563
423
551
599
627
559
595
551
635
651
707
447
639
467
567
483
463
343
655
511
459
531
643
483
539
387
635
499
511
635
675
515
527
639
575
703
647
523
667
547
615
499
583
451
487
667
619
679
543
531
427
447
507
635
551
619
731
627
555
551
475
495
607
555
591
491
615
631
475
551
651
571
583
487
639
503
583
607
515
471
499
535
583
583
571
527
647
595
639
555
495
495
563
523
579
663
675
599
715
527
603
399
607
587
411
443
811
519
555
435
499
703
719
447
667
419
579
523
599
419
559
463
691
419
711
531
579
615
623
647
715
547
547
515
619
599
491
479
683
571
567
531
631
523
571
519
619
651
507
443
563
511
695
539
647
523
491
559
611
503
399
499
619
487
531
551
531
651
651
563
631
567
407
567
595
579
539
551
691
575
651
507
483
467
575
563
547
563
547
479
483
619
483
503
639
599
603
591
655
667
447
499
611
735
723
599
575
583
439
611
651
567
711
571
671
575
483
463
511
535
583
519
535
519
555
575
423
671
607
643
467
507
539
655
575
535
475
427
543
651
627
407
551
739
555
487
451
479
471
779
591
535
515
519
635
571
427
643
527
543
443
523
543
807
595
411
443
551
487
639
571
599
579
647
567
371
731
539
667
595
431
499
523
875
723
587
703
575
619
639
447
571
615
643
487
487
599
627
671
515
703
523
567
407
567
715
519
475
571
471
539
587
571
607
631
651
563
451
687
551
567
443
651
491
571
727
623
711
515
483
555
495
543
435
407
419
599
407
931
675
591
515
0
731
