493
652
539
677
447
749
449
636
648
795
543
618
460
723
607
753
418
706
446
634
522
824
489
661
481
839
537
715
485
634
392
629
574
737
581
666
424
817
400
815
461
604
375
620
518
849
486
612
489
874
595
718
557
611
442
718
663
601
460
653
483
734
589
695
459
733
533
761
434
687
611
635
510
665
445
794
587
734
541
742
521
791
534
575
363
782
439
709
386
683
551
714
624
745
446
723
561
765
393
728
466
744
513
679
486
754
519
635
439
765
440
876
479
688
475
638
510
693
563
723
417
643
400
654
592
693
604
724
521
773
619
682
508
570
487
622
565
842
514
747
646
867
532
640
517
711
480
814
547
756
532
611
593
775
603
829
479
703
409
852
560
735
511
573
526
891
574
678
388
555
431
701
453
557
419
669
544
665
456
722
419
721
528
728
471
597
470
748
612
705
681
678
482
821
417
772
647
699
568
744
529
690
383
723
483
695
490
713
540
586
548
696
578
621
510
729
481
659
505
610
479
789
439
777
434
698
472
707
487
668
489
776
377
635
444
756
457
819
692
671
573
732
518
839
352
662
464
645
583
748
521
830
634
736
483
614
431
793
377
627
655
786
435
742
542
749
603
618
567
718
600
693
450
768
352
693
603
752
552
632
513
656
539
812
661
674
409
659
479
566
444
685
562
673
533
671
458
710
537
694
507
663
460
771
295
794
483
822
531
748
568
637
541
606
374
540
539
736
455
661
545
694
625
707
502
707
552
752
670
581
529
726
591
825
565
797
414
776
635
607
661
770
370
734
474
696
487
698
541
579
433
761
643
865
563
702
524
792
499
751
374
708
469
697
576
651
464
703
594
757
469
783
522
685
491
608
469
658
408
687
622
585
565
611
583
729
385
813
594
721
503
684
435
703
484
779
542
784
389
615
420
822
328
766
511
637
474
711
574
773
485
601
421
600
615
840
461
780
478
703
470
745
599
778
471
671
579
605
505
720
645
658
582
623
419
741
494
613
447
782
613
567
568
768
478
628
503
784
460
723
569
783
492
774
492
689
477
783
535
596
531
562
490
694
444
604
480
765
498
612
627
634
544
718
527
656
431
708
430
731
559
645
494
795
413
726
545
806
564
551
454
621
503
721
588
490
458
383
143
411
203
375
246
618
406
643
405
744
515
587
599
475
442
380
535
551
530
404
550
534
400
426
652
490
483
323
242
535
479
418
550
424
562
522
474
318
393
475
463
409
663
462
471
452
571
525
457
343
506
520
507
440
488
285
420
585
519
285
293
470
413
525
379
558
569
397
377
561
502
346
454
301
443
375
397
514
558
491
600
453
477
402
366
312
535
419
429
359
362
488
499
583
504
503
530
501
406
318
565
559
493
357
561
484
493
446
719
478
484
521
424
408
451
398
509
478
265
435
454
449
542
357
431
490
455
463
510
459
535
470
535
399
422
419
363
484
440
490
707
547
272
446
482
621
493
567
476
740
351
389
563
366
135
516
443
579
487
451
621
451
430
341
374
530
423
436
80
400
505
479
561
538
582
478
411
424
535
516
502
495
408
430
484
471
500
325
595
583
425
515
561
575
444
307
558
461
398
558
521
598
474
425
587
405
441
465
525
346
563
465
420
504
388
389
471
441
449
489
457
439
492
466
618
527
463
475
348
506
619
545
582
354
495
519
567
530
583
475
585
270
562
333
372
421
539
394
567
396
403
495
548
339
453
449
717
466
437
453
481
406
537
424
348
466
392
387
513
509
443
664
392
580
373
581
418
507
548
501
429
415
521
468
485
450
614
496
474
378
548
523
527
523
516
573
378
406
391
477
574
587
597
504
524
375
437
479
466
431
515
306
563
499
449
341
364
371
516
507
407
557
443
458
547
356
347
505
481
411
431
481
495
470
615
456
546
571
434
447
457
390
433
534
390
470
288
408
456
195
516
397
396
369
438
532
578
427
563
403
451
457
485
511
530
452
646
378
458
335
615
451
419
441
516
346
544
398
543
520
487
418
461
381
517
520
524
547
542
453
320
496
569
488
472
522
473
446
547
486
475
594
382
546
477
493
431
477
542
480
543
450
419
459
606
459
570
423
445
468
474
463
360
366
516
626
511
335
451
709
415
385
433
567
523
445
429
496
522
379
448
437
415
601
579
464
466
417
602
601
314
460
475
463
391
479
356
467
574
574
442
507
428
567
379
599
465
423
497
507
469
452
445
491
567
377
518
343
450
447
598
449
553
485
523
530
539
585
572
463
382
422
507
498
456
417
540
531
431
388
588
381
532
517
578
377
456
325
535
490
428
421
463
406
420
426
396
440
461
408
104
291
0
298
411
324
