423
595
363
655
563
775
407
475
415
447
391
587
379
667
299
547
503
663
403
591
483
647
347
763
423
463
271
551
443
579
351
667
291
639
387
639
427
499
511
663
499
583
391
747
371
699
335
687
415
687
491
611
431
571
499
575
439
623
443
447
271
587
475
567
259
631
471
635
315
475
383
439
323
719
431
647
603
599
291
647
375
579
347
523
295
687
467
519
391
607
395
575
459
619
335
555
491
643
463
691
559
539
267
731
287
635
371
619
299
675
323
451
283
407
339
619
415
627
367
635
375
663
543
699
367
539
387
751
475
651
343
619
367
587
351
551
371
731
203
595
459
659
403
643
487
751
387
507
387
739
283
511
487
615
375
543
515
571
435
571
415
675
279
579
375
543
463
499
415
699
387
627
439
695
543
495
415
647
623
847
535
575
355
723
267
575
479
699
447
691
415
619
331
555
483
659
403
743
535
543
331
699
459
631
547
735
571
579
387
655
339
563
407
543
439
659
439
627
495
643
531
579
387
587
395
599
271
575
463
499
355
603
387
727
447
771
363
607
399
659
395
647
463
659
319
563
343
667
311
667
335
611
407
559
483
623
439
695
399
595
451
607
451
579
503
495
451
699
423
499
515
435
375
635
467
683
383
687
359
687
487
615
447
627
447
671
339
575
455
583
295
675
427
707
327
559
315
699
387
571
399
735
363
663
383
691
439
631
527
523
427
679
403
603
459
587
347
691
299
691
431
647
479
583
471
611
455
527
419
751
503
595
391
507
467
623
427
675
395
675
327
699
443
571
395
527
439
415
231
743
443
555
291
667
499
499
295
563
363
595
307
675
327
527
475
683
379
575
495
571
419
803
455
691
435
595
387
579
387
691
315
567
359
571
379
735
495
567
375
643
479
535
239
679
319
683
395
535
387
647
471
727
471
543
231
571
163
523
567
603
527
655
531
651
399
591
431
595
463
667
287
611
515
603
351
735
443
691
423
599
399
635
279
783
611
599
451
627
183
571
455
591
323
667
255
687
439
755
427
535
439
643
335
599
375
563
387
531
247
675
375
647
367
667
499
399
439
487
455
691
383
519
527
483
331
655
335
559
395
643
407
507
499
699
455
695
391
647
379
719
395
435
259
567
387
611
423
507
119
283
87
195
0
451
523
447
387
519
403
531
351
415
395
371
351
467
235
243
407
367
439
343
511
523
299
351
351
419
283
307
315
403
315
383
439
447
387
275
439
179
523
323
407
447
315
527
431
599
303
291
431
355
419
411
487
363
231
395
355
487
435
387
463
319
319
271
423
431
255
279
291
291
335
391
311
355
407
423
367
423
463
351
443
223
499
343
487
383
415
411
363
359
459
283
355
387
427
419
459
323
279
263
355
283
343
411
423
259
403
347
279
419
455
331
323
239
395
391
463
451
399
379
271
315
303
407
411
403
483
419
487
155
339
319
455
355
391
399
331
263
447
391
419
299
259
359
299
383
475
255
519
475
371
391
427
459
443
371
439
611
447
411
507
387
323
371
287
351
391
383
479
391
463
143
299
431
323
351
363
419
275
343
303
387
231
359
487
499
479
451
359
391
351
331
375
367
299
371
407
351
411
343
427
335
363
331
459
455
263
279
423
511
339
399
359
399
383
383
415
527
243
391
427
467
439
327
399
443
451
327
335
431
351
271
367
451
531
347
483
243
479
307
347
339
327
383
359
387
515
487
383
427
303
355
323
387
403
451
371
355
459
267
319
319
435
311
487
555
431
427
551
427
267
443
335
379
383
351
355
543
435
319
247
403
439
339
239
419
443
307
359
307
359
291
327
327
419
363
275
331
419
391
527
335
395
547
411
459
335
395
479
303
427
451
515
407
395
479
495
455
343
367
439
251
323
283
311
471
415
271
511
399
375
467
487
347
447
291
439
383
491
351
347
463
483
359
335
391
375
283
531
279
419
347
455
307
347
299
415
439
351
347
507
311
327
487
339
527
359
303
307
251
515
443
291
239
335
351
291
283
279
371
367
539
231
271
347
315
327
363
463
443
427
523
375
311
383
447
451
287
483
387
375
451
435
235
459
363
263
279
315
323
411
451
299
371
411
211
419
475
355
435
399
371
395
375
495
279
311
423
467
391
459
439
251
375
275
419
403
311
319
311
523
303
431
399
399
367
479
291
415
231
255
391
255
359
267
351
299
403
411
475
407
319
419
343
359
307
359
527
403
387
395
419
419
283
375
415
323
379
375
331
255
395
359
367
387
451
343
371
359
399
367
487
383
363
431
347
275
347
483
535
375
427
519
487
427
419
503
255
323
387
311
171
299
319
495
387
455
475
607
779
695
755
