559
795
471
663
555
811
383
743
447
771
467
715
443
699
495
571
579
755
459
727
663
731
443
751
479
675
511
675
519
943
559
727
547
719
567
723
543
695
451
687
483
695
683
663
599
635
603
651
427
699
563
623
523
835
611
703
503
787
523
667
587
739
631
763
487
771
647
635
507
755
527
667
527
883
519
727
527
759
475
663
415
539
691
875
599
891
523
663
559
647
527
699
527
787
343
783
471
547
495
615
531
735
579
875
555
743
543
739
535
687
379
719
571
835
531
823
487
727
395
787
407
679
399
567
447
791
475
775
463
707
475
755
547
731
599
695
467
731
439
583
579
647
507
775
559
775
331
819
495
707
595
731
587
791
519
631
519
695
527
695
495
715
763
659
403
819
583
719
495
583
459
671
411
623
467
667
623
655
451
811
547
767
475
723
547
691
555
787
511
727
515
639
559
823
575
771
551
779
411
635
531
647
531
739
551
695
527
691
583
719
443
731
627
687
551
767
651
687
355
511
595
839
623
731
635
811
575
763
499
775
407
727
535
715
619
639
499
811
595
827
555
751
491
703
363
835
467
575
523
775
487
827
559
827
643
775
531
639
391
743
595
915
483
683
615
759
675
811
555
767
459
791
507
735
583
747
507
699
551
543
483
675
479
759
603
791
611
787
571
747
563
675
595
647
483
635
579
755
543
795
535
723
455
711
447
787
535
607
607
875
683
775
531
623
451
679
675
835
615
915
699
739
479
883
583
687
599
859
527
719
631
671
659
727
539
759
615
723
663
727
507
647
599
711
535
751
471
647
467
791
519
727
523
643
459
711
683
811
547
719
607
723
523
671
603
775
615
723
535
823
575
639
679
771
503
575
607
847
603
827
595
791
587
871
479
851
531
783
451
715
351
787
439
643
623
871
439
679
487
731
739
695
495
787
667
799
507
695
531
735
627
707
647
811
603
775
475
759
503
715
627
791
599
759
527
743
575
711
595
747
427
739
483
719
499
811
535
867
599
823
639
883
503
695
615
763
483
839
607
755
387
711
531
747
539
767
611
803
611
627
607
707
495
755
535
715
587
807
647
787
423
783
723
719
567
811
551
883
407
783
803
779
495
779
607
871
567
679
491
663
331
711
515
583
551
631
703
395
183
555
391
435
295
687
447
575
375
823
507
823
639
599
515
591
551
639
591
555
451
503
535
503
563
367
423
551
535
507
595
603
507
523
523
407
455
703
463
423
415
523
631
507
603
531
523
615
515
595
491
379
459
611
507
639
555
439
563
507
431
611
431
503
467
559
483
451
567
575
387
419
491
355
479
395
479
463
607
399
707
519
443
431
507
611
499
515
567
451
479
491
591
399
571
491
367
535
427
467
539
539
523
475
535
523
503
543
587
647
483
467
491
663
503
499
371
471
443
539
607
427
467
427
511
547
475
439
475
439
451
467
495
507
455
439
523
579
543
471
607
587
607
427
547
503
471
539
647
495
611
639
427
455
591
623
459
331
459
607
531
623
547
435
507
531
539
459
511
491
555
527
527
579
515
691
487
483
503
583
491
615
491
583
483
447
499
643
563
491
535
659
591
527
487
407
527
639
407
555
475
583
475
415
459
347
503
351
567
587
463
639
547
379
635
447
539
603
523
399
407
587
567
515
499
327
547
443
515
527
539
531
567
439
463
491
519
503
543
635
423
475
467
467
447
411
531
531
623
583
627
471
631
715
579
483
623
631
551
335
383
447
543
379
439
511
447
439
575
491
571
431
507
467
511
543
363
491
531
479
623
535
459
551
631
575
391
411
435
419
427
475
435
455
471
387
567
591
471
431
495
687
439
611
467
579
483
707
615
467
399
435
587
435
483
511
571
383
627
391
663
507
507
479
463
519
539
551
487
579
627
423
551
427
419
723
599
563
559
439
567
491
515
571
511
547
559
555
351
455
495
431
539
587
523
347
579
499
583
631
399
587
543
391
495
431
515
467
603
487
595
579
539
515
559
439
563
547
451
463
647
579
439
475
467
499
507
587
479
451
411
407
539
447
395
579
467
467
507
427
439
519
531
451
463
611
543
491
611
527
639
427
587
551
467
427
575
423
555
535
451
567
399
411
503
547
675
467
499
487
459
511
543
571
479
463
451
507
603
363
663
563
455
451
575
463
503
511
591
439
503
315
527
431
391
423
531
491
491
415
547
347
615
443
547
419
479
695
415
487
443
435
515
471
347
563
375
539
515
435
639
627
479
575
519
575
535
431
579
531
527
435
523
463
491
463
447
591
435
535
499
435
499
431
603
531
359
571
583
359
571
543
455
495
339
451
455
331
443
459
23
199
543
455
987
863
