591
735
615
779
555
799
655
559
615
779
535
787
519
783
531
735
615
743
455
839
527
787
579
827
507
811
571
811
591
699
631
799
579
707
631
711
571
595
567
799
563
723
407
855
551
755
663
915
655
731
579
695
487
715
547
603
503
763
479
855
527
827
591
731
667
859
675
619
563
871
663
707
531
719
611
771
619
839
531
795
555
671
475
755
747
771
483
663
503
891
503
783
603
823
595
863
643
939
735
647
547
751
587
831
755
731
655
795
631
935
683
775
567
791
655
835
663
707
431
799
539
651
723
707
687
771
663
755
739
823
563
795
743
823
447
747
499
755
611
759
563
911
499
811
619
743
599
883
563
767
587
875
555
647
523
687
675
835
543
691
551
943
615
723
463
767
671
771
599
815
643
751
555
707
607
675
535
955
495
843
623
643
507
739
599
763
563
723
555
703
635
739
575
759
459
835
679
775
443
711
463
775
551
767
571
891
591
775
731
835
603
747
587
763
447
831
367
847
651
875
631
899
567
779
695
847
583
775
471
739
439
683
503
747
619
723
643
771
623
711
639
707
643
839
695
739
359
767
471
803
635
815
551
759
507
967
691
891
595
895
679
711
615
807
567
703
595
775
595
771
475
851
683
683
571
863
647
835
499
783
595
855
523
663
567
803
631
759
531
615
539
827
563
831
659
803
595
871
679
827
703
807
639
679
691
863
679
731
563
707
679
787
451
767
563
687
691
607
643
755
663
587
707
755
571
719
671
939
739
679
631
835
711
651
595
827
447
755
539
751
515
623
651
535
635
763
535
695
619
819
427
771
563
935
607
799
695
839
599
711
559
783
547
631
603
795
651
603
539
807
647
731
587
743
807
767
719
719
603
675
651
799
595
967
755
759
503
767
419
747
439
635
591
775
659
807
431
647
559
835
691
899
595
835
619
667
519
803
695
823
535
739
535
919
523
623
519
719
595
779
559
651
639
823
551
659
531
819
691
719
591
607
555
887
651
835
499
875
487
775
535
711
631
835
475
635
627
727
631
771
479
839
595
711
535
783
491
655
475
731
599
931
567
775
615
903
595
647
527
815
559
711
531
747
527
795
515
839
647
679
743
771
703
803
607
791
495
763
483
847
631
723
615
739
639
647
627
483
219
483
419
603
387
787
511
743
487
823
515
831
567
627
523
527
575
575
627
523
499
719
567
591
519
419
675
515
663
479
559
619
571
455
595
631
707
511
563
555
559
579
487
511
551
415
543
607
535
455
487
575
483
675
651
435
543
439
619
583
503
523
603
547
539
355
611
551
619
463
667
507
555
431
575
391
775
467
487
611
507
691
535
503
475
583
427
359
595
415
511
439
599
515
667
587
683
631
647
567
623
619
467
615
695
383
547
579
503
619
543
563
655
659
555
515
651
635
419
515
643
539
651
487
699
651
583
479
507
611
531
511
603
595
531
595
599
583
667
483
587
723
703
643
651
595
499
359
667
519
579
319
463
607
595
751
511
535
579
475
747
467
567
411
579
567
591
503
571
611
495
507
475
607
599
755
735
463
575
555
471
603
595
619
763
495
555
515
635
599
607
671
539
439
571
407
631
627
487
483
703
691
459
543
571
483
527
519
567
503
563
519
655
647
579
631
695
663
507
587
543
619
555
483
559
503
587
427
583
447
631
571
599
487
575
519
619
651
431
651
659
611
555
451
547
459
499
467
579
591
667
395
623
511
471
511
739
563
519
359
547
511
519
567
591
567
703
639
555
431
491
559
459
515
455
555
531
635
567
455
623
527
635
591
727
519
583
563
587
675
459
607
447
659
423
639
595
467
431
443
659
547
643
535
555
579
511
627
455
563
679
523
487
459
539
667
691
599
555
679
547
455
587
607
515
423
487
451
699
551
471
511
471
547
679
567
559
531
519
531
671
511
499
435
543
615
511
511
475
583
503
511
491
575
563
599
683
671
631
419
439
515
687
395
439
479
507
543
483
659
679
455
467
675
551
467
651
531
543
575
571
475
587
615
635
623
527
591
487
643
551
491
527
659
671
663
695
587
507
599
507
599
735
523
623
575
467
491
627
435
503
591
515
623
367
519
571
643
631
411
471
451
555
675
747
467
663
475
483
475
603
607
595
507
547
719
595
595
587
399
423
599
611
635
695
511
635
519
659
527
547
523
519
479
583
503
535
587
495
587
615
519
611
563
419
663
675
583
547
623
479
571
599
623
407
587
559
503
567
475
579
507
463
491
531
467
539
543
535
411
439
631
587
511
579
591
559
507
519
399
487
491
427
611
603
719
547
627
511
459
551
519
555
479
527
503
487
631
475
555
311
843
79
0
627
687
