531
662
367
575
391
639
395
519
355
671
459
675
411
727
367
711
347
542
351
691
395
623
527
767
447
707
559
819
455
659
375
775
475
803
635
695
507
735
487
627
455
531
515
715
403
691
367
794
383
483
443
611
351
683
535
603
523
631
519
687
495
739
531
679
483
735
363
663
531
699
323
671
523
779
535
643
442
719
459
647
447
627
379
595
495
635
395
747
503
679
455
687
475
651
487
683
390
715
507
807
366
647
579
691
499
551
511
719
563
711
387
743
443
635
595
767
443
579
439
727
415
711
479
703
502
635
363
659
455
695
487
699
503
763
451
603
611
607
403
631
443
687
531
711
499
675
551
823
435
695
407
771
415
591
427
599
567
655
467
686
363
703
627
679
471
659
383
747
431
675
543
659
535
587
511
719
463
755
567
523
523
911
463
654
554
647
603
547
455
779
483
735
475
595
631
771
391
839
495
675
479
511
503
767
455
567
415
731
383
643
491
635
343
715
315
603
467
618
495
607
455
619
535
767
479
723
547
783
463
779
347
679
347
555
395
898
603
718
487
779
535
659
451
683
511
679
547
635
487
679
351
579
415
631
651
635
455
643
463
731
523
739
379
675
499
619
535
619
631
627
519
755
523
671
419
751
391
607
487
627
483
598
471
647
531
603
439
647
431
511
515
647
523
719
387
647
347
647
455
683
479
683
511
683
494
591
554
663
519
639
539
539
343
647
359
739
335
503
567
667
495
571
467
675
567
691
367
659
451
595
451
735
523
715
395
555
335
595
499
807
595
567
331
771
351
647
399
527
327
547
355
767
619
703
503
571
471
631
519
559
411
691
403
743
351
674
511
739
607
663
587
607
523
799
435
623
371
619
419
567
546
623
523
675
591
767
379
787
383
599
583
599
499
439
327
567
470
799
419
847
359
595
407
699
615
707
523
723
422
707
459
619
383
627
490
731
443
543
279
719
475
687
367
635
303
651
435
715
426
759
347
699
435
623
479
631
331
703
507
655
643
671
447
555
611
751
427
695
603
655
335
691
543
699
299
707
395
619
507
803
451
779
451
587
367
671
523
587
515
595
455
583
503
631
587
755
646
699
539
603
483
659
455
627
503
555
359
611
623
663
447
667
463
675
367
691
615
471
0
395
215
355
187
643
467
683
391
563
287
607
407
275
511
547
475
371
495
495
439
363
587
519
315
563
247
371
547
423
383
551
507
403
451
355
455
323
527
539
483
307
427
455
383
371
479
471
499
435
519
463
463
507
499
423
371
487
531
483
419
399
463
491
411
451
515
559
459
383
359
310
363
391
311
443
487
435
567
383
527
422
467
387
351
371
539
335
435
511
495
427
551
303
487
343
403
523
315
363
387
399
503
463
399
403
559
351
399
335
535
371
519
443
407
443
391
503
387
203
471
479
443
371
607
255
603
323
471
291
583
475
575
435
459
351
443
435
339
403
411
479
319
475
611
359
343
511
351
378
555
343
367
539
471
511
395
331
499
379
551
499
475
315
547
507
487
487
443
371
419
643
435
323
479
471
371
339
343
363
447
443
403
543
419
339
495
343
271
407
355
451
475
491
555
487
431
331
295
363
291
502
451
503
471
367
470
319
423
518
435
483
475
439
531
415
303
255
591
495
399
527
507
339
427
446
511
363
379
351
391
371
503
331
614
351
223
223
375
319
439
579
439
335
403
447
331
383
375
447
495
431
527
535
431
407
503
439
559
419
547
263
623
319
363
427
355
399
395
419
607
319
443
335
623
455
543
555
335
375
435
395
431
463
407
287
451
522
335
371
423
503
323
371
367
499
403
547
379
311
559
523
327
515
391
431
415
523
487
502
575
323
455
255
507
331
463
367
455
475
403
331
459
303
315
479
515
539
315
511
507
507
419
435
619
383
439
387
619
479
487
291
475
323
511
359
483
499
551
435
467
479
431
443
531
567
455
303
463
431
223
415
643
311
339
547
455
463
543
427
443
307
403
355
431
323
427
411
495
431
571
379
591
418
371
323
291
303
479
379
523
331
395
403
563
387
603
443
511
595
451
443
379
531
591
407
423
495
435
411
551
415
515
451
451
511
507
379
423
407
451
523
423
475
439
451
491
471
443
543
615
351
523
407
423
407
555
475
323
351
527
283
447
435
391
399
635
571
399
379
479
571
439
471
343
407
423
415
359
447
391
463
515
507
483
335
451
447
459
275
451
471
455
351
403
359
511
219
459
467
311
455
435
439
371
535
319
415
459
395
395
407
451
403
431
490
495
427
283
383
587
471
463
387
383
595
426
455
551
435
559
463
355
391
395
351
475
371
327
495
647
507
623
571
543
891
