326
594
482
574
407
713
361
547
285
603
259
418
526
606
305
515
368
365
455
574
407
471
395
565
339
581
307
602
470
653
331
570
442
691
349
459
348
438
280
617
452
766
513
657
391
596
363
434
471
491
315
609
474
429
320
587
315
666
459
482
295
647
455
621
392
652
372
583
514
502
389
471
386
730
419
566
323
596
457
561
304
583
463
590
491
513
425
602
330
545
497
433
551
621
363
601
342
551
275
497
315
547
365
518
421
508
454
600
236
522
504
555
343
562
432
528
647
579
388
686
463
503
386
687
349
661
498
619
422
463
447
521
413
423
374
558
340
595
293
613
474
593
527
574
411
583
367
603
461
590
514
586
374
575
357
479
363
627
395
559
454
569
552
517
297
669
534
517
243
570
280
534
515
504
410
534
507
555
463
555
333
589
163
655
411
624
377
535
321
585
326
606
374
593
239
451
355
548
302
518
322
583
295
615
256
557
367
471
282
675
293
687
399
654
467
587
485
575
335
519
316
653
397
695
307
594
427
530
481
564
333
642
311
535
317
705
467
503
413
601
366
521
417
635
327
566
471
578
243
586
381
487
219
590
380
634
419
469
378
607
255
524
404
610
252
703
364
591
441
582
520
623
411
546
360
536
457
625
298
445
402
528
509
593
478
513
513
602
526
567
397
598
336
769
309
526
429
575
441
639
356
659
338
638
185
544
340
517
348
616
427
663
463
492
329
621
311
646
345
539
446
626
435
664
283
554
425
731
259
521
415
705
405
671
402
640
395
667
371
611
258
459
352
490
276
486
413
618
410
590
476
550
287
623
330
546
390
519
359
643
282
675
254
492
283
677
348
485
363
579
420
627
399
720
401
730
431
481
437
545
336
654
378
470
391
523
493
697
343
717
339
351
204
478
387
609
479
723
207
770
410
618
531
655
334
551
313
532
252
522
365
624
375
491
381
657
407
622
195
571
383
619
366
699
322
546
339
548
355
527
440
651
427
647
484
515
421
679
382
611
453
570
325
578
384
628
331
639
338
626
282
667
369
494
422
575
297
582
371
658
370
486
455
718
374
544
327
368
352
626
453
546
335
569
349
613
319
598
455
671
471
618
448
601
481
408
405
599
522
572
290
623
341
562
263
479
330
582
100
314
151
316
70
535
245
423
282
591
260
510
339
319
265
465
415
466
305
506
349
219
499
311
290
481
311
294
322
458
474
335
353
461
399
478
395
491
326
481
347
259
427
337
406
335
426
351
607
375
407
375
446
255
310
346
523
319
355
367
384
379
306
267
393
413
301
286
353
361
491
402
355
409
463
314
335
420
305
273
571
283
361
452
373
326
369
351
514
303
305
389
339
349
283
466
459
386
322
354
258
326
215
344
371
393
330
502
295
265
437
286
427
339
471
437
322
290
294
211
432
319
422
316
297
413
419
343
341
286
457
489
463
245
399
209
383
336
161
327
419
306
321
358
555
423
411
311
293
487
357
360
479
371
451
308
313
319
423
366
522
302
455
390
382
430
336
279
328
375
265
301
295
455
345
431
375
227
435
440
417
466
496
413
172
304
400
416
390
510
461
279
349
366
383
403
356
347
323
213
346
422
351
366
441
222
530
312
343
449
431
378
428
299
425
593
267
405
492
309
391
253
417
319
437
379
391
359
347
243
421
416
339
309
322
294
267
374
421
274
347
458
362
439
397
376
303
184
311
340
448
531
343
419
495
385
366
230
411
443
375
394
352
407
198
307
434
427
450
331
397
355
358
375
377
384
211
315
415
263
338
472
342
332
374
314
359
311
391
347
587
306
454
207
300
288
271
375
289
219
388
223
353
351
528
307
350
362
398
298
359
422
420
319
307
237
328
490
431
349
397
378
319
291
339
347
471
387
329
343
386
327
381
204
351
365
325
370
234
275
223
293
223
378
307
293
359
250
338
382
399
137
358
220
335
403
318
383
287
430
374
274
331
415
257
336
419
332
415
332
423
285
315
259
345
443
342
213
246
285
345
349
359
375
355
279
496
342
305
373
416
202
365
351
331
354
312
385
324
355
374
303
461
303
207
335
453
291
382
358
311
409
287
217
318
351
369
469
391
343
226
240
463
435
306
395
358
355
259
491
385
531
419
305
369
383
317
261
379
364
287
303
282
283
430
351
382
308
477
241
421
490
426
231
313
178
373
329
364
455
367
310
517
424
301
338
406
195
139
271
342
323
281
431
303
205
440
306
305
400
397
290
257
357
444
328
411
286
348
401
417
274
353
312
225
435
399
355
495
295
318
385
414
314
402
378
338
207
266
366
422
407
371
318
263
285
149
249
355
324
133
320
202
321
331
573
