414
726
339
763
543
594
461
724
470
581
451
590
502
657
542
737
431
655
535
701
476
764
438
690
634
824
527
719
455
747
496
687
521
624
534
594
443
795
516
666
443
729
531
742
343
826
440
742
433
614
468
770
538
698
505
740
407
597
400
599
522
684
394
715
526
730
378
657
468
748
439
689
552
558
554
654
479
705
597
665
557
672
463
722
497
683
440
762
556
629
528
674
320
624
490
723
563
750
455
729
514
647
438
589
484
586
550
668
456
770
413
641
370
803
408
647
454
648
528
758
584
686
520
557
452
581
552
699
451
734
633
633
504
771
501
714
493
618
510
753
531
718
585
569
396
628
509
618
412
685
562
740
565
646
435
687
337
816
559
904
564
719
490
652
467
707
385
647
474
764
469
690
544
652
473
659
464
716
597
852
424
784
419
851
547
669
533
633
450
644
448
712
509
840
631
867
574
794
621
660
384
621
474
702
606
514
511
563
555
587
429
729
481
687
434
779
567
632
466
762
432
679
514
735
449
677
387
763
562
699
492
600
290
606
509
501
385
633
478
675
424
566
495
687
534
781
456
561
503
751
599
745
546
773
591
736
477
780
566
791
396
725
544
680
507
793
493
737
547
814
342
672
543
637
361
751
349
597
572
762
476
701
538
679
468
716
620
619
476
697
488
692
373
715
494
697
427
671
467
719
417
585
507
853
468
746
425
666
485
860
493
816
438
627
508
656
368
656
688
650
385
824
424
708
384
659
584
804
668
797
434
787
479
822
601
737
401
702
405
692
526
832
479
692
566
612
574
707
573
689
382
847
531
653
544
767
449
878
558
659
542
609
476
675
666
839
424
807
490
751
492
755
520
596
374
608
548
789
355
776
407
826
365
715
492
678
468
624
426
788
540
621
459
542
423
643
488
665
507
721
525
745
534
748
462
628
546
751
275
857
510
515
471
736
484
821
538
654
477
787
508
790
466
583
565
571
506
772
398
705
478
719
413
813
435
513
525
637
377
694
596
603
381
659
515
551
593
582
458
767
357
638
573
737
482
633
567
717
604
758
569
754
523
670
620
670
587
694
355
689
623
894
663
725
432
657
542
677
408
588
384
761
478
731
359
718
425
663
542
671
417
689
520
594
538
677
419
611
274
363
235
426
0
684
528
482
402
671
484
568
510
504
327
503
419
329
387
405
588
466
513
349
345
393
532
371
477
512
476
469
384
484
475
413
535
446
308
459
505
374
492
395
514
435
558
574
440
332
598
355
290
534
438
358
498
349
432
478
477
611
517
541
442
589
555
582
549
525
485
394
322
376
439
370
447
512
389
400
505
477
566
434
538
498
556
441
445
399
423
497
467
575
423
404
387
414
504
513
556
457
504
560
453
407
483
489
496
385
389
486
485
585
532
482
442
429
429
429
429
429
429
429
429
429
429
429
429
429
429
429
429
429
429
429
429
429
429
429
429
429
429
335
497
511
413
447
410
422
477
215
408
280
550
404
545
551
492
478
433
536
465
443
612
414
474
336
451
480
392
512
354
448
448
450
478
456
413
464
586
428
520
537
535
312
409
379
504
485
357
551
272
546
520
546
418
387
479
449
419
278
460
516
483
342
474
495
401
423
484
502
565
428
368
538
348
511
406
564
429
373
589
537
516
436
334
515
570
581
533
416
452
494
384
493
439
302
485
409
456
378
532
449
513
418
466
578
547
481
433
433
408
430
515
493
520
374
431
540
442
382
205
454
292
355
428
446
324
542
538
432
506
427
392
424
389
637
454
413
310
519
607
488
527
615
464
554
428
522
364
425
367
459
467
358
547
404
559
496
404
477
447
515
599
414
434
535
495
451
549
533
478
366
516
530
547
435
385
417
550
519
443
381
424
398
540
430
395
388
596
427
425
636
642
434
597
434
532
409
427
438
390
412
513
485
420
345
492
536
470
449
521
403
485
337
473
470
443
435
343
428
445
502
616
386
512
429
572
524
393
474
498
379
434
350
399
456
361
473
555
422
441
551
580
424
255
461
530
485
395
465
428
428
400
570
485
418
558
461
351
664
473
488
387
350
491
540
287
347
471
428
527
491
461
640
456
332
446
525
454
398
608
475
421
439
370
439
402
417
591
552
437
521
564
530
595
485
501
472
427
372
563
471
485
382
544
461
580
551
523
480
476
510
450
370
473
451
622
463
591
452
500
407
428
375
476
464
697
502
331
540
477
352
735
300
484
434
480
529
584
339
529
520
438
358
412
446
343
488
504
494
564
551
450
339
505
493
475
480
325
348
381
408
300
562
435
608
356
321
432
688
375
508
473
553
595
472
402
464
496
467
482
442
443
785
