243
635
363
563
335
547
291
575
339
391
471
427
399
479
327
531
447
659
303
455
303
587
347
407
291
535
307
531
375
463
275
527
427
643
403
523
423
527
523
531
435
539
503
335
367
511
439
499
343
483
351
555
395
567
375
543
303
467
303
479
395
543
387
571
431
555
427
571
235
407
259
647
255
531
387
611
359
515
383
679
247
359
455
539
399
443
267
491
299
575
211
535
315
595
271
603
307
615
267
607
275
467
375
447
419
543
331
423
263
315
379
447
367
631
511
659
347
479
311
571
347
603
319
519
367
383
359
571
483
499
387
499
147
575
323
575
303
527
259
559
271
583
263
591
291
479
167
499
359
411
339
439
303
519
407
623
415
635
319
467
495
659
411
527
323
431
447
619
295
595
303
435
335
471
343
547
431
471
415
563
287
479
463
587
291
603
315
455
363
371
315
587
443
467
371
607
247
503
367
571
295
567
387
615
243
515
399
515
415
499
343
559
295
519
279
579
319
483
215
543
487
531
319
539
363
519
315
435
319
675
303
511
303
391
419
443
267
543
363
491
359
663
327
567
343
611
355
495
395
483
311
479
383
575
299
687
179
631
427
587
463
471
287
487
303
535
479
447
391
599
247
555
335
403
371
627
335
707
331
471
179
511
335
471
383
535
347
495
355
583
387
419
463
539
367
583
283
399
255
475
263
583
447
687
311
383
479
731
519
671
367
643
531
595
371
539
347
491
359
527
279
631
255
471
335
543
255
575
311
615
383
591
399
543
383
659
251
543
319
595
467
471
211
543
419
447
443
479
323
439
391
675
415
535
463
643
447
411
403
591
291
479
307
571
311
555
351
487
275
639
415
663
255
383
363
587
287
519
383
447
387
483
379
587
303
591
247
543
219
311
379
515
363
483
427
639
323
491
407
503
331
667
367
475
211
471
323
587
331
527
443
419
331
555
387
491
255
551
307
663
395
595
343
611
487
563
363
567
327
487
471
451
475
687
291
547
455
503
435
691
415
611
347
647
267
491
399
511
351
563
351
547
263
431
287
519
315
647
267
603
447
575
235
579
291
559
379
531
387
623
407
539
399
451
435
431
363
603
383
679
355
791
343
595
395
535
363
591
327
639
295
491
367
499
331
443
347
439
103
391
19
323
211
607
403
667
135
447
367
495
375
275
327
323
359
423
419
363
299
359
295
407
223
263
267
427
295
203
375
435
367
295
423
395
331
291
399
327
307
247
319
275
375
323
339
295
395
307
291
375
443
379
199
251
307
403
331
371
331
307
371
287
315
315
435
271
323
311
271
211
375
363
251
339
343
279
311
323
375
155
347
347
379
287
419
339
503
311
359
299
283
319
387
355
315
339
207
303
303
399
351
279
391
263
671
395
311
199
275
363
347
303
299
431
387
263
335
203
323
187
383
319
247
331
439
355
383
167
335
379
203
399
411
275
443
327
147
371
419
391
327
335
227
287
327
335
327
407
427
251
347
371
415
283
487
227
455
235
363
239
347
307
159
247
331
351
339
355
371
379
375
251
411
267
431
323
275
483
335
291
295
279
383
443
387
391
459
375
491
207
299
407
307
319
371
327
331
295
423
191
399
251
327
355
387
475
423
211
319
351
275
191
351
419
283
371
347
311
367
159
271
311
379
227
391
271
287
171
331
303
307
307
303
339
295
279
355
291
355
435
319
235
403
459
371
255
255
395
375
351
307
267
359
211
183
331
343
291
311
255
331
171
399
159
331
331
403
307
451
363
351
339
391
259
331
187
251
287
407
319
323
515
315
259
395
279
191
351
291
339
167
435
215
331
243
315
423
391
251
359
295
359
419
235
275
423
343
271
283
359
167
331
351
355
195
419
387
303
323
267
279
375
339
143
463
319
467
375
443
307
491
235
291
215
351
335
343
327
339
307
327
287
355
283
411
283
383
335
459
315
335
323
331
239
223
339
283
259
331
331
279
299
371
311
303
215
319
223
323
303
387
327
243
283
263
279
439
367
311
295
403
339
351
347
439
207
235
255
287
371
331
203
295
367
359
379
275
395
403
331
319
283
343
307
207
367
263
291
447
307
291
403
343
283
407
375
343
323
427
291
179
343
371
271
383
467
299
291
343
295
343
483
311
327
291
195
359
247
315
327
319
283
267
363
263
279
323
255
291
439
271
143
303
291
383
339
287
255
379
271
447
423
339
371
423
235
271
355
347
315
447
363
503
347
243
383
255
331
267
379
203
251
387
419
311
383
303
303
383
339
495
427
323
327
271
163
423
327
223
279
387
323
235
203
215
363
307
215
371
359
319
231
159
263
407
495
259
131
295
267
271
127
251
359
