374
702
447
586
464
621
675
789
425
734
456
631
514
652
495
696
491
730
483
789
432
554
475
695
412
738
687
698
598
701
367
636
553
703
359
841
606
579
589
687
299
593
683
789
399
673
559
790
543
842
461
774
401
752
554
709
492
605
571
630
459
690
519
767
512
539
524
710
590
677
454
671
538
714
432
751
461
711
308
773
422
608
511
635
403
597
426
712
605
571
543
635
463
715
437
769
491
681
495
810
514
716
575
783
431
768
529
581
545
640
489
587
437
656
398
583
391
630
449
645
509
753
491
684
344
765
491
876
471
697
597
714
547
613
534
697
389
695
583
811
457
662
502
601
471
576
533
785
474
746
494
773
541
768
488
720
486
759
369
817
452
742
495
715
473
762
354
648
497
786
427
535
451
721
451
581
375
655
425
647
408
632
465
649
434
611
578
751
459
747
428
817
499
603
520
642
463
865
451
757
269
713
387
701
490
642
554
683
586
623
511
769
613
647
312
739
375
743
406
555
602
634
482
674
468
701
465
764
495
725
371
775
383
578
380
670
506
651
438
735
543
645
519
731
475
715
563
757
519
617
309
547
392
666
532
616
597
609
458
829
591
665
363
860
437
705
458
651
541
703
509
754
465
687
462
653
489
831
566
779
529
542
427
678
399
793
492
553
527
655
469
735
406
702
366
740
378
607
365
662
537
672
545
742
494
639
586
627
436
723
503
563
481
607
583
571
378
534
520
710
479
642
585
733
575
701
373
749
525
579
571
653
545
654
606
794
611
757
607
667
567
603
523
690
512
663
468
737
435
619
402
789
377
742
515
598
390
684
331
674
550
682
523
626
467
669
426
758
447
710
326
607
435
647
501
773
335
647
453
602
461
715
367
761
353
675
380
473
494
619
459
681
522
530
467
655
435
662
499
830
321
689
410
609
587
679
419
761
402
775
427
627
511
640
435
777
518
715
537
803
327
750
449
727
467
640
507
619
447
632
616
644
430
744
451
808
378
713
535
887
406
740
423
723
367
769
627
715
539
699
476
711
571
673
446
563
397
703
425
663
424
659
649
782
525
532
479
776
535
732
419
775
354
621
574
756
309
567
406
663
427
772
375
669
547
634
562
631
415
639
586
701
446
779
442
593
417
519
165
411
83
350
214
802
475
523
426
682
360
710
509
557
573
610
517
300
465
355
506
335
467
524
558
358
446
483
505
550
400
517
379
534
458
547
423
393
493
459
459
552
555
393
433
443
450
539
351
555
585
386
349
387
450
367
451
458
439
457
379
370
510
481
327
559
462
386
375
509
478
295
301
421
518
507
531
353
504
343
585
439
466
383
406
503
392
514
548
355
493
506
578
510
467
425
495
375
527
281
333
414
483
577
373
370
461
476
406
559
467
395
481
509
421
468
418
422
307
533
533
533
533
533
533
533
533
533
533
533
533
533
533
533
533
533
533
533
533
533
533
533
533
533
533
430
482
394
337
447
483
307
353
523
480
507
316
358
474
629
437
384
587
317
419
440
542
550
389
414
425
411
505
589
446
613
457
401
413
421
521
434
478
293
446
455
390
527
641
503
513
525
407
308
296
465
446
389
485
303
431
615
478
467
411
417
497
327
367
491
523
431
379
377
468
591
502
445
499
427
414
389
618
533
525
391
387
387
406
446
371
435
517
425
337
387
447
270
530
427
489
434
627
475
469
467
352
389
626
436
453
459
512
433
451
466
498
445
469
483
479
371
463
483
417
381
479
488
397
559
485
395
389
526
308
471
395
435
426
402
362
439
475
370
385
467
445
513
519
451
348
487
507
434
373
392
547
345
429
489
465
491
431
454
355
398
619
355
484
509
357
439
569
465
449
390
475
475
453
465
579
449
395
364
362
551
475
437
385
417
511
282
699
474
529
310
519
475
454
584
402
532
513
382
505
439
365
555
459
524
629
396
552
396
438
458
351
374
530
471
360
439
459
617
514
445
491
562
522
357
475
506
505
551
379
386
370
343
459
403
437
441
427
361
494
438
434
427
453
467
637
425
363
371
539
497
478
279
533
609
438
507
533
531
351
454
479
415
379
474
594
531
468
425
658
467
405
546
317
343
542
463
467
291
389
428
459
441
399
559
582
463
351
489
463
446
630
346
359
530
334
427
454
403
373
309
539
526
551
455
467
426
329
284
482
479
416
347
391
394
547
340
497
518
452
462
454
475
551
331
428
393
497
494
281
396
415
373
395
485
426
322
531
316
543
474
334
439
363
484
573
438
544
542
525
395
508
474
472
431
535
422
473
530
546
339
467
599
619
393
436
370
509
478
637
499
442
489
399
347
487
354
375
420
496
590
