463
671
503
691
463
671
419
739
563
763
439
591
483
583
411
759
559
655
459
799
551
699
455
695
387
807
415
619
511
683
559
715
471
811
515
655
607
627
623
731
495
671
395
655
363
703
507
639
523
627
595
703
583
767
599
747
507
711
575
583
459
639
403
807
595
799
531
675
571
675
399
847
463
855
519
679
527
763
555
607
647
723
455
647
439
795
759
687
475
751
531
783
335
791
535
611
455
727
539
635
523
735
503
827
547
547
543
719
439
603
431
763
487
695
455
627
367
679
571
675
583
591
463
575
575
715
519
723
559
755
535
823
639
819
499
631
527
743
555
767
527
695
579
699
495
819
499
819
467
667
491
747
603
695
379
759
375
599
475
627
507
551
587
755
331
787
475
755
575
575
639
711
579
735
619
711
519
643
451
671
543
627
395
671
587
807
415
691
431
839
471
699
443
655
519
875
543
671
507
707
443
767
683
803
491
707
515
687
519
751
543
715
371
759
595
823
451
695
571
667
463
819
399
715
503
811
411
795
587
719
503
659
563
511
427
815
307
715
623
739
651
739
687
839
339
539
395
751
419
631
443
759
527
663
471
587
439
719
519
731
335
731
579
759
539
591
347
771
519
783
567
803
443
783
591
807
427
643
431
799
543
691
443
663
531
703
487
723
591
847
499
551
571
695
643
779
587
695
623
675
523
699
519
695
519
695
507
655
507
691
583
687
399
831
511
683
567
715
479
715
491
739
515
691
399
691
455
739
767
663
495
619
611
723
487
691
551
667
391
703
379
571
699
815
447
927
447
783
615
631
607
779
479
643
499
639
431
763
579
679
563
571
391
691
551
623
531
843
419
931
615
751
563
723
671
683
487
651
575
599
515
719
487
787
459
715
551
591
595
615
571
635
359
715
631
783
527
747
563
615
483
727
359
739
463
627
491
743
443
871
543
879
455
627
559
943
439
747
467
655
491
663
363
627
679
747
599
687
395
623
555
679
411
771
427
791
615
803
423
759
563
691
555
587
567
647
427
799
443
687
619
711
503
819
467
631
547
643
475
671
543
763
587
643
523
607
511
695
415
519
507
583
475
815
495
743
555
671
487
731
351
711
487
759
607
871
595
615
547
595
603
863
555
855
451
611
555
619
283
467
191
427
183
667
519
755
463
627
511
635
519
455
467
515
639
543
607
495
535
379
427
415
539
403
479
519
559
515
559
407
483
339
403
551
559
483
431
319
355
431
439
483
511
503
535
535
439
395
347
503
587
475
579
447
479
487
483
331
411
479
471
403
431
515
379
499
439
387
607
519
467
543
695
463
583
619
599
459
435
459
627
503
527
363
523
403
567
527
503
359
503
515
583
375
435
531
551
579
407
535
411
299
503
567
371
479
435
479
443
419
579
523
471
383
451
491
411
359
383
359
431
563
279
527
455
611
515
567
531
539
443
415
459
419
359
411
439
459
427
487
499
487
531
567
575
547
571
455
439
571
411
471
535
423
447
515
355
443
471
551
587
539
447
427
431
367
375
587
491
535
499
487
571
415
443
507
451
559
659
363
487
479
419
443
435
475
499
399
539
475
595
427
475
547
303
431
283
407
431
455
531
547
507
463
495
511
563
475
559
535
483
651
455
519
471
503
523
411
355
423
527
583
487
415
543
359
303
495
443
407
439
463
495
443
563
435
407
339
539
511
463
483
539
475
371
375
427
379
559
603
451
511
527
363
575
575
571
539
447
387
367
471
319
447
511
443
627
471
411
463
511
411
535
543
599
467
575
551
419
323
471
443
519
515
563
579
383
535
575
519
427
475
551
439
475
527
511
519
483
375
543
575
331
399
423
575
575
567
443
595
563
455
479
587
579
503
495
631
559
535
499
667
639
371
499
375
443
263
615
347
527
351
631
519
459
447
367
495
407
483
459
371
407
323
479
563
439
495
515
491
499
443
467
607
443
471
467
455
591
327
499
543
539
343
335
555
563
435
455
419
627
383
503
499
407
415
615
591
531
535
367
451
407
427
463
531
335
459
471
471
479
543
407
411
451
467
555
323
547
443
447
511
447
495
451
387
511
535
511
367
435
447
467
487
487
523
535
331
467
359
423
363
427
535
467
387
623
491
463
499
419
479
495
503
563
327
499
507
575
439
479
383
415
491
491
551
475
479
439
347
459
535
395
539
367
387
527
527
407
527
431
515
583
431
471
595
547
463
491
371
547
423
551
483
407
443
411
479
475
467
671
519
435
579
415
399
415
559
535
559
467
599
491
551
519
483
551
599
487
407
343
455
467
439
363
519
547
527
523
427
323
439
607
387
459
543
543
379
251
211
263
251
231
483
