327
563
387
575
527
699
542
595
331
519
691
779
287
783
559
595
427
647
555
715
483
719
419
615
322
755
447
743
467
591
535
651
495
607
383
655
335
599
311
663
383
651
339
595
503
559
502
451
438
595
414
647
259
587
411
514
398
711
591
607
402
567
399
559
503
694
519
718
383
751
355
535
362
667
427
635
554
599
555
739
510
535
283
575
415
559
475
510
535
606
423
483
446
590
522
603
431
623
466
522
515
543
562
619
287
619
286
575
342
667
379
711
490
734
467
487
429
526
542
719
463
559
311
659
623
630
495
699
399
555
455
627
463
675
559
683
271
715
570
646
283
723
367
699
491
595
439
719
483
626
574
738
362
571
342
515
430
594
427
655
514
614
594
750
307
663
459
759
431
522
343
567
459
743
275
574
502
627
471
703
355
663
470
703
435
663
383
686
431
499
367
607
443
730
386
702
579
703
411
627
443
482
451
763
431
791
359
570
415
686
454
631
446
566
523
631
379
591
451
694
466
678
447
674
418
727
423
638
535
626
363
679
467
563
411
687
266
559
435
683
467
707
610
470
299
659
383
595
450
651
539
711
278
550
355
527
459
726
382
671
423
679
307
719
491
662
347
735
399
623
523
639
395
707
370
623
503
651
403
575
531
486
414
779
367
691
327
799
467
735
334
795
466
630
343
611
234
719
470
611
462
675
411
551
511
667
434
775
402
647
519
739
435
471
531
535
363
491
211
746
507
675
415
703
495
563
299
551
579
559
322
647
422
635
343
615
459
699
447
715
371
678
431
619
427
515
603
719
367
783
451
619
499
531
491
703
563
567
311
482
427
591
439
659
406
667
530
667
446
751
307
647
419
531
319
682
471
587
483
679
503
607
355
575
647
747
443
622
571
610
322
563
543
591
427
622
363
587
359
679
454
647
367
735
478
519
391
635
418
619
227
467
378
675
311
723
287
599
415
479
383
506
514
623
442
546
315
579
403
639
474
659
306
662
607
551
614
691
294
763
327
587
398
715
271
551
423
626
606
674
499
651
379
587
419
815
443
607
518
691
466
663
495
614
415
707
475
647
495
707
399
695
375
659
462
578
286
603
507
499
511
599
370
687
646
659
470
559
375
647
375
727
422
643
347
606
562
343
90
395
0
495
90
535
427
599
395
595
423
727
278
343
283
455
367
295
499
527
383
435
387
455
519
367
343
435
371
323
391
459
406
479
419
342
439
419
302
327
310
379
515
411
359
259
479
446
471
283
343
494
271
390
375
295
219
311
519
438
523
522
414
491
498
346
502
431
323
403
587
426
443
347
518
418
283
318
399
535
523
366
427
374
355
530
375
439
519
487
475
562
478
230
299
398
402
202
422
359
343
355
394
459
439
450
323
467
467
411
415
335
486
371
466
270
530
475
567
387
371
415
531
446
342
314
514
503
427
239
399
331
435
375
495
503
459
319
343
435
279
271
430
315
426
459
395
334
366
391
371
438
423
447
443
339
383
427
430
499
467
439
459
422
362
359
547
399
295
295
414
495
355
415
355
318
422
387
539
439
439
363
355
327
431
311
379
371
559
254
223
387
303
363
427
490
430
419
514
315
383
303
451
407
570
339
450
419
438
502
467
439
419
347
370
383
407
483
523
451
467
418
302
439
526
347
526
455
459
382
518
339
386
439
506
303
327
391
279
363
471
427
407
334
567
418
471
315
347
363
319
319
462
375
423
570
403
443
323
519
279
479
407
215
427
319
359
415
478
435
331
563
539
303
459
399
395
362
435
466
495
363
419
371
479
370
355
291
351
314
338
331
406
539
451
323
455
395
438
335
406
351
550
546
279
347
279
399
454
407
435
355
363
323
431
303
495
303
566
455
371
447
510
395
299
378
327
423
379
327
479
454
403
390
343
494
483
235
295
487
403
366
539
415
435
410
531
395
466
483
351
451
371
318
459
331
459
426
194
338
483
283
427
287
443
403
478
386
439
367
375
375
439
339
543
455
427
383
582
463
323
499
342
590
619
579
439
414
327
315
363
319
315
415
503
299
431
435
355
478
334
379
515
427
431
282
434
286
378
294
443
391
443
395
446
530
375
514
491
331
505
551
338
319
470
446
454
539
306
350
387
319
559
387
394
439
391
423
299
403
282
538
599
335
315
358
471
473
459
363
391
451
366
347
383
403
330
403
270
494
343
326
327
459
435
435
403
347
383
279
422
459
423
351
551
399
510
223
511
475
238
511
475
474
427
422
407
518
351
446
335
255
367
307
350
494
419
434
294
299
395
374
427
371
303
355
411
515
418
279
362
475
299
447
271
383
291
307
403
386
535
470
591
587
567
963
