671
811
807
807
579
847
667
871
562
955
863
711
639
951
623
799
539
767
699
815
555
939
655
791
619
775
667
891
683
959
647
810
531
855
839
795
631
1011
723
843
607
819
643
831
531
851
499
979
567
799
675
823
671
755
635
959
619
755
543
771
799
823
799
835
639
771
727
911
715
891
715
791
695
739
659
915
683
779
603
763
503
831
659
847
683
823
747
923
659
783
719
927
463
867
655
843
563
827
739
927
667
831
531
839
771
763
591
859
715
891
671
863
667
815
647
959
587
951
615
1051
675
831
691
971
715
815
715
811
771
963
703
843
727
787
602
831
619
851
791
955
687
943
703
843
683
763
647
927
803
863
615
747
787
747
519
707
455
867
675
811
771
791
719
943
667
779
519
903
563
963
735
811
679
831
623
835
726
859
579
862
543
875
695
811
727
967
663
839
663
743
643
907
675
843
715
843
651
815
603
939
599
847
783
803
563
783
650
819
711
935
678
987
623
895
647
667
699
943
779
751
659
843
674
759
635
819
735
911
651
803
747
831
627
739
655
839
539
967
615
903
687
691
795
823
739
963
450
959
503
695
655
755
771
691
614
891
787
871
715
823
843
807
675
843
627
810
807
875
743
783
735
1011
547
795
719
823
615
939
735
875
627
718
558
883
591
895
567
891
695
843
675
783
775
811
715
791
603
875
715
787
527
855
731
1031
599
879
663
859
623
935
687
947
679
711
655
1039
631
863
627
1023
723
683
575
847
667
779
699
727
783
907
631
783
635
915
831
887
671
755
627
811
667
903
779
839
743
731
679
863
615
819
767
871
619
955
703
903
675
891
387
923
627
771
675
987
679
811
611
911
731
867
695
915
811
899
643
767
591
791
723
771
803
791
711
883
727
843
763
967
647
963
711
935
771
811
679
951
679
807
643
931
699
883
763
799
675
902
823
875
727
806
631
767
639
711
771
791
603
778
535
851
718
839
687
923
607
839
763
919
759
847
863
899
559
867
563
855
703
803
691
946
567
951
767
851
639
722
599
951
587
943
763
931
687
911
639
863
679
875
671
823
843
783
527
819
531
819
747
915
443
835
747
902
775
863
715
847
535
887
667
911
679
803
679
795
495
819
663
987
675
823
679
739
503
875
727
931
707
607
371
643
291
503
467
859
663
827
747
811
703
771
683
459
631
591
795
595
695
567
587
695
691
535
599
483
727
787
671
659
763
651
595
571
583
707
679
571
599
679
799
695
503
675
735
647
634
623
663
615
667
687
671
579
723
675
675
535
471
535
599
719
551
559
675
607
599
559
599
663
643
675
575
699
643
567
499
591
615
491
719
539
695
555
663
499
559
615
555
655
675
627
623
663
503
595
811
603
715
499
527
579
735
743
699
667
679
699
663
595
587
731
599
687
551
571
595
579
579
579
579
579
579
579
579
579
579
579
579
579
579
579
579
579
579
579
579
579
579
579
579
579
579
719
599
483
631
735
695
451
599
758
747
575
643
715
603
691
727
639
591
599
727
611
707
723
743
611
631
611
663
623
679
627
807
707
623
671
731
427
739
635
631
435
587
702
563
811
499
719
635
539
667
643
647
591
571
667
623
587
635
487
643
439
763
595
827
627
603
563
651
715
547
607
683
627
735
715
662
583
715
743
843
527
523
515
775
671
691
670
539
483
698
651
667
719
603
699
723
743
626
643
607
623
615
595
599
667
651
675
527
687
671
659
579
663
599
667
755
627
611
607
571
535
519
503
679
674
543
651
623
795
687
731
571
663
691
571
603
563
439
559
631
547
655
683
635
687
715
543
647
719
559
539
691
663
603
603
603
751
647
527
695
579
723
651
611
627
519
607
463
695
539
635
675
635
683
619
639
599
703
623
679
707
747
607
743
619
575
639
623
574
635
623
667
627
735
603
615
515
695
795
551
527
599
659
819
487
747
543
759
599
759
579
679
663
703
595
727
519
755
783
719
679
707
591
639
663
791
647
591
663
643
667
751
583
667
735
635
671
731
575
727
539
639
571
511
627
735
439
511
555
695
555
587
539
475
735
599
607
687
635
707
615
747
735
443
767
703
635
651
583
603
743
687
631
659
687
571
623
679
659
595
683
667
711
715
563
690
711
655
619
743
599
555
703
539
719
647
675
699
639
735
567
655
667
647
647
615
595
591
727
731
719
567
439
551
591
595
735
631
559
659
671
583
623
731
739
595
483
590
655
619
499
575
571
554
699
683
607
723
691
711
627
715
643
787
639
739
631
611
807
679
635
599
559
659
491
663
723
531
387
755
663
583
527
595
599
603
787
655
495
571
487
539
555
635
631
719
495
523
447
443
459
571
767
