499
727
379
491
378
539
427
603
255
583
391
490
459
594
371
527
479
703
503
419
423
655
354
683
411
495
511
735
399
571
455
662
439
667
419
603
455
619
423
643
411
515
555
747
267
583
439
691
455
579
319
743
402
511
563
663
443
659
523
619
463
607
583
667
307
611
411
807
471
703
543
598
379
479
403
543
455
703
410
775
531
699
358
751
411
635
467
627
283
639
311
427
367
539
451
531
383
551
499
707
395
459
351
575
395
627
339
659
487
679
559
583
375
547
419
579
479
579
507
767
487
579
407
714
307
583
527
563
331
683
406
719
507
563
519
643
459
719
363
535
355
659
243
595
419
611
391
663
467
699
407
711
439
615
471
691
331
619
498
763
403
603
387
642
491
647
303
563
343
555
523
467
311
479
515
771
475
523
407
655
391
598
439
507
347
531
439
638
491
587
399
687
379
583
338
711
379
587
455
559
447
559
591
651
318
590
243
591
491
811
399
663
307
767
419
715
379
479
395
735
463
623
487
711
459
639
439
579
419
687
403
603
443
543
379
647
458
719
543
659
427
694
455
583
547
595
319
511
331
571
487
602
463
591
419
811
563
562
507
643
287
587
403
699
347
555
443
619
355
591
470
619
371
735
439
567
451
663
475
691
375
535
383
543
435
611
387
583
435
699
467
591
330
595
423
647
503
611
443
579
395
599
359
755
414
719
415
643
475
579
407
751
447
539
487
523
363
495
571
619
359
515
527
659
387
539
471
535
495
547
363
735
451
555
411
559
535
598
343
551
395
691
263
623
455
591
419
547
435
574
475
495
379
611
427
691
351
646
419
579
351
651
347
671
443
527
419
671
407
627
423
591
446
710
455
670
375
595
367
559
367
535
367
663
519
531
551
742
363
643
351
755
387
491
435
563
439
451
607
687
439
703
335
766
407
690
395
659
331
567
371
739
383
510
415
795
435
627
507
655
459
523
527
531
291
611
386
586
399
643
491
614
287
599
539
659
455
619
439
579
406
611
315
571
519
607
415
579
399
631
531
598
439
494
467
511
435
695
443
631
307
695
439
719
407
427
347
759
495
475
482
407
495
607
327
543
371
566
459
639
471
703
367
739
475
711
402
627
243
675
443
675
443
638
471
687
323
523
51
331
127
343
263
607
363
619
203
587
335
635
347
167
491
479
523
411
307
503
271
295
511
427
435
327
443
279
419
343
383
403
379
331
371
319
354
323
551
275
287
431
527
319
415
399
299
447
391
447
323
431
343
575
531
347
251
379
339
450
391
311
383
371
283
455
431
455
459
351
383
135
299
223
331
399
523
443
415
411
547
315
486
419
487
359
467
271
499
407
435
311
395
187
407
491
475
327
375
431
447
523
327
455
311
375
395
475
375
251
363
527
211
487
363
503
451
303
282
311
279
459
479
327
487
407
455
390
510
347
311
407
359
619
335
247
459
343
423
411
383
403
419
351
363
403
347
447
323
407
451
435
511
275
330
323
359
335
359
315
399
247
463
283
387
395
451
411
283
311
447
371
459
335
527
446
423
374
519
395
247
227
415
547
239
407
291
263
443
383
383
527
219
527
375
419
339
379
447
506
303
542
399
334
391
331
479
442
339
335
431
427
363
399
391
423
471
291
515
351
443
311
307
347
403
247
427
291
446
502
491
326
327
275
403
575
391
319
375
379
415
286
327
439
311
315
443
463
419
383
411
355
495
475
527
471
399
615
367
447
355
303
451
443
527
427
375
363
299
415
439
351
483
354
227
323
443
431
338
407
407
371
471
395
275
319
467
383
459
395
439
519
518
415
483
455
447
451
463
239
491
339
411
367
527
299
351
451
423
363
335
335
315
535
363
447
575
395
515
363
523
411
331
331
435
518
415
355
423
375
383
447
466
471
371
411
379
371
475
402
363
403
355
287
319
391
471
371
351
327
451
463
731
603
355
463
395
511
407
203
434
219
455
467
359
423
455
419
371
379
467
331
375
411
435
275
375
387
439
443
487
407
339
523
295
306
315
351
575
499
467
303
431
443
347
359
279
491
359
447
527
318
426
363
447
363
595
459
307
319
391
431
355
351
527
367
431
363
459
327
259
423
299
523
315
275
527
387
439
455
359
383
339
511
199
418
407
323
383
315
375
394
423
351
423
543
383
363
387
451
383
355
411
191
447
347
435
399
391
355
303
543
379
271
383
275
471
203
395
343
539
343
523
470
431
343
359
371
531
527
407
323
379
311
415
403
359
459
435
227
355
455
463
519
306
443
499
495
475
430
375
403
399
347
475
382
475
435
491
427
459
451
267
294
323
431
355
339
291
415
555
463
427
291
427
803
