411
623
470
582
443
627
251
731
330
610
471
595
327
626
281
503
306
623
247
671
479
613
483
391
398
674
274
611
407
623
435
563
499
671
471
791
391
650
507
583
499
555
495
587
379
627
459
654
415
679
538
635
483
559
403
569
363
463
411
659
294
619
418
607
483
571
455
631
495
499
463
699
571
611
467
611
391
570
291
647
423
591
499
530
438
635
367
627
362
695
487
535
343
475
443
651
367
651
367
607
327
459
363
579
359
706
535
607
267
582
491
622
478
507
527
699
547
579
575
473
467
631
315
663
431
503
359
555
447
650
415
663
491
479
391
743
438
602
263
615
499
559
327
523
622
663
443
627
478
531
331
659
442
659
387
527
423
703
327
647
351
543
415
607
403
571
347
623
383
607
426
738
427
663
459
719
474
663
426
610
359
575
367
463
359
579
355
647
287
619
546
582
519
607
394
614
503
571
503
567
355
746
351
519
371
591
291
562
455
579
379
607
279
491
355
591
443
511
415
611
314
671
447
601
379
643
450
675
431
491
355
571
434
677
299
563
449
523
326
631
355
566
518
669
455
631
375
538
383
402
363
599
391
507
238
631
475
667
437
642
371
519
379
699
351
603
423
787
374
654
411
714
419
575
495
598
363
774
398
559
422
847
538
499
303
551
362
531
426
683
506
737
401
703
243
690
287
675
362
579
286
647
347
611
182
691
415
607
471
658
311
575
379
631
483
558
403
503
379
611
414
630
459
507
334
623
339
569
491
566
279
675
415
727
402
523
267
559
503
627
538
523
451
547
439
699
363
526
447
623
479
551
518
699
415
627
311
615
403
615
411
519
407
846
255
563
607
603
491
507
575
654
595
675
347
603
403
634
443
643
447
747
311
515
359
647
418
479
407
591
470
607
283
443
363
686
546
498
363
519
422
615
442
603
266
687
539
538
407
579
462
474
374
591
519
538
462
623
431
627
363
619
387
643
343
522
394
635
346
619
395
655
319
507
422
674
542
623
494
583
370
639
431
579
527
611
319
714
314
598
307
730
470
658
382
639
526
603
383
550
295
435
479
699
271
499
439
655
411
599
567
675
435
731
446
687
255
571
431
663
331
783
423
523
495
439
446
590
431
643
551
655
535
587
406
635
463
499
175
423
103
343
275
619
359
539
491
594
311
815
403
391
463
359
439
342
335
451
359
447
279
423
323
338
470
391
415
447
410
263
314
307
386
370
395
375
355
331
410
351
279
443
391
355
426
371
419
398
307
391
391
403
427
431
314
359
419
290
566
299
543
435
475
207
551
466
245
426
279
251
418
303
431
354
375
239
318
375
371
519
343
311
335
411
422
475
403
291
287
295
411
343
311
483
415
319
407
234
283
443
307
343
351
374
491
443
378
359
339
331
463
387
451
375
259
335
350
539
539
539
539
539
539
539
539
539
539
539
539
539
539
539
539
539
539
539
539
539
539
539
539
539
539
575
403
306
402
419
387
283
307
215
379
299
359
239
439
303
439
422
327
463
510
287
355
530
419
399
378
350
515
347
311
447
411
507
502
367
454
219
363
415
195
319
379
442
370
527
383
395
466
323
423
379
387
363
443
375
223
403
478
363
343
347
403
402
359
354
339
303
394
239
414
370
414
403
451
455
503
375
435
427
387
383
262
338
438
410
387
347
327
443
278
406
435
427
491
395
335
379
470
627
338
339
475
487
315
249
315
309
447
291
527
335
291
279
486
454
435
290
351
450
351
467
326
317
391
395
450
510
351
267
330
403
423
431
205
423
219
342
318
455
451
303
378
447
679
422
375
295
483
458
346
290
218
427
387
462
338
391
347
435
403
450
350
299
407
427
367
227
423
318
411
458
330
267
310
383
455
362
439
247
495
243
306
302
310
271
382
315
271
355
407
339
414
295
435
351
475
214
463
394
323
411
255
427
493
379
398
391
367
459
451
435
395
439
323
263
418
375
363
363
455
371
303
501
414
455
391
390
455
255
351
351
329
531
423
339
495
251
339
371
303
378
347
467
483
459
471
295
335
411
374
247
394
407
191
443
273
410
467
422
494
323
379
291
355
390
363
411
367
395
419
505
219
457
435
291
462
458
323
342
515
399
387
319
455
442
462
258
390
255
363
346
358
291
415
358
310
383
363
323
334
467
263
425
462
355
458
399
463
459
427
503
351
295
351
306
439
267
331
267
337
367
407
271
362
267
395
382
423
235
503
297
403
262
370
295
507
439
291
471
379
479
311
231
407
278
311
321
367
438
342
299
423
275
423
359
370
285
483
383
259
406
403
339
438
427
399
266
399
266
534
391
411
335
283
262
359
127
374
390
259
458
