471
411
283
391
159
731
419
543
163
555
195
371
331
483
371
427
299
407
239
603
343
575
295
555
279
435
415
543
315
467
347
547
363
559
503
507
363
503
359
471
327
555
391
471
231
427
339
595
315
575
315
679
335
571
419
507
247
543
171
511
311
487
391
531
403
587
375
595
407
495
491
495
323
643
315
487
303
615
267
451
491
491
199
467
371
567
379
627
359
535
299
567
447
507
403
479
303
523
323
459
299
463
379
515
535
551
519
531
451
483
299
631
311
611
215
647
427
499
375
451
443
519
307
543
291
595
263
707
231
631
335
563
311
399
419
431
355
407
223
575
315
683
475
479
275
443
255
715
355
511
407
575
347
639
255
543
435
631
367
463
395
459
383
607
483
495
383
447
279
503
375
655
431
471
303
343
387
431
383
559
467
615
343
451
259
431
279
567
411
607
355
663
363
583
251
527
387
563
331
579
151
403
307
435
275
579
319
535
503
511
271
499
383
455
255
543
411
619
323
663
291
515
363
551
335
547
339
295
383
547
407
419
191
519
331
455
223
371
371
591
291
539
339
515
295
543
235
435
171
543
303
435
287
399
299
627
187
471
475
451
387
435
239
395
315
511
335
411
379
635
343
487
327
471
363
591
459
615
391
547
307
555
415
487
407
471
235
403
375
487
263
535
355
571
347
583
311
431
295
591
375
491
327
507
335
611
219
459
359
531
423
515
399
531
299
623
463
539
439
559
335
515
343
439
251
503
271
339
339
547
451
583
199
527
391
447
371
527
339
451
371
491
415
515
231
499
283
503
511
411
447
535
383
379
335
443
335
479
399
515
339
547
431
307
295
567
463
471
347
619
375
651
299
563
423
683
319
423
359
547
239
435
471
607
235
631
315
607
431
619
351
591
395
559
355
531
347
575
347
579
451
515
387
443
411
507
215
511
479
587
259
671
383
595
519
551
379
503
447
407
339
603
303
555
355
523
339
455
231
463
451
455
467
527
259
459
387
583
251
463
383
523
359
531
523
539
387
515
339
631
315
651
427
483
379
435
407
551
283
511
331
483
315
499
335
463
363
459
219
407
299
603
263
563
347
543
283
539
351
507
395
527
435
575
387
443
219
431
387
471
351
475
219
415
343
555
391
287
67
307
3
195
199
511
327
439
315
459
207
583
147
335
307
267
335
243
299
139
339
247
267
375
203
319
415
311
279
287
207
299
351
331
323
303
355
195
183
323
347
239
371
435
483
299
303
355
371
263
303
371
231
295
447
367
443
359
199
315
327
195
359
319
191
395
471
387
323
343
355
447
287
279
215
323
447
283
383
287
251
207
307
295
343
335
339
383
307
371
443
295
295
395
399
259
271
211
223
255
235
327
259
327
419
295
415
339
351
319
287
187
243
367
343
255
335
431
375
371
311
275
299
327
95
319
251
415
235
255
311
307
367
331
391
295
379
223
295
207
315
323
327
395
415
279
307
343
511
291
463
311
407
247
399
487
219
367
479
319
279
347
447
231
331
211
347
359
387
423
495
287
219
255
355
447
395
311
351
287
331
307
223
147
307
255
287
391
371
231
319
371
247
359
207
231
291
247
255
243
391
263
207
363
351
159
371
247
295
295
267
239
427
359
335
167
283
255
323
159
191
211
347
367
195
315
315
155
135
419
423
279
183
331
379
535
203
307
275
275
243
307
307
399
319
327
311
379
191
323
331
275
311
351
451
287
307
291
395
411
383
255
471
387
167
163
335
327
311
423
259
343
359
319
223
263
335
199
355
263
299
83
267
315
347
363
223
323
391
327
455
503
195
195
367
355
431
27
295
211
343
139
455
219
315
279
411
379
247
295
347
287
315
371
275
383
295
407
463
251
291
247
395
319
371
295
183
139
247
119
279
275
287
347
335
283
271
387
283
327
363
255
347
223
135
235
299
351
243
171
275
207
459
247
243
247
243
319
263
275
327
183
395
335
235
275
227
351
339
303
263
283
367
247
351
355
303
267
271
159
195
403
447
363
387
307
167
339
447
255
287
275
255
243
223
387
363
267
291
255
307
323
395
487
383
279
315
383
283
319
235
371
419
247
283
231
331
303
175
247
315
279
223
307
283
267
327
307
239
315
343
231
247
331
387
363
203
287
263
307
419
263
275
291
303
331
355
255
411
299
227
359
215
299
383
355
383
255
295
167
359
375
331
315
431
287
191
311
267
343
287
243
295
235
475
363
283
439
295
351
219
247
287
279
391
383
171
347
379
255
171
387
291
371
311
267
335
379
403
339
363
255
227
391
227
259
319
411
411
339
399
263
271
299
347
207
319
243
255
167
287
343
379
375
267
563
