331
335
287
435
259
411
267
507
163
519
307
415
227
399
167
463
283
559
311
547
83
431
247
579
251
491
231
619
183
443
331
535
223
483
247
507
219
463
363
375
247
491
307
463
195
403
239
463
243
339
319
503
335
475
243
551
339
387
219
387
231
455
307
387
351
543
395
583
251
475
319
483
263
431
291
503
323
539
259
539
295
371
215
507
179
523
235
483
243
407
291
603
243
515
267
539
231
463
287
535
255
427
327
463
251
419
459
471
159
611
247
395
167
467
299
507
323
379
271
403
183
495
159
539
235
407
267
579
303
531
263
367
315
379
279
391
107
479
179
451
295
383
335
547
211
455
403
407
227
543
251
335
259
575
427
407
355
483
327
471
319
551
307
407
295
567
331
403
227
527
247
479
179
583
295
379
447
583
371
487
283
483
319
395
263
431
387
427
191
443
303
471
339
663
303
503
379
371
247
419
323
343
335
359
267
391
251
351
187
535
251
507
299
475
163
387
375
523
311
443
243
491
351
623
299
487
243
479
195
475
171
427
207
387
311
559
307
415
187
635
315
475
255
431
291
459
279
427
231
315
215
467
231
379
347
539
355
535
303
483
279
423
299
551
323
555
407
431
331
387
259
467
255
463
175
383
239
415
263
511
319
591
319
439
227
483
363
427
287
527
307
439
439
459
251
455
239
463
203
495
195
443
315
623
147
607
311
475
407
607
219
475
383
467
263
527
367
403
291
495
299
583
395
563
271
555
367
487
279
511
227
531
215
659
339
491
339
543
395
499
247
439
391
507
423
527
411
483
343
431
523
411
363
479
427
459
295
511
335
567
391
439
207
467
179
339
287
483
391
279
355
383
203
371
251
531
279
463
203
455
227
495
335
591
299
567
195
443
327
447
295
467
375
399
287
495
411
575
239
459
371
479
379
459
223
399
303
491
231
455
291
383
279
491
303
511
371
463
483
539
395
503
271
427
303
479
315
499
415
539
327
443
263
543
255
447
251
415
263
411
343
519
287
463
275
611
411
511
347
471
267
547
275
471
303
499
295
663
239
615
339
459
311
555
363
483
263
435
367
555
363
607
279
591
231
495
263
395
335
503
383
487
319
567
287
331
187
339
335
403
315
495
147
367
439
495
139
315
55
307
0
315
7
499
291
411
259
415
283
391
311
275
243
351
255
335
211
227
307
287
363
227
267
295
199
191
267
227
255
343
143
311
203
307
279
115
203
251
367
207
231
327
303
203
275
303
295
263
311
279
207
271
275
167
147
279
243
191
411
203
187
231
327
331
307
283
219
411
319
83
299
275
315
175
199
263
271
203
167
127
155
291
275
351
343
183
291
227
355
111
251
263
263
307
95
183
107
187
199
259
239
235
199
283
399
351
271
267
271
287
263
207
263
335
155
367
287
267
279
243
167
263
223
227
471
303
231
327
375
175
167
243
391
227
183
243
315
199
319
383
311
215
239
139
351
287
287
283
343
207
415
207
251
283
315
263
287
159
279
323
383
251
187
267
387
323
251
203
327
143
255
167
243
339
307
251
203
231
347
215
223
195
215
219
295
215
95
323
283
231
359
123
227
271
215
183
295
143
307
207
247
227
191
335
227
139
295
419
331
399
367
155
195
315
219
339
395
227
235
299
335
239
287
203
175
315
263
311
295
99
283
207
375
303
219
351
303
339
359
315
399
287
171
215
199
299
291
319
171
215
311
123
251
183
223
267
191
319
275
191
243
271
419
343
271
159
219
79
323
271
299
303
283
391
151
307
403
391
231
263
315
199
287
279
215
291
307
287
235
299
343
363
199
123
207
271
335
183
179
255
227
251
323
207
303
159
319
275
199
291
267
319
223
359
319
175
163
131
279
251
207
215
195
275
95
251
315
139
215
207
247
251
303
243
271
267
167
271
155
235
303
303
311
163
251
275
359
211
303
123
203
203
243
335
295
215
103
239
207
191
231
251
235
195
279
243
275
171
203
351
155
151
207
295
159
183
75
271
283
271
307
139
387
455
347
159
271
119
287
143
295
243
231
219
283
267
135
323
199
355
211
247
219
147
187
251
223
279
303
255
231
187
299
159
391
387
307
259
143
275
263
167
191
279
219
119
235
131
295
311
259
407
359
271
259
371
291
271
327
203
299
255
319
355
195
287
127
107
295
175
191
187
347
167
327
51
219
235
283
127
387
279
319
179
219
175
187
55
263
327
235
459
359
179
175
191
139
411
147
175
199
235
307
223
251
287
251
223
103
179
295
195
263
223
183
295
267
159
199
235
319
211
183
267
347
199
223
187
307
207
215
231
411
239
247
283
175
207
247
255
211
191
315
519
