448
609
421
601
399
571
276
573
338
515
349
558
377
607
435
573
462
530
375
623
405
599
434
595
349
434
362
510
514
544
384
675
345
644
422
449
527
569
490
555
425
469
414
656
299
543
537
788
438
591
371
422
439
696
338
489
343
580
351
706
291
507
332
620
319
632
424
588
455
677
461
528
452
495
396
721
377
615
436
592
349
610
454
645
353
557
348
651
321
579
400
643
374
497
422
466
424
574
436
510
383
537
393
643
393
593
340
492
471
468
499
461
407
603
407
443
395
646
288
577
431
600
369
661
315
636
305
651
301
535
522
496
285
581
424
480
484
702
431
576
391
523
469
597
397
578
514
454
452
524
388
540
362
602
273
556
314
507
397
646
375
669
500
555
509
647
439
594
392
465
541
556
292
655
343
345
376
473
355
555
360
745
389
656
384
366
381
561
358
478
450
471
343
694
371
546
583
519
500
599
378
581
302
575
482
527
372
605
400
653
349
540
343
516
435
716
309
582
460
516
393
473
484
689
342
593
491
520
515
511
335
674
408
576
398
586
331
639
465
729
403
600
419
709
324
614
386
515
321
477
328
564
413
506
308
714
405
657
520
650
413
517
287
491
427
584
488
598
395
674
494
735
306
658
473
623
430
583
354
784
370
597
297
461
347
514
371
582
563
602
404
633
312
506
376
649
350
354
397
577
437
493
395
532
393
568
335
617
315
593
367
440
403
443
388
513
383
531
191
571
499
628
335
586
459
494
391
486
482
544
345
490
416
519
456
608
574
571
287
713
490
622
362
636
356
531
593
599
551
635
305
687
418
527
471
589
365
601
429
544
505
550
394
412
342
565
423
530
316
555
409
519
432
556
292
629
396
486
394
616
336
546
482
675
561
614
397
669
498
587
328
648
372
622
471
624
278
707
299
641
423
723
406
536
354
665
520
499
314
554
385
597
349
652
367
608
412
705
422
641
379
485
556
537
522
647
428
700
442
531
454
624
466
445
371
580
450
562
530
586
421
583
321
640
430
517
395
659
519
617
334
563
426
625
456
613
363
417
457
659
413
659
390
552
422
663
324
520
423
594
517
646
396
560
333
519
412
663
451
610
526
508
311
659
345
701
352
523
290
559
549
529
252
619
370
606
347
413
106
311
0
293
102
540
438
416
461
573
500
616
311
415
399
431
323
436
384
275
279
318
256
455
363
332
293
347
322
367
580
393
473
310
420
219
252
372
487
348
258
335
438
331
390
352
448
407
526
356
387
271
285
290
459
275
354
381
412
238
413
402
328
350
261
330
412
328
224
315
322
375
352
433
321
437
401
401
334
338
462
293
331
348
280
334
318
240
369
339
319
431
285
463
357
375
451
199
334
359
321
254
372
232
379
390
340
295
418
345
461
335
284
368
407
499
320
176
386
330
459
313
250
392
260
320
342
431
363
332
446
363
421
188
490
450
295
398
373
350
318
372
505
387
356
340
506
294
383
374
360
440
415
299
466
300
385
343
371
420
315
191
415
405
199
290
277
290
313
461
493
375
310
389
404
478
471
316
495
430
381
404
351
352
460
276
566
273
352
405
323
349
344
314
405
214
357
270
341
290
295
377
472
336
336
384
459
372
267
355
389
457
287
348
353
371
408
434
510
316
277
429
428
408
255
455
344
361
270
194
284
336
241
390
395
385
416
448
334
439
365
449
307
342
509
337
382
238
353
252
411
394
347
310
418
487
334
613
380
305
353
303
193
342
322
279
292
380
307
399
402
442
469
234
430
367
406
272
460
363
284
441
320
286
428
302
392
359
360
221
263
276
365
279
332
433
390
267
335
364
270
330
317
379
350
355
359
348
359
265
364
355
350
340
341
377
333
280
472
468
269
400
385
339
515
373
280
365
311
195
355
321
217
315
397
418
391
346
333
275
394
332
401
452
419
256
355
266
373
370
347
346
363
437
324
460
387
369
268
346
415
421
465
386
434
207
336
446
475
385
364
315
351
368
487
333
501
383
274
386
335
269
377
320
462
364
363
412
357
280
374
267
395
266
286
325
355
496
303
277
304
324
413
296
331
281
338
324
364
340
528
402
411
491
421
356
385
343
358
389
361
266
534
213
350
221
531
392
380
365
350
327
302
447
318
454
356
357
306
324
380
380
367
399
278
311
361
412
469
316
477
380
460
222
407
366
280
388
252
373
300
299
402
324
234
339
334
261
370
303
320
303
478
220
516
266
349
390
355
282
344
277
303
380
288
246
363
286
354
343
363
316
334
365
437
286
456
553
330
469
367
135
379
486
197
323
325
346
221
368
415
231
170
384
287
287
463
306
400
341
354
271
409
393
397
691
