638
819
570
716
623
634
475
755
559
499
479
662
629
657
583
718
611
755
475
599
681
833
606
689
409
631
543
751
577
867
582
735
594
680
563
759
597
802
457
743
591
890
503
727
673
718
642
803
679
737
534
737
495
787
402
747
485
735
583
879
451
701
473
771
579
657
497
849
519
831
490
874
683
731
587
785
513
721
523
849
505
691
418
783
543
662
556
727
599
846
614
747
454
749
527
889
527
782
616
666
551
579
549
767
619
851
543
680
691
709
570
774
641
738
547
793
687
795
499
851
423
687
414
747
508
743
605
827
733
731
522
803
507
834
531
736
641
729
506
734
587
669
499
799
557
741
609
764
635
695
531
826
497
667
669
700
547
671
625
823
459
807
617
775
582
679
506
827
679
603
551
727
497
731
505
813
411
863
694
779
495
826
605
703
403
769
595
762
559
834
442
892
682
829
745
669
624
747
581
607
663
767
505
747
481
770
511
743
709
903
543
802
550
809
722
838
676
701
651
775
487
735
660
810
551
746
591
891
566
702
566
846
621
659
522
802
577
773
433
951
575
703
523
672
622
626
483
786
707
719
643
605
590
615
547
792
650
794
574
702
661
739
623
655
590
547
520
786
595
803
494
678
549
771
511
861
526
629
502
798
487
811
491
619
502
662
577
689
547
823
539
647
470
671
458
798
599
658
573
697
663
849
529
881
589
835
593
790
491
905
451
886
491
707
486
638
485
726
538
702
662
714
497
599
437
727
515
715
585
711
639
705
569
787
634
691
551
755
635
794
533
767
562
853
502
783
551
788
515
739
546
749
657
618
582
683
714
738
515
779
530
708
678
721
518
795
593
767
594
697
499
931
447
715
701
875
509
707
617
669
491
754
406
710
558
842
647
719
619
847
534
760
489
731
533
819
494
822
663
627
579
657
650
749
511
735
531
683
553
704
501
754
515
681
571
849
543
873
603
761
605
706
485
801
435
719
610
759
543
814
541
682
519
859
562
851
471
705
581
735
533
646
583
846
483
575
583
926
699
718
723
863
517
843
515
779
311
726
441
705
410
807
530
642
669
787
542
732
462
863
597
825
453
746
551
838
583
603
632
813
350
783
599
866
539
783
509
698
583
731
510
859
503
717
631
815
535
550
250
537
249
483
402
699
519
734
610
609
546
743
446
502
495
578
559
537
495
355
670
479
545
650
607
371
445
583
485
442
607
547
474
501
503
555
575
537
501
511
582
587
570
611
463
584
483
655
631
474
394
415
609
495
503
591
470
535
527
532
613
329
609
591
574
453
430
555
513
643
529
607
630
517
583
490
574
395
549
451
466
417
533
570
507
422
637
438
602
546
482
603
479
631
451
507
605
593
506
573
555
566
567
523
482
458
507
497
590
442
585
522
519
599
657
551
607
707
707
707
707
707
707
707
707
707
707
707
707
707
707
707
707
707
707
707
707
707
707
707
707
707
707
477
493
487
515
522
401
411
547
543
483
444
626
609
698
650
459
535
527
511
491
523
386
431
454
631
451
439
530
442
586
387
610
530
393
547
610
594
631
542
483
457
373
430
531
423
405
569
570
702
582
345
495
579
467
395
527
557
434
536
493
487
431
527
475
579
462
476
413
450
445
602
569
430
601
530
697
575
549
575
567
615
583
474
466
463
647
527
798
483
563
575
631
459
475
505
435
465
614
435
555
322
467
703
511
381
407
443
464
519
486
655
607
583
553
489
505
606
320
346
650
635
566
395
538
527
547
531
574
522
451
459
547
443
519
561
544
590
517
486
551
517
646
595
497
665
563
453
531
570
605
635
559
554
419
430
555
423
523
450
513
611
550
562
434
478
575
378
462
425
613
399
541
447
414
551
642
454
658
455
473
502
407
475
431
386
451
535
553
543
573
453
455
535
571
569
475
590
603
451
457
446
473
545
679
395
559
586
511
523
621
435
657
494
594
531
482
443
613
509
446
383
457
543
591
505
547
591
445
431
562
677
487
775
515
493
534
433
662
606
463
470
509
591
470
577
631
473
542
509
511
519
481
522
410
449
547
727
547
402
611
533
491
430
611
351
581
453
543
727
379
611
581
474
547
621
563
585
562
466
659
385
615
507
670
489
523
417
641
477
523
537
650
510
443
442
510
522
478
499
646
322
535
558
526
488
602
503
582
539
611
507
579
411
447
458
471
459
441
698
574
571
534
591
367
683
611
594
415
537
383
323
387
576
622
554
649
599
446
594
537
427
606
402
399
371
655
366
555
471
614
604
549
567
523
647
735
522
542
481
511
430
559
450
587
465
559
495
579
550
474
473
625
503
573
591
563
493
323
274
342
297
346
511
