324
555
437
616
395
685
441
724
369
700
563
628
372
667
340
495
454
565
389
669
346
720
449
439
475
649
460
542
255
654
348
716
427
653
548
677
485
499
387
547
454
587
358
547
357
648
464
594
470
585
548
583
453
716
429
525
407
596
421
641
380
605
459
649
432
691
626
625
444
628
408
626
449
597
430
478
615
526
360
562
456
609
491
468
559
637
432
632
477
635
425
620
414
710
311
696
408
563
357
752
419
652
463
728
351
593
285
559
437
726
424
575
529
658
310
591
522
636
467
584
452
582
470
716
446
576
394
651
416
698
444
705
382
585
436
677
448
631
430
740
426
779
378
600
476
704
447
764
384
503
460
521
335
439
408
571
525
620
412
623
608
852
479
660
507
636
532
636
461
589
479
647
429
593
579
621
424
775
340
738
409
541
222
567
520
794
538
577
459
602
450
592
528
660
514
592
437
661
560
730
317
643
447
578
463
690
364
620
356
662
432
716
430
667
359
523
379
582
391
655
406
706
435
749
508
616
390
609
419
627
300
513
478
470
427
621
444
430
489
764
410
566
569
551
266
509
519
582
483
702
433
637
558
493
540
843
384
695
490
630
338
429
398
455
478
585
482
600
403
643
335
589
475
662
539
558
287
539
387
603
372
617
449
623
488
724
542
555
475
722
419
508
448
708
452
607
516
664
520
617
267
667
348
709
427
503
527
667
421
501
425
803
485
719
427
564
428
587
465
668
395
642
378
619
453
773
323
720
399
681
451
562
438
633
527
690
439
648
510
615
388
553
461
689
508
559
419
630
363
564
392
648
301
712
493
660
368
616
496
649
404
632
351
674
317
643
488
576
643
634
455
679
654
636
504
642
522
604
435
519
428
549
376
827
446
679
366
720
394
690
354
572
514
682
409
658
552
620
510
679
303
656
489
632
497
663
325
654
482
548
464
734
338
551
400
800
475
638
539
757
423
546
544
712
557
515
456
532
338
709
342
421
343
592
479
637
363
652
412
721
449
565
529
690
462
712
378
732
419
607
545
592
504
887
543
702
428
457
492
606
448
570
521
621
575
746
637
751
386
496
567
694
329
675
364
699
316
667
585
667
427
630
340
559
528
658
489
611
409
664
565
728
317
616
425
542
417
492
37
252
276
313
120
674
415
643
301
544
368
599
468
422
409
291
413
512
440
419
507
426
420
357
601
511
378
250
415
346
461
368
329
397
401
413
574
448
385
350
346
287
435
436
563
445
505
323
441
583
365
412
522
310
399
401
517
483
456
447
378
445
411
380
389
248
518
342
265
305
362
451
459
317
426
480
422
474
555
524
461
397
401
449
496
439
320
436
516
529
396
389
516
425
420
476
446
418
547
343
379
384
425
537
491
247
382
516
430
347
500
347
613
354
417
343
320
475
406
386
314
346
471
494
340
433
431
373
246
316
453
411
598
288
481
403
401
262
440
318
575
543
361
475
393
316
332
489
469
401
493
362
369
367
369
446
558
400
387
393
536
219
559
397
404
495
439
414
473
434
386
349
436
373
466
458
327
478
521
356
382
488
469
395
391
328
465
506
471
533
330
355
412
392
533
441
349
426
433
341
435
263
404
509
603
357
518
505
424
401
394
411
464
386
423
322
404
434
384
521
456
465
351
459
508
388
478
345
396
480
374
520
404
256
600
319
567
390
613
491
459
397
446
396
551
481
379
397
433
367
347
379
405
515
385
521
298
522
527
480
475
183
378
322
394
402
460
486
327
581
418
361
479
399
452
350
488
542
438
383
448
287
354
394
399
356
474
365
382
357
430
438
561
322
524
370
392
450
363
538
520
365
355
398
401
436
533
365
522
399
374
495
387
331
259
387
417
312
468
386
486
436
309
362
339
504
433
483
386
436
481
339
371
369
558
389
464
430
506
499
360
345
389
405
426
448
544
431
397
436
567
467
407
413
520
417
391
513
329
437
454
369
387
393
540
376
425
374
348
390
593
351
298
378
440
348
340
294
453
431
507
364
442
414
238
321
467
478
549
281
404
469
434
334
482
389
434
428
451
450
425
436
523
310
383
295
308
511
376
334
355
278
408
368
487
402
465
460
438
344
422
367
524
426
446
360
260
401
339
407
438
378
343
375
353
491
312
318
329
321
361
442
371
410
415
361
244
433
492
339
570
377
414
332
388
477
327
401
387
316
446
407
489
416
442
299
457
420
479
468
391
408
515
355
435
373
509
495
416
347
486
467
410
547
460
325
442
466
539
473
395
333
445
407
452
295
378
348
385
424
349
308
263
365
440
292
405
331
350
366
447
409
412
180
275
243
376
251
484
276
372
364
301
269
393
613
