482
649
579
806
574
720
561
748
539
633
447
714
437
704
491
760
460
694
419
707
643
792
442
600
518
787
436
773
466
833
530
683
656
835
419
689
515
722
466
720
529
760
627
655
525
626
512
813
556
793
597
669
447
830
491
641
403
693
637
715
474
625
520
725
387
834
502
685
578
648
535
690
483
683
394
645
543
702
459
734
622
842
550
652
433
675
517
682
561
670
501
682
488
849
616
640
727
747
448
807
414
670
478
729
490
817
435
718
476
659
383
548
526
649
467
658
513
534
649
827
645
636
506
760
449
625
489
869
471
753
383
692
408
721
484
757
421
557
549
782
435
813
573
791
455
898
445
730
434
618
469
744
469
827
460
624
564
841
535
763
530
712
491
773
608
590
462
610
599
809
459
748
650
696
518
601
434
719
566
789
664
504
302
709
570
665
565
720
438
631
397
838
439
778
508
837
499
760
650
726
523
658
576
657
663
611
519
767
402
669
628
593
487
657
426
829
429
633
440
680
516
669
549
806
380
825
461
758
486
671
431
706
411
656
479
727
489
589
453
855
557
823
570
650
532
695
619
730
439
817
454
716
450
751
401
781
402
738
634
796
466
735
475
832
446
677
531
597
389
561
410
784
601
758
500
654
397
637
515
753
410
782
478
717
579
761
562
710
666
837
515
778
639
777
420
760
558
649
440
798
697
534
582
611
538
705
429
756
674
654
452
839
603
765
545
668
419
901
445
742
495
615
585
737
514
676
510
772
533
690
394
693
461
584
486
912
639
749
463
736
548
661
462
785
444
631
486
740
649
654
504
716
622
717
481
630
657
659
365
817
571
625
459
723
583
708
473
822
554
808
453
765
611
742
587
574
441
678
401
652
376
779
565
740
574
769
628
793
494
805
455
885
417
745
400
866
598
692
579
793
503
725
520
828
522
775
508
764
401
598
479
608
331
675
536
669
469
783
543
634
612
700
536
691
430
727
474
675
432
774
555
875
443
783
553
595
298
692
531
694
566
722
536
717
438
606
487
750
590
685
582
743
491
756
505
701
350
771
408
641
487
646
554
667
566
641
388
695
482
738
636
670
428
584
497
826
524
698
564
789
446
752
593
695
415
693
589
783
389
824
479
689
533
721
521
762
481
635
382
401
295
404
33
750
592
714
665
693
455
746
527
449
548
469
464
504
479
564
498
561
315
446
595
559
451
544
508
547
521
541
517
486
642
620
531
494
529
395
396
460
674
474
418
326
540
512
364
499
369
482
507
300
413
533
486
479
439
529
506
420
552
559
394
536
647
384
475
437
360
468
432
518
577
410
416
424
466
590
435
479
338
500
633
344
431
561
467
542
609
358
426
614
449
522
463
400
573
370
466
430
503
628
571
402
427
548
485
476
567
532
309
395
648
490
504
483
529
589
396
384
451
395
503
402
533
541
579
417
533
497
601
393
483
529
509
355
416
594
436
307
526
361
507
573
367
624
415
563
430
469
509
273
455
426
500
536
564
574
530
560
537
497
504
600
431
478
626
491
421
334
536
456
536
539
472
555
542
528
473
350
549
433
546
403
514
554
501
481
503
542
442
435
411
584
529
414
504
596
568
507
594
440
520
447
437
421
612
471
570
551
625
416
612
505
426
346
569
455
496
390
412
522
451
392
492
583
332
594
422
394
508
452
390
445
425
462
498
493
440
664
556
451
425
408
527
365
270
464
420
457
418
607
444
408
616
575
499
497
316
452
525
493
434
587
298
414
452
432
569
569
506
414
435
464
584
428
394
578
464
359
366
346
569
444
545
445
411
572
431
537
516
427
500
514
587
598
480
401
408
550
562
525
614
366
536
417
513
527
453
369
449
458
394
385
623
488
540
450
405
373
629
571
499
577
487
547
556
473
400
534
432
459
366
572
399
500
605
460
407
576
540
529
658
545
454
484
554
493
509
443
503
607
545
451
602
368
511
485
499
515
619
444
389
377
451
511
555
407
434
443
561
491
544
366
532
539
423
521
318
455
633
632
423
510
464
457
473
400
402
448
396
449
444
340
473
527
383
486
517
370
450
378
434
466
373
477
560
413
645
529
446
524
291
468
427
394
602
476
537
482
457
519
535
565
614
418
501
505
508
628
430
617
476
616
269
511
386
586
545
431
594
291
531
575
538
414
573
490
579
539
428
399
466
514
513
488
473
455
570
580
427
502
629
470
594
563
468
613
522
367
455
501
531
447
376
471
576
457
407
492
523
454
446
450
484
513
675
360
552
564
419
398
351
423
544
319
466
460
526
427
401
377
531
565
412
502
451
464
466
341
311
434
447
343
428
547
635
350
505
329
405
535
461
665
