461
546
354
452
387
698
429
555
263
447
579
529
226
681
429
627
443
755
379
515
388
666
353
475
457
745
289
607
385
550
476
743
538
577
356
561
434
529
272
692
304
658
380
582
402
555
287
565
262
647
429
582
275
598
408
647
375
499
433
599
381
609
325
613
345
617
307
607
339
551
423
558
419
645
316
472
335
545
423
723
323
782
546
560
438
522
371
625
524
521
410
432
331
435
392
707
323
511
288
591
370
667
511
624
379
573
378
619
627
374
461
688
352
494
377
728
354
663
391
663
386
616
352
749
352
577
439
727
491
557
231
601
359
567
394
599
282
593
390
657
269
423
378
659
468
663
363
659
464
586
423
573
350
575
271
655
221
614
343
552
349
631
335
498
297
614
388
610
403
495
241
453
375
488
475
589
531
510
453
706
377
571
270
426
230
659
449
526
459
568
289
540
331
758
426
583
285
494
363
678
356
501
430
572
547
643
456
502
329
575
387
651
385
518
205
623
496
586
529
694
399
566
370
439
323
722
311
646
433
794
245
482
386
565
332
662
366
623
443
630
425
578
467
598
345
527
370
633
401
639
542
448
469
586
325
555
425
615
416
560
402
619
457
641
399
530
398
587
313
647
376
659
576
581
319
651
503
583
483
517
335
655
321
643
295
632
383
659
349
656
409
710
135
691
354
647
486
418
439
659
323
655
335
612
431
615
414
652
347
548
455
566
319
619
317
376
271
603
341
627
350
491
408
622
374
729
461
439
238
541
353
610
405
538
435
575
347
478
313
525
461
532
462
587
279
544
334
452
418
455
269
578
254
553
310
559
462
673
407
555
267
496
333
589
465
587
433
730
470
549
325
717
357
403
510
599
350
546
480
415
335
579
390
668
273
643
384
671
436
698
418
557
309
667
455
639
377
547
350
609
465
492
463
547
366
587
473
583
326
659
534
563
406
468
359
502
451
661
490
586
391
442
454
561
342
590
355
567
327
431
416
549
403
657
429
557
313
626
349
656
376
538
423
499
563
493
379
675
427
603
426
698
406
627
519
622
471
660
383
462
450
566
403
579
370
474
407
570
429
546
404
546
346
519
391
490
283
645
432
549
356
534
386
570
375
605
475
595
333
507
367
701
259
658
537
634
375
475
137
199
0
310
34
641
427
478
401
535
353
513
360
348
471
358
287
322
335
395
438
463
233
378
319
445
285
337
367
433
499
314
492
230
279
375
390
297
353
342
242
313
406
319
297
159
466
502
371
461
375
450
370
385
423
225
385
332
377
382
443
319
369
267
241
255
425
382
338
471
391
250
285
364
416
349
295
307
494
207
352
421
373
296
301
272
422
353
383
357
298
364
339
431
417
488
343
354
382
218
425
263
311
413
279
295
166
367
339
331
187
369
436
339
341
379
319
266
394
439
359
306
295
321
392
236
346
415
283
419
269
443
383
391
466
301
255
363
307
431
486
419
371
333
414
321
423
295
498
378
449
348
295
345
362
370
429
311
268
399
398
277
317
411
351
543
433
271
430
355
292
401
415
341
389
582
412
432
343
314
373
391
434
383
358
315
227
439
379
310
399
371
425
347
423
359
463
391
323
286
299
435
432
349
385
314
387
290
288
278
296
247
296
305
474
185
431
362
369
265
251
242
397
287
255
382
339
324
554
371
283
267
272
363
415
243
545
424
309
304
471
279
378
386
254
194
432
256
248
188
477
497
438
390
339
311
399
374
335
162
397
256
329
162
250
403
381
271
378
495
411
410
281
338
492
389
391
411
282
335
359
386
383
294
323
474
203
353
319
325
423
262
307
315
477
386
377
410
353
436
371
479
240
326
417
159
363
284
321
250
183
305
359
219
259
301
378
286
418
358
447
357
515
210
237
455
250
299
223
339
549
346
367
187
423
432
439
370
291
334
319
325
355
430
632
312
479
377
389
251
439
318
311
369
266
336
357
247
415
329
307
378
249
217
357
431
423
407
363
435
259
267
386
314
298
340
300
367
393
427
489
442
423
483
422
434
283
236
338
211
298
307
356
426
297
427
353
466
239
261
355
352
296
186
233
242
291
189
358
344
377
383
373
227
323
225
271
415
398
354
391
362
402
255
365
414
337
411
463
275
351
366
318
398
187
230
269
319
508
361
370
284
391
270
399
318
394
428
334
326
458
326
413
223
434
403
425
273
297
280
231
414
342
409
407
314
329
244
402
401
465
506
391
419
321
454
300
272
455
397
403
319
377
319
328
293
234
384
329
183
295
407
277
386
315
279
302
458
392
366
217
457
520
348
523
382
411
396
347
263
325
351
209
307
355
532
309
221
431
390
409
477
530
391
536
760
