395
562
265
677
513
627
207
447
218
537
410
437
293
599
167
499
333
563
334
442
188
652
258
375
285
563
460
654
257
550
365
520
299
607
327
603
139
503
361
563
171
545
283
550
370
515
359
611
295
630
203
482
341
597
386
515
391
573
202
535
394
449
306
563
294
659
271
605
319
507
393
471
378
477
387
487
361
603
319
483
450
552
386
487
348
469
398
347
259
411
317
451
362
478
419
499
327
639
206
659
367
492
324
470
315
651
346
375
251
414
191
417
283
498
323
439
270
367
327
505
323
515
310
583
227
456
294
459
295
478
197
476
247
607
313
439
293
557
291
473
320
541
263
622
258
530
267
482
406
407
259
515
427
435
337
599
403
593
362
450
237
511
367
483
281
522
307
494
209
507
243
507
349
515
335
661
321
419
411
411
279
537
280
467
455
430
363
455
390
455
242
613
274
611
197
626
230
550
205
501
171
581
387
523
315
447
291
494
325
533
262
503
337
511
239
450
342
516
212
603
423
511
367
433
301
503
312
555
313
717
220
463
403
503
355
622
287
435
361
483
280
507
311
378
318
387
470
446
299
327
289
355
325
453
350
443
409
582
323
519
373
531
410
486
207
641
267
539
345
538
257
499
343
531
423
626
213
633
249
473
259
478
227
571
307
567
465
587
327
427
410
385
453
613
313
416
295
609
391
583
206
429
264
458
319
603
206
470
396
417
255
526
355
487
294
602
222
327
287
539
246
555
276
515
454
469
382
587
274
627
375
523
431
684
389
470
147
501
399
509
336
429
472
393
303
569
313
461
391
489
305
519
303
646
338
633
426
471
339
587
395
371
407
483
389
438
381
478
377
650
262
590
342
547
507
450
202
527
491
530
343
447
410
507
311
567
369
548
331
567
319
489
394
535
301
567
234
457
426
579
370
591
187
525
302
574
573
577
235
519
385
550
330
591
394
549
385
471
315
501
228
443
357
337
397
655
215
495
303
526
251
506
395
453
469
691
406
439
247
483
241
525
287
534
266
621
378
397
227
453
484
603
397
669
211
418
223
570
213
395
290
431
411
533
419
500
350
553
419
635
337
571
373
475
195
619
311
443
249
537
322
522
307
411
166
405
371
439
217
482
415
421
303
447
335
530
297
403
63
243
0
179
27
555
382
394
294
491
283
517
361
215
375
323
259
343
263
345
309
126
247
329
379
309
253
247
109
218
423
363
373
379
194
135
326
243
297
286
270
326
307
261
322
334
301
295
367
187
394
313
117
335
399
249
366
199
254
354
270
269
226
350
155
259
230
349
299
350
399
355
317
147
261
217
257
249
355
376
339
327
230
157
191
258
279
271
367
146
82
378
223
350
333
348
405
335
313
230
163
190
274
299
153
426
302
338
203
343
303
263
294
391
359
95
375
103
302
299
133
341
117
269
251
398
246
239
215
376
334
351
411
306
295
326
269
141
347
254
253
171
251
254
320
227
355
295
249
313
186
305
231
173
227
147
322
257
281
230
275
125
291
402
269
199
222
393
275
282
238
261
269
413
291
294
434
198
277
275
415
255
315
211
279
177
113
317
291
322
319
379
373
305
311
251
191
331
251
222
322
290
311
331
263
175
257
299
413
155
346
122
378
263
298
235
211
393
127
431
300
227
261
201
303
258
263
363
287
306
458
285
253
321
349
299
380
341
471
321
261
253
509
431
317
223
329
350
342
203
233
363
306
271
295
288
362
307
481
402
327
318
390
341
225
209
249
294
283
289
377
242
219
286
414
275
326
277
279
191
319
197
267
276
291
343
282
250
330
329
330
281
360
275
149
158
222
271
351
153
343
221
391
324
198
177
198
279
351
199
183
203
307
421
262
245
273
174
225
350
242
303
219
143
186
323
372
371
398
245
257
338
390
151
241
356
443
283
298
298
214
231
293
55
350
375
231
201
357
374
307
269
282
91
307
123
155
399
467
367
229
177
171
387
369
251
277
226
191
414
397
255
339
295
314
254
223
322
199
254
330
177
255
269
287
318
207
255
326
271
243
200
274
221
447
414
330
333
428
203
181
237
225
206
255
274
287
387
317
379
325
203
378
311
383
355
299
213
283
459
371
329
455
309
291
219
234
330
203
339
311
327
310
117
267
235
251
338
163
211
290
247
296
365
203
335
405
359
363
361
331
271
391
387
359
275
294
383
269
279
331
299
197
381
409
370
398
378
343
231
439
155
283
507
285
207
309
257
295
450
303
251
337
395
270
197
259
218
223
354
331
355
368
223
279
323
410
295
235
374
337
259
235
467
230
235
151
379
267
362
259
168
247
413
221
209
235
246
249
195
443
465
449
523
523
755
