474
771
567
907
635
727
571
742
595
739
710
803
570
711
578
835
459
775
535
863
599
723
634
678
727
775
530
734
563
707
610
703
623
835
675
647
535
799
607
767
527
651
638
819
671
650
519
830
495
783
607
827
659
830
507
747
651
850
439
795
622
831
639
815
578
807
551
791
599
679
615
879
547
727
607
667
671
706
503
691
574
735
611
771
606
719
463
911
610
811
675
595
583
819
543
802
711
911
419
847
435
791
519
755
414
850
642
703
418
798
455
746
695
767
679
863
586
723
567
767
518
803
571
919
666
755
663
871
474
803
711
807
723
730
527
695
495
802
550
779
555
826
527
811
662
743
571
819
547
763
539
803
615
646
551
835
531
727
583
831
499
818
599
763
695
719
655
843
567
847
546
667
631
775
691
878
587
979
575
858
515
851
514
898
655
871
595
667
654
775
487
799
563
727
539
827
494
786
643
730
591
750
562
791
654
871
631
679
567
915
611
619
686
843
571
826
603
723
570
843
703
758
499
734
551
778
650
827
514
803
515
643
515
590
579
735
583
703
579
959
663
735
703
759
622
803
679
919
563
683
583
759
507
755
535
827
679
859
611
651
631
814
343
927
515
703
598
767
523
907
438
814
574
915
419
747
543
855
703
783
507
811
611
723
627
763
467
791
566
735
582
883
435
883
502
907
503
814
471
718
614
739
467
743
663
803
602
747
506
727
475
843
598
847
582
775
591
635
527
855
647
838
643
883
483
655
463
799
623
775
563
727
526
702
662
835
590
734
558
795
359
786
551
751
519
683
443
790
550
823
659
687
727
567
587
799
567
787
454
835
579
767
571
767
662
751
551
826
603
742
562
775
743
787
538
823
614
798
479
755
531
718
611
755
583
939
703
759
671
702
591
771
543
755
751
786
631
735
663
867
687
731
518
843
463
886
683
751
487
783
631
875
691
727
790
599
527
707
539
823
531
846
558
886
507
823
530
755
539
859
535
782
479
746
574
779
671
714
467
851
723
806
587
707
719
871
643
751
659
847
607
719
603
699
619
879
646
583
546
731
606
726
515
687
574
654
571
783
535
827
562
927
523
782
654
775
322
715
391
691
550
731
511
991
618
670
503
819
587
650
467
726
623
739
471
847
679
563
463
507
343
527
318
691
511
822
559
634
607
763
491
514
575
615
643
567
599
439
634
559
671
483
379
627
539
507
503
463
499
571
655
438
559
511
551
479
547
519
699
606
575
451
711
547
550
535
695
599
839
639
515
530
467
451
551
427
371
411
526
515
619
459
514
623
543
579
507
663
559
571
419
463
579
542
499
518
570
467
527
471
419
507
567
531
447
546
558
623
551
539
563
435
563
527
566
535
435
578
543
715
587
479
666
487
571
563
591
615
643
647
543
687
550
674
635
427
427
427
427
427
427
427
427
427
427
427
427
427
427
427
427
427
427
427
427
427
427
427
427
427
427
590
635
398
547
563
615
587
571
559
574
478
606
609
487
550
546
435
567
683
431
522
611
415
451
474
519
511
495
546
631
498
575
395
619
570
459
579
414
715
451
643
631
470
491
623
558
567
615
675
515
515
562
643
787
506
643
535
687
519
687
619
559
507
590
535
539
519
655
531
602
662
655
555
603
491
463
547
458
618
483
507
575
523
830
615
470
654
419
638
487
635
679
583
595
498
535
439
495
567
539
583
667
575
566
471
623
458
627
463
623
527
523
547
723
543
471
643
667
502
563
450
586
623
423
495
522
534
587
442
647
679
554
591
551
463
470
595
491
594
679
627
507
494
534
611
479
487
619
483
523
555
575
483
419
667
487
423
479
603
462
435
507
579
723
486
742
543
655
527
627
518
643
463
573
491
738
571
419
611
491
575
511
535
347
519
582
607
519
479
575
619
671
655
590
551
563
587
751
495
411
486
523
579
619
570
467
495
518
550
727
555
350
575
543
495
543
547
639
526
558
587
607
551
526
607
455
535
527
679
607
571
695
507
459
434
443
575
474
687
679
607
555
402
819
523
586
450
415
451
638
658
666
459
402
702
571
695
495
471
535
451
407
607
479
578
647
547
591
571
446
566
551
667
603
627
475
679
555
547
462
531
555
454
575
635
543
595
603
555
463
527
566
507
559
495
463
390
523
467
638
519
527
450
503
499
603
702
555
599
523
390
598
546
403
519
666
447
346
575
595
519
599
519
555
723
566
635
539
527
567
507
535
587
466
595
483
435
579
603
574
618
435
530
747
547
551
635
547
455
659
542
443
531
599
523
507
535
599
447
515
371
746
523
583
631
519
450
543
659
543
502
443
511
403
686
582
407
270
323
422
319
502
683
