439
471
307
555
287
499
259
563
291
491
247
483
219
391
267
483
267
519
235
467
239
515
179
487
227
311
271
567
223
611
275
499
395
523
331
451
371
515
271
399
231
531
319
443
223
435
351
555
271
507
323
587
275
355
223
423
275
495
367
523
327
431
199
531
299
571
323
459
275
523
271
603
291
407
307
459
127
531
195
475
355
471
287
619
103
567
343
455
163
379
191
479
223
503
319
507
303
459
331
559
391
495
387
563
251
387
363
627
291
495
331
443
243
447
275
495
243
515
283
543
347
415
247
375
303
635
175
471
239
627
307
623
123
503
399
467
191
547
123
499
291
411
331
595
259
567
491
351
371
479
367
459
159
543
455
591
223
339
251
575
223
439
343
451
251
479
331
559
411
411
327
319
251
431
119
519
271
431
287
527
363
523
527
475
307
583
331
487
331
407
219
559
263
407
379
547
379
479
263
567
295
299
315
539
263
487
327
547
299
467
351
487
395
503
219
643
239
451
259
563
243
451
331
591
219
487
355
455
247
407
139
523
187
367
267
527
287
619
479
563
267
551
319
559
263
535
215
447
367
491
183
411
271
495
227
639
431
367
375
535
219
447
287
519
379
411
487
615
435
387
463
383
299
615
87
487
387
459
295
563
323
567
371
499
363
491
279
527
311
531
219
571
363
691
187
547
171
519
391
507
267
487
347
399
271
575
507
571
203
567
311
459
351
523
203
519
335
503
163
475
319
459
387
607
315
619
307
571
271
619
347
511
319
503
323
403
271
511
375
491
239
495
219
683
303
559
259
551
223
435
255
467
327
519
383
471
175
531
331
399
247
591
343
675
403
519
351
427
295
535
415
471
207
459
403
491
359
575
195
647
303
519
339
495
207
563
271
499
327
463
283
539
95
403
379
491
251
451
347
559
199
643
379
451
295
543
235
431
391
419
199
535
371
531
171
467
267
663
375
491
339
475
255
451
215
435
503
515
291
407
287
583
247
431
423
299
263
627
319
475
239
515
267
467
339
407
363
459
423
591
311
491
311
351
207
467
411
503
431
543
335
367
335
475
159
527
411
659
331
631
391
395
343
495
223
451
351
475
131
487
283
439
319
619
183
435
259
499
299
639
219
399
267
527
231
379
251
291
23
255
0
127
43
603
271
599
299
471
295
483
359
315
307
263
219
251
275
339
331
311
355
163
103
399
207
235
327
227
395
299
263
263
227
219
215
271
271
99
255
123
371
239
311
263
499
179
243
147
391
175
203
187
155
303
327
135
287
135
299
275
543
311
279
275
383
223
295
143
295
319
199
327
99
291
275
439
311
187
251
311
243
243
231
463
223
307
199
227
283
167
183
295
307
247
247
279
195
279
183
227
351
395
215
223
255
307
307
347
267
363
359
219
287
187
259
127
127
127
127
127
127
127
127
127
127
127
127
127
127
127
127
127
127
127
127
127
127
127
127
127
127
219
363
199
339
243
187
259
363
211
271
351
243
399
323
219
199
331
223
303
303
215
383
335
203
275
251
243
235
243
347
243
319
267
303
231
315
279
235
267
351
167
335
227
211
51
279
195
263
239
223
247
291
323
151
319
391
211
343
223
251
231
259
267
243
211
335
203
203
331
231
235
199
343
247
243
271
343
139
151
263
187
419
371
231
163
195
291
211
223
259
239
159
143
231
323
259
255
179
347
187
275
307
315
319
159
243
371
287
387
231
295
467
211
279
259
319
355
283
191
267
235
259
203
291
411
243
279
439
247
199
427
243
263
339
143
143
379
327
171
267
323
119
283
347
331
303
255
231
199
355
87
491
259
299
187
315
239
383
403
215
319
295
287
335
123
239
307
247
271
315
271
443
179
231
303
295
315
207
199
259
259
279
231
283
259
75
243
315
427
167
275
215
335
207
267
291
343
291
335
219
183
279
323
231
131
291
387
351
195
255
255
323
243
215
279
163
255
355
271
267
259
239
159
247
215
111
319
407
287
367
183
243
227
247
287
235
303
243
267
351
371
239
279
239
171
279
303
247
299
291
195
215
207
423
187
271
319
263
223
295
195
243
287
315
375
335
163
315
235
299
227
303
339
331
183
367
179
231
195
291
347
107
191
287
219
327
295
299
295
335
403
315
279
275
283
191
331
131
187
195
399
331
159
339
331
323
247
459
259
303
235
191
223
115
163
295
287
175
311
363
291
303
359
303
247
187
279
347
235
279
171
387
187
343
395
211
239
155
243
335
227
327
411
407
159
111
255
295
195
167
355
319
291
315
275
187
151
223
147
227
159
267
347
295
323
303
155
339
283
255
195
271
255
171
183
395
203
415
419
507
495
471
679
