387
635
499
743
443
463
283
575
407
650
314
615
419
643
478
511
482
598
451
707
259
647
370
699
479
515
371
739
410
655
483
771
323
611
431
595
323
587
435
699
427
559
303
571
267
587
443
550
350
710
343
611
399
575
343
627
459
586
363
559
234
715
455
659
351
487
343
647
411
527
418
775
415
547
498
547
415
471
419
671
335
674
555
722
471
483
343
819
287
619
323
659
434
527
403
703
359
647
358
539
435
675
582
719
543
650
307
587
611
555
431
691
479
639
370
519
343
579
386
590
419
655
451
631
271
619
263
538
387
711
414
626
391
595
243
675
530
546
347
751
379
515
423
467
555
587
499
602
395
643
391
587
443
659
423
554
375
599
399
563
503
683
583
555
387
719
402
791
419
623
431
595
375
491
443
754
451
659
583
619
374
646
383
547
339
551
379
595
459
651
490
614
474
583
275
631
359
611
503
543
330
594
443
543
507
459
487
647
419
623
451
658
439
582
471
499
379
699
414
579
443
659
483
539
274
559
567
591
283
638
418
539
363
527
375
599
307
615
467
630
463
611
395
554
399
683
423
615
214
539
423
719
458
427
495
575
287
375
419
403
371
547
435
610
455
519
447
723
447
559
455
579
287
707
507
643
395
643
439
591
367
454
366
503
431
603
359
559
407
507
490
734
355
483
571
623
347
511
423
579
215
639
555
459
299
642
347
554
375
662
423
587
451
523
367
551
342
415
331
591
374
683
527
590
370
594
443
571
362
603
327
599
515
483
463
715
367
746
371
631
423
555
467
575
371
515
431
731
379
570
298
527
515
590
447
711
214
623
299
631
427
495
471
675
399
687
359
591
426
567
434
535
435
543
455
603
527
515
363
667
239
519
411
675
507
611
479
675
391
555
411
682
275
611
387
566
366
742
531
547
294
635
571
739
415
666
471
695
535
575
447
631
363
478
402
563
415
546
355
651
294
603
519
595
370
679
351
627
379
723
314
651
431
643
423
459
323
731
435
718
307
571
467
663
459
563
343
631
383
567
411
663
427
539
378
495
339
370
291
607
567
635
406
583
447
539
399
671
375
547
347
507
398
551
531
799
415
495
587
639
307
671
542
631
379
639
403
639
375
602
458
686
367
523
475
582
415
419
115
399
119
266
0
687
403
699
390
471
235
571
531
451
339
279
439
567
515
403
123
247
279
331
451
347
390
367
479
435
383
275
419
287
291
211
399
335
531
251
311
450
359
467
387
331
459
323
427
227
363
286
474
387
463
419
275
287
399
483
335
339
363
427
203
475
478
379
275
431
395
339
351
283
443
259
315
175
379
474
411
335
327
419
471
331
227
331
383
375
423
491
415
303
322
339
270
323
267
391
334
383
535
395
407
302
439
475
499
255
375
495
331
539
527
287
299
363
363
363
363
363
363
363
363
363
363
363
363
363
363
363
363
363
363
363
363
363
363
363
363
363
363
427
294
255
499
191
503
331
315
370
330
303
462
431
367
527
451
495
435
379
331
398
366
299
371
391
343
271
363
378
350
498
519
411
431
406
427
303
279
323
439
427
479
383
311
359
399
379
335
263
279
286
239
399
363
343
463
371
315
227
391
339
367
287
475
463
543
455
415
282
447
435
279
450
363
407
419
362
318
335
338
322
575
411
326
499
375
283
339
387
367
326
443
390
479
323
335
531
335
307
359
243
299
515
527
239
266
291
451
195
247
419
431
295
387
507
463
314
459
251
327
347
403
307
363
322
355
339
327
446
307
195
483
414
355
299
378
315
323
299
379
347
430
439
459
487
435
383
283
482
247
467
311
355
307
191
379
367
435
383
535
327
331
423
422
415
323
247
515
423
235
351
407
343
299
247
411
411
510
255
531
479
291
375
435
379
418
311
335
375
247
375
455
443
318
271
359
399
435
499
407
487
427
286
479
566
243
399
343
331
483
331
583
347
319
314
471
395
386
327
286
315
495
299
447
431
403
339
479
431
375
378
275
243
343
403
411
355
463
491
495
451
355
319
382
423
283
315
323
275
415
383
419
266
443
347
411
335
467
250
411
419
371
407
519
379
347
515
458
278
435
422
327
307
431
303
474
339
483
263
307
370
339
371
383
371
455
499
311
471
423
367
371
342
367
451
279
235
343
391
215
262
343
447
467
471
391
395
262
343
331
418
474
315
351
414
303
223
474
295
427
387
543
418
331
447
427
363
263
227
407
359
439
439
351
259
467
431
454
379
522
431
306
335
291
343
375
490
411
399
379
475
415
455
423
431
314
415
411
251
459
459
307
223
499
358
303
270
423
367
423
427
351
331
287
379
467
307
254
262
378
331
519
675
