355
555
507
647
375
623
407
655
375
619
415
527
443
639
431
683
459
767
451
763
391
815
499
475
395
687
487
555
387
543
427
771
411
667
435
795
479
619
515
663
583
639
395
719
499
567
463
591
443
603
447
543
379
647
475
495
447
707
555
655
283
591
447
727
507
719
515
687
495
631
471
663
427
595
351
627
531
691
491
771
423
587
475
611
335
871
643
667
535
539
543
795
427
615
463
731
319
579
411
507
611
619
579
587
503
539
391
763
399
763
619
555
463
671
555
579
603
687
379
487
415
663
563
651
543
767
375
715
447
631
359
827
579
675
575
719
419
731
503
703
491
771
539
619
427
699
519
679
491
511
523
707
555
623
551
631
507
683
391
619
479
631
543
715
531
707
387
707
443
691
419
619
563
663
495
675
487
615
567
771
375
671
515
687
495
659
447
771
523
595
363
631
615
563
543
607
527
691
375
691
523
591
315
723
591
779
427
639
399
531
407
691
455
687
543
603
643
587
367
587
263
567
443
727
495
591
371
699
331
635
503
583
435
707
415
703
503
655
551
639
575
671
523
683
499
795
459
643
439
687
507
611
355
807
483
611
383
695
467
667
387
575
375
547
327
571
319
631
491
691
351
799
495
707
591
699
519
651
459
643
475
831
427
635
467
503
299
723
339
811
359
739
511
715
467
699
479
695
551
563
647
531
515
607
451
579
479
639
591
667
347
743
563
635
439
743
343
659
463
835
507
751
579
727
443
719
503
635
515
791
375
659
367
763
403
763
431
555
375
659
611
643
307
587
439
699
363
635
535
655
551
687
515
711
411
539
559
715
543
591
419
731
619
695
479
583
399
631
531
683
431
651
447
667
587
655
483
543
419
643
451
643
303
591
511
607
495
707
447
503
551
691
439
675
283
747
351
687
403
647
423
627
599
671
515
671
495
663
427
659
507
591
471
583
403
667
495
627
475
707
423
679
427
691
323
655
551
739
415
543
511
763
467
595
511
667
455
759
419
675
355
627
319
643
311
687
375
599
375
643
627
759
527
519
431
667
539
667
403
639
371
483
511
735
555
675
547
687
587
583
411
703
523
679
463
679
383
735
451
671
511
723
451
511
567
711
531
579
339
723
415
711
471
595
431
675
499
407
207
467
0
367
223
623
395
667
351
547
459
735
375
579
467
343
463
419
411
395
367
423
415
347
519
367
451
583
375
443
451
563
447
387
519
583
471
391
403
527
547
303
347
403
523
263
423
299
527
315
483
375
307
419
407
451
351
395
471
371
495
315
459
399
483
407
507
411
427
383
283
483
471
163
567
399
387
319
379
543
471
387
519
459
399
323
403
479
415
503
571
399
455
279
499
351
407
487
411
471
551
331
407
339
407
463
195
331
339
395
439
575
379
367
335
387
379
355
303
387
387
387
387
387
387
387
387
387
387
387
387
387
387
387
387
387
387
387
387
387
387
387
387
387
387
355
343
307
399
255
443
311
487
419
375
299
327
419
651
311
391
395
351
435
391
455
387
267
395
275
435
391
375
387
371
315
523
459
563
355
219
355
371
383
475
499
411
407
535
395
499
459
543
419
371
387
315
275
507
415
495
315
399
367
215
479
415
403
231
423
275
447
423
419
391
543
431
495
399
355
439
327
379
423
383
351
451
371
459
479
463
411
271
371
439
339
435
463
211
467
419
295
499
427
359
375
399
515
431
459
567
367
359
331
367
331
387
267
267
347
355
355
351
271
511
303
491
475
443
319
535
247
427
567
439
523
407
635
311
363
263
359
463
319
467
467
435
383
395
419
279
431
419
347
291
375
499
415
431
499
551
243
471
355
527
395
543
463
519
423
391
379
519
351
311
451
387
207
563
431
487
303
379
307
443
515
407
543
387
303
307
507
355
279
319
459
419
315
551
511
447
375
307
483
487
415
471
319
359
511
319
459
375
475
487
319
455
463
411
323
455
303
311
303
407
351
491
455
287
303
475
315
439
347
495
427
451
599
483
419
507
335
427
495
483
403
459
403
491
359
371
347
491
491
355
515
507
191
431
463
495
443
363
383
431
479
423
559
331
403
407
439
467
499
487
375
531
483
363
335
347
467
447
355
231
427
439
331
527
331
451
503
471
459
383
375
411
427
359
335
399
435
355
459
451
499
455
395
495
427
403
391
415
335
455
435
387
383
407
583
363
351
363
487
567
455
471
371
403
543
307
475
439
399
507
463
391
307
439
539
527
539
467
419
399
459
423
443
499
451
415
427
367
355
547
407
579
251
507
379
455
315
295
319
455
399
391
335
443
463
499
375
291
207
299
395
419
375
363
335
419
327
295
331
439
623
