360
531
434
561
566
818
395
728
363
522
323
584
505
547
422
699
431
635
367
574
442
779
551
799
623
612
478
759
415
538
349
622
466
665
413
658
573
530
479
669
441
740
314
736
470
547
455
550
433
785
476
597
381
502
433
659
384
684
387
572
521
440
377
660
512
732
395
733
419
616
379
825
444
729
495
767
504
605
533
582
372
659
537
515
439
519
431
607
399
753
354
708
486
649
363
713
579
596
508
729
402
654
475
668
389
534
287
602
494
615
503
685
552
555
518
550
357
751
423
675
301
553
454
806
331
643
326
681
603
722
551
689
608
700
386
645
522
609
417
617
349
621
494
717
468
632
393
766
288
596
527
711
360
715
505
646
282
666
438
601
399
636
598
551
406
573
319
670
483
605
498
612
439
762
475
839
450
701
522
552
358
689
451
635
526
846
281
675
440
573
407
641
464
657
319
572
374
532
495
570
423
724
497
571
533
693
270
646
368
683
500
708
425
583
465
639
449
677
345
452
395
591
377
564
457
684
426
667
304
588
463
753
407
613
456
586
414
567
501
822
474
833
357
619
279
642
506
626
384
674
407
670
479
655
381
631
415
708
417
619
415
619
492
781
506
546
436
626
484
663
545
560
438
545
473
743
419
765
359
771
526
599
491
731
382
568
522
623
551
606
503
715
308
574
404
750
395
632
572
690
310
622
362
567
384
610
423
577
514
737
440
562
511
607
385
528
424
687
324
509
490
880
302
640
403
643
413
735
426
758
484
516
431
491
611
543
432
649
542
691
573
689
414
690
254
606
389
806
431
709
316
865
424
708
403
693
430
554
410
567
512
523
490
668
492
647
483
743
379
554
427
628
421
485
411
600
394
495
375
662
470
610
540
689
535
606
402
800
418
659
277
617
484
710
442
717
494
581
492
665
347
638
490
498
248
677
489
514
495
685
330
794
542
704
414
635
338
615
376
631
495
663
427
630
459
784
492
657
378
631
568
651
481
668
426
683
379
733
626
530
437
468
400
721
461
743
518
583
382
561
387
672
532
766
454
671
406
515
547
684
483
663
550
675
441
687
433
653
388
741
429
719
527
627
541
557
356
594
401
737
412
887
587
587
419
561
398
736
307
688
359
587
374
457
517
587
478
532
154
434
149
316
140
794
309
518
249
547
490
578
476
445
534
450
452
476
515
381
320
325
418
475
234
326
570
573
183
376
536
299
344
443
519
505
459
377
398
381
515
311
445
351
419
338
486
330
319
312
467
351
515
384
451
343
432
469
457
534
482
390
446
377
491
460
474
310
490
283
493
351
375
209
407
370
423
555
386
405
401
469
409
486
399
336
453
537
431
407
518
446
302
301
459
429
461
485
347
292
242
509
399
423
518
238
469
440
407
347
372
403
407
237
385
336
374
483
483
483
483
483
483
483
483
483
483
483
483
483
483
483
483
483
483
483
483
483
483
483
483
483
483
451
390
353
292
299
362
233
389
383
507
413
375
414
458
420
560
477
235
316
323
391
389
419
252
449
302
253
389
248
314
335
365
351
366
538
408
322
449
539
345
278
333
401
419
373
348
381
417
483
491
232
438
410
439
459
408
339
322
335
278
309
508
383
511
502
273
487
518
286
524
285
400
383
399
325
488
395
422
396
401
397
437
315
434
496
432
416
507
190
401
290
498
291
257
300
502
408
428
314
285
439
366
423
227
533
279
322
371
422
421
366
369
505
435
384
465
377
347
304
367
329
464
375
341
295
581
552
375
489
525
215
448
368
423
442
510
351
399
350
377
228
504
395
413
435
414
258
463
475
403
350
470
441
373
323
548
320
419
395
471
351
549
542
459
323
335
327
491
313
293
311
460
361
414
344
540
292
426
290
471
367
321
423
371
454
604
293
390
445
452
282
532
367
356
489
417
555
377
382
267
437
416
495
442
363
360
349
507
323
371
433
416
376
429
359
378
424
339
407
307
319
335
425
583
381
373
483
345
472
367
462
335
320
474
514
461
329
420
235
351
272
467
368
502
303
467
317
302
316
431
188
474
453
530
320
276
180
405
341
443
309
427
336
547
513
350
286
467
481
575
315
473
402
591
435
436
357
484
256
423
363
281
330
477
402
442
339
405
615
497
443
314
525
382
370
434
411
535
456
380
443
439
595
408
336
531
398
272
384
410
461
570
413
551
408
503
356
496
368
249
255
369
390
430
440
385
415
328
368
544
368
501
367
517
435
400
342
528
435
399
543
517
276
383
487
483
435
430
457
392
377
463
366
347
363
305
539
443
577
417
321
300
387
393
495
317
407
511
243
466
266
436
404
380
390
293
380
495
367
503
281
350
744
