379
675
407
587
387
535
367
543
359
483
371
563
439
599
415
627
375
519
315
447
455
575
383
455
395
507
331
563
251
543
347
499
343
731
355
631
355
543
295
615
415
611
295
511
311
595
383
519
603
595
367
687
379
583
487
483
407
635
371
503
335
587
335
687
371
627
507
491
335
467
431
527
367
647
399
727
279
415
187
547
443
647
395
511
391
351
359
707
263
639
283
551
315
495
327
619
455
667
375
575
323
555
499
551
335
651
407
683
503
515
287
431
351
555
351
623
543
683
411
515
343
699
383
519
375
487
319
419
435
571
467
679
375
455
435
663
379
679
371
703
479
595
519
583
407
679
323
631
459
639
495
483
403
591
391
615
387
647
411
591
415
667
383
607
419
531
407
667
371
311
335
411
351
527
479
439
495
531
251
667
391
459
371
703
287
491
483
483
331
607
527
535
523
455
375
707
483
603
287
487
335
543
303
479
499
735
679
575
375
611
527
535
499
715
335
619
451
595
291
743
371
511
275
679
431
619
299
667
283
719
323
347
271
695
351
447
391
667
439
603
279
651
423
635
355
523
387
687
247
563
387
535
383
619
359
619
423
667
483
571
307
515
455
539
339
515
459
535
411
495
371
579
371
607
531
555
351
547
471
495
411
519
251
671
415
551
403
739
391
491
323
515
399
391
387
635
371
607
251
667
279
571
535
631
359
523
419
603
279
627
355
639
495
491
439
699
339
559
431
707
427
675
347
539
367
499
427
567
371
563
407
583
347
607
355
579
535
643
423
595
495
619
371
499
327
759
403
611
495
459
331
619
595
467
315
623
463
559
463
607
447
607
371
559
359
587
367
623
391
587
319
531
359
583
363
631
327
627
351
587
307
499
367
531
423
583
419
599
383
687
459
623
371
455
295
427
423
583
367
607
447
675
423
575
459
535
427
611
459
667
343
711
379
619
303
583
363
567
411
507
419
479
451
531
327
619
527
699
479
555
367
723
359
543
443
687
463
479
295
591
379
463
403
603
247
587
383
535
495
571
355
579
327
615
415
483
391
567
423
555
291
523
467
599
375
667
435
615
391
479
295
603
371
631
315
519
327
599
267
675
447
615
399
623
427
563
511
551
427
487
351
647
403
595
431
675
399
435
83
327
0
331
111
591
311
411
363
439
531
483
439
419
343
439
263
267
391
227
231
451
359
295
435
399
283
399
323
307
331
275
391
411
287
363
339
391
423
439
291
435
339
259
347
331
323
399
323
291
351
267
419
307
503
427
355
199
479
263
471
475
467
347
463
283
623
343
379
387
251
271
403
291
359
419
447
311
495
327
459
439
315
339
431
283
283
391
471
503
267
355
283
299
315
267
403
227
543
379
287
379
351
271
451
475
291
403
427
399
507
447
335
299
427
439
363
375
423
419
423
343
435
215
359
303
415
311
495
499
451
331
367
319
355
239
503
431
455
407
327
291
371
279
387
375
235
499
411
487
403
487
363
439
367
383
403
347
367
447
323
455
339
487
367
563
599
299
303
291
339
347
407
211
459
287
267
435
419
379
319
375
351
487
359
399
367
483
415
387
323
387
339
327
483
163
327
327
311
379
335
275
311
431
407
543
371
283
351
371
331
359
311
399
263
315
403
387
319
347
455
439
375
383
403
351
363
487
279
399
463
371
487
459
347
267
395
347
275
415
319
507
411
427
255
299
291
331
283
371
431
279
491
535
371
323
219
291
315
307
291
331
495
423
275
403
415
195
431
483
403
279
295
339
307
299
339
275
255
431
343
319
367
295
395
415
583
311
363
343
455
303
531
367
311
295
387
235
219
231
335
375
475
243
347
343
431
267
299
367
247
407
251
439
359
403
451
459
387
515
347
455
223
355
255
395
335
335
479
391
267
395
295
283
319
411
351
371
411
311
323
323
359
327
203
259
307
303
311
451
411
371
351
311
355
367
479
347
391
451
199
499
403
355
579
503
411
299
339
323
387
363
391
291
311
391
243
375
351
239
495
507
355
371
419
371
467
319
435
291
287
483
379
351
191
355
355
419
451
319
359
387
483
427
287
299
379
299
439
271
403
427
347
335
443
539
511
355
379
383
439
303
483
275
319
315
375
467
371
303
447
347
475
387
287
455
387
235
463
235
327
315
475
279
291
427
231
439
483
255
287
347
455
367
347
419
423
459
363
355
415
191
275
371
587
319
319
327
343
315
495
375
351
311
383
271
427
343
439
307
231
279
311
315
351
431
387
231
247
463
403
303
347
255
279
279
367
247
283
315
395
383
387
231
279
399
343
311
431
299
451
383
279
279
175
395
375
395
391
291
195
343
315
231
419
511
