359
643
439
683
359
615
303
674
463
683
367
607
411
651
487
578
311
583
343
555
271
558
335
643
459
759
338
679
331
655
418
707
487
675
399
634
255
623
259
567
366
723
467
635
270
547
507
695
507
622
375
663
486
587
407
667
323
719
383
631
299
563
495
663
451
443
514
647
375
623
387
575
443
671
375
603
375
615
414
723
495
703
323
638
443
706
367
647
519
567
450
679
359
539
502
607
623
546
291
727
495
667
323
783
279
591
367
667
347
611
411
679
527
547
375
567
451
539
362
539
427
683
371
719
215
430
395
871
403
687
351
707
467
555
431
750
291
611
387
611
414
735
335
743
350
662
331
707
263
631
539
595
423
347
555
587
335
479
275
662
243
514
262
559
427
570
495
547
451
494
446
591
299
515
510
683
411
547
443
715
474
471
307
590
203
679
363
707
302
659
567
547
427
611
467
639
227
523
234
615
374
515
403
587
303
715
235
675
419
507
355
739
279
487
559
623
375
551
347
475
439
503
294
607
383
423
495
643
374
671
195
686
378
586
402
595
355
547
451
663
398
586
270
491
299
475
451
755
447
407
503
547
571
559
563
719
415
598
383
675
319
530
351
406
315
622
355
655
299
599
571
619
283
551
439
671
383
631
415
603
535
607
339
539
351
551
411
719
347
515
467
611
451
795
515
615
471
619
291
675
374
591
403
707
363
714
327
515
339
655
378
471
447
543
323
671
255
527
327
667
439
743
499
631
218
471
483
567
314
735
358
463
431
419
451
643
379
439
299
607
327
531
403
731
395
695
459
671
483
591
255
639
347
571
363
687
335
447
435
635
475
675
459
623
403
631
519
451
559
651
551
647
355
587
399
591
543
650
499
563
331
630
327
459
358
583
467
683
435
651
519
555
411
495
543
647
446
503
215
655
343
663
475
519
327
542
383
491
395
671
515
643
431
531
546
575
395
514
371
587
471
507
299
707
443
527
483
714
319
603
255
634
351
771
451
695
399
543
302
799
407
559
483
579
331
675
527
671
347
667
327
615
471
619
407
503
343
583
511
434
459
538
446
679
571
738
475
683
346
606
411
631
359
494
287
638
423
635
551
454
319
551
282
711
391
547
463
627
431
611
467
567
459
711
455
695
407
475
74
347
167
314
79
667
351
467
339
483
427
579
438
463
419
375
451
443
307
255
343
222
499
427
147
303
327
375
403
267
479
246
387
387
411
439
398
331
287
411
402
415
371
575
367
335
315
310
503
466
571
359
507
383
367
383
359
350
395
363
407
307
427
483
543
419
399
531
395
231
439
371
422
295
371
239
227
546
339
367
351
455
467
379
395
403
410
383
435
191
462
482
391
511
427
258
395
274
342
363
363
447
455
239
335
299
491
395
431
343
451
423
359
183
450
423
422
431
387
427
427
259
327
335
471
271
495
383
354
403
338
374
371
299
411
487
511
263
359
339
267
247
223
279
290
319
375
438
351
418
411
455
475
347
371
467
394
399
403
491
267
171
431
395
350
251
391
387
351
270
471
339
407
179
443
423
267
423
295
407
387
411
443
227
439
383
455
431
430
471
319
411
539
527
387
443
467
351
343
530
419
351
531
387
450
346
415
407
319
259
439
287
398
427
507
402
359
427
431
451
358
307
319
363
459
462
415
383
443
246
319
423
263
379
219
443
395
283
463
347
459
343
463
463
463
187
355
299
515
203
387
391
399
423
535
379
363
443
490
379
515
371
302
315
287
327
414
455
435
351
319
382
379
427
267
406
227
395
399
379
435
415
483
523
495
295
339
479
267
395
527
339
342
471
403
455
227
331
395
483
279
311
543
475
459
307
455
355
331
459
487
203
407
455
278
291
434
359
507
527
331
407
455
367
375
310
323
443
495
263
363
347
434
286
291
467
439
387
419
139
379
291
327
359
223
323
343
303
459
270
519
310
411
338
343
295
271
423
359
291
298
295
302
323
363
303
482
395
379
226
291
550
515
334
355
270
367
303
466
379
463
415
479
387
303
534
503
507
347
423
466
322
267
503
311
431
311
230
315
379
455
399
371
283
366
343
435
374
431
475
275
323
251
303
374
391
367
374
398
387
402
390
487
403
355
483
235
391
399
270
490
291
475
387
467
318
399
338
339
471
187
286
351
274
323
287
435
347
387
307
395
399
426
315
390
318
431
426
363
291
331
355
331
587
343
379
247
470
387
415
358
427
239
219
211
435
279
323
323
287
362
527
447
418
443
455
399
371
423
323
447
471
443
367
383
426
446
255
363
275
407
307
303
383
387
343
415
327
387
287
363
474
271
247
379
419
343
455
431
255
347
323
371
399
403
495
