554
746
379
597
418
726
374
680
347
707
492
763
482
772
528
615
495
775
508
735
505
685
482
653
305
537
414
697
277
733
353
743
398
571
535
714
352
556
413
619
295
648
293
513
351
758
524
653
449
686
470
649
430
710
644
631
422
612
476
603
474
716
455
681
545
714
537
745
458
663
310
623
464
686
493
707
487
671
641
787
529
785
418
838
391
634
473
698
503
651
331
726
554
698
539
727
429
625
563
810
425
747
287
674
481
541
472
612
421
518
425
597
543
764
504
610
451
638
405
642
477
583
410
526
433
631
468
645
610
638
585
682
434
683
426
871
461
666
651
608
590
609
427
679
466
667
453
695
463
798
398
615
426
616
435
709
463
583
400
557
490
605
523
649
308
627
586
809
325
676
323
699
490
755
413
625
393
637
503
679
416
691
432
744
395
590
435
658
439
674
480
805
359
615
485
669
594
585
391
754
446
621
435
678
493
779
378
713
307
544
531
652
350
586
361
649
446
705
503
651
393
625
510
807
422
642
572
636
572
530
446
701
502
662
385
573
494
599
523
738
481
643
619
631
551
535
593
561
318
674
415
579
566
620
475
740
308
650
475
776
448
677
374
663
482
617
534
648
315
612
411
734
417
652
464
747
463
536
522
639
510
694
364
575
227
700
445
738
355
570
527
607
475
598
570
759
398
632
604
682
411
659
537
766
505
696
579
654
293
570
363
671
470
618
514
509
461
611
405
770
510
681
497
622
471
508
617
646
463
679
533
635
500
580
529
786
537
762
621
694
442
613
517
661
350
631
531
842
318
641
402
707
452
616
386
580
466
661
347
669
408
539
485
643
371
673
456
804
439
541
595
757
594
528
542
779
546
646
525
607
544
642
334
737
531
701
529
840
368
475
406
575
433
767
486
652
334
695
465
626
510
726
414
568
478
772
592
626
473
641
392
657
466
734
574
639
458
681
475
649
553
613
370
535
379
595
418
534
472
637
434
662
470
557
311
731
419
639
438
642
406
641
411
686
427
552
429
803
463
531
485
683
407
575
423
655
362
545
537
632
477
645
419
710
475
649
485
656
459
642
464
714
453
498
508
673
464
742
492
715
367
582
313
773
496
634
558
622
526
592
416
599
346
583
431
581
506
490
91
464
183
310
0
717
330
545
458
760
389
543
348
446
493
426
435
413
448
455
562
487
368
389
236
473
321
259
339
416
395
358
330
362
419
433
337
484
420
516
406
253
460
330
435
473
459
537
491
419
451
366
362
637
364
483
411
269
485
422
326
417
535
476
245
474
544
455
453
395
581
410
446
365
415
336
454
423
302
466
354
532
525
541
393
452
567
372
478
280
505
432
253
453
435
367
514
330
285
375
368
438
554
393
261
367
471
576
383
326
498
433
424
392
382
358
294
359
485
233
422
468
535
441
391
310
421
413
426
327
464
391
359
357
538
426
493
424
486
515
299
387
447
550
470
562
399
473
321
367
411
430
442
415
431
361
363
408
360
472
585
460
625
378
325
478
272
349
562
424
357
372
420
341
472
329
493
443
544
281
369
476
588
407
421
445
467
535
460
323
386
523
579
403
443
381
547
567
479
329
572
299
287
392
482
463
505
465
595
441
413
447
279
359
477
439
328
387
463
567
420
429
332
412
477
423
338
348
440
320
463
400
467
441
436
480
277
342
400
329
359
362
416
357
338
373
298
549
401
363
482
495
535
456
443
533
541
490
494
420
445
433
315
280
435
419
428
449
477
393
326
367
505
323
570
381
338
389
482
290
594
425
459
490
363
423
276
349
403
324
433
439
435
381
553
391
449
427
291
555
499
431
431
398
633
533
370
486
429
466
509
392
389
409
407
551
395
469
481
416
392
303
413
451
385
427
580
376
415
333
366
499
359
355
395
375
373
486
430
452
458
483
531
407
342
385
293
450
242
382
471
452
595
385
530
449
474
553
511
364
507
527
243
342
304
326
573
394
389
378
492
475
454
267
378
346
590
519
451
234
319
580
413
441
361
405
414
347
418
290
344
384
541
334
467
557
477
326
276
333
454
411
444
445
341
480
500
432
384
398
418
441
423
507
416
378
277
418
478
459
447
349
265
455
595
605
423
369
384
392
538
471
569
330
391
533
334
377
491
327
423
411
642
345
387
518
477
435
267
374
334
450
358
391
328
448
420
344
412
346
494
340
595
475
475
512
504
394
472
431
442
420
426
364
383
404
485
611
317
461
336
306
577
186
430
347
424
503
375
312
579
534
443
338
476
441
385
394
472
355
535
390
415
404
369
412
361
399
541
301
491
435
259
395
338
364
437
403
446
503
353
299
169
347
393
630
