463
579
531
611
423
558
419
675
331
471
539
615
451
627
507
479
447
651
431
615
427
667
355
622
434
627
375
651
351
523
335
663
267
583
367
491
351
595
459
619
387
535
339
527
390
735
387
559
319
643
395
619
255
559
446
547
263
683
475
727
431
542
479
659
399
591
434
643
367
575
338
655
391
667
419
579
479
555
367
519
579
699
439
566
267
555
327
563
347
639
307
639
407
583
466
775
534
627
483
607
391
631
491
743
471
627
435
607
419
647
347
659
479
703
423
759
327
611
467
635
335
555
267
483
419
531
379
567
403
611
391
755
319
599
482
703
259
511
379
631
303
595
251
643
350
494
375
663
294
619
587
743
563
682
511
655
339
579
419
567
371
619
435
495
539
563
403
631
403
587
371
634
410
543
375
723
327
619
347
455
347
651
290
599
499
467
371
543
327
598
358
667
687
503
363
539
347
542
371
567
463
555
422
591
411
631
319
623
631
607
363
567
323
555
419
635
387
527
487
639
259
567
463
719
383
751
567
715
463
567
210
531
367
607
435
619
335
427
411
687
362
611
399
715
275
575
475
611
423
506
327
627
359
655
402
655
543
555
535
767
431
651
491
503
467
591
607
555
371
679
571
623
274
714
403
807
395
703
343
555
191
627
391
575
395
615
391
691
419
531
319
579
423
835
495
582
283
655
387
675
467
635
387
771
399
615
295
535
431
731
411
683
371
719
482
499
414
683
431
863
387
587
371
639
351
543
567
827
431
515
463
747
375
423
307
551
339
503
459
603
435
687
423
627
423
450
527
631
439
559
303
687
419
411
383
598
479
503
375
703
459
611
439
611
351
783
439
551
455
735
367
747
491
706
303
579
415
563
407
643
227
547
443
631
387
555
491
623
479
639
207
551
363
643
378
731
303
622
343
595
443
743
459
579
359
631
279
559
363
607
319
739
391
583
403
559
231
687
631
519
359
575
531
707
339
687
331
551
303
699
359
674
479
555
487
711
555
695
387
635
391
531
422
671
274
583
471
571
331
663
347
679
415
715
411
651
375
603
531
567
391
603
435
719
475
619
547
715
490
562
411
535
367
759
523
587
431
471
415
787
275
671
511
571
411
627
331
671
183
511
295
683
523
475
483
623
511
455
106
211
103
159
0
487
291
559
495
611
434
551
387
315
411
443
335
227
450
319
327
279
395
199
447
239
279
415
519
331
475
327
383
411
215
395
279
503
443
467
451
415
423
311
527
323
439
311
363
367
451
247
391
347
463
399
423
399
391
279
447
399
523
395
407
423
471
391
531
362
350
351
443
347
379
367
291
343
487
315
439
215
411
351
183
307
319
366
447
431
379
350
439
398
475
259
415
303
327
427
378
443
503
435
410
355
267
415
399
371
362
299
370
371
303
363
491
387
375
359
359
359
359
359
359
359
359
359
359
359
359
359
359
359
359
359
359
359
359
359
359
359
359
359
359
271
395
315
358
295
395
327
307
431
487
307
351
314
323
411
343
375
391
255
358
363
411
335
423
351
439
390
419
494
315
299
370
223
347
479
327
363
367
287
503
123
303
519
415
383
431
459
539
371
351
378
275
315
267
354
402
311
307
319
327
323
351
471
283
267
391
330
311
327
471
379
287
335
531
339
227
355
311
311
311
386
463
331
395
391
483
463
387
263
423
347
479
407
471
275
503
363
439
318
343
318
351
254
203
447
238
207
315
483
510
439
487
359
467
374
379
311
447
415
287
343
334
339
347
399
343
451
291
251
303
399
399
395
319
539
495
279
411
467
475
283
375
243
410
219
507
463
363
267
467
571
515
435
411
239
267
267
435
395
471
267
359
351
443
379
379
306
435
555
311
379
351
327
491
427
411
243
390
307
223
375
383
371
315
315
359
375
443
399
375
431
167
379
451
335
363
259
607
363
411
279
443
302
387
387
415
379
195
455
395
179
415
411
455
331
315
318
259
399
391
355
343
443
447
375
427
346
239
295
431
391
395
299
270
439
394
367
395
383
423
511
311
299
314
343
551
355
275
339
431
335
323
303
471
375
391
475
451
479
311
267
375
339
395
419
490
367
319
351
422
223
399
319
451
211
303
303
331
322
319
327
455
363
502
331
447
387
291
391
407
219
387
366
322
427
411
323
367
323
439
391
347
426
455
419
419
383
339
263
459
447
307
355
411
511
370
439
327
411
531
435
355
343
311
415
383
367
327
407
379
463
319
394
315
307
335
415
415
494
379
287
223
383
367
375
483
231
527
383
467
327
390
407
379
507
351
307
491
295
371
403
354
307
399
515
399
354
283
279
575
358
342
319
367
327
439
247
399
450
479
767
