355
639
435
679
355
611
299
667
459
679
363
603
407
647
483
574
311
579
339
551
267
555
331
639
455
755
334
675
330
651
415
703
483
671
395
631
251
619
255
563
362
722
463
631
267
543
503
691
503
615
371
659
482
582
403
663
319
718
379
627
299
559
495
659
447
439
511
643
371
619
383
571
439
667
371
599
371
611
411
719
491
699
319
635
439
703
363
643
515
563
447
675
355
535
499
603
619
543
287
723
491
663
319
783
275
587
363
663
343
607
407
675
523
543
371
563
447
535
358
535
426
679
367
715
211
426
391
871
399
683
351
703
466
551
427
747
287
607
387
607
411
731
331
739
347
658
327
699
259
630
535
591
419
343
551
583
331
475
271
655
242
510
255
555
423
567
495
543
447
491
443
587
295
511
506
679
407
543
439
711
470
467
303
587
199
675
362
703
299
655
563
543
423
607
463
635
222
519
227
611
371
511
399
579
302
711
230
671
418
503
355
735
275
483
558
619
370
547
343
471
435
498
290
603
379
419
491
639
371
667
191
682
375
583
399
590
351
543
447
659
395
582
267
487
295
471
447
751
442
403
499
543
567
555
562
714
411
594
379
671
315
527
347
403
311
618
351
651
299
595
567
615
279
547
435
667
379
627
411
602
531
603
335
539
347
546
407
715
343
511
463
607
451
791
511
611
467
615
287
671
371
587
399
703
359
711
323
511
335
651
375
467
443
539
322
667
251
523
323
663
439
743
495
627
211
467
479
563
311
731
355
462
430
411
447
639
375
435
295
602
323
527
399
727
391
691
455
667
479
587
251
635
343
567
359
683
331
443
431
631
471
671
455
619
399
627
515
450
555
650
547
643
354
583
395
587
539
647
495
559
326
623
323
455
355
579
463
679
431
647
515
551
407
491
539
643
443
499
211
651
339
659
475
515
323
538
379
487
391
667
511
639
427
527
542
571
391
507
367
583
467
503
295
703
439
523
483
707
315
599
251
627
347
767
447
691
395
539
299
795
407
555
478
575
327
671
523
667
343
663
323
611
467
615
403
502
339
579
507
430
455
535
443
671
567
734
471
679
343
602
407
627
355
491
283
635
419
631
547
451
319
547
279
707
387
543
459
623
427
607
467
563
455
707
451
691
403
471
71
346
167
311
75
663
347
463
335
479
423
574
435
459
418
375
447
439
303
251
339
215
495
423
143
299
323
371
399
263
475
243
383
383
407
435
395
327
283
407
398
411
367
571
363
331
311
306
499
463
567
355
503
379
363
379
355
347
391
359
403
303
419
479
539
415
395
527
391
227
435
367
415
294
367
235
223
543
335
363
350
451
463
375
391
399
403
379
431
187
459
479
387
507
423
251
391
271
338
362
359
443
451
235
334
299
487
390
427
339
446
419
355
179
447
419
419
427
383
423
423
255
323
331
467
267
491
379
350
399
334
371
370
295
407
483
507
259
355
335
263
243
219
278
286
315
371
435
347
415
407
451
474
346
367
463
391
395
399
487
263
167
427
395
347
247
390
383
351
267
467
338
403
175
439
422
263
419
291
403
383
411
442
223
435
382
451
427
427
470
315
407
535
523
386
439
463
347
339
527
415
347
527
383
447
339
411
403
315
255
435
283
395
427
507
399
355
427
427
447
354
303
315
359
454
459
411
379
438
239
319
419
259
375
215
439
391
279
459
343
455
339
459
463
459
183
351
299
511
199
383
387
399
422
531
375
359
442
487
375
511
370
298
314
283
323
407
451
431
347
315
375
375
423
263
403
223
391
395
375
431
415
479
519
491
291
335
475
259
391
523
335
339
467
399
451
223
327
391
479
275
307
539
471
455
303
454
355
327
455
486
199
403
451
274
287
431
355
507
523
327
406
451
363
371
306
319
439
491
259
359
343
431
283
287
467
439
383
415
134
375
287
323
355
219
319
339
299
459
267
515
306
407
331
339
291
270
419
355
286
294
291
295
319
359
299
479
391
375
222
290
547
511
330
351
263
363
299
462
375
459
411
475
383
299
527
499
507
343
419
463
319
263
499
307
427
307
227
311
375
451
395
367
279
359
339
431
370
427
471
271
319
247
299
371
387
363
371
395
383
399
387
487
402
351
479
231
387
395
267
486
287
471
383
466
314
395
334
335
467
183
283
347
267
319
283
430
343
383
303
394
394
423
311
383
315
427
423
359
283
327
351
327
583
343
375
243
467
382
411
354
423
235
218
207
431
275
319
319
283
355
523
447
415
442
451
395
367
419
319
443
467
439
363
379
422
442
251
359
271
403
306
299
379
383
339
411
323
383
283
359
471
267
247
379
415
342
454
427
254
347
323
371
398
403
495
