534
663
371
579
394
639
398
519
355
675
461
679
411
730
370
714
349
543
353
695
398
626
530
767
447
711
562
823
458
662
379
775
478
805
639
695
507
735
490
627
458
535
515
717
403
691
371
795
383
483
447
614
354
687
535
606
525
634
519
687
495
743
534
683
486
739
366
667
534
703
327
674
523
779
539
646
443
719
459
651
450
631
379
595
499
635
398
747
503
679
455
689
475
654
491
683
391
715
511
810
367
650
579
693
499
555
515
722
565
713
390
743
446
639
595
769
447
582
439
731
418
714
479
705
503
639
366
659
457
695
490
699
506
763
455
603
611
611
405
631
446
690
535
715
502
679
551
823
438
695
407
774
419
591
431
602
571
659
471
687
366
707
627
679
471
662
383
747
433
678
545
659
538
589
515
723
466
758
567
523
525
914
466
655
555
647
603
547
455
779
487
738
478
595
634
773
395
842
498
677
481
511
507
767
459
571
419
735
383
645
494
638
343
719
318
607
470
618
495
611
455
622
535
770
482
723
549
783
466
782
347
682
350
555
398
899
606
719
491
779
538
659
455
683
511
681
547
637
490
681
351
579
418
633
654
638
458
645
466
731
527
743
383
679
503
619
539
622
634
631
523
755
526
671
421
754
395
609
489
630
483
599
474
651
533
603
441
651
431
511
515
647
523
719
390
647
350
647
455
683
481
683
511
686
495
595
555
667
523
642
542
539
346
651
359
741
337
503
567
669
495
574
471
675
569
694
367
659
451
599
453
738
526
718
395
555
338
599
502
809
595
570
335
773
353
649
403
527
331
551
355
771
622
706
506
571
471
631
522
562
411
693
403
743
351
675
511
743
609
663
589
607
527
799
435
627
374
622
423
567
547
623
526
678
591
767
379
787
387
603
586
602
499
439
327
567
471
802
422
849
359
597
410
701
619
711
526
723
423
707
459
619
387
631
491
731
445
543
283
719
477
687
367
635
303
654
435
717
427
763
351
699
439
623
479
635
334
703
511
655
643
673
450
559
611
755
427
697
606
655
335
691
543
699
299
711
397
622
510
806
451
779
451
587
370
674
527
587
515
598
459
587
503
634
591
757
647
699
541
606
483
659
455
631
507
555
362
615
626
665
447
667
466
678
369
691
617
474
0
397
219
357
191
647
470
683
395
566
291
611
409
277
511
551
478
371
498
498
442
363
591
519
315
563
249
371
551
427
386
551
510
403
451
358
455
326
529
543
483
310
431
454
387
373
483
475
502
438
519
463
467
510
501
423
371
491
534
483
421
401
463
495
411
455
518
559
461
387
359
311
367
391
314
443
487
435
570
386
527
422
471
387
351
374
543
335
435
511
497
427
555
306
490
345
407
523
318
363
387
399
503
466
401
403
562
351
399
338
537
371
522
443
407
446
391
505
390
207
475
481
446
371
611
258
607
327
474
291
585
479
578
435
462
351
443
438
342
403
413
482
319
475
611
359
343
511
351
379
558
343
370
542
475
514
395
335
499
379
551
499
477
317
550
511
491
487
446
371
422
643
437
323
479
475
375
339
345
367
451
443
406
545
419
341
499
345
275
409
358
455
478
491
559
491
431
335
299
366
293
503
455
503
475
370
471
319
427
519
439
487
479
439
531
415
306
258
594
495
399
527
507
341
431
447
511
363
381
351
391
370
506
331
614
355
225
223
375
321
443
581
443
339
407
449
334
387
375
450
495
434
527
535
434
411
506
441
559
423
547
265
626
321
367
427
358
399
395
423
610
321
446
339
627
455
547
555
338
377
435
395
431
466
411
290
451
523
338
375
426
506
327
374
367
503
403
547
381
315
563
523
331
519
390
435
415
525
489
503
578
325
457
257
507
334
465
367
455
475
407
335
459
306
315
481
518
542
315
514
510
507
421
435
622
383
443
390
619
479
487
291
475
326
511
359
483
502
551
438
467
482
431
443
534
571
459
307
463
434
223
418
646
314
342
551
459
465
547
429
443
307
403
357
431
323
427
413
494
435
571
382
595
419
373
323
291
303
479
379
525
334
395
403
567
391
605
445
511
595
451
443
383
535
591
410
423
495
435
415
551
419
517
454
451
514
510
379
423
410
451
523
423
479
439
451
491
474
447
543
619
353
525
407
426
411
555
475
323
351
529
283
450
439
391
402
635
571
401
379
482
571
443
471
343
407
426
415
362
451
394
467
518
511
483
338
451
449
462
275
454
471
455
351
403
362
513
219
459
470
311
457
437
439
374
537
323
415
462
395
398
411
451
405
431
491
495
430
283
383
591
474
463
390
383
599
427
459
555
435
559
463
359
395
395
351
475
375
330
497
653
514
630
579
551
899
