679
815
811
811
587
851
675
879
567
959
871
719
643
958
630
806
547
771
706
822
562
947
663
799
625
781
674
895
687
967
655
815
538
863
846
802
638
1019
729
850
611
823
647
835
535
857
506
983
573
803
679
831
678
759
643
963
625
759
549
775
806
831
806
842
645
775
731
915
719
899
722
795
702
747
665
919
691
787
609
769
509
835
663
854
687
827
754
927
665
787
726
935
470
871
659
850
570
831
746
931
671
835
539
847
775
770
595
863
723
899
675
867
675
822
654
965
591
955
623
1058
679
835
698
975
719
821
719
819
779
970
711
850
731
795
607
839
623
855
795
959
691
949
710
851
689
771
654
933
810
870
623
754
791
755
527
714
459
871
679
815
778
799
723
947
675
786
526
909
570
967
743
819
686
835
630
839
731
867
583
867
547
883
699
817
735
971
667
846
670
750
650
911
682
849
722
850
655
821
610
943
606
855
787
807
567
787
655
823
715
943
683
994
631
901
653
671
703
950
787
758
665
849
679
766
639
826
742
918
657
811
751
835
634
747
659
847
543
974
619
909
693
698
799
829
743
967
455
963
507
699
662
762
775
695
619
899
795
877
719
827
847
814
679
847
635
815
811
879
747
790
743
1015
551
802
727
827
622
943
743
879
635
723
563
887
599
903
571
897
699
850
679
789
779
815
721
798
607
882
719
791
531
859
735
1035
607
883
667
866
627
942
691
953
683
718
663
1043
635
870
635
1029
729
691
579
854
671
785
702
735
790
914
635
787
643
922
838
891
678
759
633
815
674
911
785
845
747
739
683
867
621
826
771
875
623
962
707
909
679
895
394
927
634
775
682
991
686
818
618
918
738
874
699
922
819
907
647
771
595
797
730
775
807
798
717
887
734
849
769
971
651
967
715
941
775
815
686
957
686
811
647
935
703
887
770
806
682
907
827
879
731
811
635
771
643
718
775
795
610
783
543
855
723
843
695
929
611
843
767
925
763
854
867
907
563
874
569
862
707
811
695
951
575
958
771
859
643
727
606
957
591
947
769
937
695
919
643
869
683
879
679
830
850
787
531
823
537
825
755
919
451
842
751
907
779
867
722
854
541
891
671
918
683
807
686
802
503
825
667
990
683
831
683
743
510
883
734
935
714
611
379
650
295
510
474
866
671
834
754
818
710
775
690
463
639
595
801
603
699
571
591
699
698
542
606
489
734
794
678
665
767
659
599
577
587
711
683
575
607
687
803
701
511
682
739
650
639
627
667
619
671
691
675
586
727
683
681
542
479
539
603
723
555
563
681
614
603
563
603
671
647
679
581
707
651
571
503
598
619
495
723
547
703
559
670
506
563
619
559
663
679
634
631
670
507
603
815
610
719
503
534
583
739
749
703
671
683
703
671
601
591
735
603
691
558
577
599
583
745
630
730
706
542
650
578
650
562
594
586
626
718
502
554
702
598
546
722
710
610
702
706
618
778
725
602
490
635
739
699
455
605
762
754
582
647
723
610
695
731
643
598
605
734
619
711
726
747
615
635
615
669
627
685
634
811
711
627
678
735
433
743
642
638
439
591
707
570
818
503
723
639
546
671
647
653
598
575
671
627
594
639
491
647
446
771
599
834
631
610
567
657
722
551
611
687
631
741
722
667
591
719
747
847
531
529
519
782
675
698
675
543
487
703
655
675
726
611
703
727
750
631
649
611
627
619
602
603
675
655
683
534
695
679
667
586
671
603
675
763
631
619
613
579
539
526
507
683
679
550
655
630
801
694
738
577
671
695
577
609
571
447
567
639
555
662
687
643
695
723
551
651
726
563
547
695
670
607
610
611
759
651
535
703
587
730
655
615
631
527
611
467
702
543
639
679
639
690
627
646
605
707
631
686
715
751
615
751
627
583
646
630
579
639
631
671
631
742
611
621
519
701
802
559
534
607
663
823
495
755
551
766
606
763
587
686
670
711
601
734
526
762
787
725
683
715
595
647
670
797
654
599
667
651
673
757
587
674
739
641
675
737
583
731
545
643
577
517
631
739
445
518
562
702
559
591
546
479
739
603
614
691
639
714
622
755
743
449
775
710
643
658
591
610
747
693
638
663
695
577
630
687
663
599
691
671
719
719
567
695
718
659
627
750
605
562
711
543
726
653
683
707
643
739
571
661
674
655
655
621
602
598
731
739
723
571
445
557
597
603
742
639
567
665
679
587
627
739
746
602
491
595
659
626
505
579
578
559
707
691
614
730
695
718
635
719
647
795
647
746
635
615
813
686
642
606
563
667
499
670
729
539
391
759
671
589
535
603
607
609
794
663
502
577
495
547
562
639
638
727
502
523
450
446
461
575
767
