378
706
451
590
467
625
679
791
427
737
459
635
517
655
498
699
494
735
487
793
435
558
478
699
415
741
690
702
602
705
371
639
557
706
363
845
609
582
594
691
303
597
687
793
403
677
562
794
547
845
463
778
403
757
559
713
495
607
575
635
463
694
523
771
515
542
527
713
591
679
457
673
542
717
435
754
463
714
311
778
426
611
514
638
407
601
429
715
609
575
547
638
467
719
439
773
495
683
498
813
517
719
579
786
435
771
531
585
549
643
493
590
439
658
401
587
394
633
453
649
511
757
495
687
347
767
494
879
473
699
599
718
551
615
538
699
391
698
586
815
459
663
505
605
475
581
538
789
477
750
495
775
543
771
491
723
489
763
371
821
455
746
498
719
475
766
355
650
499
789
431
539
455
723
454
585
379
659
427
651
411
635
467
651
437
615
581
755
463
751
431
819
502
607
523
643
467
867
455
761
274
715
390
703
493
645
557
686
591
627
514
771
615
650
315
743
379
747
409
559
605
638
486
677
471
703
467
767
497
729
374
779
387
582
383
673
509
653
443
738
547
649
523
734
478
719
567
761
523
619
313
550
395
667
535
622
601
611
461
831
594
669
367
865
441
707
461
654
546
707
511
758
469
690
465
655
493
835
569
783
531
545
431
681
403
795
495
555
530
658
471
738
409
706
370
743
383
610
367
665
542
675
547
746
497
641
589
630
439
727
505
567
483
611
586
574
382
538
523
713
482
645
589
737
579
703
375
751
529
582
573
655
547
655
609
798
614
761
611
671
570
607
527
693
515
666
471
741
439
623
405
794
381
746
517
602
393
687
334
677
554
683
526
629
469
671
429
762
449
711
329
610
439
650
503
777
338
651
457
606
463
718
371
763
355
678
383
475
497
623
463
685
527
531
471
658
438
666
502
835
325
691
415
611
589
682
423
766
405
778
431
630
515
643
438
779
522
719
542
807
330
753
453
731
470
643
511
622
450
635
619
647
434
749
455
811
381
715
539
890
410
743
426
727
370
774
631
719
543
703
479
714
575
675
450
567
401
707
427
666
427
663
651
787
527
535
482
779
537
737
422
779
358
623
578
759
311
570
409
666
431
777
378
673
550
638
565
634
419
643
589
703
449
783
445
597
419
523
167
415
86
354
218
805
478
527
429
685
363
713
511
561
578
613
519
303
467
359
507
339
471
527
562
362
450
486
507
554
405
519
383
537
462
551
427
395
495
461
462
555
558
395
435
446
453
542
355
558
587
389
353
391
453
370
455
461
442
461
383
374
513
483
330
563
465
390
379
513
482
299
305
425
522
510
535
358
507
347
587
443
470
387
409
507
395
518
551
358
495
507
581
514
471
429
499
378
531
285
335
417
486
579
375
374
463
479
409
563
471
399
483
513
423
470
421
427
311
538
422
394
474
546
282
398
510
450
550
470
362
450
494
422
414
490
526
370
386
594
498
454
530
354
454
439
486
395
339
451
485
310
355
526
481
511
319
361
477
631
441
387
591
319
423
443
546
554
391
417
426
414
507
591
447
614
459
405
418
423
523
437
479
295
449
459
391
530
643
506
517
527
409
311
299
467
449
393
487
306
434
618
481
471
415
419
499
331
371
494
527
434
383
379
471
593
506
450
502
431
417
391
621
537
529
393
390
390
409
450
374
438
521
429
339
391
451
274
535
430
491
438
630
479
473
470
357
393
629
439
457
463
515
437
455
469
503
449
473
486
483
375
467
486
422
386
482
493
402
563
489
399
394
527
311
474
399
438
430
406
366
443
479
373
390
471
447
517
525
455
351
489
511
438
377
395
551
350
433
493
469
495
435
457
358
402
623
359
487
511
361
443
571
467
451
394
479
479
457
467
583
453
399
366
366
555
478
441
389
421
514
287
702
479
533
314
523
478
457
589
406
535
515
385
510
445
369
558
463
529
631
399
555
399
442
462
354
377
533
475
363
442
463
621
518
447
494
567
523
361
478
509
507
555
383
387
371
347
461
407
439
443
430
365
497
442
435
431
455
470
639
429
367
374
542
499
481
283
535
611
441
510
535
534
355
457
483
419
381
475
599
535
471
430
663
471
407
551
321
345
547
467
471
295
391
433
463
445
403
562
586
466
354
491
465
450
633
351
363
534
338
431
458
407
375
311
543
529
555
458
471
430
331
287
485
483
419
351
394
399
551
343
501
522
457
465
458
479
555
334
431
397
501
497
283
399
419
377
398
487
429
326
535
319
547
478
337
443
367
487
577
442
547
546
527
398
511
478
475
435
539
425
475
534
551
342
470
603
622
397
439
373
511
481
641
503
446
493
402
351
487
354
375
421
498
590
