368
539
442
569
574
825
403
735
370
531
331
591
511
555
431
707
439
643
375
583
450
787
559
807
631
619
486
767
423
545
355
631
474
673
419
666
582
537
486
679
447
749
323
744
479
555
463
557
439
792
483
605
390
510
441
667
391
691
394
581
529
447
385
667
521
740
403
741
427
625
387
833
452
738
503
776
511
613
542
590
380
667
545
523
447
527
439
614
407
761
361
715
494
656
371
722
587
602
515
737
411
662
482
675
397
542
295
610
502
623
511
691
559
563
525
557
365
758
431
683
309
561
462
814
339
651
334
690
611
731
561
697
615
709
393
654
529
617
425
625
355
629
502
725
475
639
399
772
295
604
535
719
367
722
511
653
290
675
446
608
406
645
605
558
413
580
327
678
490
613
506
619
447
769
481
847
458
710
530
561
367
697
459
643
534
854
287
683
448
582
414
649
472
666
326
579
380
539
503
578
431
731
503
579
541
701
277
655
377
691
507
717
433
591
473
647
457
687
352
459
403
599
386
571
465
693
434
675
312
596
470
761
414
622
463
594
422
574
510
830
481
839
366
627
286
650
513
635
391
681
415
677
487
663
387
639
423
715
424
626
423
627
499
790
514
554
444
634
493
671
551
569
446
552
482
752
426
772
365
780
534
607
499
739
389
576
530
630
561
615
513
725
315
582
411
757
403
639
579
698
318
630
370
575
391
618
430
583
521
746
447
569
519
615
393
535
433
695
331
517
497
887
309
649
411
651
419
743
434
766
491
524
439
499
619
551
439
657
550
699
580
697
422
697
261
614
395
815
438
717
325
872
433
715
411
701
438
562
417
575
519
531
498
675
499
655
491
751
387
561
434
635
428
491
419
607
401
503
382
671
479
618
547
697
543
613
410
807
426
667
285
623
491
719
450
725
501
590
498
673
355
646
498
506
257
684
495
521
502
691
337
802
550
713
421
643
345
622
383
639
502
671
434
638
466
793
499
665
386
639
575
659
489
675
434
691
387
740
634
539
446
477
407
730
469
751
526
591
389
567
395
680
539
774
461
679
414
523
555
691
489
671
558
683
449
695
442
663
395
750
437
727
535
635
547
564
363
601
407
745
419
895
594
595
427
568
403
745
314
697
367
595
381
466
523
594
487
539
159
441
157
323
147
802
317
527
255
554
498
585
485
454
542
457
459
483
523
387
327
333
425
483
242
334
579
582
191
383
543
307
351
451
526
512
466
383
406
387
522
318
451
359
426
346
491
337
326
319
475
359
523
391
457
351
441
476
466
541
489
398
453
385
499
467
481
318
498
291
501
359
383
217
415
379
430
563
394
413
409
477
417
493
406
345
461
545
439
415
526
453
310
308
467
435
470
493
354
299
249
515
407
431
525
246
475
447
415
355
378
411
414
243
395
343
381
491
650
306
473
326
474
486
394
497
414
374
385
450
494
490
542
502
426
518
366
441
582
426
402
346
521
465
397
359
300
307
369
239
395
392
515
420
383
421
466
427
567
483
243
323
329
398
398
427
259
455
309
259
397
255
321
342
373
359
374
543
415
329
456
547
352
286
339
407
427
381
355
389
423
491
499
239
445
417
447
467
415
347
330
342
285
315
515
391
518
509
280
495
526
293
531
293
407
391
406
331
495
403
430
403
407
404
443
323
443
503
439
422
515
197
409
299
506
299
264
307
510
415
436
322
293
446
374
431
235
541
287
330
379
430
429
374
377
513
443
391
473
384
355
313
375
337
473
385
349
305
589
560
383
497
533
223
456
377
431
450
517
359
407
359
384
235
511
403
421
443
422
266
471
483
411
358
478
450
382
331
557
329
429
403
479
359
557
550
467
331
343
335
497
321
301
319
469
369
422
351
548
300
435
298
478
374
329
431
379
463
613
301
399
454
460
290
539
375
363
497
425
564
385
390
275
445
425
504
449
371
369
357
515
331
380
441
423
383
437
369
386
431
349
415
315
327
343
433
591
389
382
490
353
480
375
471
342
327
482
522
469
337
429
242
359
279
475
376
511
311
474
325
310
324
439
195
482
461
538
327
284
187
413
349
451
317
435
344
555
522
358
293
475
489
583
323
482
411
601
443
443
365
491
264
431
371
290
338
485
410
451
347
413
623
506
451
321
534
391
377
441
419
543
465
388
451
447
603
415
345
539
407
279
391
418
470
578
421
559
415
511
363
505
375
258
263
377
398
437
447
393
423
335
375
552
375
509
375
526
445
407
349
537
444
407
551
525
285
391
495
490
443
438
465
401
385
471
374
355
371
313
550
450
585
426
329
308
395
400
503
325
415
520
250
473
273
443
411
389
401
301
389
494
367
503
281
349
743
