243
635
361
563
332
545
287
574
339
388
469
427
395
475
323
531
443
659
301
455
299
587
347
405
289
533
305
531
373
460
275
526
427
642
402
522
423
524
522
531
434
538
503
335
363
507
435
498
342
479
349
555
391
565
374
542
302
465
302
476
393
541
387
569
429
555
423
571
233
403
259
645
251
531
386
611
359
514
382
679
247
355
455
539
395
443
263
491
298
572
209
534
311
593
269
603
303
611
266
607
274
466
375
446
415
541
327
422
261
314
378
447
363
627
511
655
344
477
307
571
347
601
319
517
366
381
355
569
482
496
385
499
143
575
323
572
301
523
258
557
270
581
261
591
290
477
167
498
358
407
339
438
299
518
403
622
414
636
319
463
491
659
407
527
321
430
446
617
291
593
301
431
333
467
340
547
430
469
413
561
282
478
461
585
289
603
311
455
360
367
313
586
440
465
370
605
245
501
363
568
291
567
385
611
243
511
395
514
413
498
343
558
293
519
277
579
318
482
214
541
484
527
317
539
362
518
313
433
319
674
302
510
300
387
417
441
263
539
360
489
358
659
323
567
341
610
355
493
391
482
309
477
381
572
298
686
177
627
423
587
459
467
285
485
303
535
475
447
391
595
247
551
331
401
366
626
331
706
329
467
179
509
334
468
379
534
345
494
355
581
383
418
460
538
363
582
280
395
255
475
261
582
445
686
311
383
477
729
515
671
363
641
529
594
370
537
346
491
358
526
279
627
251
471
331
543
255
571
311
611
380
589
398
543
382
659
247
542
315
594
465
467
209
542
417
443
439
476
322
435
390
675
411
534
461
642
447
410
400
587
290
479
305
571
311
554
348
486
271
636
414
665
254
380
362
585
286
519
381
445
384
482
376
587
299
589
244
542
219
310
378
515
359
480
423
638
322
491
405
502
330
665
365
472
210
469
319
587
331
526
441
418
328
556
386
487
254
547
306
663
395
594
339
609
487
563
359
563
327
486
471
447
473
686
290
547
453
502
434
689
411
608
347
646
265
487
395
511
347
563
349
546
259
430
284
517
313
645
263
601
444
571
235
579
290
558
379
527
385
622
405
535
397
450
433
427
359
603
379
678
353
789
341
594
393
531
359
591
325
638
291
487
366
497
328
442
343
438
101
389
19
322
209
605
402
666
133
443
365
494
373
272
323
321
356
419
415
359
297
355
291
406
221
261
265
426
294
203
371
435
366
293
419
393
329
288
397
325
306
247
318
273
373
321
338
293
393
303
291
374
439
375
199
251
303
403
331
371
330
306
369
286
314
311
435
267
321
310
271
209
373
361
250
336
339
276
307
322
372
155
344
347
375
284
416
338
501
310
355
298
282
315
386
355
313
337
207
303
302
399
347
277
391
262
669
391
310
196
273
361
344
301
297
431
383
263
332
199
321
185
380
319
245
327
439
351
379
164
331
375
203
395
407
275
439
323
147
369
415
390
325
332
224
285
323
332
326
406
426
250
345
371
413
283
485
225
454
233
359
237
345
303
158
243
330
347
335
351
367
375
371
251
409
263
429
322
271
478
333
287
291
277
379
439
384
387
458
371
490
207
296
406
304
318
372
327
329
294
422
191
395
247
326
354
384
475
421
209
318
347
271
187
350
415
281
369
345
310
365
159
267
307
379
226
390
267
284
170
329
300
306
306
301
339
292
277
351
289
351
434
315
234
402
457
369
251
255
394
371
349
307
266
355
210
182
327
339
290
309
252
327
167
398
158
327
327
401
304
449
362
349
337
390
259
329
185
250
287
406
319
322
514
311
255
394
276
189
348
287
338
163
433
213
327
239
313
423
389
251
357
291
358
418
231
273
422
339
270
281
355
163
328
350
351
191
418
385
301
320
263
275
374
337
141
463
318
463
375
438
303
487
235
290
211
347
331
340
323
338
306
325
283
354
279
407
279
379
332
459
312
331
319
331
237
221
335
279
255
327
327
277
298
371
311
302
211
319
223
322
302
386
327
239
281
262
278
437
366
310
291
401
338
349
343
435
205
233
251
283
368
330
201
295
365
358
377
275
394
399
330
317
281
339
305
205
366
261
289
445
303
287
399
342
281
404
372
340
320
423
287
177
339
369
269
379
463
299
289
341
294
341
481
309
327
289
193
357
243
314
323
318
281
263
358
263
277
322
251
290
436
269
139
301
289
383
339
286
254
375
268
447
419
339
371
419
235
270
352
343
313
445
362
500
345
242
383
251
329
263
379
201
249
385
418
308
382
302
302
382
338
494
426
319
323
270
160
419
325
219
278
384
319
232
201
215
359
305
214
367
357
318
231
157
261
406
491
258
130
298
265
271
127
250
359
