469
677
507
695
467
678
423
745
569
769
443
595
487
587
415
765
566
659
463
807
558
705
459
699
391
814
423
625
515
687
563
719
475
815
519
663
611
633
630
739
502
675
399
658
370
709
514
645
527
634
599
710
587
773
607
753
514
715
579
587
465
643
407
813
599
803
538
683
577
679
403
853
467
863
523
686
531
771
562
615
651
727
457
653
443
802
765
691
479
759
537
790
339
798
541
615
459
731
546
639
529
741
507
833
551
551
550
723
446
607
435
770
491
701
462
633
371
682
577
681
591
597
465
582
581
719
523
727
563
759
541
827
646
823
505
639
531
747
563
773
531
699
583
706
499
823
503
823
474
673
497
751
609
699
383
766
378
603
482
631
511
555
595
759
335
793
479
759
579
583
647
718
585
739
623
715
525
647
455
675
547
635
403
675
595
814
419
698
438
846
475
703
446
659
523
879
547
675
514
711
447
771
690
807
497
711
519
691
526
754
550
718
375
763
599
827
454
699
575
674
467
823
405
719
507
815
415
799
591
722
507
663
570
518
431
819
313
719
627
743
659
743
691
843
346
546
402
757
423
635
449
766
534
667
475
591
443
725
523
735
339
735
583
766
547
597
353
775
523
787
571
809
447
787
599
811
431
651
435
803
547
695
447
667
535
707
491
727
595
851
505
559
577
703
647
783
594
699
630
679
530
703
523
699
523
702
511
662
513
694
586
694
403
839
515
686
574
721
483
719
495
747
519
694
407
695
458
743
773
669
501
623
615
727
491
697
558
673
398
707
383
578
705
819
451
933
451
790
622
635
611
783
483
650
503
646
435
767
583
683
569
575
397
695
557
629
537
847
426
938
619
755
570
727
677
687
494
655
581
603
522
726
494
791
465
719
558
595
599
619
575
639
366
718
635
787
531
755
570
619
489
731
363
746
467
630
495
751
446
875
547
883
459
634
563
947
443
754
474
659
495
670
371
631
682
751
605
690
402
627
562
683
415
775
434
794
623
807
427
763
567
695
559
591
573
651
431
803
447
691
623
715
509
823
471
638
551
649
479
675
547
767
591
647
531
611
515
699
419
523
514
586
482
821
499
749
559
677
490
735
357
715
491
763
611
877
598
618
554
599
610
867
562
859
458
614
562
623
287
471
195
433
189
671
522
759
469
634
517
639
523
462
471
522
643
547
614
499
543
385
431
419
547
411
483
523
563
518
565
414
487
346
406
558
563
489
435
326
359
434
443
485
514
507
538
539
443
398
351
507
595
483
583
453
483
491
487
338
415
483
475
407
435
518
383
506
443
393
611
522
471
547
702
467
590
626
606
462
439
466
633
510
535
367
527
407
573
530
507
365
507
519
590
381
439
535
555
586
415
539
417
303
509
574
375
486
439
485
447
427
585
529
475
387
459
495
415
363
387
363
435
571
283
531
459
615
521
571
537
543
447
422
463
425
363
415
446
462
433
491
503
494
535
573
579
554
579
459
442
575
414
477
539
427
450
519
359
447
478
555
591
543
451
431
434
373
381
594
495
541
503
493
578
419
447
511
455
563
663
367
494
483
422
447
441
481
501
406
546
482
602
433
482
555
309
438
287
413
433
459
538
551
511
470
499
515
567
482
563
542
487
655
461
523
475
509
526
415
362
427
531
587
491
419
546
366
310
499
450
413
445
467
499
447
566
441
410
346
543
513
467
490
545
479
378
382
434
383
563
607
454
515
531
367
579
581
575
547
451
391
371
477
323
451
517
447
633
475
415
467
517
415
541
550
606
470
581
554
423
330
477
447
523
519
567
586
387
541
583
526
431
479
558
442
482
531
519
523
487
379
547
582
338
405
429
579
583
574
447
599
569
458
483
591
586
509
501
635
563
539
502
671
645
375
503
379
447
270
618
353
531
355
635
525
463
451
371
497
411
487
467
377
411
330
483
567
443
499
522
494
506
447
471
611
447
478
471
459
599
333
503
547
543
347
341
559
569
442
459
422
634
386
510
503
411
422
619
598
534
539
371
455
411
433
469
535
339
463
475
475
485
549
411
415
455
471
561
327
551
449
451
514
454
499
455
395
515
542
515
373
438
451
473
491
493
530
542
337
471
366
427
367
434
541
470
391
629
497
470
503
425
485
499
506
570
333
502
511
579
443
486
387
422
495
495
557
481
486
443
350
462
539
402
547
374
394
534
531
411
533
433
519
590
437
475
598
551
467
495
375
551
427
557
487
414
447
415
482
481
474
678
523
439
583
421
403
419
566
542
563
471
603
497
558
523
486
557
603
491
414
350
458
474
445
369
523
551
530
530
430
327
443
613
393
463
549
547
383
254
211
266
251
231
483
