328
560
442
620
401
690
446
730
374
706
568
632
377
672
345
500
459
570
395
675
351
727
454
443
481
654
465
548
259
659
353
720
431
658
554
682
491
503
391
553
460
592
363
553
362
653
470
599
475
590
554
588
458
722
435
531
412
601
426
647
385
610
464
655
437
696
631
630
449
634
413
631
455
601
435
483
621
531
366
567
461
614
495
474
563
643
437
637
483
640
428
625
419
716
317
701
412
567
362
757
423
658
468
734
355
598
289
563
441
732
430
579
535
663
314
595
527
641
472
589
457
587
475
722
451
581
400
657
420
704
449
710
388
590
442
681
453
636
435
746
431
784
383
604
482
709
452
769
388
507
465
527
339
444
413
576
530
625
417
628
614
858
483
664
512
641
537
641
466
594
484
652
433
599
584
626
428
779
345
743
414
546
226
571
525
800
543
582
462
606
455
597
533
665
518
597
443
667
565
735
322
649
452
582
467
696
369
624
360
666
437
722
435
672
364
528
383
587
395
659
411
711
438
754
513
621
395
614
425
633
305
518
484
475
432
625
449
435
493
769
415
571
575
556
271
513
523
588
488
707
439
643
562
498
546
849
389
700
496
635
343
434
403
460
483
590
487
607
408
649
340
595
480
667
545
562
291
543
392
607
376
622
452
628
492
728
547
560
482
728
423
512
453
713
456
614
521
669
524
623
272
671
355
714
431
507
533
672
426
505
430
808
490
726
431
570
433
592
471
673
399
647
382
624
458
778
328
726
403
686
455
567
443
638
532
695
444
653
515
620
393
556
466
694
513
563
424
634
368
569
397
653
305
717
497
665
373
621
501
653
410
638
356
679
321
647
492
581
648
639
459
684
661
642
509
647
526
608
440
523
431
554
380
832
451
684
371
724
398
695
359
577
518
686
414
663
557
625
515
684
308
661
494
638
501
667
331
659
488
553
469
738
344
556
405
804
479
643
543
762
429
550
549
717
561
519
460
537
342
714
347
425
347
597
483
642
368
657
418
726
455
570
534
694
468
716
382
738
423
611
551
597
509
892
547
707
432
462
496
610
454
574
526
626
580
751
642
758
390
501
573
700
334
679
368
704
322
672
589
672
432
635
345
564
533
663
492
616
414
669
570
733
321
621
429
547
421
496
41
258
282
318
125
679
420
649
306
549
374
604
473
427
414
295
417
517
446
423
512
430
425
361
605
516
383
255
421
351
465
373
333
402
406
418
579
453
390
354
351
291
440
441
569
450
509
330
447
589
370
417
527
315
404
407
523
489
462
452
384
449
416
385
394
253
523
347
269
310
366
455
462
321
430
484
427
479
560
530
466
401
406
454
501
443
325
440
520
534
401
394
522
430
425
481
451
423
552
348
383
390
430
543
496
251
387
521
435
352
505
351
618
360
420
347
325
479
411
390
318
350
475
499
345
438
435
378
250
320
458
417
604
293
487
407
405
267
446
322
580
549
366
480
397
321
337
494
474
406
498
367
374
371
374
451
562
404
392
398
541
224
563
402
410
499
443
417
479
438
390
353
441
379
471
463
331
483
526
362
387
493
474
399
396
334
470
512
476
537
334
358
416
397
538
446
354
431
438
346
438
268
409
514
608
363
522
509
429
405
399
416
469
390
428
325
408
439
389
526
461
470
355
464
513
393
483
352
402
485
379
524
409
261
605
324
573
395
618
496
463
401
451
402
555
486
384
402
438
372
351
383
409
518
390
526
302
527
531
486
481
187
383
326
399
407
465
490
331
587
423
366
484
404
457
355
492
548
442
389
452
292
360
400
404
361
478
370
387
362
435
443
566
327
528
374
397
454
367
542
525
370
359
402
405
440
537
371
527
404
379
500
392
335
264
392
422
317
474
391
491
441
313
366
343
510
438
488
391
442
486
344
376
374
563
394
469
435
511
505
365
350
393
410
431
453
549
436
402
442
572
473
412
418
525
422
397
519
334
441
459
374
391
398
545
381
429
379
353
394
598
356
303
384
444
353
346
299
459
437
511
368
447
419
243
327
471
483
554
286
409
474
439
338
487
394
439
434
456
455
431
440
528
315
389
300
313
516
381
339
360
282
413
373
491
406
470
465
443
349
428
371
529
431
450
364
264
406
345
413
442
383
348
380
358
495
317
322
334
326
367
448
376
416
419
366
249
439
497
344
575
382
420
337
392
482
331
405
392
320
451
412
494
420
447
303
461
425
484
473
396
413
521
359
440
377
514
500
421
352
491
471
415
552
464
330
447
471
544
477
401
338
450
413
458
299
383
353
390
429
354
313
268
369
445
298
410
337
356
370
451
413
417
186
279
248
381
255
489
281
371
363
300
268
392
612
