329
565
389
575
527
700
541
597
332
522
693
780
290
785
561
598
430
648
557
715
485
720
419
615
323
758
448
746
468
594
535
654
494
609
385
655
338
600
313
664
386
653
342
595
505
562
501
453
439
597
415
647
260
588
412
514
399
711
592
608
402
569
400
561
505
694
519
718
384
754
355
536
363
667
430
635
555
600
557
741
511
537
284
576
416
559
477
509
535
607
423
486
447
590
523
604
433
622
466
522
515
544
562
621
290
622
286
576
343
669
380
710
490
735
469
490
430
526
541
719
465
560
312
658
625
629
497
701
402
557
457
629
463
678
561
684
272
716
571
645
284
725
367
702
491
596
440
720
484
627
574
739
362
573
342
517
431
594
429
657
514
614
594
750
308
663
462
760
432
523
345
569
462
743
276
574
502
628
473
705
354
663
471
703
435
664
384
687
433
499
370
607
443
731
387
702
579
702
414
627
445
482
452
765
433
794
359
570
416
687
455
633
446
567
524
632
380
593
455
695
467
678
447
673
420
726
425
639
534
625
363
680
469
564
414
690
267
560
439
686
469
707
609
471
301
661
385
597
451
652
539
712
278
551
358
527
461
726
382
674
426
679
307
719
493
662
349
736
401
624
523
639
397
707
371
624
503
654
404
574
532
487
415
779
370
692
328
799
468
736
335
795
465
630
345
612
235
719
470
613
463
677
413
552
513
668
434
776
404
647
520
740
437
472
532
535
366
493
215
747
507
676
417
704
497
563
301
552
579
562
323
649
422
636
344
613
459
701
448
716
373
679
432
622
429
517
603
721
367
785
453
620
499
531
491
702
562
568
311
481
428
593
440
660
406
668
529
668
446
751
309
647
422
534
320
682
473
589
486
679
505
608
355
577
647
748
445
623
571
613
322
563
543
592
431
623
364
587
359
682
454
649
369
736
479
521
393
635
419
621
230
469
380
677
313
725
290
602
417
479
384
506
514
624
444
546
315
581
403
642
473
661
306
661
608
553
614
692
296
765
328
589
398
716
273
551
422
625
604
675
501
651
382
590
422
816
445
607
518
693
467
664
498
614
417
708
477
647
496
707
399
695
377
661
461
578
285
602
509
499
511
600
371
687
646
661
470
560
377
647
376
728
422
646
350
607
562
344
92
398
0
495
91
535
430
601
398
597
425
727
278
345
285
455
367
298
499
526
385
435
387
457
519
370
344
438
372
323
394
460
406
482
418
342
441
421
303
327
310
379
517
414
361
260
482
447
473
285
345
494
273
391
375
298
223
314
520
438
526
522
414
490
497
347
501
432
326
405
588
425
445
350
518
417
287
317
401
536
523
366
428
373
356
530
375
440
520
488
477
562
478
230
300
399
402
202
423
360
345
357
396
461
440
450
326
467
468
411
416
335
485
372
466
271
530
477
569
388
372
416
530
447
342
314
515
503
429
241
399
334
435
376
496
502
459
321
343
438
281
272
431
317
427
461
397
335
366
393
372
438
425
450
446
342
386
428
430
501
468
439
462
423
362
359
549
402
295
297
415
495
355
418
356
318
422
389
541
441
439
364
356
328
432
312
379
371
560
255
225
387
305
366
428
490
431
421
515
315
384
303
452
408
570
339
450
422
439
502
468
440
422
349
370
385
409
483
525
452
468
419
302
438
526
349
525
456
459
383
518
340
387
442
505
305
327
393
279
364
471
427
410
335
569
418
473
316
349
362
321
321
463
376
425
570
406
443
324
521
281
481
407
216
429
320
362
416
479
438
331
565
541
304
459
400
396
362
438
466
496
365
421
370
482
370
355
293
352
315
338
332
407
540
453
323
459
395
438
336
407
354
550
545
281
347
280
401
454
409
437
357
363
326
433
305
497
304
565
455
373
449
511
397
299
377
328
425
380
327
479
455
403
390
346
494
485
237
297
487
404
367
539
416
438
411
531
394
466
484
353
454
373
318
459
334
460
426
194
338
485
284
429
288
445
406
479
387
441
369
378
376
441
340
545
456
428
385
582
465
323
501
343
590
620
581
441
414
328
315
366
323
315
417
505
300
431
435
357
478
335
380
517
427
431
283
434
286
379
295
446
395
444
395
446
531
377
514
492
334
506
551
338
319
471
445
454
540
308
351
387
321
561
389
395
439
394
423
302
403
282
538
601
335
317
358
472
474
461
365
392
452
367
349
386
406
330
403
271
493
345
327
329
461
437
437
403
349
383
281
424
460
423
352
551
397
510
225
510
477
238
511
476
475
429
422
409
517
354
447
337
256
367
308
350
494
421
434
294
300
395
374
429
371
305
357
413
514
418
280
362
474
299
447
272
387
294
309
404
387
536
469
591
588
568
965
