466
582
531
611
423
559
419
675
331
471
539
615
454
627
507
479
447
651
431
615
427
667
355
622
431
627
375
651
351
527
338
667
267
587
367
494
351
595
463
623
387
535
339
527
391
735
391
559
319
643
395
619
255
559
447
551
263
683
475
727
431
539
479
659
399
591
431
643
367
575
339
658
391
667
419
579
479
554
367
519
579
699
439
567
271
555
327
563
347
643
307
639
410
583
463
778
531
627
483
607
391
631
491
743
471
627
435
607
422
647
347
659
479
703
423
759
327
611
467
638
335
555
267
483
422
531
379
567
403
611
391
755
319
598
483
703
259
511
379
631
303
595
251
643
350
491
375
663
294
619
587
743
563
682
511
655
339
579
418
567
375
622
435
495
539
563
403
631
407
587
371
635
411
543
375
723
327
615
347
455
347
651
291
599
499
466
371
543
327
599
359
670
686
503
363
538
347
543
371
567
463
555
423
591
411
631
319
623
631
607
363
567
323
555
419
635
387
527
487
639
259
567
467
719
379
751
567
715
463
567
207
527
367
603
435
623
335
427
411
687
363
611
399
715
275
575
475
615
423
507
327
627
359
658
403
655
543
555
535
767
431
651
491
503
467
591
607
555
375
683
571
623
274
711
403
807
395
703
343
555
191
627
391
575
395
615
391
691
419
531
319
579
423
835
495
583
286
655
387
675
467
639
387
771
399
615
295
531
431
731
411
683
371
719
483
499
415
679
431
863
387
587
371
639
351
543
567
831
431
511
463
747
375
427
307
551
339
502
459
607
435
687
423
627
423
451
527
631
439
559
303
687
422
411
383
595
479
503
375
706
459
611
439
615
351
783
439
551
455
735
367
747
491
703
303
579
415
563
407
647
227
551
443
631
387
555
491
623
479
642
207
551
363
643
379
731
303
623
343
595
443
743
459
579
359
631
279
559
359
607
319
739
391
583
403
559
231
687
631
519
359
575
531
707
339
687
331
551
303
699
359
675
483
555
491
711
558
695
387
635
391
531
423
671
275
583
471
571
334
663
347
679
415
715
411
651
375
606
531
567
391
603
435
719
475
619
547
715
491
562
411
535
367
759
523
587
431
471
415
791
275
671
511
571
415
627
331
671
183
511
299
682
523
475
483
626
511
455
106
211
103
159
0
487
295
559
495
611
434
551
387
315
411
443
338
227
451
319
327
279
395
199
447
239
279
415
519
331
475
327
383
411
215
399
279
503
443
467
455
415
423
311
527
327
439
311
363
370
454
247
391
347
463
399
423
399
390
279
447
395
523
395
407
423
471
395
531
363
347
351
443
350
379
367
291
343
487
315
439
215
411
351
183
311
319
363
450
431
379
350
435
399
475
259
415
306
327
427
379
443
503
435
411
359
267
415
399
371
359
302
367
371
307
363
491
390
371
363
255
243
471
347
279
391
511
363
379
295
531
323
507
531
527
263
487
299
227
275
399
363
375
463
415
271
399
315
359
295
395
330
307
431
487
307
351
314
323
411
339
375
391
255
355
363
411
335
419
355
439
390
419
491
315
299
367
223
347
475
327
363
371
287
503
122
303
519
415
383
431
459
539
371
351
379
275
315
267
355
402
311
307
319
327
323
354
471
283
267
391
331
311
327
471
383
287
335
531
339
227
359
311
311
311
387
463
331
395
395
483
463
387
267
423
347
479
407
471
275
503
363
439
319
347
319
354
255
207
447
238
206
315
483
510
439
491
359
467
375
382
311
451
415
287
347
335
339
347
399
343
451
294
251
303
399
402
395
319
539
491
279
411
467
475
283
375
243
411
219
507
467
363
267
467
571
515
435
415
239
271
267
435
398
471
267
359
351
443
379
379
303
438
555
314
379
351
327
491
427
411
243
391
307
223
375
387
371
315
315
359
375
447
399
375
431
167
383
451
335
363
259
607
363
411
279
443
303
387
387
415
379
194
455
395
179
415
411
455
331
315
315
259
403
391
355
347
443
447
375
427
347
239
299
431
391
395
299
271
442
395
367
395
383
423
514
307
299
315
347
551
355
275
339
431
338
323
303
470
379
391
475
451
479
311
267
375
339
395
422
491
367
319
355
419
223
399
319
451
211
303
303
331
323
319
327
455
363
503
331
447
387
291
391
407
219
390
367
323
427
411
323
367
323
439
395
351
427
455
419
419
383
339
263
459
450
311
359
411
511
371
439
331
411
535
435
355
343
311
415
387
367
327
407
379
463
319
394
315
307
335
415
415
494
379
287
223
383
367
378
483
231
527
387
467
331
391
407
379
507
355
307
491
295
371
403
355
307
399
515
403
354
283
279
571
359
343
319
367
327
439
243
395
447
479
763
