474
774
569
907
636
728
572
743
595
740
711
807
571
711
579
835
462
778
536
864
599
726
634
677
728
774
529
735
564
708
610
704
623
836
675
648
535
799
607
769
527
651
637
820
672
651
521
830
496
785
609
829
660
831
507
747
651
851
440
796
621
834
641
817
578
807
551
791
599
681
614
881
548
728
608
667
673
707
503
691
574
736
610
771
606
721
464
913
609
814
676
595
582
819
543
803
711
910
419
847
436
794
519
755
414
850
641
705
418
799
457
747
697
769
680
863
586
726
567
768
518
805
574
919
665
758
664
874
473
804
712
810
725
731
528
695
495
803
550
779
557
827
527
812
662
744
571
820
550
765
539
803
617
645
554
837
531
727
586
830
500
818
599
766
694
721
656
845
569
846
546
667
631
775
693
877
588
981
575
858
516
851
515
897
657
872
595
667
654
775
487
800
565
728
538
827
494
786
645
730
591
750
561
793
653
871
631
679
570
917
612
619
687
843
573
826
603
725
570
845
704
758
499
734
551
779
649
829
514
805
515
645
516
588
580
737
583
703
579
959
664
736
704
761
622
805
678
920
564
685
583
759
509
755
537
828
678
861
612
652
633
814
344
928
517
704
597
768
524
908
438
813
573
915
420
749
543
856
703
784
508
813
614
724
628
766
468
791
566
737
581
884
434
885
501
909
504
814
471
718
614
741
468
743
663
803
603
749
506
729
474
844
598
847
582
777
591
635
526
855
649
838
645
884
484
657
465
801
623
776
563
730
525
702
661
836
590
734
558
796
359
787
553
751
518
683
446
791
550
823
659
687
728
566
587
802
567
787
454
837
580
768
571
768
662
752
550
826
604
742
562
777
743
787
538
825
614
800
480
756
532
718
612
756
582
941
705
763
671
702
592
773
544
754
751
786
634
737
663
868
689
733
517
844
466
886
683
751
490
787
631
876
691
729
791
600
528
708
539
827
531
846
558
887
506
823
530
756
541
861
536
783
479
747
574
781
671
715
469
853
724
807
589
707
721
873
642
751
659
847
606
719
603
699
621
881
645
584
546
733
606
726
515
685
574
653
571
783
537
828
562
927
524
782
653
777
321
715
392
693
550
734
509
993
618
669
504
821
589
650
468
726
624
739
472
848
680
563
463
506
345
529
317
691
514
824
560
634
607
766
494
513
576
615
642
567
598
442
634
561
672
483
380
628
542
507
503
463
500
573
657
438
562
511
553
479
547
518
701
605
577
450
713
549
549
534
696
599
841
639
516
529
468
453
551
430
371
412
526
518
620
460
515
624
543
580
508
666
561
574
421
464
579
543
499
518
570
468
527
470
418
509
567
533
447
546
556
623
551
541
564
435
563
528
567
535
436
577
545
716
586
481
666
488
571
565
591
618
643
646
542
687
551
674
635
421
745
605
617
561
545
461
721
489
381
533
497
437
653
537
397
521
525
533
497
509
637
597
581
533
500
589
635
395
549
563
615
586
571
560
573
478
605
608
489
550
545
437
567
682
432
522
612
418
451
473
518
511
495
546
632
497
574
395
619
570
459
579
413
716
452
642
633
470
493
623
558
567
616
677
515
515
562
644
787
506
645
536
687
521
689
619
561
508
590
536
539
519
655
533
601
661
653
555
604
492
463
548
458
619
485
509
577
523
831
616
469
653
421
637
488
635
680
584
597
498
535
441
496
568
539
584
669
575
566
471
624
458
629
466
626
529
525
548
725
543
471
643
668
502
562
450
587
624
424
495
522
534
588
443
648
678
553
591
551
463
470
595
491
593
680
627
508
495
534
612
481
490
618
484
523
555
576
484
418
668
486
423
481
603
463
437
508
579
723
486
742
543
657
529
629
518
645
463
573
493
738
571
420
611
493
576
511
536
348
520
581
610
520
482
575
618
673
657
589
552
564
587
754
496
413
486
523
579
620
569
467
496
519
550
727
556
349
576
544
497
544
550
641
527
559
590
609
551
526
609
455
535
526
680
607
570
697
508
459
434
444
576
474
690
679
608
557
402
822
525
587
451
415
451
640
659
666
459
403
702
572
696
495
471
536
452
408
608
479
579
647
547
592
571
446
566
553
669
604
629
477
679
556
549
462
530
557
454
577
636
543
596
604
555
464
528
566
506
560
496
464
391
523
467
638
519
528
450
505
502
602
702
554
600
527
391
598
547
403
519
666
447
347
575
596
521
601
520
557
726
566
635
540
528
567
510
537
590
468
598
485
437
579
604
574
619
435
531
751
551
553
636
549
457
661
542
444
534
600
525
507
537
599
449
515
371
747
523
583
633
519
451
544
660
543
502
443
513
405
686
583
407
270
324
423
321
503
684
