447
609
419
599
399
571
276
572
338
515
349
558
376
606
435
572
462
529
375
623
404
599
433
595
349
433
361
509
514
543
383
675
344
643
422
449
527
568
490
554
425
469
414
657
299
543
537
788
438
590
370
421
438
696
338
489
343
580
351
706
291
506
331
619
319
632
423
587
455
678
461
528
451
495
396
721
376
615
436
591
349
610
453
645
352
555
348
651
320
579
399
643
373
497
421
465
423
573
436
509
383
537
392
643
392
594
340
492
471
467
498
460
408
602
407
442
396
645
289
576
430
600
369
662
314
635
304
651
300
535
522
494
285
580
423
479
483
702
431
576
390
522
469
597
396
576
514
453
451
523
387
538
361
601
273
556
313
506
398
646
374
668
499
554
508
647
439
593
392
465
542
555
292
656
342
344
375
472
354
555
359
746
388
655
383
365
380
560
356
478
450
469
342
694
371
545
582
518
499
599
378
582
302
575
482
526
371
603
399
653
348
540
342
515
435
716
308
581
459
515
392
472
483
689
342
592
491
519
514
510
335
675
407
575
398
586
330
638
465
730
403
599
418
708
323
614
385
514
320
476
328
562
412
505
307
715
404
656
519
649
412
516
287
491
426
584
488
598
395
674
494
734
305
658
471
623
429
582
353
784
369
598
297
460
347
514
369
583
564
601
404
634
311
504
375
648
349
354
395
576
436
493
395
533
392
567
333
616
314
593
366
439
403
442
387
512
383
531
190
570
498
627
335
585
458
493
390
485
481
543
344
489
415
518
456
608
573
570
286
713
490
621
361
635
355
530
593
598
550
635
304
687
417
526
470
589
364
600
428
543
505
549
394
412
341
565
421
530
316
555
408
518
432
556
291
629
395
486
392
616
334
545
482
674
560
613
397
669
497
587
327
647
371
621
470
623
277
707
299
641
422
723
405
536
355
665
520
499
314
553
385
597
348
652
366
608
413
706
421
640
377
485
555
537
521
647
427
700
442
531
453
623
467
445
370
579
449
562
529
585
420
583
321
640
428
516
395
659
519
617
334
562
425
624
455
613
362
415
456
660
412
659
390
552
420
663
323
520
422
593
517
646
395
560
332
517
411
663
450
610
526
508
310
659
345
702
350
521
290
559
549
528
251
620
370
606
347
413
107
311
0
292
102
539
439
416
461
574
500
615
311
414
399
430
322
436
383
275
278
317
256
454
363
331
293
346
322
367
579
393
472
308
419
218
251
372
486
347
257
335
437
331
389
352
447
406
526
355
386
271
283
289
458
274
353
380
412
238
414
401
326
351
260
329
412
327
226
314
321
375
351
431
320
436
400
401
334
339
461
293
330
347
279
333
316
239
368
338
318
430
285
461
356
374
449
198
332
357
319
254
371
232
378
388
340
295
417
344
460
335
284
367
406
498
319
176
385
329
457
311
251
393
260
320
341
431
361
334
448
364
419
188
490
454
296
399
373
348
308
372
505
386
356
339
506
294
381
374
357
439
414
297
464
299
385
342
370
419
313
191
415
405
199
291
278
290
312
461
492
374
311
388
404
477
470
314
495
430
381
403
350
351
459
276
565
274
351
405
322
349
343
314
405
215
357
270
341
289
294
377
472
335
335
383
458
372
266
355
389
456
286
346
352
370
407
433
510
315
277
429
428
407
255
455
344
361
270
194
285
335
240
389
395
384
417
448
333
438
365
449
307
341
508
336
382
238
352
253
410
393
347
310
418
487
334
614
379
305
352
303
194
342
321
280
291
381
307
399
401
441
469
234
430
366
405
272
459
362
284
441
319
285
428
302
391
358
359
222
262
276
364
279
332
433
390
269
336
364
270
330
317
379
350
355
359
347
359
265
363
355
350
339
341
375
333
280
471
468
269
399
385
339
515
372
280
364
311
195
356
321
216
315
396
417
391
346
333
275
393
331
401
452
418
256
355
267
372
369
348
346
363
437
324
459
388
370
268
346
414
421
465
385
434
208
335
446
475
385
364
315
351
367
487
332
500
382
274
385
334
269
376
320
460
363
363
411
356
280
372
268
394
266
288
325
355
496
302
277
304
323
414
295
330
281
336
323
363
339
528
401
410
491
421
356
385
343
358
387
360
268
533
214
350
222
530
393
379
365
349
326
302
446
317
452
355
357
305
324
380
380
366
399
279
311
361
411
469
315
475
379
460
222
406
366
279
387
252
372
300
299
402
323
234
338
333
260
371
303
319
302
478
220
515
266
349
390
355
282
344
277
303
380
289
246
363
287
353
342
363
316
335
364
435
286
456
553
329
469
367
135
378
485
196
322
325
345
221
367
414
231
170
384
287
287
463
305
399
341
358
276
414
397
401
696
