357
559
511
649
379
627
407
658
375
622
419
527
446
639
433
685
462
771
451
767
391
815
501
475
399
691
487
558
387
547
431
774
415
671
437
799
483
619
519
665
587
642
398
723
502
571
465
593
447
603
449
545
383
651
475
498
451
711
558
657
287
591
450
730
509
723
519
694
497
634
473
666
431
601
351
630
535
695
491
774
423
591
479
614
338
874
646
671
537
543
547
795
429
618
465
735
323
583
415
507
614
622
582
591
505
543
391
765
399
766
622
557
467
674
557
579
603
690
382
491
419
666
567
655
543
770
375
719
451
631
363
827
582
679
578
722
421
731
506
707
495
774
543
623
431
699
523
685
494
514
526
711
555
627
551
631
511
683
395
623
482
634
543
715
533
711
387
710
447
695
421
621
565
666
498
678
487
617
567
771
379
671
519
687
499
663
451
775
523
599
366
633
619
565
547
610
531
694
377
694
523
595
319
727
591
783
431
641
402
535
411
695
459
691
547
607
647
591
371
591
265
570
446
727
498
591
375
701
334
637
503
587
438
711
415
706
507
655
554
643
579
675
523
687
502
799
463
645
443
691
510
613
358
809
487
615
387
698
467
667
387
579
379
551
329
577
323
633
495
694
354
801
498
711
595
705
523
654
462
647
475
833
427
638
467
505
301
727
343
815
362
743
514
718
471
703
482
698
553
565
649
534
519
609
451
583
483
643
595
671
350
743
563
637
442
747
347
661
467
839
509
751
582
731
447
721
507
638
518
794
375
659
370
763
406
767
431
557
379
659
615
645
310
587
443
703
366
637
537
658
554
690
519
715
411
543
559
718
547
593
422
733
623
699
482
583
403
631
534
683
434
651
451
667
591
658
487
547
421
647
451
643
305
595
514
611
497
710
451
507
555
693
441
678
287
750
351
691
409
650
423
629
603
674
519
674
499
666
430
663
510
591
473
587
405
667
498
631
477
709
423
683
429
694
323
659
553
743
415
547
513
766
470
595
515
670
459
762
423
677
359
627
319
645
314
691
379
603
378
646
631
765
527
522
435
671
543
669
407
643
375
485
515
739
558
679
550
689
589
583
414
706
523
679
467
681
385
738
451
673
515
725
451
514
567
714
534
583
341
726
419
714
473
595
431
679
503
409
207
470
0
367
225
623
395
671
353
550
462
739
379
582
467
347
467
422
413
399
371
427
418
351
523
370
457
587
379
447
454
565
450
387
522
587
475
395
403
531
547
305
351
406
525
266
427
301
531
318
485
375
310
423
410
454
354
397
475
374
499
319
463
405
483
411
511
414
430
386
283
487
475
163
570
403
390
321
386
547
474
389
523
463
402
326
405
483
417
507
571
399
455
282
501
354
410
491
414
473
555
333
407
339
407
466
195
335
339
395
441
579
381
371
339
389
383
359
303
387
298
514
530
378
450
406
370
438
438
334
366
438
346
430
454
298
438
454
390
446
390
334
558
358
566
354
347
310
403
258
445
315
487
423
375
303
329
423
654
311
395
397
353
439
395
457
391
267
397
278
435
391
379
387
371
315
525
463
562
355
222
358
374
383
478
502
411
411
539
398
503
459
547
421
374
390
318
279
513
418
499
315
399
367
215
479
418
406
233
425
279
447
427
422
395
547
434
499
401
355
443
329
381
427
385
351
455
371
461
482
463
415
275
371
443
343
437
467
211
471
425
299
502
431
362
379
403
517
433
461
571
369
362
337
367
334
390
270
267
347
355
359
355
271
514
303
495
479
446
323
537
251
431
571
441
527
411
638
315
365
266
363
466
319
470
471
441
387
398
422
282
431
422
351
295
375
503
419
435
502
555
247
474
361
531
399
546
466
523
427
395
382
525
355
313
455
391
210
566
435
491
307
381
307
447
517
411
547
390
307
311
511
359
283
325
461
422
319
553
514
447
378
311
485
490
419
475
322
363
514
325
463
378
477
491
322
458
463
415
327
457
307
315
305
411
357
495
459
291
305
479
314
439
350
499
433
454
603
486
423
510
339
431
495
486
403
459
407
494
361
374
350
494
493
357
515
509
193
435
466
495
447
365
383
434
483
427
562
335
403
407
439
471
503
487
379
535
483
365
337
350
471
451
359
233
431
442
334
529
333
455
507
475
462
387
378
415
431
362
337
403
438
358
462
454
503
459
398
499
427
407
395
419
337
459
438
390
387
411
585
367
355
363
494
569
459
475
375
406
547
311
477
442
402
509
466
394
310
443
543
531
541
469
419
401
462
427
443
503
454
419
431
367
359
550
410
582
255
511
382
459
317
299
323
459
403
391
338
446
467
501
378
295
210
299
398
422
379
367
339
419
331
299
335
445
627
