409
623
469
582
444
628
251
731
328
609
472
596
328
626
281
503
306
623
249
672
478
614
482
391
398
674
274
612
406
623
435
563
498
671
472
791
391
650
507
585
499
555
495
586
379
629
458
654
415
681
538
637
483
559
405
568
364
463
411
660
293
619
417
607
483
571
456
633
494
498
464
700
570
613
467
613
392
569
292
645
424
590
499
529
437
635
367
629
361
696
487
534
343
475
442
651
367
651
366
605
325
459
363
579
361
706
534
605
269
581
489
622
477
506
529
699
545
580
575
473
469
630
315
665
431
503
362
555
446
648
416
665
490
480
390
743
438
601
263
614
500
559
327
522
621
663
443
627
476
531
331
659
441
660
387
527
423
703
327
646
351
542
416
606
402
570
347
624
382
608
425
736
429
663
458
718
473
664
426
609
359
575
367
463
358
579
356
649
287
621
546
581
518
609
393
613
505
572
503
567
354
745
352
520
370
590
292
561
456
580
379
606
278
491
353
592
442
511
416
611
313
671
447
601
380
645
449
677
431
489
356
570
432
677
298
563
449
522
326
631
355
565
519
670
454
631
377
536
382
402
362
599
391
507
237
631
475
667
437
643
371
519
380
701
351
604
423
789
373
654
410
713
419
577
494
597
364
773
397
557
421
846
537
497
305
551
361
532
425
684
506
735
401
706
243
689
287
675
362
578
286
646
347
610
181
691
417
607
471
657
312
574
380
633
483
556
403
503
380
611
414
629
459
508
332
625
342
566
491
563
279
675
415
727
401
522
268
558
503
627
537
522
451
545
438
699
361
525
446
623
480
550
517
701
415
627
313
615
402
616
411
520
407
846
255
565
607
603
492
507
574
653
595
675
347
602
404
634
443
643
449
747
312
516
358
647
418
479
408
593
468
607
285
443
363
685
546
497
364
519
422
615
441
602
265
687
537
538
408
579
461
474
373
589
519
536
461
624
432
627
366
620
387
644
343
521
392
636
345
620
398
657
318
506
421
674
542
625
492
584
369
639
431
578
527
611
319
713
313
597
308
729
470
658
381
639
525
602
382
549
295
437
478
699
272
498
440
656
412
600
567
675
434
731
445
688
254
570
430
663
331
782
424
523
495
438
444
588
431
643
551
657
535
587
405
636
464
499
174
423
102
343
277
620
360
541
491
592
311
815
403
392
463
359
440
341
334
450
358
447
280
423
324
337
470
390
414
447
410
263
313
309
384
369
394
375
355
334
410
350
279
443
391
355
425
373
419
397
306
389
390
403
426
431
314
359
421
289
564
299
543
438
475
206
550
466
245
425
279
250
418
303
431
354
376
238
318
375
372
519
342
311
337
410
420
475
403
292
287
294
410
341
310
483
416
318
409
234
285
443
307
343
352
373
491
443
376
357
337
331
462
385
450
374
259
335
350
539
373
297
561
325
429
545
401
321
361
341
525
297
397
325
517
165
269
321
461
317
541
389
341
497
453
571
406
302
402
419
388
283
306
215
378
299
358
239
438
303
439
421
326
463
508
287
354
528
418
402
378
349
515
346
312
449
410
506
501
365
453
219
362
414
195
319
379
443
371
527
385
394
465
325
424
380
387
364
443
377
222
403
478
362
342
346
403
400
357
354
339
304
393
238
412
370
413
403
449
455
501
377
437
425
386
384
261
338
438
409
387
347
326
443
276
405
435
427
491
396
337
381
470
627
339
340
478
487
315
249
316
309
447
291
529
337
293
281
486
453
438
291
351
449
351
467
326
315
390
397
449
509
352
269
330
402
423
431
205
423
220
342
317
457
450
304
377
450
680
423
376
295
483
458
346
290
218
427
388
462
338
391
349
436
405
451
349
300
408
426
367
227
422
317
411
457
331
268
310
383
457
362
439
249
495
243
305
301
309
271
382
315
271
357
407
338
414
297
436
353
475
214
463
395
324
413
257
428
492
379
398
393
369
459
451
437
397
439
323
265
417
375
364
365
455
371
303
502
413
455
391
389
454
255
351
351
329
532
422
339
495
253
340
370
303
378
348
468
484
459
472
295
335
413
373
247
395
407
191
445
273
409
467
421
493
322
380
291
354
389
365
412
367
394
419
506
219
457
436
291
463
458
325
341
517
399
389
322
456
442
461
258
389
256
362
346
357
291
415
357
311
384
364
323
334
469
262
426
463
355
457
401
462
459
427
504
351
295
351
306
438
268
331
269
337
367
408
271
362
269
395
382
425
235
503
298
405
263
369
295
507
440
292
470
381
479
312
232
407
277
311
322
368
439
342
299
423
277
423
361
370
286
482
384
259
405
402
340
438
428
399
266
398
266
533
390
413
336
281
261
359
130
373
388
258
459
