414
726
339
763
542
594
462
725
471
581
451
591
502
655
543
738
431
655
535
702
475
763
439
691
635
825
527
718
455
747
495
687
519
623
534
595
443
795
515
667
443
731
531
742
345
826
439
741
434
615
467
770
538
699
505
739
407
595
399
599
523
683
394
715
523
729
379
658
467
747
439
690
551
559
555
655
479
706
595
663
557
671
463
723
498
683
439
761
555
629
527
674
319
623
491
723
563
751
455
730
514
647
439
587
483
586
550
667
455
771
411
641
370
803
407
647
454
647
527
758
583
687
519
558
451
579
551
699
451
734
631
631
503
771
499
714
494
619
510
754
531
719
585
567
395
627
510
618
411
683
563
738
563
646
435
687
338
815
559
903
563
719
491
654
467
707
385
647
475
763
469
691
543
651
471
659
463
715
597
851
423
783
419
850
547
667
533
631
447
643
447
711
510
839
631
867
574
794
619
659
383
622
475
703
606
514
511
563
555
587
429
727
483
687
434
779
566
631
466
761
431
679
511
735
449
678
387
763
562
699
491
599
290
606
507
502
386
631
478
675
423
566
495
687
534
779
455
562
503
751
599
746
546
771
591
735
478
779
566
791
395
723
543
679
507
791
494
738
547
815
343
671
543
638
362
751
350
598
573
761
475
699
538
679
467
715
619
619
475
697
487
691
371
714
494
695
427
671
467
719
415
583
507
853
467
746
423
665
483
859
491
815
439
627
507
658
367
655
687
651
383
822
423
707
383
659
583
803
667
795
433
787
479
822
599
738
402
702
405
691
526
831
479
691
566
611
574
707
575
690
383
847
531
654
543
767
447
878
559
659
543
609
475
675
667
839
423
807
491
751
491
755
522
595
374
607
547
790
355
775
407
826
366
715
491
678
467
623
426
787
539
622
459
543
423
643
487
663
507
722
523
743
534
747
462
627
547
751
275
855
511
515
471
735
483
822
537
654
478
787
509
787
467
583
566
571
506
771
399
707
478
719
414
811
435
514
527
635
375
694
595
603
382
659
515
550
595
585
457
767
355
639
574
735
483
635
567
715
603
755
570
754
522
671
619
671
587
694
355
690
622
895
663
726
431
657
542
678
407
587
383
761
475
731
358
719
423
663
543
671
415
687
519
594
538
675
419
611
274
363
235
426
0
683
530
481
402
671
483
567
511
503
327
503
419
327
387
403
590
466
511
349
343
393
531
371
477
511
475
470
382
483
475
413
535
447
307
459
503
374
494
395
515
435
555
574
439
331
598
355
290
535
438
355
499
349
431
478
475
611
517
543
442
587
555
583
547
523
483
394
319
375
439
371
447
514
389
399
503
475
566
434
539
499
555
439
443
399
422
495
467
577
423
405
387
413
503
511
555
455
502
559
455
407
483
490
495
383
387
487
483
587
531
482
441
434
458
650
538
406
506
350
422
450
458
430
510
430
486
230
442
598
550
418
454
458
510
354
426
482
471
335
494
510
411
446
410
422
475
215
407
279
547
403
543
551
491
475
431
535
465
442
611
411
471
335
450
479
390
511
351
447
447
450
475
455
411
463
587
427
519
537
535
311
410
379
503
486
358
551
271
546
519
545
417
387
478
447
419
278
461
515
482
342
471
495
402
423
483
502
563
427
367
538
347
511
406
563
430
373
591
538
515
435
331
515
570
582
534
417
451
495
383
491
439
303
485
410
458
378
531
450
515
419
467
578
547
479
431
434
407
430
515
494
519
375
431
539
442
382
206
455
291
355
429
446
325
542
539
431
507
427
391
423
387
635
455
413
311
519
607
490
527
615
463
551
427
523
363
423
367
459
467
359
547
403
559
495
406
478
447
515
599
415
434
534
495
451
549
531
478
367
515
531
547
435
385
418
551
519
443
382
423
397
539
430
395
387
595
427
426
635
642
435
597
435
531
407
427
439
391
411
515
485
419
345
491
535
471
447
519
403
486
335
471
471
443
435
343
427
446
503
615
387
511
430
571
523
391
475
498
379
433
351
399
455
359
474
555
423
439
550
579
423
254
462
531
486
395
467
427
427
399
571
483
419
558
462
351
663
473
487
387
351
491
539
286
347
471
427
527
491
459
643
455
331
447
526
455
399
607
475
419
439
370
439
401
418
591
553
438
523
563
531
595
483
502
471
427
371
563
470
486
383
542
462
582
551
523
479
475
511
451
371
475
451
622
463
590
451
499
407
427
375
475
463
698
503
331
538
478
351
735
302
483
435
479
530
583
339
530
519
439
359
411
446
343
487
503
495
563
551
451
339
506
494
474
479
326
346
382
407
299
562
435
610
355
322
431
687
375
507
474
554
595
471
403
465
499
471
487
447
447
789
