205
455
311
490
291
403
414
537
326
490
187
383
281
443
275
429
218
515
275
455
145
357
289
273
377
310
222
543
209
450
187
535
392
590
51
542
153
503
305
389
291
471
277
475
187
438
231
371
261
371
175
433
355
451
323
383
217
417
319
563
325
522
310
499
346
543
319
541
422
521
250
553
253
398
243
555
258
479
203
349
299
490
225
381
138
578
189
457
306
446
154
461
171
530
298
439
291
442
306
506
350
391
256
419
245
407
187
446
239
403
238
543
267
517
337
526
184
494
266
393
223
614
203
462
169
321
329
595
443
439
327
370
274
507
249
395
411
494
267
415
163
419
214
574
229
371
283
593
163
382
242
387
254
457
262
559
222
491
149
490
273
503
226
538
247
497
195
475
263
591
284
459
126
603
289
551
211
407
349
355
223
526
247
471
119
431
222
358
202
346
377
455
351
494
241
494
307
337
251
447
320
401
327
527
335
427
319
455
214
507
306
583
261
527
279
502
179
442
235
322
282
522
338
381
329
463
299
650
191
453
335
497
95
494
241
451
326
379
410
429
475
479
343
374
378
517
191
551
315
442
111
283
314
435
179
515
347
509
341
546
271
449
234
489
189
443
321
535
203
465
403
451
402
482
151
497
353
423
223
550
159
459
202
445
207
387
289
541
279
447
147
345
179
471
207
486
289
375
323
461
213
487
331
705
295
471
217
483
187
350
338
531
223
466
354
673
335
353
303
579
295
386
423
534
335
299
394
557
310
543
229
397
217
473
350
477
302
507
291
570
239
390
375
434
183
343
289
507
313
462
334
454
329
495
421
425
275
393
87
410
115
520
150
485
257
430
169
511
214
583
351
549
145
427
250
450
265
318
219
549
157
413
277
434
437
373
306
585
303
293
251
266
181
502
170
335
315
403
249
595
258
415
273
491
370
399
123
495
358
478
229
545
438
434
251
475
241
454
378
525
255
701
182
337
417
342
318
462
183
341
351
451
251
543
218
355
266
367
331
557
359
290
253
443
265
471
271
469
266
503
338
326
337
440
251
515
75
495
375
455
319
351
305
399
253
471
243
499
230
465
316
463
182
547
405
383
279
509
363
370
215
519
131
477
341
427
339
406
247
443
323
358
343
501
325
585
199
329
2
292
0
101
153
483
237
578
295
393
343
238
203
267
193
179
285
309
109
131
15
263
265
166
295
117
231
213
155
243
321
242
291
197
357
173
233
297
93
123
309
193
203
107
259
102
226
283
383
229
305
198
235
257
249
303
158
142
161
255
277
205
322
241
318
217
154
279
374
127
343
201
223
99
327
267
277
145
327
158
263
342
359
293
393
226
205
87
206
347
274
203
253
285
291
313
95
319
250
218
109
211
187
167
263
83
297
182
197
295
379
202
263
183
369
246
105
263
244
238
254
174
274
254
250
286
242
130
186
218
290
262
266
98
370
318
182
246
238
238
310
182
278
307
223
225
310
255
367
175
195
175
286
141
219
195
295
170
249
203
235
229
179
289
442
101
363
198
303
185
291
223
343
315
279
245
255
242
315
231
249
235
219
342
282
227
233
351
214
298
381
221
317
13
281
283
187
190
199
237
297
162
334
171
343
223
379
244
265
279
301
359
222
210
151
176
254
124
299
290
193
234
287
247
402
298
239
91
239
194
355
118
346
126
25
259
307
263
305
295
107
266
286
403
163
217
311
153
386
51
243
345
273
223
281
293
259
209
195
189
222
233
190
103
194
223
255
187
51
182
338
239
230
165
294
191
283
250
291
199
227
65
305
318
333
179
147
151
179
263
455
299
177
238
255
199
250
334
339
282
250
110
270
145
117
409
259
335
291
203
326
351
101
123
137
297
274
245
63
203
205
122
229
267
369
166
251
310
247
299
235
211
166
138
271
331
163
61
147
195
262
210
190
265
178
207
211
46
174
257
391
242
219
119
283
251
266
231
258
191
343
119
359
261
275
183
283
367
339
226
246
185
121
183
143
347
325
269
263
298
403
167
307
234
273
138
367
273
314
219
263
178
299
326
298
194
171
217
273
271
295
407
275
171
274
183
245
253
255
222
271
298
215
138
367
331
211
339
315
77
243
321
254
263
366
253
303
179
311
397
191
287
178
211
371
215
241
207
487
33
227
161
323
278
275
161
219
170
279
139
293
231
143
255
157
319
83
241
273
315
209
86
242
391
331
95
250
169
173
295
225
97
305
251
190
187
271
257
330
285
287
191
339
198
339
171
370
185
206
109
351
195
214
170
397
211
339
307
339
163
278
155
291
215
159
219
107
215
211
267
303
257
243
122
115
251
206
221
194
297
390
247
203
250
459
455
