387
634
499
743
443
463
283
574
407
650
311
615
419
643
478
515
483
595
451
707
259
647
370
699
479
515
371
739
407
655
483
771
323
611
431
595
323
587
435
699
426
559
303
571
267
587
443
547
351
710
343
611
395
574
343
627
459
587
363
559
234
715
455
659
351
490
343
647
411
526
415
775
415
547
498
547
415
471
419
671
335
675
555
722
471
483
343
819
287
619
323
659
431
527
403
703
359
650
355
539
435
678
582
719
543
651
307
587
614
555
431
691
475
639
367
519
343
579
383
587
419
655
451
631
271
619
263
535
387
711
414
627
390
595
243
675
527
547
347
750
378
515
422
467
555
587
495
599
395
643
391
587
443
662
419
554
374
599
399
563
502
683
583
555
387
719
399
791
419
623
431
595
375
491
443
751
451
659
583
619
375
643
383
547
339
551
379
595
459
651
491
611
475
583
278
631
359
611
503
543
327
591
443
543
507
459
487
646
419
622
451
659
439
582
471
499
379
699
411
579
442
659
483
539
271
559
567
591
283
635
415
539
366
527
375
599
307
615
467
627
463
611
395
554
399
683
423
615
211
539
423
719
459
427
495
575
290
375
419
403
371
547
435
610
454
519
447
723
450
559
455
579
283
707
507
643
395
643
439
587
371
451
363
506
431
603
359
559
407
507
491
731
355
483
571
626
347
511
423
579
215
639
555
459
299
642
347
554
375
659
419
583
450
523
367
551
339
415
331
591
371
683
527
591
370
595
439
571
359
603
327
599
515
483
463
715
367
746
371
630
419
555
467
575
371
515
430
731
379
567
298
523
515
587
450
711
214
622
299
631
427
495
471
675
399
687
359
591
423
567
431
535
431
543
454
603
527
515
363
667
239
519
411
675
507
611
479
675
391
555
411
683
275
611
387
566
363
743
531
547
294
635
571
739
415
663
471
695
535
575
447
631
363
475
403
563
415
543
354
651
291
599
519
595
367
682
350
627
379
723
315
651
431
647
423
459
323
731
435
715
307
571
466
666
459
563
342
631
383
567
414
666
427
539
375
495
339
367
291
607
567
635
403
582
447
539
399
671
375
550
350
507
395
551
531
799
415
495
587
639
307
667
539
631
379
639
403
639
375
602
455
686
367
523
475
583
414
415
115
399
118
267
0
687
403
699
387
471
235
571
534
451
339
279
439
567
514
403
123
247
279
330
451
347
387
367
479
435
383
275
419
287
291
211
399
335
531
247
311
447
359
467
383
331
455
323
427
227
363
283
471
386
462
419
275
287
395
483
335
339
363
426
203
479
475
379
275
431
395
339
351
286
443
259
315
175
379
474
411
335
326
419
471
331
227
331
382
375
423
491
419
303
319
339
267
327
267
391
331
382
535
395
407
299
438
475
499
255
375
495
331
539
527
290
299
363
430
255
487
251
319
199
431
415
495
263
495
435
363
303
391
359
363
207
523
331
511
327
443
355
351
423
291
255
495
191
503
331
315
367
327
303
459
431
367
527
451
495
435
378
335
398
363
299
371
391
343
271
363
375
347
498
519
407
431
403
427
302
278
323
439
427
475
383
311
359
399
379
335
262
279
286
239
395
363
343
463
371
315
227
391
342
367
287
478
463
543
455
415
279
447
435
279
447
363
407
419
363
315
335
335
319
575
410
323
502
375
283
339
387
367
323
442
387
479
323
335
531
335
307
359
243
299
515
527
239
263
291
450
195
247
419
431
299
387
507
463
311
459
251
327
350
403
307
363
323
355
339
331
446
307
195
483
415
355
299
375
315
319
299
379
347
430
439
459
487
435
383
283
483
247
467
310
355
307
191
379
367
435
383
535
327
331
423
423
415
323
247
515
423
238
351
407
343
299
247
411
411
511
255
531
482
291
375
435
379
418
311
335
375
251
375
455
443
319
271
359
399
435
503
407
487
427
283
479
567
243
399
342
331
483
327
583
347
319
314
471
395
383
327
283
318
495
299
447
431
403
339
479
431
375
375
275
243
343
403
411
355
463
491
495
451
355
319
379
423
283
315
323
275
415
383
419
267
442
347
411
335
471
251
411
419
371
407
519
379
347
515
458
275
435
419
327
310
431
303
474
339
483
267
310
371
339
370
383
371
455
503
311
471
423
367
371
339
367
451
279
235
343
391
215
259
343
447
467
471
390
395
262
343
331
419
471
315
351
415
303
223
475
295
426
387
543
415
331
447
426
363
263
227
407
359
439
439
351
259
467
431
455
379
523
431
303
335
291
343
375
491
411
399
378
475
415
455
423
431
314
414
411
251
459
459
307
223
499
358
303
271
423
367
423
427
354
331
287
379
467
307
251
259
375
327
515
671
