470
410
283
391
159
730
419
541
162
554
191
371
330
483
371
427
299
407
238
605
343
575
295
555
279
437
415
543
315
467
346
547
362
558
502
507
361
503
357
473
326
554
391
473
231
427
338
594
315
574
311
679
335
571
418
505
247
543
171
511
310
487
391
531
403
583
377
595
406
491
490
495
321
643
315
487
303
613
267
450
491
491
198
467
371
563
379
625
359
531
297
567
446
505
403
477
303
519
323
459
298
461
378
515
535
551
519
534
451
483
297
631
307
611
214
646
430
499
375
451
443
519
307
543
291
593
263
707
231
630
335
563
310
399
419
430
354
407
219
575
315
679
475
477
275
443
251
715
351
511
407
574
346
638
255
543
435
631
367
462
394
459
383
607
482
491
383
446
279
503
375
657
431
471
303
342
387
431
383
562
466
614
342
451
257
431
279
566
411
606
354
663
363
583
250
527
387
563
329
579
151
402
307
435
275
578
319
535
503
509
271
499
383
451
255
543
407
619
322
663
291
515
366
551
335
543
339
295
383
546
409
419
191
519
327
457
223
371
371
591
291
535
339
515
295
543
234
433
171
542
302
435
287
395
299
629
187
471
475
447
387
434
239
397
315
511
334
410
377
635
343
485
325
470
363
587
459
611
390
547
306
554
415
486
406
470
235
403
375
483
265
537
354
570
347
583
311
430
293
591
374
491
325
506
335
610
219
459
359
531
419
514
398
530
295
622
462
539
439
559
331
514
342
439
251
501
271
339
338
547
450
583
199
523
391
447
369
527
339
450
371
490
417
515
231
499
279
501
510
411
447
534
383
379
335
443
335
479
399
514
338
546
431
307
295
565
463
471
347
619
378
651
297
562
423
683
318
423
358
543
238
433
469
607
235
631
315
606
431
618
351
587
394
559
355
531
347
571
347
579
447
515
387
442
411
507
215
511
479
587
258
671
379
595
518
553
379
502
447
406
338
599
301
557
354
522
339
453
230
462
451
455
467
527
258
459
389
585
250
462
383
523
359
531
523
539
387
514
335
631
314
650
426
483
379
434
410
551
282
511
331
485
315
499
333
459
362
459
219
406
299
599
262
563
343
542
283
538
351
507
395
526
435
573
386
443
219
431
386
471
350
475
218
414
342
553
389
287
63
307
3
195
198
511
323
439
315
458
206
582
147
335
306
266
334
239
299
139
335
243
267
375
202
319
414
311
279
287
206
298
349
331
319
299
355
195
181
319
347
238
370
433
482
299
299
354
371
262
301
371
230
291
446
367
443
359
198
315
326
195
358
319
190
395
470
386
322
346
355
447
287
281
215
319
447
283
383
287
249
206
305
291
343
334
337
383
306
371
443
291
295
395
399
259
271
211
219
255
233
323
257
327
415
294
415
335
351
319
287
187
243
365
342
254
331
427
371
370
311
275
295
326
95
315
247
415
234
251
310
307
367
330
387
295
379
219
295
207
314
322
327
397
415
278
306
339
507
287
463
311
407
247
399
487
222
367
479
319
275
347
447
231
330
211
347
359
387
421
494
287
217
254
355
447
395
310
351
287
327
307
221
147
307
251
287
391
371
229
315
371
245
359
205
231
291
247
253
242
391
262
206
362
351
159
369
247
295
295
267
237
427
355
334
167
282
254
321
159
190
210
343
367
194
311
315
154
135
418
422
278
185
329
379
535
203
307
273
275
241
307
310
399
319
327
310
379
187
323
331
275
311
350
451
289
307
290
395
410
383
255
471
387
163
162
335
327
313
423
259
343
359
319
223
262
335
198
355
263
297
83
267
315
345
362
223
323
391
329
455
503
194
194
367
354
431
25
294
211
339
137
454
219
315
279
410
379
247
295
347
287
315
371
275
383
295
406
463
251
291
247
397
315
371
295
183
138
245
115
278
274
285
347
335
283
271
387
283
327
363
255
347
223
131
235
295
350
242
171
275
210
459
246
243
246
243
319
263
275
326
183
394
333
235
275
223
351
337
303
265
283
367
247
349
354
302
269
271
158
195
403
449
363
387
307
167
342
445
251
287
275
255
243
223
386
362
263
290
254
306
322
394
487
383
278
315
382
283
318
234
370
419
245
281
231
330
303
174
246
315
279
223
306
283
267
327
306
238
315
345
231
246
330
389
363
201
283
263
307
419
263
274
294
303
330
355
255
413
299
227
358
215
299
383
355
383
254
295
167
362
375
330
315
433
287
191
311
267
342
287
243
295
235
475
362
283
438
295
351
219
250
286
279
391
383
171
346
377
255
169
387
290
374
307
267
334
379
405
339
363
255
226
390
226
259
319
410
410
339
399
263
271
303
346
203
319
242
255
167
287
343
381
375
267
563
