554
747
378
597
419
727
373
681
349
707
491
763
482
771
527
616
495
775
507
735
503
686
481
652
305
537
414
695
278
733
353
743
399
570
535
715
353
555
413
618
294
647
293
513
351
758
524
653
449
687
470
649
430
710
643
631
421
611
476
603
473
716
455
679
543
714
536
743
459
662
310
621
463
685
491
707
487
671
640
787
530
785
418
839
391
634
474
697
502
651
331
727
554
698
539
727
430
623
563
810
425
746
286
673
481
541
471
611
421
516
425
597
542
763
503
609
451
637
406
642
476
582
411
526
434
631
467
645
609
638
585
682
434
683
427
870
459
665
650
607
590
607
427
679
465
666
452
695
460
799
397
614
427
615
435
710
463
582
401
556
489
605
522
648
307
627
586
810
324
675
323
699
490
754
413
624
393
637
503
677
415
691
431
743
397
590
434
658
438
673
479
805
359
614
485
668
593
584
390
754
447
619
435
677
491
779
378
712
307
543
530
651
349
586
361
649
446
704
502
650
393
625
509
807
422
642
571
634
571
528
446
702
502
661
386
573
495
599
523
738
481
643
619
631
551
533
592
561
318
673
415
579
566
619
475
739
307
650
475
775
448
675
373
663
481
617
534
647
315
611
411
734
415
651
463
747
462
537
522
639
510
694
365
575
227
701
446
738
355
570
527
607
474
598
569
759
398
631
603
681
411
659
535
765
506
697
579
654
291
569
363
670
469
618
512
509
459
610
405
769
510
679
495
622
470
506
618
646
462
679
533
635
498
580
529
785
537
763
621
693
441
612
515
661
349
630
531
841
318
639
400
705
451
615
386
579
466
661
347
669
407
538
485
643
371
671
455
803
439
539
594
757
594
528
541
779
546
645
523
606
543
640
334
737
531
699
529
839
369
474
407
574
431
767
485
651
334
695
465
626
509
726
414
567
477
771
591
625
473
640
391
655
463
733
575
639
457
681
475
647
553
612
369
533
378
594
418
533
471
637
433
659
469
555
310
731
419
639
437
641
406
640
410
685
426
551
427
803
463
531
485
683
407
574
423
654
362
545
537
631
475
645
419
710
475
648
484
655
459
643
463
713
453
498
507
671
463
742
491
714
367
582
311
771
495
634
558
622
526
591
415
599
347
583
431
579
506
489
91
463
183
310
0
717
331
545
458
759
389
543
347
445
492
426
434
414
447
453
561
486
367
387
235
471
322
259
339
416
394
358
331
362
419
434
337
483
419
515
405
251
459
331
435
472
457
536
490
419
450
365
361
638
363
483
411
269
485
421
326
415
533
475
245
474
543
455
451
395
579
409
446
365
415
335
453
423
303
464
354
531
523
539
393
451
567
373
478
279
505
431
251
453
435
367
513
330
285
375
367
437
551
393
260
367
471
575
383
326
498
433
423
390
382
359
294
359
484
233
421
467
534
439
391
310
419
414
426
326
463
391
358
357
535
426
491
423
486
515
299
387
447
550
469
561
399
471
321
367
410
428
442
414
431
361
362
409
361
471
583
459
623
379
324
475
271
349
561
425
356
371
419
342
471
329
491
442
543
279
369
475
587
407
420
445
467
535
459
323
387
523
579
402
443
379
546
566
478
329
571
299
286
391
482
462
505
463
595
440
411
447
278
359
475
438
328
386
462
567
419
429
333
411
475
422
338
347
439
319
463
399
466
440
435
479
275
341
399
329
359
362
415
357
337
373
299
547
401
363
479
493
534
455
442
531
539
490
493
419
443
433
314
279
435
419
427
447
477
393
325
367
504
322
569
382
337
390
481
290
594
426
458
489
363
423
276
349
403
323
431
439
435
381
551
390
449
427
290
554
498
431
431
398
631
531
370
485
429
465
509
391
388
410
407
549
395
467
479
415
391
302
412
450
385
426
579
375
415
334
365
498
359
355
395
374
374
485
429
451
457
483
530
406
341
385
291
449
242
382
470
451
594
384
530
449
474
553
511
363
506
526
242
339
303
327
574
394
388
379
491
474
452
267
377
345
589
518
450
233
319
579
414
439
359
404
413
347
418
289
343
385
541
334
465
555
477
327
275
334
453
411
443
444
341
479
499
432
385
397
418
440
424
506
415
378
277
418
477
459
447
349
263
454
595
606
423
369
383
391
537
471
567
330
391
533
334
377
490
327
423
410
641
345
386
518
477
435
267
374
333
449
358
391
327
447
419
343
411
345
494
339
594
475
475
511
503
394
471
431
442
419
426
363
381
403
485
611
315
459
335
306
575
186
430
347
425
502
374
311
579
533
442
338
475
441
385
393
471
355
535
390
414
403
369
411
361
398
540
301
491
435
258
395
338
365
438
403
446
503
362
307
175
354
401
638
