323
583
323
662
253
619
483
546
411
570
454
551
399
659
538
607
270
549
380
453
369
602
283
482
291
617
311
590
435
571
466
482
290
598
426
683
459
493
445
522
558
646
527
646
297
574
307
731
423
586
345
666
317
513
457
713
407
580
402
555
507
629
631
687
463
539
397
635
395
515
430
527
387
602
370
686
415
779
417
563
595
593
271
607
413
654
419
687
425
607
439
612
438
563
433
655
523
551
522
507
329
555
315
446
316
551
434
575
311
602
453
541
479
429
267
531
437
489
451
497
335
591
370
615
449
622
391
485
487
543
493
549
413
483
375
678
323
667
355
574
425
582
355
565
485
455
466
489
527
521
437
497
285
693
314
631
359
473
434
535
507
649
486
523
179
687
318
562
450
501
401
599
351
627
473
599
383
475
407
598
442
553
502
426
335
619
417
622
231
479
427
626
475
621
330
463
495
579
255
643
401
558
373
518
489
602
369
623
326
693
410
551
399
641
315
555
311
489
343
654
361
526
446
506
333
494
454
513
343
450
321
653
431
598
389
570
365
655
410
623
393
451
243
599
439
451
465
442
385
573
309
615
317
537
363
507
469
575
330
483
345
714
467
481
443
515
367
554
503
591
407
738
400
597
406
563
426
427
265
529
383
546
288
621
371
542
337
603
362
707
465
598
303
655
359
527
223
453
265
659
393
601
434
605
302
603
374
654
262
545
481
662
373
526
346
482
561
529
377
569
570
555
434
566
406
619
378
583
279
622
337
555
398
661
502
754
339
543
394
663
418
541
363
523
462
513
415
459
315
637
451
694
470
473
407
703
251
506
287
649
455
519
362
573
245
455
383
559
333
631
585
545
417
506
359
663
519
471
477
595
393
651
659
537
518
487
386
743
350
469
170
603
361
439
333
510
307
717
581
693
213
613
386
645
409
559
450
446
310
565
369
462
361
507
425
578
294
494
345
559
551
423
463
547
490
553
438
598
455
543
418
641
266
559
367
615
335
526
418
507
338
483
427
434
171
577
535
501
559
503
411
639
495
507
241
659
551
571
303
643
319
531
341
626
350
633
403
565
415
633
359
691
385
501
438
435
447
592
361
722
289
551
463
655
427
531
361
570
338
678
218
634
294
556
298
513
254
307
91
370
39
313
45
487
198
515
326
532
439
465
401
338
534
335
367
282
393
425
375
393
281
359
310
319
199
297
395
378
386
479
431
375
351
343
348
206
279
339
371
338
411
315
578
330
333
374
459
207
269
303
377
398
399
417
302
419
487
253
377
271
486
495
446
318
363
310
253
285
343
198
317
242
259
326
337
321
291
466
414
347
490
439
265
369
351
390
331
235
367
489
319
307
307
455
226
415
307
363
363
205
397
283
335
251
359
411
289
299
367
473
409
342
375
375
327
351
338
302
469
203
378
279
434
295
391
379
427
414
353
495
129
286
327
460
343
229
318
359
374
350
373
415
327
318
405
233
506
323
406
259
387
275
350
387
387
258
370
295
403
301
455
219
434
267
465
302
399
398
447
265
485
222
464
431
387
435
387
93
335
261
455
397
327
421
311
507
326
331
422
257
253
201
327
326
493
203
390
315
420
119
281
373
463
315
319
382
510
379
321
459
341
351
343
279
311
383
401
405
339
373
419
189
426
275
421
331
298
409
486
374
271
255
277
283
289
241
293
315
397
374
399
470
607
351
267
338
253
218
399
332
409
373
498
450
479
379
299
169
363
391
443
141
426
246
278
259
271
222
370
498
455
377
411
215
302
407
363
229
377
301
331
362
295
270
473
315
285
414
301
451
310
354
391
435
433
314
279
474
277
367
303
311
410
350
179
453
415
354
499
373
279
285
326
378
167
349
231
454
319
367
215
279
191
545
389
397
475
399
247
365
258
342
381
419
323
355
323
217
291
211
443
459
319
363
487
414
327
279
450
265
471
327
523
322
466
255
306
333
383
341
437
318
473
335
366
394
455
382
251
390
427
323
351
315
301
553
393
345
331
439
317
451
449
301
319
346
179
269
305
430
379
437
399
282
430
314
431
391
365
386
517
317
403
249
333
319
269
271
205
307
391
235
367
435
294
314
291
311
333
383
371
407
229
319
321
341
465
254
295
347
321
233
347
313
448
379
293
331
325
339
379
221
339
261
414
314
387
272
295
393
362
427
414
386
389
311
383
335
227
282
375
293
395
399
447
543
297
267
369
466
409
407
326
385
377
182
439
382
451
495
453
347
373
346
379
377
374
263
221
453
349
361
403
498
451
387
274
303
347
299
331
403
322
233
482
554
250
350
427
399
273
339
353
429
197
319
325
179
167
201
354
143
251
523
