402
494
420
428
347
689
382
563
369
497
450
571
295
558
357
513
418
523
439
594
311
587
361
499
391
472
298
596
423
541
359
673
357
607
381
463
291
403
267
446
322
425
262
576
487
519
379
638
432
555
462
527
354
545
335
623
499
585
339
611
288
518
252
589
439
433
295
519
543
505
187
551
357
723
287
515
369
582
250
659
418
609
425
623
515
656
471
627
309
538
203
589
350
459
435
605
332
599
303
479
318
560
311
403
275
739
295
505
312
492
282
581
374
493
367
494
216
456
385
527
274
543
277
499
339
540
319
611
442
582
418
626
471
715
437
630
330
531
336
534
469
527
415
669
273
629
341
679
338
614
369
426
282
528
407
539
449
505
501
733
327
595
348
328
559
501
346
609
331
571
419
500
402
496
549
585
399
497
243
499
315
443
379
519
379
541
370
638
547
362
335
715
389
515
286
571
491
678
351
499
281
634
555
402
383
495
427
595
367
460
449
505
350
601
413
472
366
566
351
573
290
639
373
527
283
491
462
624
468
629
391
439
319
531
315
557
632
501
395
529
356
422
359
698
231
484
249
537
459
643
427
780
276
506
411
599
411
579
397
668
385
569
272
736
187
476
387
531
411
636
403
565
447
662
407
486
388
560
434
455
393
555
431
521
499
619
367
549
499
448
405
673
406
562
351
447
443
513
320
523
353
653
427
743
378
509
389
685
355
566
354
567
394
581
371
449
407
513
347
667
369
658
439
550
459
669
331
488
355
514
316
535
453
578
430
399
503
659
395
553
387
663
191
659
370
605
301
541
376
498
359
596
375
623
425
598
261
470
327
754
423
547
481
618
422
438
351
481
397
588
421
661
361
692
513
554
346
565
313
741
232
635
433
555
526
663
373
598
479
635
413
496
339
512
272
474
454
507
368
602
377
450
370
515
302
585
297
487
190
498
411
608
381
591
502
523
519
601
434
597
423
603
367
431
339
610
363
403
423
559
356
659
301
521
335
496
369
577
441
607
407
487
215
603
424
570
361
443
409
541
384
670
331
627
322
591
465
574
325
505
378
562
411
534
423
637
435
635
286
499
479
497
474
657
368
707
373
591
384
670
411
689
453
676
380
674
339
559
436
518
383
685
401
472
451
613
335
463
39
314
160
305
0
483
394
542
348
479
333
605
321
201
423
328
326
333
346
223
307
306
401
332
427
302
288
542
389
495
341
409
269
420
455
476
335
331
151
379
281
215
351
343
424
325
407
443
326
340
325
319
326
343
219
244
298
375
343
490
261
330
381
278
381
296
311
323
428
159
242
237
333
371
394
191
483
419
430
321
267
438
269
467
321
331
353
410
418
232
298
233
366
305
263
409
273
439
396
297
233
188
392
356
210
425
398
312
188
362
469
427
310
326
403
382
448
410
347
273
237
349
456
409
365
366
201
417
298
350
405
241
325
375
328
254
377
334
298
249
471
279
388
491
398
315
309
259
276
357
281
389
366
347
175
281
319
257
323
266
359
462
385
356
361
379
408
226
293
337
330
329
485
315
303
302
468
414
170
347
369
132
302
311
390
243
185
265
258
412
263
389
271
361
319
277
433
321
212
154
346
298
523
356
246
334
328
381
526
361
467
373
329
415
294
206
453
359
258
386
288
377
286
214
391
430
459
254
351
307
171
391
390
285
272
334
405
281
371
343
319
322
315
363
517
380
381
229
217
426
443
259
351
515
477
272
234
366
379
357
340
219
463
339
363
415
318
418
215
399
423
310
351
311
242
236
474
210
311
369
262
379
413
427
397
363
376
398
379
257
305
347
255
351
262
321
403
294
406
304
326
369
479
327
326
307
313
303
297
334
422
270
270
355
399
349
343
374
398
230
312
335
367
378
292
199
289
295
339
294
303
274
315
191
369
386
157
367
361
407
351
361
235
337
444
287
495
327
228
299
293
285
350
422
315
373
339
371
278
195
346
391
274
251
267
279
462
263
321
325
223
354
253
341
373
334
411
433
303
402
311
468
325
304
431
315
349
375
249
219
337
269
282
313
363
358
269
334
387
279
427
286
367
389
429
279
431
439
444
381
415
163
315
419
425
432
409
355
258
488
371
243
234
305
317
341
329
254
419
279
405
382
406
235
281
257
307
274
313
390
403
385
346
346
344
327
344
269
423
382
478
323
430
264
405
187
221
202
363
438
184
414
392
443
313
297
250
327
297
311
471
342
326
318
342
464
429
290
427
425
343
295
330
378
310
459
235
243
438
228
271
171
383
374
299
378
245
263
299
383
435
205
474
311
205
341
326
306
233
349
376
517
164
215
213
319
249
411
342
477
322
217
330
259
454
441
