642
823
574
719
625
637
478
758
563
502
483
665
631
659
587
721
615
759
478
602
683
835
609
691
413
635
547
755
579
871
587
739
595
683
567
763
599
806
459
747
595
891
507
729
675
721
643
806
683
739
537
739
498
790
406
750
487
739
586
881
453
703
475
775
582
658
499
851
523
834
493
875
686
735
590
787
515
725
527
851
507
695
419
786
546
665
559
731
603
847
618
749
455
751
530
891
531
783
621
670
553
581
551
771
622
854
546
683
694
711
573
775
643
741
549
795
691
799
502
854
426
691
417
751
511
747
607
830
735
735
523
806
510
838
534
739
642
730
510
738
591
671
503
802
559
743
611
767
639
698
535
829
498
670
671
703
551
675
627
825
463
810
619
778
585
682
507
830
682
605
554
730
499
735
507
815
413
865
695
783
497
827
607
706
407
771
599
765
563
835
443
895
685
831
747
671
627
751
583
611
667
769
507
751
483
774
515
746
711
906
545
805
553
811
726
842
678
702
655
777
490
738
663
811
554
747
591
895
567
705
570
850
623
661
526
803
579
777
435
954
578
706
525
675
623
630
486
790
711
723
647
609
594
619
551
795
653
798
578
705
663
743
625
659
591
551
523
787
599
805
495
681
551
774
514
863
529
631
503
799
491
815
495
623
505
666
579
691
551
826
542
650
473
674
459
799
603
661
575
699
666
851
531
882
591
838
595
791
494
907
451
890
494
710
489
639
487
730
542
705
665
715
502
601
439
730
518
719
587
715
642
706
571
789
638
695
555
759
638
795
535
771
565
855
505
785
553
791
518
743
547
751
659
622
583
687
717
741
519
783
533
711
681
725
522
798
595
770
597
702
502
934
450
717
705
879
511
709
619
670
495
755
410
713
562
843
650
722
623
850
535
763
493
735
535
823
495
825
667
631
583
661
653
751
515
738
534
685
555
707
503
757
518
683
574
851
547
875
607
763
607
710
487
803
439
722
611
762
547
817
543
685
523
862
565
854
475
707
583
739
535
647
587
847
486
578
587
929
703
719
727
866
519
846
517
782
311
727
443
707
413
810
531
645
671
790
543
735
463
866
599
827
455
750
555
839
585
606
635
815
351
785
602
867
542
787
511
699
585
735
514
859
506
719
635
819
539
553
251
539
253
487
403
703
522
735
615
613
547
746
449
505
499
581
563
539
498
358
671
482
547
651
611
373
449
587
487
446
609
551
478
503
506
557
578
541
503
515
583
589
571
615
467
587
487
657
634
478
397
418
611
497
507
594
473
538
529
534
615
330
611
594
575
455
434
559
515
645
531
609
634
519
587
491
577
399
551
455
469
419
535
573
511
425
641
439
603
549
483
606
483
635
454
510
607
595
507
575
558
569
570
525
485
459
509
499
591
443
587
525
521
603
659
555
611
525
438
618
614
538
574
514
538
482
502
598
526
658
434
474
350
446
586
442
582
530
538
546
374
402
666
479
494
491
517
523
403
414
551
546
486
447
630
611
701
653
461
539
531
513
493
527
387
435
458
634
454
443
531
445
587
391
610
531
395
550
611
595
634
543
486
459
375
431
533
426
407
571
571
705
585
347
498
582
470
399
530
559
437
539
495
491
434
527
478
582
465
479
415
453
446
603
573
433
603
533
699
579
551
578
570
618
586
475
469
466
650
530
802
487
567
579
634
462
479
507
439
467
618
439
558
326
470
707
514
383
411
446
467
523
490
659
610
586
555
491
509
609
323
349
654
639
569
398
542
530
551
535
578
525
455
463
549
447
521
563
547
594
519
490
555
521
649
598
501
667
566
455
535
573
607
638
563
558
423
434
558
425
526
453
515
614
553
565
437
479
578
379
465
427
617
402
543
450
415
555
645
457
662
459
475
505
411
478
434
387
455
538
555
546
575
457
459
539
574
571
479
594
603
455
459
449
475
547
683
398
562
589
514
527
626
439
659
497
595
534
483
447
615
511
451
387
459
547
594
507
551
594
447
435
566
679
491
778
518
495
539
435
663
610
466
473
511
595
471
579
635
475
543
511
514
523
483
525
413
451
550
731
551
405
614
535
494
433
615
355
585
455
546
731
383
615
583
475
551
623
566
587
566
469
662
390
617
511
673
491
526
419
643
479
527
539
651
513
447
445
513
526
483
503
649
323
539
561
530
491
605
507
586
541
615
511
582
414
451
462
475
463
443
701
577
575
537
595
371
687
615
598
419
539
386
327
391
579
626
557
653
602
449
598
539
431
610
406
403
373
659
369
559
475
617
607
551
571
527
651
738
523
545
483
515
434
563
454
591
467
563
499
582
553
478
477
627
507
575
594
567
497
323
275
343
298
349
513
