462
547
354
452
389
698
430
555
261
446
579
530
226
682
431
627
443
754
378
515
389
666
351
475
458
746
289
607
385
549
478
743
539
578
355
561
435
530
271
693
303
658
381
583
401
555
287
565
262
647
430
582
275
598
407
647
375
499
434
601
382
609
325
613
346
618
307
607
339
553
423
559
419
643
315
473
335
546
425
725
323
782
547
562
438
523
373
626
527
522
410
433
331
435
393
707
323
511
289
591
371
667
513
623
379
573
378
619
627
375
462
687
351
494
378
729
354
663
391
665
387
617
353
749
351
578
439
727
491
557
231
602
359
566
395
599
281
594
391
658
269
425
379
659
467
663
363
659
463
586
425
573
350
574
271
655
219
613
343
551
349
630
334
499
297
614
390
610
403
495
239
451
377
489
475
590
531
510
453
705
377
570
269
427
231
659
450
525
459
569
287
541
331
758
427
583
283
493
363
678
357
501
431
573
549
643
455
503
327
575
390
651
385
519
206
623
497
586
531
694
399
566
371
439
323
723
311
646
434
793
245
483
387
566
331
663
367
623
443
630
425
579
467
599
343
526
371
634
402
638
541
449
470
587
323
557
426
615
417
561
402
619
458
641
401
531
398
587
313
647
378
659
577
582
319
651
503
583
483
517
335
655
321
643
295
631
383
659
350
657
410
709
134
691
354
649
487
419
441
659
323
655
335
611
431
615
414
653
347
547
455
567
319
618
318
378
271
603
341
627
349
491
407
622
375
730
462
439
237
542
353
609
405
538
435
574
347
479
313
526
462
533
463
587
279
545
334
453
418
457
267
579
253
554
309
559
463
673
407
555
267
495
331
589
465
587
431
730
470
549
325
717
358
403
511
599
349
547
479
415
335
579
391
667
273
643
385
671
437
698
419
558
309
667
457
641
377
547
350
610
466
493
463
547
367
587
473
583
325
659
535
563
405
467
359
503
451
661
490
587
390
442
455
562
343
590
355
567
327
431
417
550
403
655
430
555
311
626
349
655
377
539
423
499
563
494
379
675
427
603
426
699
406
627
519
621
470
659
383
463
450
566
403
581
369
475
407
570
430
547
403
547
345
518
393
491
282
643
431
549
357
535
385
569
375
603
475
595
333
507
366
702
259
658
538
634
375
475
137
199
0
310
34
639
427
479
401
535
351
511
361
347
471
359
286
322
335
395
439
463
231
379
321
446
285
338
369
433
499
311
491
229
277
375
389
297
353
342
241
311
406
319
297
159
466
502
371
462
375
450
370
385
423
223
386
331
377
383
443
318
369
267
241
255
425
381
339
471
390
250
283
365
415
349
295
307
495
207
351
421
373
295
301
271
422
353
383
357
299
363
338
431
417
489
343
353
383
218
425
262
310
414
279
294
166
367
339
333
187
370
437
339
341
379
318
266
395
439
359
306
295
323
391
235
346
415
282
419
267
443
383
390
466
301
255
363
307
431
487
419
370
333
414
319
423
294
498
377
449
347
294
343
363
371
430
311
269
399
399
275
315
411
349
545
434
271
431
355
291
401
415
342
390
583
414
433
343
314
373
391
435
383
358
315
226
439
379
309
401
371
425
347
423
361
463
391
323
287
298
435
433
347
386
315
387
290
287
278
297
247
295
303
475
186
431
362
370
266
251
242
398
287
255
383
339
323
554
371
282
267
271
362
415
243
545
423
307
303
471
279
378
385
253
194
433
255
248
189
478
497
439
390
338
310
399
375
335
162
397
255
327
162
250
403
381
271
378
495
411
411
279
339
491
390
391
411
281
335
359
385
383
294
323
474
203
353
319
323
423
261
307
317
475
385
377
410
353
437
371
479
239
326
417
159
363
283
319
250
183
305
359
219
259
301
379
286
419
358
447
357
515
210
237
455
250
299
222
339
549
346
367
187
423
433
439
370
290
334
318
325
355
431
633
313
479
377
389
251
439
318
310
369
266
337
355
246
415
327
307
378
247
215
358
431
423
407
363
434
258
267
386
313
299
341
299
367
393
427
490
443
423
483
423
434
283
235
338
211
298
307
355
426
297
427
353
466
237
261
355
353
295
186
231
242
291
190
357
346
377
383
374
226
323
225
271
414
398
354
391
362
402
255
367
415
337
411
463
274
351
366
319
399
187
230
269
319
510
359
370
283
391
270
399
318
395
429
334
325
458
326
413
223
435
403
426
273
297
279
231
414
342
410
407
314
330
243
402
401
465
505
391
419
319
454
299
271
455
398
403
319
377
319
327
293
234
384
329
185
295
407
278
387
315
279
302
459
391
366
215
457
521
349
523
383
411
397
347
263
325
351
207
306
355
534
309
219
431
389
411
479
534
395
541
763
