441
471
307
557
286
499
259
565
291
495
247
486
222
391
267
486
267
519
235
467
241
515
179
489
227
314
271
567
221
613
275
499
393
523
331
453
371
515
273
402
233
531
322
446
226
435
350
554
275
507
323
590
274
355
227
426
275
495
367
526
327
431
201
533
301
571
327
461
274
522
274
603
293
409
307
461
127
535
195
477
358
471
287
622
103
570
346
455
163
379
194
481
223
506
319
507
305
457
331
559
391
498
387
563
251
387
363
629
294
497
333
443
243
447
277
495
243
518
283
543
347
415
247
375
303
635
175
471
239
627
307
622
123
507
399
467
191
550
122
499
290
413
329
595
261
567
491
354
371
482
371
459
161
545
455
591
223
339
255
575
223
439
343
450
251
482
331
561
410
413
326
321
253
434
122
519
271
431
287
531
366
526
527
475
307
583
334
490
333
411
222
561
263
409
378
550
379
481
262
567
295
298
315
542
266
489
330
549
299
471
354
487
398
503
219
643
239
454
259
566
243
451
331
591
219
491
355
457
250
407
142
525
187
369
269
529
287
622
479
563
266
551
319
559
263
535
215
449
367
491
183
411
275
495
227
639
431
366
375
535
221
447
290
519
379
411
490
615
439
387
463
379
301
615
87
487
387
459
295
563
323
567
374
503
363
491
279
529
311
531
219
571
363
690
187
546
173
519
394
507
266
490
349
402
273
578
509
573
203
570
311
461
351
526
203
519
335
503
163
475
322
462
391
609
318
619
307
571
274
621
346
511
322
507
325
407
275
511
378
491
239
498
219
686
306
563
259
551
225
435
255
467
326
521
382
471
175
531
334
402
251
591
346
677
403
523
353
427
295
535
415
471
207
459
402
491
359
578
195
647
303
521
341
497
207
563
271
499
327
466
283
539
98
403
379
491
251
451
349
559
199
643
379
454
295
543
237
430
391
421
198
535
373
531
174
471
267
663
375
491
342
475
255
451
215
435
503
515
291
407
290
582
247
430
423
303
266
631
321
474
239
515
269
470
342
409
367
459
427
591
311
491
311
351
207
471
411
503
433
543
334
369
335
479
161
527
414
663
334
634
391
398
346
498
226
450
353
475
133
487
283
441
319
619
183
435
258
499
301
639
219
402
267
527
231
379
251
294
23
258
0
127
43
603
270
599
301
471
295
483
359
315
309
266
222
254
277
342
334
314
355
163
105
399
206
235
327
225
398
299
263
265
227
218
219
271
270
99
258
123
371
241
311
266
499
181
243
147
393
175
203
186
157
303
329
135
286
134
299
275
546
311
279
274
385
223
295
143
295
319
199
327
101
294
275
439
311
189
251
313
246
242
231
463
223
310
199
227
285
167
183
295
307
250
249
281
195
279
185
229
351
395
215
223
255
310
307
347
267
366
359
219
287
189
259
122
414
258
338
294
330
234
214
382
238
314
214
286
278
130
426
246
206
210
218
214
302
290
438
214
355
219
363
195
339
241
187
259
363
211
271
353
243
399
325
222
199
333
223
305
303
217
382
335
205
278
251
245
238
243
347
243
318
267
303
234
318
279
235
266
354
166
334
230
211
51
279
199
263
239
222
247
294
326
151
319
394
211
347
223
254
231
259
265
243
213
335
206
203
331
234
235
199
343
247
243
271
343
138
151
263
190
422
371
234
163
195
294
213
225
259
242
158
146
231
322
261
255
179
349
187
275
307
315
319
162
243
371
287
387
231
295
467
214
279
259
319
357
282
191
267
237
259
203
291
415
243
279
443
249
201
430
246
263
342
146
143
382
327
171
269
323
121
282
347
334
303
255
231
199
355
87
493
259
299
191
318
243
383
402
218
319
298
287
335
126
242
311
246
274
314
271
443
181
230
303
295
318
209
202
262
259
279
231
286
259
74
243
317
427
167
275
217
338
207
271
290
345
294
338
219
186
281
323
231
131
291
387
354
198
255
258
323
245
215
281
166
258
355
274
267
259
242
159
247
214
111
319
409
287
370
183
242
227
249
287
235
303
243
270
354
373
239
281
241
171
279
303
247
299
290
195
218
210
426
187
271
322
263
226
297
195
243
289
317
379
335
165
319
238
301
230
303
342
331
186
367
179
234
195
291
347
110
194
290
218
327
298
299
295
337
407
315
282
277
283
191
333
134
187
195
401
331
162
339
334
323
247
461
262
303
235
194
223
118
163
295
287
171
314
363
293
306
359
302
249
186
279
347
235
279
171
387
187
342
398
214
238
154
243
337
231
327
411
407
159
113
255
298
198
166
359
323
291
319
278
189
151
223
150
227
159
267
349
297
323
306
158
339
283
258
197
271
255
171
183
395
203
419
423
513
499
475
686
