379
675
407
590
387
535
370
546
359
486
371
563
441
602
415
629
378
519
317
447
455
575
383
458
399
507
331
566
251
545
347
502
343
731
358
634
355
546
295
615
415
615
295
511
315
597
383
519
603
598
370
687
382
583
487
483
410
638
371
507
335
587
335
690
374
629
511
494
337
470
435
529
369
647
402
730
279
415
190
549
443
647
397
515
390
353
363
711
263
639
283
551
315
495
330
622
457
671
379
578
326
555
503
553
337
651
407
686
506
519
287
429
355
557
354
625
547
683
413
519
343
703
387
522
375
489
322
419
435
574
471
679
378
455
435
666
382
679
371
707
483
595
519
583
411
679
325
631
462
641
495
483
403
593
393
618
387
647
411
591
415
669
387
611
419
534
410
667
371
311
338
413
351
527
479
443
495
535
254
669
394
462
373
703
287
494
483
483
331
607
530
538
523
458
379
707
483
603
287
487
335
546
306
479
502
739
682
575
379
611
527
538
499
715
338
621
451
598
291
747
373
515
275
679
431
619
302
667
286
719
326
347
271
699
355
451
391
667
439
603
281
651
423
638
355
523
390
691
250
566
387
535
387
619
359
619
423
667
486
574
311
515
458
541
343
515
462
535
414
495
371
579
374
607
533
559
351
547
471
498
411
519
251
671
415
555
403
742
395
495
326
519
399
394
391
635
375
610
255
667
278
573
535
635
359
523
419
606
281
627
359
639
495
491
439
699
339
563
434
707
430
678
350
543
371
499
431
571
371
566
407
583
347
610
358
579
538
646
423
598
495
618
373
502
327
759
407
614
497
462
331
623
598
467
319
625
462
559
466
607
447
610
371
562
362
587
367
623
391
587
319
531
362
583
367
634
327
629
354
587
307
501
367
534
423
583
422
603
387
690
459
623
371
455
294
429
423
583
370
607
447
675
427
575
463
535
427
614
459
667
346
713
382
623
303
583
363
569
415
509
419
479
451
531
330
623
529
702
479
557
369
727
359
543
445
691
463
482
295
591
383
463
407
607
247
587
386
535
495
571
355
579
327
615
418
483
391
570
426
557
291
525
467
603
375
671
435
618
394
483
299
603
371
633
317
521
330
601
267
679
447
615
402
625
431
567
511
555
431
491
354
649
403
595
431
675
399
438
83
331
0
335
111
595
311
411
367
443
531
486
442
419
345
443
265
270
394
229
234
451
359
298
438
403
283
399
323
307
331
275
391
413
287
367
339
391
423
439
291
435
342
259
347
333
323
399
326
291
353
271
419
310
507
430
358
203
479
263
471
477
467
351
463
283
625
345
381
391
251
271
403
291
361
422
450
315
495
331
462
439
315
343
435
286
285
394
474
503
270
355
286
299
315
266
405
227
547
379
291
381
351
271
454
475
291
406
427
399
507
447
335
299
427
443
363
378
423
419
427
346
439
215
359
303
418
311
498
499
451
331
369
323
359
239
505
434
458
411
327
291
373
279
387
379
237
502
411
489
403
487
363
442
369
387
405
347
370
450
327
455
339
490
370
567
599
301
303
294
339
347
407
211
459
287
267
435
422
381
319
377
355
489
358
401
370
483
417
391
327
387
342
330
483
163
330
327
311
379
337
275
315
431
411
543
371
285
353
371
331
359
311
399
263
317
405
387
319
351
457
442
378
387
403
351
363
489
279
402
466
371
487
459
350
270
395
349
275
418
322
507
411
430
255
299
291
334
287
374
434
282
491
537
371
327
222
291
315
307
295
331
498
427
275
407
415
197
433
485
403
282
297
339
307
299
339
275
255
434
343
319
367
295
397
415
583
311
367
345
455
303
531
367
315
294
387
235
219
235
335
375
474
243
351
343
434
270
299
369
251
409
255
442
359
403
455
463
389
519
347
458
223
358
259
399
335
335
482
391
270
397
298
283
323
411
351
375
415
311
323
327
359
327
206
263
310
303
311
454
411
374
351
311
355
370
481
350
391
454
202
502
403
355
583
503
411
299
342
326
387
363
393
294
314
391
243
378
351
239
495
510
358
371
422
374
471
319
434
290
290
486
381
351
191
355
355
419
455
322
357
387
487
431
287
302
379
299
442
271
406
431
347
338
446
539
515
359
383
387
443
306
483
275
323
315
378
467
374
307
447
350
474
390
290
455
390
234
467
238
327
319
475
279
295
431
234
442
486
255
287
347
455
371
347
419
426
459
366
358
418
195
279
371
587
319
319
329
343
315
498
377
351
314
383
273
427
343
443
309
231
279
310
315
351
433
387
231
247
463
403
303
351
255
283
278
367
250
283
318
395
383
387
231
281
399
343
311
431
302
455
387
283
282
177
395
375
398
391
291
195
339
315
231
418
511
