333
335
287
435
259
411
267
509
163
519
309
415
227
399
166
466
284
559
311
546
83
434
247
578
253
494
231
619
186
443
332
535
225
483
250
507
220
463
362
374
247
491
309
466
195
406
239
465
245
339
322
505
335
477
246
553
342
389
222
389
230
458
307
390
351
543
397
585
253
475
319
483
265
434
293
503
322
539
259
539
297
369
214
510
179
523
235
483
245
407
294
603
245
514
269
539
233
465
290
535
257
430
327
463
251
418
459
472
159
614
249
395
170
469
299
508
323
382
271
403
182
495
159
543
235
410
267
581
303
533
263
369
318
381
279
394
109
481
179
453
295
386
335
550
211
455
406
409
229
545
252
335
258
575
429
407
355
484
329
472
322
551
309
408
294
567
331
406
226
530
251
479
179
586
297
379
448
586
373
487
285
485
319
396
263
433
387
430
193
446
305
470
341
665
302
504
379
373
245
421
323
343
334
358
267
390
253
352
186
534
250
510
299
477
162
389
378
524
311
444
243
491
351
623
298
486
245
481
196
475
173
430
209
390
314
561
307
415
186
636
317
478
257
431
293
459
279
429
231
314
217
467
231
381
349
539
354
535
305
483
281
426
299
551
326
555
409
431
331
387
261
469
254
466
177
384
239
418
264
511
321
591
320
441
227
485
363
428
289
527
309
441
439
459
250
455
239
463
202
495
198
445
316
623
147
607
310
477
408
609
218
478
383
470
266
527
366
402
293
497
298
582
397
563
270
555
369
487
279
509
226
530
215
659
341
491
338
545
395
501
249
441
394
509
425
527
413
482
345
431
525
410
366
479
427
459
294
513
334
566
391
439
208
470
181
339
289
485
393
279
357
383
203
371
249
530
281
466
203
454
227
496
335
591
299
567
195
446
327
449
295
467
374
399
287
498
411
579
239
462
371
479
381
461
225
401
306
491
230
458
291
386
278
493
303
511
371
463
483
539
395
503
273
429
304
482
316
499
415
539
327
446
263
543
257
449
253
415
265
410
345
521
287
465
277
614
411
513
346
473
266
547
275
474
303
501
294
663
238
614
342
459
313
555
364
485
264
435
369
557
363
607
277
593
233
494
264
397
333
503
383
486
318
567
286
331
186
339
337
405
317
495
147
367
438
495
142
319
53
307
0
317
9
499
293
413
261
414
283
391
313
276
243
351
257
335
213
229
307
288
363
227
269
296
201
194
269
228
258
343
143
310
202
307
279
114
200
252
367
207
233
329
303
203
275
305
297
263
310
279
209
270
275
166
149
280
245
191
412
203
187
234
327
333
309
282
222
413
318
83
299
274
314
174
202
263
271
203
167
126
154
291
275
350
342
183
290
227
355
111
251
265
266
306
93
182
106
189
201
259
239
237
201
283
402
351
271
265
270
286
263
210
263
333
154
371
287
267
281
246
171
263
223
227
469
303
231
329
373
174
171
252
391
229
185
245
318
201
322
385
313
212
237
139
351
287
288
283
346
206
415
205
250
283
315
261
290
159
278
325
383
251
188
267
389
322
251
205
327
143
254
167
242
337
310
253
205
231
347
216
224
197
216
219
297
214
98
325
283
230
358
124
229
271
216
183
295
142
309
207
247
226
190
337
229
141
295
419
330
401
366
154
194
316
218
339
395
227
235
298
337
238
286
205
174
317
263
312
295
101
285
208
378
303
219
351
306
339
359
315
402
289
172
215
199
299
294
319
172
217
311
125
251
185
226
269
191
321
274
193
245
271
422
345
271
157
221
79
323
274
299
304
283
393
150
307
405
393
233
265
317
201
287
281
217
291
310
289
238
299
343
363
199
125
207
273
337
182
180
256
230
251
322
207
303
159
321
278
199
294
267
322
223
359
319
175
163
131
280
251
208
214
194
274
95
252
317
139
215
210
247
251
303
243
272
267
167
271
158
238
306
307
313
165
251
279
361
211
305
123
203
202
246
339
297
214
103
239
209
191
231
251
237
195
279
243
275
171
205
351
157
151
206
296
158
185
77
274
285
274
307
142
386
458
346
161
274
119
289
143
295
246
233
222
285
270
135
325
199
358
210
247
221
150
190
251
226
281
303
255
230
190
299
162
392
387
308
259
146
275
265
169
194
281
218
119
238
131
297
312
261
407
359
271
262
371
294
271
329
205
299
259
322
357
195
287
127
106
295
177
191
188
347
171
327
54
221
235
285
130
389
281
321
179
219
175
186
54
265
330
237
458
361
179
175
193
141
414
147
177
199
235
307
223
250
287
251
223
103
180
295
197
263
224
184
295
266
159
201
239
321
213
185
270
347
202
222
187
307
210
215
231
410
241
249
286
174
209
247
253
210
189
314
519
