499
727
378
487
375
539
427
602
255
583
387
487
455
591
367
523
478
702
503
415
419
651
351
679
407
491
511
731
395
571
455
659
439
666
419
603
455
618
422
639
407
515
551
747
263
579
439
687
451
575
319
739
399
511
559
659
443
659
519
619
462
607
583
663
303
607
407
803
467
703
543
595
375
475
403
543
451
703
407
771
530
695
355
750
411
635
463
627
283
639
311
427
367
535
451
530
379
551
498
707
391
455
351
575
394
627
335
658
487
679
559
583
375
547
419
579
479
579
503
763
487
575
407
711
307
583
523
563
331
679
403
715
507
559
519
639
459
719
359
531
351
658
239
595
419
611
391
663
467
695
407
711
439
615
467
687
327
615
495
763
403
603
383
639
487
647
303
563
339
551
523
467
307
475
511
771
471
519
403
651
387
595
439
503
347
531
439
635
491
583
395
687
375
579
335
711
375
587
455
559
446
559
587
651
315
587
243
591
491
811
395
663
303
763
418
715
379
475
391
731
462
619
487
711
455
635
435
575
415
687
399
599
442
539
375
646
455
715
543
659
427
691
451
579
546
591
319
507
331
571
487
599
463
591
419
807
559
559
506
642
287
583
399
699
347
555
439
615
355
591
467
619
371
734
439
563
451
663
471
691
375
534
383
543
431
607
387
583
435
695
467
587
327
595
419
647
499
607
439
579
391
599
358
755
411
715
411
639
475
575
403
750
443
539
487
523
359
495
567
615
355
511
527
655
383
535
471
531
495
547
359
735
451
551
411
555
531
595
343
551
395
691
259
623
455
591
415
547
431
571
474
495
379
607
427
691
347
643
418
575
351
647
347
667
439
523
415
667
407
627
423
590
443
707
451
667
371
595
366
555
363
531
363
663
515
531
551
739
359
643
347
751
383
487
435
559
435
447
607
687
435
703
335
763
403
687
395
658
327
563
371
739
379
507
415
794
435
623
503
655
459
523
527
531
291
607
383
583
398
643
491
611
287
598
535
658
454
619
439
575
403
607
311
571
519
603
415
575
395
630
530
595
435
491
463
507
431
691
439
631
307
691
435
715
403
423
343
759
491
475
479
403
491
603
323
543
367
563
459
635
471
702
363
739
474
711
399
627
239
671
439
671
443
635
467
683
319
519
47
327
123
343
263
603
363
619
202
587
335
634
347
166
491
479
519
411
306
503
267
295
507
427
435
327
443
279
419
339
383
403
375
327
367
315
351
319
551
271
287
427
523
319
414
399
299
447
391
447
319
431
339
575
530
347
247
379
335
447
391
311
379
371
283
455
427
451
459
351
379
134
295
219
327
399
523
443
415
410
547
311
483
415
483
355
463
271
499
407
435
310
395
187
403
487
475
323
371
431
447
522
323
455
311
371
391
471
375
251
359
527
211
487
363
503
447
303
279
307
279
458
479
323
483
403
451
387
507
347
307
403
355
619
335
243
459
339
422
407
379
399
415
347
362
399
343
447
319
407
451
431
511
275
327
322
359
331
355
315
399
247
459
279
383
391
451
407
279
307
447
367
459
335
523
443
422
371
519
395
243
227
411
546
235
403
291
259
443
383
379
523
219
523
375
415
338
375
447
503
303
539
395
331
391
327
475
439
339
335
431
427
363
395
390
419
470
291
511
347
439
311
303
347
399
246
423
290
443
499
491
323
327
271
399
574
391
319
371
379
411
283
327
439
307
315
443
463
418
379
411
355
495
471
523
471
395
615
367
443
351
299
447
443
523
427
375
363
299
411
439
350
479
351
223
323
439
427
335
403
403
367
471
395
271
319
467
383
455
391
435
515
515
411
479
451
447
447
459
235
487
335
407
363
523
298
351
451
419
359
335
331
315
535
362
447
571
391
511
359
523
407
327
327
435
515
411
351
419
371
379
443
463
467
367
411
375
371
471
399
359
399
355
283
315
391
470
367
347
323
447
459
731
603
351
459
395
507
403
199
431
219
455
466
359
419
455
415
367
379
463
331
375
407
435
275
371
383
439
439
486
403
339
519
291
303
311
347
571
499
463
303
427
443
343
359
279
491
355
447
523
315
423
359
443
363
595
455
303
319
391
427
351
350
526
363
431
362
455
327
255
423
295
523
311
271
523
383
438
451
358
379
339
507
194
415
403
319
379
311
371
391
419
347
423
539
383
359
383
451
383
351
411
190
447
343
431
395
391
351
299
543
375
267
383
274
471
203
391
342
539
339
519
467
430
343
355
371
527
523
403
323
375
311
415
399
355
459
434
226
351
455
459
519
303
443
499
495
471
427
371
399
395
343
471
379
475
435
491
427
459
451
263
291
319
427
354
339
287
411
555
463
427
291
427
803
