321
578
378
467
310
574
434
551
357
390
289
380
312
527
360
423
252
503
276
415
313
463
335
507
308
549
179
469
187
439
466
579
307
589
395
462
256
579
404
537
252
470
310
361
418
477
335
435
373
489
309
561
335
518
242
533
227
534
394
335
327
474
276
606
326
509
358
540
233
426
279
507
304
442
261
602
363
460
282
501
434
522
326
427
383
654
251
635
208
461
291
319
286
335
422
289
357
610
439
403
202
484
274
490
249
538
323
387
307
495
318
599
328
602
334
638
291
532
347
542
228
514
311
436
279
359
215
461
313
431
403
497
263
427
391
559
277
461
302
529
343
427
391
413
302
412
349
493
351
595
145
618
273
482
239
604
309
489
146
586
408
553
229
661
269
570
347
463
294
430
294
523
172
586
323
523
424
508
383
477
374
504
335
568
243
383
358
561
377
635
417
430
416
569
277
559
207
586
295
465
295
461
263
575
189
588
195
503
215
410
306
637
212
478
344
417
323
491
241
444
321
431
210
418
187
536
299
645
403
523
219
407
278
347
407
562
363
551
367
500
356
540
399
544
279
479
58
639
336
393
274
451
239
259
303
485
312
578
294
381
198
559
348
516
350
431
307
631
374
455
403
606
462
534
320
446
300
519
325
407
249
409
304
431
421
471
322
562
460
471
315
375
380
516
263
509
330
476
179
461
276
634
187
427
269
549
349
530
234
594
466
376
267
456
235
469
387
503
266
501
291
494
290
513
358
400
345
575
445
443
208
465
181
515
214
491
342
422
426
642
129
435
431
399
218
477
295
532
335
575
429
539
354
566
359
665
279
501
269
517
94
488
237
509
280
493
285
434
393
533
403
561
305
478
427
539
371
442
434
497
338
395
277
561
278
478
189
539
232
446
150
571
139
548
385
428
243
549
170
494
370
567
263
523
198
433
419
466
381
597
165
391
270
484
213
562
311
495
474
587
285
468
275
347
189
441
258
503
527
593
285
413
281
434
272
420
356
463
387
583
222
459
349
610
247
359
287
577
471
518
406
428
418
395
283
519
240
553
267
489
231
549
344
615
285
552
258
643
355
467
324
489
281
563
383
523
203
413
235
536
211
516
157
611
342
609
212
449
214
493
235
623
309
475
292
549
328
189
6
104
0
327
58
464
485
523
471
555
230
536
281
288
207
161
220
133
460
379
354
277
289
245
257
225
366
255
223
240
305
259
257
194
350
265
345
82
290
354
336
260
235
331
522
317
322
335
244
203
302
283
278
486
177
267
198
244
193
189
163
302
363
243
270
150
403
202
308
326
293
148
208
223
255
260
238
406
279
381
382
210
298
267
198
231
173
223
254
286
294
219
403
393
408
246
550
363
299
231
235
382
232
219
271
331
171
208
217
123
369
301
290
327
231
258
410
404
358
247
202
249
291
234
378
278
291
177
366
285
359
277
298
321
178
230
279
182
367
311
393
247
363
390
310
246
310
243
186
166
285
131
193
122
204
286
384
221
263
374
291
153
271
329
198
387
215
366
311
197
207
225
163
259
270
177
190
245
217
366
181
296
146
301
379
129
338
340
199
169
280
383
394
357
250
323
208
183
295
298
391
267
253
299
346
211
303
291
262
143
319
225
253
307
255
168
170
388
311
285
413
314
230
296
324
316
356
265
405
260
365
246
338
189
263
219
255
219
279
397
267
383
379
198
326
317
351
187
384
247
209
380
443
239
383
265
266
355
93
239
359
290
303
265
220
285
274
153
255
149
215
381
402
370
326
236
297
335
330
163
353
129
338
356
291
207
28
203
187
381
335
303
298
195
276
286
387
325
127
234
258
325
463
343
259
269
391
353
291
266
354
366
181
296
172
327
321
147
418
321
374
243
426
294
387
305
137
232
115
252
144
151
340
154
314
242
378
272
382
153
187
238
238
141
218
327
342
329
432
306
224
266
206
128
155
168
305
367
361
317
243
213
266
246
439
334
346
166
378
255
346
193
325
471
303
398
131
121
402
296
421
293
291
125
224
231
155
346
183
163
207
407
283
254
228
323
337
369
231
348
308
318
399
266
286
258
275
151
349
228
182
123
439
178
269
324
262
291
215
221
406
275
501
290
370
351
523
309
459
281
260
285
266
259
355
198
150
295
258
370
181
251
329
202
419
142
359
250
383
215
285
273
323
237
283
317
127
357
400
217
370
259
305
395
305
385
331
395
373
290
298
164
215
262
270
320
428
209
245
268
242
259
202
314
274
412
282
281
218
286
339
219
278
292
274
462
291
301
299
373
402
315
234
210
275
308
267
267
331
261
373
292
330
158
194
338
245
175
259
334
467
308
322
409
378
540
