415
627
475
587
447
634
255
735
331
615
475
603
334
631
286
507
311
627
251
678
483
619
487
395
403
679
279
618
411
627
439
567
503
675
475
798
398
655
511
591
503
559
499
591
383
635
463
659
419
686
543
643
487
563
411
571
370
467
415
666
299
623
423
614
490
575
462
639
499
503
470
706
575
619
471
618
399
575
298
651
431
595
503
535
443
639
371
635
366
702
495
539
347
479
447
655
371
655
371
611
330
466
367
583
363
711
539
611
275
587
495
627
483
511
534
703
551
586
579
479
474
635
319
671
435
507
367
559
451
654
423
671
495
486
395
747
443
606
267
619
503
563
331
527
626
667
447
631
482
535
335
663
447
666
391
531
427
710
331
651
355
547
419
611
407
575
351
630
387
611
431
742
435
667
463
723
478
667
431
615
363
579
371
467
363
583
363
651
291
627
551
587
523
614
399
619
510
575
507
571
359
750
358
523
375
595
295
567
459
583
383
611
283
498
359
598
447
515
419
615
319
675
451
607
383
650
455
679
435
495
362
575
438
682
303
570
455
527
331
635
359
571
523
675
459
635
379
542
387
407
367
603
398
514
243
635
479
671
443
647
375
523
387
706
355
610
427
795
379
659
415
719
426
583
499
603
367
779
403
563
427
851
542
503
310
555
367
538
430
687
511
739
406
711
247
695
291
679
367
583
291
651
351
615
187
695
423
611
475
663
315
579
386
638
487
562
407
507
386
618
419
635
463
514
335
631
347
571
495
567
283
679
419
734
407
527
274
563
507
631
542
527
455
551
443
703
367
531
451
630
483
555
523
706
419
631
315
619
407
622
415
526
414
851
259
571
611
607
495
511
579
659
603
679
351
607
410
639
447
647
455
751
318
522
363
654
423
483
414
599
471
611
291
447
367
691
551
503
370
523
427
622
447
607
271
691
543
543
411
583
467
479
379
595
523
539
467
631
438
631
371
623
391
650
347
527
398
639
351
626
403
662
323
511
426
679
547
631
498
591
375
643
435
583
531
615
323
719
318
603
311
735
475
663
386
646
531
607
387
555
299
443
483
703
275
503
446
662
415
606
571
679
439
735
451
694
259
575
435
667
338
787
427
530
499
443
450
594
435
647
555
662
539
591
411
642
470
503
179
427
107
347
282
623
366
547
495
598
315
819
407
398
467
363
446
347
339
455
363
451
283
427
327
343
475
395
419
451
415
267
318
314
390
375
399
379
359
339
415
355
283
450
395
359
431
378
423
403
311
395
395
407
431
435
319
366
423
294
571
303
547
443
482
211
555
471
251
430
283
255
423
307
435
359
383
243
323
379
375
523
347
315
342
415
423
479
407
298
291
295
415
346
315
487
423
323
411
239
290
447
311
347
355
379
495
451
383
359
343
335
467
391
455
379
263
339
354
543
391
287
567
327
435
555
427
335
371
347
527
331
423
327
515
179
279
323
467
311
555
399
359
495
459
575
411
311
410
427
395
291
311
223
383
306
363
246
443
307
447
427
331
467
515
294
359
535
423
407
383
355
522
351
319
455
415
511
507
371
459
223
367
419
203
327
383
447
375
531
391
399
471
331
431
387
391
367
450
383
227
407
483
367
350
351
410
406
363
359
346
310
399
243
419
375
419
411
455
459
507
383
443
431
391
390
267
343
443
415
391
351
331
447
283
411
439
431
495
402
342
387
475
631
343
346
483
491
319
255
322
315
451
295
535
343
299
286
491
459
443
294
355
455
355
471
331
319
395
403
455
515
355
274
335
407
427
435
210
427
223
347
323
463
455
307
383
455
683
427
382
299
487
463
351
294
223
431
394
467
343
395
355
442
410
455
355
303
414
431
371
231
427
322
415
463
335
271
315
387
463
367
443
255
502
247
310
306
314
275
387
319
275
362
411
343
419
302
442
359
479
219
467
399
330
419
262
434
498
383
403
395
375
463
455
443
403
443
327
270
423
382
370
371
459
378
307
507
415
462
395
395
459
259
355
358
335
538
427
343
499
259
343
375
307
383
354
474
487
463
475
299
339
419
379
251
399
411
195
451
279
415
471
426
499
327
386
295
359
395
370
418
371
399
426
511
223
463
442
295
467
463
330
347
522
403
394
327
462
447
466
263
394
259
367
351
363
295
419
363
315
387
370
327
339
475
267
431
467
359
463
406
467
463
431
510
355
299
355
311
443
271
335
274
343
371
411
275
367
271
399
387
431
239
507
303
410
267
375
299
511
446
295
475
386
483
315
235
411
282
315
327
371
443
347
303
427
279
427
367
375
291
487
390
263
411
407
343
443
434
403
271
403
271
539
395
418
342
287
266
359
130
374
390
259
459
