330
566
389
575
527
699
542
598
331
523
691
779
290
787
559
599
430
647
557
715
485
719
419
615
323
758
447
747
467
594
535
654
495
610
386
655
338
599
313
663
386
654
342
595
506
563
502
454
439
598
415
647
262
590
413
514
399
711
591
607
402
570
399
562
506
695
519
718
383
754
355
535
363
667
430
635
555
599
558
742
511
535
283
575
415
559
478
510
534
607
423
486
447
590
523
603
431
623
467
523
515
543
562
622
290
623
286
575
342
670
379
710
491
735
470
487
430
526
542
719
463
561
311
659
623
631
498
702
402
557
457
627
463
679
559
683
271
715
571
646
283
725
367
701
491
595
439
719
483
627
575
739
363
574
343
515
431
595
430
655
514
615
594
751
307
663
461
759
431
523
343
567
463
743
275
575
503
627
471
706
355
663
471
703
435
663
383
687
431
499
370
607
443
731
387
702
579
703
414
627
443
482
451
766
431
795
359
570
415
687
455
631
447
567
523
631
379
593
455
695
467
679
447
674
419
726
426
639
535
623
363
679
470
563
414
691
267
559
439
686
469
707
610
470
301
662
386
597
451
651
539
711
278
551
358
527
459
727
383
675
426
679
307
719
493
663
347
735
399
623
523
639
395
707
371
623
503
653
403
575
531
487
415
779
370
691
327
799
467
735
335
795
466
630
346
611
235
719
470
614
463
678
414
551
511
667
434
775
403
647
519
739
438
473
531
535
367
494
215
747
507
675
418
703
498
563
299
551
579
562
323
650
422
635
343
614
459
702
449
715
371
678
431
622
427
515
603
721
367
785
454
619
499
531
491
702
563
567
311
482
427
594
439
659
407
667
530
667
447
751
310
647
422
534
319
682
471
587
486
679
503
607
355
578
647
749
446
622
571
611
322
563
543
591
431
623
363
587
359
682
454
647
367
737
479
519
391
635
419
622
231
467
379
675
314
726
290
602
415
479
383
507
514
623
443
546
315
579
403
642
471
661
307
662
607
554
614
691
295
763
327
590
398
715
271
551
423
627
605
675
499
651
382
589
422
815
443
607
519
691
467
665
498
614
417
707
475
647
495
707
399
695
375
659
459
579
287
602
509
499
511
599
371
687
647
662
470
559
377
647
378
727
422
646
351
607
563
345
91
398
0
495
91
535
430
601
398
598
426
727
279
346
286
455
367
299
499
527
385
435
387
455
519
370
343
438
371
323
395
459
407
483
419
342
441
421
303
327
310
379
518
415
362
259
483
447
471
286
345
495
274
391
375
299
223
315
519
439
526
523
415
491
498
347
501
431
326
406
587
426
443
351
519
418
287
318
399
535
523
367
429
374
355
531
375
439
519
487
478
563
479
231
302
399
402
203
423
359
343
357
395
462
439
451
326
467
467
411
415
335
486
371
467
271
531
475
570
387
371
415
531
447
342
315
515
503
430
243
399
334
435
375
495
503
459
322
343
438
282
273
431
315
427
462
398
335
367
391
371
438
426
449
446
343
387
427
430
502
467
439
463
423
363
359
549
402
295
295
415
494
355
419
355
319
423
390
543
439
439
366
355
327
431
311
379
371
561
255
225
387
303
367
427
490
431
422
515
315
383
303
451
407
571
339
451
423
439
503
467
439
422
349
371
383
411
483
526
451
467
419
303
438
526
347
526
455
459
382
518
339
387
443
506
306
327
394
279
363
471
427
410
335
570
418
471
315
347
363
322
321
463
375
426
570
406
443
323
521
279
479
407
215
430
319
363
415
479
438
331
565
542
303
459
399
395
363
438
467
495
365
421
371
482
371
355
291
351
315
338
331
407
541
454
323
458
395
439
335
407
354
550
545
281
347
279
402
455
409
435
357
363
327
434
306
498
303
563
455
375
450
511
397
299
378
329
425
379
327
479
455
403
391
347
494
485
238
297
487
406
367
539
415
438
411
531
395
467
483
354
454
371
319
459
335
459
426
193
339
485
285
429
287
446
406
479
387
442
367
378
375
442
342
543
455
427
385
582
466
323
502
343
591
619
579
442
414
329
315
367
323
315
415
506
299
431
435
357
478
335
379
515
427
431
283
435
286
379
295
446
395
443
395
447
531
378
514
491
335
506
551
338
319
471
446
455
541
309
351
387
322
561
390
395
439
395
423
303
403
283
538
602
335
318
359
471
475
462
365
391
451
367
349
386
406
331
403
271
493
345
327
330
462
437
437
403
347
383
281
423
459
423
351
551
399
511
223
511
478
239
511
475
475
430
422
410
518
354
447
338
257
367
309
351
495
421
434
295
299
395
374
429
371
306
355
414
514
419
279
363
474
299
447
271
387
294
310
403
387
534
467
589
586
563
963
