399
495
419
427
347
691
383
563
367
495
451
571
295
559
355
511
419
523
439
595
311
587
359
499
391
471
295
595
423
539
359
671
355
607
379
463
291
403
267
447
319
423
263
575
487
519
379
635
431
555
459
527
355
543
335
623
499
583
339
611
287
519
251
587
439
435
291
519
543
503
187
551
355
723
287
515
367
583
251
659
415
607
423
623
515
655
471
623
307
535
203
587
347
459
435
603
331
599
303
479
319
559
311
403
275
739
295
503
311
491
283
579
375
491
367
495
215
455
383
527
275
543
275
499
339
539
319
611
443
583
419
627
471
715
435
631
327
531
335
535
467
527
415
667
271
627
339
679
339
615
367
423
283
527
407
535
447
503
499
735
327
595
347
327
559
503
343
607
331
571
419
499
399
495
547
583
399
495
243
499
315
443
379
519
379
539
367
639
547
359
335
715
387
515
287
571
491
675
351
499
279
635
555
403
383
495
427
595
367
459
447
507
347
599
411
471
363
567
351
571
291
639
371
527
283
491
463
623
467
627
391
439
319
531
315
555
631
499
395
527
355
419
359
699
231
483
247
535
459
643
427
779
275
507
411
599
411
579
395
667
383
567
271
735
187
475
387
531
411
635
403
563
447
659
403
487
387
559
435
455
391
555
431
523
499
619
367
547
499
447
403
671
403
563
351
447
443
515
319
523
351
651
427
743
375
507
387
683
355
567
351
567
391
579
371
447
407
511
347
667
367
659
439
551
459
667
331
487
355
511
315
535
455
579
431
399
503
659
395
551
387
663
191
659
367
607
299
539
375
499
359
595
375
623
423
599
259
471
327
755
423
547
479
615
423
439
351
479
395
587
419
659
359
691
511
555
347
563
311
743
231
635
435
555
523
663
371
599
479
635
411
495
339
511
271
475
455
507
367
603
375
451
367
515
299
583
295
487
191
499
411
607
379
591
503
523
519
599
435
599
423
603
367
431
339
611
363
403
423
559
355
659
299
519
335
495
367
575
439
607
407
487
215
603
423
567
359
443
407
539
383
667
331
627
319
591
463
575
323
503
375
559
411
535
423
639
435
635
283
499
479
495
471
655
367
707
371
591
383
671
411
687
451
675
379
671
339
559
435
519
383
683
399
471
451
611
335
463
39
315
159
303
0
483
391
543
347
479
331
603
319
199
423
327
327
331
347
223
307
307
399
331
427
299
287
543
387
495
339
407
267
419
455
475
335
331
151
379
279
215
351
343
423
323
407
443
323
339
323
319
323
343
219
243
299
375
343
491
263
331
379
279
379
295
311
323
427
159
239
239
331
371
391
191
483
419
431
319
267
439
267
467
319
331
351
407
419
231
299
235
363
307
263
411
271
439
395
295
231
187
391
355
211
423
399
311
187
363
471
427
307
323
403
379
447
407
343
271
239
343
455
407
367
383
203
415
299
347
403
239
323
375
327
251
375
335
295
247
471
279
387
491
399
315
311
259
275
355
279
387
367
347
175
283
319
259
323
267
359
463
383
355
363
379
407
227
291
335
331
327
487
315
303
303
467
415
171
347
371
131
303
311
391
243
187
267
259
411
263
387
271
359
319
275
431
323
211
155
347
299
523
355
247
335
327
379
527
359
471
371
331
415
295
207
455
359
259
387
287
375
287
215
391
431
459
255
351
307
171
391
391
287
271
331
403
279
371
343
319
323
315
363
515
379
379
231
219
423
443
259
351
515
475
271
235
363
379
355
339
219
463
339
363
415
315
415
215
399
423
311
351
311
243
235
475
211
311
367
263
379
411
427
395
363
375
399
379
255
303
347
255
351
263
319
403
295
407
303
323
367
479
327
323
307
311
303
295
335
419
271
267
355
399
347
343
375
395
231
311
335
367
379
291
199
291
295
339
291
303
275
315
191
371
387
155
367
359
407
351
359
235
335
443
287
495
327
227
299
291
283
351
419
315
371
339
371
279
195
343
391
275
251
267
279
463
263
319
323
223
351
251
339
371
335
411
431
303
403
311
467
323
303
431
315
347
375
247
219
335
267
283
311
363
359
267
335
387
279
427
287
367
387
427
279
431
439
443
379
415
163
315
419
427
431
407
355
259
487
371
243
235
303
315
339
327
251
419
279
403
379
403
235
279
255
307
275
311
387
403
383
343
347
343
327
343
267
423
383
479
323
427
263
403
187
219
203
363
439
183
411
391
443
311
295
251
327
295
311
471
343
327
319
339
463
427
291
427
423
343
295
327
375
311
459
235
243
439
227
271
171
383
371
299
375
243
263
299
383
435
203
475
311
203
339
327
303
231
347
375
515
163
215
211
319
247
411
339
479
311
207
319
251
447
431
