395
563
263
679
511
627
207
447
215
535
410
435
291
599
167
499
334
563
335
443
187
651
259
375
283
563
459
655
255
547
363
519
295
607
327
603
139
503
359
563
171
543
283
551
371
515
359
611
295
631
203
483
339
598
383
515
391
571
199
535
395
447
307
563
295
659
271
603
319
507
391
471
379
475
387
487
362
603
319
483
447
551
387
487
347
467
399
347
259
411
315
451
363
478
419
499
327
639
207
658
367
491
323
467
315
651
346
375
251
415
191
415
283
495
319
439
271
367
327
503
323
515
311
583
227
455
295
459
295
479
195
475
247
607
311
439
291
555
291
471
319
539
263
623
255
530
266
479
403
407
255
515
427
435
335
599
403
591
363
451
235
511
367
483
282
519
307
491
207
507
243
506
347
515
335
659
319
415
411
411
275
535
279
467
455
430
363
455
390
455
243
615
271
610
195
627
231
547
203
499
167
579
387
523
315
447
287
491
323
531
259
503
335
511
239
451
339
515
211
603
423
511
367
431
299
503
311
554
311
715
219
463
403
503
355
623
287
435
359
483
279
507
311
375
315
383
467
443
299
327
287
355
327
454
351
443
407
579
323
519
371
531
410
487
207
639
267
539
347
539
255
499
343
531
423
623
211
631
247
471
259
475
227
571
307
566
463
587
327
427
411
387
451
611
311
415
295
610
391
583
207
427
263
459
319
603
203
471
395
415
255
523
355
487
295
603
223
327
287
539
246
555
275
515
451
467
383
587
275
627
375
523
431
683
387
471
147
499
399
507
335
427
471
391
303
567
311
459
391
487
307
519
299
643
339
631
423
471
339
587
395
371
407
483
387
439
379
475
375
650
262
591
339
547
506
450
199
527
491
531
343
447
411
507
311
567
367
547
331
567
318
487
391
531
299
563
234
455
423
579
371
591
187
523
299
571
575
575
235
519
383
547
331
591
395
547
383
471
315
499
227
443
355
335
395
655
215
495
303
527
251
506
395
451
467
691
403
439
247
479
239
523
287
531
266
619
375
395
227
451
483
603
395
667
211
415
223
570
211
395
287
431
411
531
419
499
347
551
419
635
335
571
371
475
195
619
310
443
247
535
319
519
307
411
163
403
371
439
215
479
415
419
303
447
335
527
299
403
63
243
0
179
27
555
383
395
291
491
283
515
359
215
375
323
259
343
263
343
307
127
247
330
379
307
251
247
107
218
423
363
371
375
191
135
323
242
295
287
267
323
307
259
319
335
299
295
367
187
395
311
115
335
399
247
363
195
255
355
267
267
223
350
155
259
231
347
299
351
399
359
315
143
259
215
255
247
355
375
339
327
227
155
191
259
279
271
367
146
82
378
223
351
334
347
403
335
311
230
163
187
271
299
151
423
299
339
203
339
303
263
291
391
359
95
375
102
303
299
131
339
115
267
251
395
243
239
215
375
331
351
411
303
295
326
267
139
347
251
251
171
251
255
319
227
355
295
247
311
183
303
230
171
227
147
323
255
279
231
275
123
291
399
267
199
223
391
275
279
235
259
267
411
291
295
431
195
275
275
415
255
314
211
279
175
111
315
291
322
319
379
371
303
311
251
191
331
251
223
319
287
311
327
263
175
255
299
411
155
346
119
375
263
295
235
211
391
123
430
299
223
259
199
303
255
263
363
287
307
459
283
251
319
347
299
379
339
471
319
259
251
507
431
315
223
327
351
339
203
231
363
307
271
295
287
362
307
479
403
327
318
391
339
223
210
247
294
283
287
375
243
219
287
411
275
326
275
279
187
318
195
267
275
291
343
279
251
327
327
331
279
359
275
147
159
219
271
351
151
343
219
391
323
195
175
195
279
351
198
182
199
307
423
259
243
275
171
223
347
242
303
219
143
183
322
371
371
395
243
255
339
391
151
239
355
443
283
299
295
215
231
291
55
351
375
231
199
355
375
307
267
279
87
307
123
151
399
467
367
227
175
171
387
367
251
275
227
191
415
395
251
339
295
311
251
223
322
198
251
331
175
255
267
287
315
207
255
323
271
243
199
271
222
447
415
331
331
427
203
179
235
223
203
255
271
287
387
315
379
323
203
379
311
383
359
299
211
283
459
371
327
455
307
291
219
235
330
203
339
311
327
307
115
267
235
251
335
163
211
291
247
295
367
203
335
407
359
363
359
331
271
391
387
359
275
295
383
267
279
331
299
195
379
407
371
399
375
343
231
439
155
283
507
283
207
307
255
295
451
303
247
335
395
271
195
259
219
223
354
331
355
367
219
279
323
407
295
235
375
335
259
235
467
231
235
151
379
267
363
259
167
247
411
219
207
235
247
250
195
443
463
447
523
523
755
