322
578
379
467
311
574
434
551
358
391
290
379
311
527
359
423
251
503
275
415
314
463
335
507
310
550
179
467
187
439
466
579
307
590
395
463
258
579
406
538
251
471
311
363
419
475
335
435
374
487
307
559
335
518
243
531
227
535
395
335
327
474
275
606
327
510
359
539
231
426
279
507
303
443
263
603
363
459
283
499
435
523
327
427
383
655
251
635
207
459
291
319
287
335
423
287
355
611
439
403
203
483
274
490
250
535
323
387
307
495
319
599
330
599
335
638
291
531
347
543
227
514
311
435
279
359
215
463
314
431
403
499
263
427
391
559
279
462
303
530
343
427
391
411
303
414
347
491
351
595
146
619
271
483
239
603
307
490
147
587
407
551
231
659
267
571
347
463
295
431
295
523
171
587
323
523
423
507
383
475
375
503
335
567
243
383
358
559
375
635
415
431
415
570
275
559
207
586
295
463
295
459
263
575
190
587
195
503
215
411
307
635
211
475
343
415
323
491
242
443
322
430
211
419
187
535
299
646
403
523
219
407
279
347
407
563
363
551
367
499
355
539
399
543
279
479
59
639
335
394
275
451
239
259
303
486
311
578
295
382
199
559
347
515
351
431
307
631
375
455
403
606
463
535
319
447
299
519
323
407
250
411
303
431
422
471
323
563
459
471
315
375
379
515
263
510
330
475
179
459
278
634
187
427
271
551
350
530
235
595
466
375
267
455
235
471
387
503
267
499
291
495
291
511
358
402
346
575
443
443
207
466
182
515
215
491
343
423
426
643
127
435
431
399
219
475
295
531
335
575
427
539
355
567
359
663
279
502
270
518
95
487
235
507
279
491
286
435
394
534
403
562
306
478
427
539
371
443
434
498
339
395
278
559
279
479
190
538
231
446
151
571
139
550
386
427
243
547
171
495
371
567
263
523
199
431
419
467
383
595
167
391
271
483
211
563
311
495
474
587
283
467
275
347
191
442
259
503
527
594
283
411
282
435
271
419
355
463
387
583
223
459
350
610
247
359
287
575
471
518
406
427
418
395
283
519
239
551
267
491
231
547
343
615
286
551
258
643
355
467
323
487
282
563
383
523
203
414
235
535
211
515
155
611
343
607
211
450
215
491
235
623
310
475
291
547
327
190
7
103
0
327
59
463
483
523
471
555
231
535
282
287
207
163
219
131
459
379
355
278
287
246
258
226
367
255
223
242
306
259
259
195
351
267
346
83
291
355
335
259
235
331
522
319
323
335
243
203
302
283
279
487
178
267
198
243
194
191
163
303
363
243
271
151
403
202
307
327
295
147
207
223
255
262
239
407
279
383
383
211
299
267
199
231
174
223
255
287
295
219
403
395
407
247
551
363
299
231
235
383
234
219
271
331
171
210
218
123
367
303
291
327
231
258
410
403
359
247
203
247
291
235
379
279
291
179
367
286
359
279
299
322
179
230
279
183
367
311
394
247
363
391
310
247
311
243
187
167
287
131
191
123
206
287
386
219
263
375
291
154
271
327
199
387
215
367
311
195
207
226
163
259
271
178
190
246
219
366
179
298
147
299
379
131
339
342
199
170
279
383
395
358
251
323
207
183
295
299
391
267
254
299
347
211
303
291
263
143
319
226
254
307
255
167
171
390
311
286
411
314
231
295
323
315
355
266
406
262
367
247
339
190
263
219
255
219
279
398
267
383
379
199
327
315
351
187
383
247
210
379
443
239
383
267
267
355
91
239
359
291
303
263
222
287
275
154
258
151
215
382
403
371
327
235
298
335
331
163
354
131
338
358
291
207
30
203
187
382
335
303
299
195
275
287
387
327
127
235
259
326
463
346
259
271
391
351
291
267
355
367
182
295
174
327
319
147
419
322
375
243
426
295
387
307
139
231
115
251
146
151
339
154
315
243
379
271
383
154
187
239
239
139
218
327
343
331
431
307
226
267
207
127
155
170
306
367
363
319
243
211
267
247
439
335
347
167
379
255
347
194
326
471
303
399
131
123
402
295
419
291
291
126
223
231
155
346
183
163
207
407
283
255
230
323
338
371
231
350
307
319
399
267
286
259
275
151
351
230
183
123
439
179
270
323
263
291
215
223
407
275
503
291
371
351
523
310
459
283
259
286
267
259
355
199
151
295
259
371
183
251
330
203
419
143
359
251
383
215
286
275
323
239
283
319
127
359
399
218
371
259
307
395
306
386
331
395
375
291
299
163
215
263
270
319
427
210
246
270
243
259
203
315
275
411
283
282
219
287
339
219
279
291
275
463
291
303
299
374
403
315
235
211
275
310
267
267
331
263
374
294
331
159
194
339
246
175
259
335
471
311
327
415
383
547
