467
675
503
691
463
675
419
743
567
763
439
591
483
586
411
763
563
655
459
803
555
703
455
695
387
811
419
623
511
687
559
718
471
814
518
659
607
631
626
735
499
671
395
655
367
707
511
642
523
631
595
707
583
771
603
751
511
711
575
583
463
639
403
807
595
799
535
679
575
675
402
850
463
859
519
683
527
767
559
611
647
723
455
651
439
799
763
691
475
755
531
787
335
795
538
611
455
727
543
635
523
738
503
831
547
547
547
722
443
603
431
766
487
699
459
631
367
679
571
679
587
591
463
578
575
719
519
723
559
755
535
823
643
823
503
635
527
743
559
771
527
699
579
703
499
819
499
819
471
667
495
747
607
695
379
763
375
599
479
627
507
551
591
759
331
787
475
755
579
579
643
715
583
735
619
711
522
643
451
674
543
631
399
671
591
811
415
695
435
843
471
699
443
655
519
875
543
674
511
710
443
767
687
803
495
711
515
691
523
751
547
715
371
759
595
823
451
695
571
671
463
819
399
715
503
811
411
798
587
719
503
659
566
515
427
815
311
715
626
739
655
739
691
839
343
543
399
755
419
631
447
763
531
663
475
587
439
723
519
735
335
731
579
763
543
594
351
771
519
783
567
806
443
783
595
807
427
647
431
799
543
691
447
663
531
703
487
723
591
847
502
555
574
699
643
779
591
698
627
675
527
699
523
698
519
699
507
659
511
691
583
691
399
835
511
683
571
719
479
715
495
743
518
691
403
691
455
739
771
667
499
619
611
723
487
695
555
671
395
703
379
575
703
815
447
930
447
787
619
634
607
779
479
647
499
643
431
763
579
679
567
571
395
691
551
627
531
846
423
935
615
751
566
723
675
683
491
651
575
599
519
723
491
787
463
715
555
594
595
615
571
635
362
715
634
783
527
751
567
615
487
730
359
743
463
627
491
747
443
871
543
879
455
631
562
943
439
751
470
655
491
667
367
630
679
747
602
687
399
623
555
679
411
775
431
791
619
803
423
759
563
691
555
587
571
650
427
799
447
690
623
715
507
819
467
635
547
647
475
674
543
763
590
647
527
607
511
695
415
523
511
583
479
815
495
747
555
675
487
731
355
711
490
759
607
874
595
615
547
595
607
863
558
855
455
611
559
619
283
470
191
431
183
667
519
755
467
631
515
635
519
459
467
519
639
543
611
499
539
379
430
415
543
407
479
519
559
515
562
411
483
343
403
555
559
487
431
323
355
431
439
483
511
503
535
535
439
395
347
503
591
479
579
451
479
487
483
335
411
479
471
403
431
515
379
503
439
391
607
519
467
543
699
463
587
623
603
459
435
463
627
507
531
363
527
403
567
527
503
362
503
515
587
379
439
531
551
583
411
535
415
299
503
571
371
483
435
483
443
423
582
527
471
383
455
491
411
359
383
359
431
567
279
527
459
611
519
567
534
539
443
419
459
423
359
411
443
459
430
487
499
491
531
570
578
551
575
459
439
571
411
475
535
427
447
518
355
443
475
551
590
539
447
427
431
370
375
591
491
535
499
490
575
418
443
507
451
559
659
363
491
482
419
443
435
479
498
403
543
475
599
431
479
551
303
434
283
411
431
455
535
547
507
467
495
511
563
479
559
539
483
651
459
519
471
507
523
411
359
423
527
583
487
418
543
363
303
495
447
407
443
463
495
443
563
438
407
343
539
511
463
487
542
475
375
375
431
379
559
603
451
511
527
363
579
578
571
543
447
387
367
475
319
447
515
443
631
471
411
463
515
411
539
547
603
467
579
551
419
326
475
443
519
519
563
583
383
539
579
523
430
475
555
439
479
527
515
519
483
375
543
579
335
403
427
575
579
571
446
595
563
455
479
587
583
507
499
631
562
535
499
667
642
371
503
379
443
267
615
350
527
351
631
523
463
447
367
495
407
483
463
371
407
327
479
563
439
495
519
491
503
446
467
610
443
475
470
458
595
331
499
543
539
343
339
555
567
439
458
419
631
383
507
499
410
419
615
595
531
535
367
455
407
431
466
531
335
459
474
471
483
543
407
414
451
467
559
323
547
446
447
511
451
495
451
391
511
539
511
371
435
451
471
487
490
527
539
335
467
363
423
363
431
535
467
387
627
495
467
499
423
479
499
503
567
327
498
507
575
439
483
383
419
494
495
555
478
483
439
347
459
535
399
543
371
391
531
527
407
531
431
515
587
435
475
595
547
463
495
371
547
427
554
483
411
443
411
479
478
471
675
519
439
579
419
399
415
563
539
559
467
599
495
555
522
483
554
599
487
411
343
455
471
443
367
519
547
527
527
427
323
443
611
387
462
547
543
379
251
211
263
251
231
483
