471
771
567
905
635
726
571
739
591
739
707
803
567
710
578
831
459
775
535
862
595
723
631
675
726
771
527
731
563
706
607
702
622
835
674
647
534
798
606
767
523
647
634
817
671
650
519
827
494
783
607
827
658
827
506
745
649
849
439
795
619
831
639
815
578
806
549
789
598
679
611
879
546
726
607
666
671
703
499
687
571
734
607
770
605
719
463
911
607
811
674
594
579
818
542
801
710
907
418
845
433
791
518
754
411
847
639
703
415
795
455
743
695
767
678
859
583
723
563
766
515
803
571
917
663
755
662
871
471
803
711
807
723
727
527
691
491
799
547
778
555
823
526
811
659
743
567
818
547
763
537
802
614
643
551
835
529
723
583
827
499
815
595
763
691
719
654
843
567
843
543
663
630
773
691
875
587
978
574
855
513
847
511
895
654
870
594
665
651
771
483
799
563
727
535
826
491
783
643
727
590
747
559
791
651
870
630
678
567
915
611
617
683
842
571
823
601
723
567
843
703
755
498
731
550
778
647
827
511
803
511
643
514
586
579
735
582
701
577
957
662
734
702
759
619
803
675
917
561
682
581
755
507
754
535
826
675
859
611
650
631
811
342
926
515
702
595
767
522
906
435
811
571
911
417
747
542
851
702
782
507
811
611
723
626
763
467
787
563
735
579
882
431
883
499
907
501
811
470
715
611
739
467
739
662
802
599
747
503
727
471
839
595
845
579
775
587
634
523
851
647
835
643
882
482
655
463
799
621
775
559
727
523
699
659
833
587
731
555
791
358
783
551
749
515
679
443
787
547
819
658
685
726
563
587
799
565
783
451
835
575
765
569
767
659
751
549
823
602
739
559
775
739
786
535
823
614
798
478
755
530
718
610
755
579
938
703
759
667
699
591
771
542
751
750
783
631
735
662
866
687
731
515
843
463
883
679
749
486
783
630
874
687
727
789
599
526
705
535
823
530
843
555
885
503
819
527
755
539
859
534
779
475
743
571
779
667
714
467
851
723
803
587
706
719
871
639
750
658
843
603
715
599
695
619
879
643
582
543
731
603
726
514
683
571
651
570
779
535
827
559
925
522
779
651
775
319
714
391
691
547
731
507
991
615
667
501
819
587
647
466
723
622
735
470
846
677
563
459
503
343
527
315
689
511
822
558
633
606
763
491
511
575
613
639
566
595
439
631
558
671
482
377
626
539
506
501
462
498
571
655
435
559
507
551
475
546
515
698
603
575
450
711
547
547
531
694
598
839
638
514
527
466
451
547
427
370
411
523
515
617
458
514
623
541
579
506
663
559
571
419
461
578
539
495
515
567
466
523
467
417
507
566
531
446
543
555
623
551
539
562
435
562
527
566
535
435
575
542
715
583
479
663
486
570
563
590
615
639
643
539
685
547
670
631
519
755
611
631
563
551
475
730
499
378
547
486
439
659
551
407
523
519
515
499
519
635
587
583
543
486
590
635
395
547
563
615
586
570
559
571
475
603
607
487
550
543
435
567
682
431
522
611
415
450
473
519
511
495
543
630
497
574
395
619
570
459
578
411
715
451
642
631
467
491
623
558
565
615
675
515
514
562
643
786
506
643
535
686
519
687
618
559
507
587
535
539
515
655
531
599
659
653
555
602
491
463
547
455
618
483
507
575
522
830
615
467
653
419
635
487
634
678
582
595
495
534
439
494
566
538
583
667
574
563
467
622
455
627
463
623
527
523
547
723
539
469
642
666
499
559
447
583
623
422
493
519
531
587
442
646
675
551
590
547
459
467
591
487
591
679
623
506
491
531
609
478
487
615
482
519
551
574
482
415
666
483
422
479
599
461
435
507
575
722
483
739
539
655
527
627
515
642
461
571
491
735
569
418
607
491
575
507
534
347
518
579
607
519
479
573
615
671
655
587
551
562
586
751
495
411
483
521
575
618
567
466
495
517
547
723
554
347
573
542
495
543
547
639
526
555
587
607
550
523
607
453
533
525
678
605
569
695
506
457
431
443
574
471
687
675
606
555
399
819
523
585
450
413
450
638
655
663
458
399
699
571
695
494
469
535
451
406
606
478
578
646
543
590
570
443
563
550
667
603
627
475
675
553
547
459
527
555
451
575
634
542
594
602
554
462
526
563
503
558
495
462
387
522
466
635
515
526
447
502
499
599
699
553
598
523
387
595
546
399
515
663
445
343
571
594
519
599
518
555
723
563
631
538
527
566
507
535
587
465
595
483
435
575
599
571
617
433
527
747
549
550
634
547
455
659
539
443
531
595
523
503
535
597
447
514
367
743
521
579
630
518
449
542
658
541
499
439
510
403
683
581
405
270
323
423
322
502
683
