327
595
483
575
411
715
363
547
283
603
259
419
527
607
307
519
367
367
455
579
407
471
399
567
343
583
311
603
471
655
331
571
443
691
351
459
351
439
279
619
451
767
515
659
391
599
363
435
475
491
315
611
475
431
323
591
315
667
459
483
295
651
459
623
395
655
375
583
515
503
391
475
387
731
419
567
323
599
459
563
307
587
463
591
491
515
427
603
331
547
499
435
551
623
367
603
343
551
275
499
315
547
367
519
423
511
455
603
239
523
507
555
343
563
435
531
651
583
391
687
467
503
387
687
351
663
499
623
423
463
451
523
415
427
375
559
339
599
295
615
475
595
527
575
411
587
367
607
463
591
515
587
375
575
359
479
363
631
399
559
455
571
555
519
299
671
535
519
243
571
283
535
519
507
411
535
507
555
463
559
335
591
163
659
415
627
379
539
323
587
327
607
375
595
239
455
355
547
303
519
323
583
295
615
259
555
367
475
283
675
295
687
403
655
467
591
487
575
335
523
319
655
399
695
307
595
427
531
483
567
335
643
311
535
319
707
471
503
415
603
367
523
419
639
327
567
471
579
243
587
383
487
219
591
383
635
423
471
379
611
255
523
407
611
255
707
363
595
443
583
523
627
415
547
359
535
459
627
299
447
403
531
511
595
479
515
515
603
527
571
399
599
335
771
307
527
431
575
443
639
355
663
339
639
187
547
339
519
351
619
427
667
463
495
331
623
311
647
347
539
447
627
435
667
283
555
427
735
263
523
415
707
407
671
403
643
395
667
371
611
259
463
355
491
279
487
415
619
411
591
479
551
287
623
331
547
391
523
359
643
283
675
255
495
283
679
351
487
367
579
419
631
403
723
403
731
435
483
439
547
339
655
379
471
391
523
495
699
343
719
339
351
207
479
387
611
479
727
211
775
411
619
531
659
335
551
315
535
255
523
367
627
379
491
383
659
407
623
195
575
387
623
367
699
323
547
339
551
355
527
443
651
427
647
487
515
423
679
383
615
455
571
327
579
387
631
335
643
339
627
283
671
371
495
423
579
299
583
371
659
371
487
455
719
375
547
331
367
355
627
455
547
335
571
351
615
319
599
459
675
471
619
451
603
483
411
407
599
523
575
291
627
339
563
263
479
331
583
103
315
155
319
71
535
247
427
283
591
263
511
339
319
267
467
415
467
307
507
351
219
499
315
291
483
311
295
323
459
475
339
355
463
399
479
395
491
327
483
351
259
431
339
407
335
427
355
607
379
411
375
447
255
311
347
527
319
355
371
383
379
307
267
395
415
303
287
355
363
491
403
355
411
463
315
339
423
303
275
571
287
359
455
371
327
371
351
515
303
303
391
339
351
283
467
459
387
323
355
259
327
219
347
375
395
331
503
299
267
439
287
431
339
471
439
323
291
295
215
435
323
423
319
299
415
419
343
339
287
459
491
467
243
403
211
383
339
163
327
423
307
323
359
555
427
411
311
291
487
355
363
479
371
451
311
315
319
427
367
523
303
455
391
383
431
339
279
331
375
267
303
295
455
347
435
375
227
435
443
419
467
499
415
175
307
403
419
391
511
463
279
351
367
383
407
355
347
323
211
347
419
351
367
443
223
531
315
343
451
431
379
427
299
427
595
271
407
495
311
391
255
419
323
439
379
391
359
347
243
423
419
339
311
323
295
271
375
423
275
351
459
363
439
399
379
303
183
311
343
451
535
347
419
499
387
367
231
411
447
375
395
355
407
199
307
435
431
451
335
399
355
359
375
379
387
211
315
415
267
339
475
343
331
375
315
359
315
395
351
587
307
455
207
299
291
271
375
291
219
391
223
355
351
531
307
351
363
399
299
359
423
423
319
307
239
327
491
431
351
399
379
323
295
339
347
475
387
331
343
387
327
383
207
355
367
327
371
235
275
223
295
227
379
307
291
359
251
339
383
399
139
359
223
335
403
319
383
287
431
375
275
331
419
259
339
419
335
419
335
423
283
315
263
347
443
343
211
247
287
347
351
359
375
355
279
495
343
307
375
419
203
367
355
331
355
315
387
327
359
375
303
463
303
207
335
455
291
383
359
311
411
287
219
319
351
371
471
395
343
227
239
463
435
307
395
359
355
259
491
387
535
419
307
371
387
319
263
383
367
287
303
283
283
431
355
383
307
479
239
423
491
427
235
315
179
375
331
367
459
367
311
519
427
303
339
407
199
139
275
343
323
283
435
303
207
439
307
307
399
399
291
259
359
447
331
411
287
351
403
419
275
351
315
227
439
403
355
495
295
319
387
415
315
403
379
339
211
267
367
423
411
371
319
263
287
151
251
359
327
131
319
203
319
331
575
