391
634
499
743
443
466
283
574
407
651
314
618
421
643
478
515
483
597
451
709
262
647
370
702
479
515
371
742
409
655
483
772
323
611
433
597
325
590
435
699
426
559
303
573
270
589
443
549
351
710
345
613
398
575
345
629
459
587
363
559
234
718
455
662
351
490
346
647
413
527
417
775
415
547
498
547
415
474
419
673
337
675
555
722
473
483
345
821
287
619
323
659
431
529
403
702
359
651
358
541
435
679
583
719
543
651
309
587
614
555
433
691
478
641
370
522
345
580
386
590
419
658
451
632
273
621
266
538
389
711
414
627
391
595
243
678
530
546
347
750
379
517
422
467
555
589
498
601
397
643
391
587
443
662
421
555
374
601
401
566
503
683
584
555
387
722
401
793
421
623
433
595
375
493
443
754
451
662
586
622
374
647
383
547
340
553
379
597
459
651
490
614
475
583
278
633
359
611
503
545
330
593
443
543
507
462
487
647
419
623
451
659
439
582
474
502
381
701
413
579
443
661
483
541
272
562
569
593
286
637
417
542
366
527
375
601
309
618
470
630
463
611
397
555
400
686
425
615
213
539
425
721
459
429
497
575
290
376
420
403
372
548
437
610
454
521
448
725
450
559
457
582
285
707
510
643
397
643
441
589
371
455
366
506
431
605
359
559
409
509
491
734
355
483
573
626
349
511
426
581
218
642
558
459
301
643
347
555
377
661
422
587
450
523
370
551
341
415
333
594
374
685
529
591
370
595
442
575
363
603
327
599
517
483
467
715
367
746
373
631
422
555
469
575
371
518
431
734
379
570
298
526
517
590
451
713
214
622
301
631
427
495
473
675
401
687
359
593
426
570
434
535
434
543
454
604
529
517
365
669
242
519
412
677
509
613
480
675
391
558
413
682
275
613
387
566
366
743
532
550
294
635
571
741
415
665
471
695
535
575
449
631
365
478
402
566
415
545
355
653
293
603
519
595
370
683
351
628
381
723
314
653
434
646
423
459
326
731
436
718
309
571
467
666
459
566
342
631
383
569
415
667
429
541
377
495
342
370
291
607
567
635
406
583
447
539
401
671
375
550
351
510
398
554
533
799
415
495
589
641
309
670
541
632
379
639
403
641
375
603
458
686
369
525
475
583
414
418
117
399
119
267
0
687
405
699
390
473
235
571
534
451
341
279
441
566
514
402
123
250
279
331
451
350
390
369
481
436
383
277
419
287
291
213
399
335
531
250
311
449
358
467
387
331
458
323
427
227
363
286
475
387
463
422
275
287
397
484
337
341
365
427
206
479
478
379
277
433
395
339
351
287
443
259
317
175
381
475
411
338
327
419
471
333
230
331
383
377
423
494
418
305
323
342
271
327
269
393
334
382
535
395
407
302
439
475
501
255
377
498
331
539
527
289
298
363
438
278
486
254
326
210
434
430
494
282
522
442
374
302
402
374
370
210
534
334
510
330
462
358
362
427
294
259
501
191
507
334
315
371
331
306
463
432
367
530
454
499
435
379
335
398
367
301
373
393
343
274
366
378
351
499
523
410
434
406
429
304
281
325
441
429
479
385
313
359
402
381
338
263
282
287
241
398
365
346
465
371
317
229
391
343
370
290
479
465
546
458
415
282
450
438
282
450
365
410
422
363
319
337
338
322
579
411
327
503
377
287
343
389
370
327
443
390
481
326
337
531
335
307
362
246
302
518
530
241
266
291
451
195
249
422
433
299
390
508
466
314
461
253
327
350
405
309
365
322
355
341
331
446
307
197
485
415
356
302
378
315
322
302
379
349
431
442
459
490
437
385
283
482
247
469
311
358
307
192
382
370
437
384
537
329
333
423
423
415
326
249
516
423
239
353
410
343
299
249
414
411
510
255
533
483
293
375
436
379
419
314
335
377
251
375
458
443
319
274
362
402
436
501
407
489
427
286
479
566
246
400
343
331
485
330
583
347
321
314
471
397
385
328
285
318
498
299
450
430
407
342
481
433
377
377
278
243
343
406
411
358
463
492
497
454
355
320
382
423
285
315
325
278
417
383
419
267
443
351
410
337
471
251
411
420
372
407
519
379
347
515
459
278
435
423
326
310
431
303
474
341
483
266
311
370
339
371
385
374
455
503
311
473
425
369
371
342
367
451
279
238
343
392
215
261
343
447
469
473
391
398
263
343
330
419
474
315
351
415
305
223
475
295
426
386
545
418
333
447
426
363
265
227
410
361
438
440
351
259
468
431
454
382
523
431
305
334
294
345
375
491
411
399
378
475
417
457
422
431
314
414
411
251
461
461
310
226
501
358
303
270
425
367
423
427
354
334
289
379
469
309
250
259
375
330
517
670
