331
335
287
435
259
411
267
507
163
519
307
415
227
399
166
463
283
559
311
546
83
435
247
578
251
494
231
619
183
443
331
535
223
483
251
507
219
459
362
374
247
491
307
466
195
406
239
463
243
339
319
506
335
475
247
551
339
387
222
387
231
459
307
390
350
543
395
583
251
475
319
483
263
435
291
502
323
539
259
539
295
370
215
510
179
523
235
483
243
407
294
603
243
515
267
539
231
463
287
535
255
430
327
463
250
419
459
471
159
611
247
395
167
467
299
507
323
379
271
403
183
495
159
542
235
407
267
582
303
531
263
370
315
382
279
394
107
479
179
451
295
383
335
551
211
455
403
407
227
543
251
335
255
575
427
407
355
483
327
471
319
551
307
407
294
567
331
406
223
527
250
479
179
583
295
379
447
586
371
487
283
483
319
395
263
431
386
431
191
443
306
471
339
663
303
503
379
371
243
419
323
343
334
359
267
390
251
351
187
534
247
510
299
475
163
387
375
523
311
443
243
491
351
623
298
486
243
479
195
475
171
430
207
387
314
559
307
415
187
635
315
475
255
431
291
459
278
427
231
311
215
467
231
379
347
539
354
535
303
483
279
426
299
551
323
555
407
430
331
386
259
467
251
463
175
383
239
415
263
511
319
591
319
439
227
483
363
427
287
527
307
439
439
459
247
455
239
463
203
495
198
443
315
623
147
607
307
475
407
607
219
479
383
470
267
527
367
402
291
495
298
583
395
563
271
555
367
487
279
507
226
530
215
659
339
491
339
543
395
499
247
439
391
507
423
527
411
483
343
431
523
411
363
479
427
459
295
511
334
567
391
439
207
467
179
339
287
483
391
279
355
383
203
371
250
527
279
466
203
454
227
495
335
591
299
567
194
446
327
447
295
467
375
399
286
495
411
578
239
462
371
479
379
459
223
399
303
491
227
455
291
383
278
491
303
511
371
463
483
539
395
503
271
427
303
482
315
499
415
539
327
443
263
543
255
447
251
415
263
411
343
519
287
463
275
614
411
511
343
471
266
547
275
471
303
499
294
663
239
615
339
459
311
555
363
483
263
435
367
555
363
607
275
591
231
494
263
395
331
503
383
486
318
567
286
331
183
339
335
403
315
495
143
367
435
495
142
319
51
307
0
315
7
499
291
411
259
415
282
391
311
275
243
351
255
335
211
227
307
287
363
227
267
295
199
194
270
227
255
343
143
307
202
306
279
115
199
251
367
207
234
327
303
203
275
303
298
263
307
279
207
271
275
167
147
279
243
191
411
203
187
235
327
331
307
282
219
411
318
83
299
271
315
171
202
263
271
203
167
126
154
291
274
350
339
183
291
226
355
111
251
266
266
306
94
183
106
187
199
259
239
235
199
283
399
351
271
263
270
287
263
207
263
331
151
370
286
267
283
246
171
263
223
227
467
303
231
327
375
171
171
251
391
227
183
247
315
199
319
386
314
215
238
139
351
287
287
283
343
207
415
207
250
283
315
263
290
159
275
323
383
251
190
267
387
323
251
203
327
143
254
167
243
339
311
254
203
231
347
215
223
195
215
219
295
215
99
323
283
231
359
123
227
271
218
183
295
143
310
207
247
227
191
338
230
142
295
419
331
402
367
155
195
315
219
339
395
227
235
299
335
239
286
206
174
318
263
311
295
99
283
207
379
303
219
351
306
339
359
315
399
290
171
215
199
299
291
319
171
215
311
127
251
183
226
267
191
319
271
191
243
271
422
343
271
155
219
79
323
275
299
303
283
391
147
307
403
391
231
263
315
199
287
279
215
291
307
287
239
299
343
363
199
123
207
271
335
179
179
255
230
251
323
207
303
159
319
278
199
291
267
322
223
359
319
175
163
131
279
251
207
214
191
274
95
251
315
139
215
210
247
251
303
243
271
267
167
271
158
239
303
307
311
163
251
278
359
211
303
123
203
203
246
339
295
214
103
239
207
191
231
251
235
195
279
243
275
171
203
351
155
151
207
295
158
183
75
274
283
271
307
139
387
459
346
159
271
118
287
143
295
246
231
222
283
270
135
323
199
358
211
247
219
150
187
251
226
279
303
255
231
190
299
163
391
387
307
259
143
274
263
167
191
279
218
119
235
131
298
311
259
407
359
271
262
371
291
270
327
203
299
258
319
355
195
287
127
107
294
175
191
187
347
171
326
51
219
235
283
127
387
279
323
179
219
175
183
55
263
331
235
459
359
179
175
191
139
415
147
175
199
234
306
223
251
287
251
223
103
179
295
195
263
223
183
295
263
159
199
239
319
211
183
267
347
203
222
186
307
210
215
231
407
239
247
286
174
207
246
251
207
187
311
518
