447
607
419
599
399
571
275
571
339
515
347
559
375
607
435
571
459
527
375
623
403
599
431
595
347
431
359
507
511
543
383
675
343
643
423
447
527
567
491
555
423
467
415
655
299
543
535
787
435
591
367
419
439
695
335
487
343
579
351
703
291
503
331
619
319
631
423
587
455
675
459
527
451
495
395
719
375
615
435
591
347
611
451
643
351
555
347
651
319
579
399
643
371
495
419
463
423
571
435
507
383
535
391
643
391
591
339
491
471
467
499
459
407
603
407
439
395
643
287
575
427
599
367
659
315
635
303
651
299
535
523
495
283
579
423
479
483
699
431
575
387
519
467
595
395
575
511
451
451
523
387
535
359
599
271
555
311
503
399
647
371
667
499
555
507
647
439
591
391
463
539
555
291
655
343
343
375
471
351
555
359
743
387
655
383
363
379
559
355
475
447
467
343
695
371
543
583
519
495
599
375
579
303
575
479
527
371
603
399
651
347
539
343
515
435
715
307
579
459
515
391
471
483
687
339
591
491
519
511
507
335
675
407
575
395
587
331
639
463
731
403
599
419
707
323
615
383
511
319
475
327
563
411
503
307
715
403
655
519
647
411
515
287
491
427
583
487
599
395
671
491
735
303
659
471
623
427
579
351
783
367
599
295
459
347
511
367
583
563
599
403
635
311
503
375
647
347
355
395
575
435
491
395
531
391
567
335
615
315
591
367
439
403
443
387
511
383
531
187
571
499
627
335
587
459
491
391
487
479
543
343
487
415
519
455
607
571
571
283
711
491
619
359
635
355
531
591
599
551
635
303
687
415
527
471
587
363
599
427
543
503
551
391
411
339
563
423
531
315
555
407
515
431
555
291
627
395
487
391
615
335
543
479
675
559
611
395
667
495
587
327
647
371
619
467
623
275
707
299
639
423
723
403
535
355
663
519
499
315
551
383
595
347
651
367
607
411
703
419
639
375
483
555
535
519
647
427
699
439
531
451
623
467
443
371
579
447
559
531
583
419
583
319
639
427
515
395
659
519
615
331
559
423
623
455
611
363
415
455
659
411
659
391
555
419
663
323
519
419
595
515
643
395
559
331
515
411
663
447
607
523
507
307
655
343
703
351
519
291
559
547
527
251
619
371
607
347
411
107
311
0
291
103
539
439
415
459
575
499
615
311
415
399
427
319
435
383
275
279
315
255
455
363
331
291
347
319
367
579
395
471
307
419
219
251
371
487
347
255
335
435
331
387
351
447
407
523
355
387
271
283
287
455
271
355
379
411
239
415
403
327
351
259
327
411
327
223
315
319
375
351
431
319
435
399
399
335
339
459
291
331
347
279
331
315
239
367
339
319
431
283
459
355
375
451
195
331
359
319
251
371
231
379
387
339
295
415
343
459
335
283
367
403
495
315
171
383
327
455
311
251
391
259
319
339
427
359
331
447
363
419
187
487
451
291
399
371
347
307
371
507
387
355
339
507
295
379
375
359
439
415
299
463
299
383
343
371
419
311
191
415
403
199
291
275
291
311
459
491
375
311
387
403
479
471
315
495
431
383
403
351
351
459
275
567
275
351
407
323
347
343
311
403
215
355
267
343
287
295
375
471
335
335
383
459
371
267
355
387
455
287
347
351
371
407
435
511
315
275
431
427
407
255
455
343
363
267
195
283
335
239
391
395
383
415
447
331
439
363
451
307
343
507
335
383
235
351
251
411
395
347
311
419
487
335
611
379
303
351
303
191
339
319
279
291
379
307
399
403
443
467
231
427
367
403
271
459
363
283
439
319
283
427
303
391
359
359
219
259
275
363
279
331
431
387
267
335
363
267
331
315
379
347
355
359
347
359
263
363
355
351
339
339
375
331
279
471
467
267
399
383
339
515
371
279
363
311
195
355
319
215
315
395
415
391
347
331
275
391
331
399
451
419
255
355
267
371
367
347
347
363
435
323
459
387
367
267
347
411
419
463
383
431
207
335
447
475
383
363
315
351
367
487
331
499
383
271
383
335
267
375
319
459
363
363
411
355
279
371
267
395
263
287
323
355
495
303
275
303
323
411
295
327
279
335
323
363
339
527
399
411
491
419
355
383
343
355
387
359
267
531
211
351
219
531
391
379
363
347
327
303
447
315
451
355
355
307
323
379
379
367
399
279
311
359
411
467
315
475
379
459
219
407
367
279
387
251
371
299
299
399
323
231
339
331
259
371
303
319
303
475
219
515
263
347
391
355
279
343
275
303
379
287
243
363
287
351
339
363
315
335
363
435
283
455
551
331
467
367
135
375
483
195
323
323
343
219
367
415
231
167
383
287
287
463
303
399
343
359
275
411
399
399
695
