639
819
570
715
619
631
475
755
559
499
479
663
627
655
583
718
611
755
471
599
679
831
603
687
407
631
543
751
575
867
583
735
591
679
563
759
595
799
455
743
591
887
503
723
671
715
639
803
679
735
534
735
495
787
399
747
483
735
583
878
447
699
471
771
579
655
495
847
519
831
491
871
683
731
587
783
511
719
523
847
503
691
415
783
542
659
555
727
599
843
615
747
451
747
527
887
527
779
615
667
547
579
547
767
619
851
543
679
691
707
567
771
639
735
543
791
687
795
499
851
423
687
411
747
507
743
603
827
731
731
519
803
506
834
531
735
639
727
503
735
587
667
499
799
555
739
607
763
635
695
531
826
495
667
667
699
547
671
623
822
459
807
615
775
582
679
503
827
678
599
551
727
495
731
503
811
410
863
691
779
495
823
603
703
403
767
595
762
559
831
439
891
679
827
743
667
623
747
579
607
663
766
503
747
479
771
511
743
707
903
543
803
547
807
723
838
675
699
651
775
487
735
659
807
551
746
587
891
563
699
567
843
619
655
523
799
575
771
434
951
575
703
522
671
619
627
482
783
707
719
643
606
591
615
547
791
651
795
574
703
659
739
623
655
587
547
519
783
595
803
491
678
547
771
511
859
523
627
499
795
487
811
491
619
503
662
575
687
547
823
535
646
467
670
455
795
599
655
571
695
663
847
527
879
587
835
591
787
491
903
447
887
491
707
483
635
483
727
539
699
659
711
499
598
435
727
515
715
583
711
639
703
567
783
634
691
551
755
635
791
531
767
559
851
499
783
551
787
515
739
543
747
655
619
579
683
711
738
515
779
527
707
679
719
519
795
591
767
591
699
495
931
447
711
699
875
507
703
615
667
491
751
407
707
559
839
647
719
619
847
531
759
487
731
531
819
491
823
663
627
579
655
647
747
511
734
531
682
551
703
499
751
515
679
571
847
543
871
603
759
603
706
483
799
435
719
607
759
543
811
539
682
519
858
559
851
471
703
579
735
531
643
583
843
483
575
583
926
699
715
723
859
515
843
511
779
307
723
439
703
411
807
527
643
667
787
539
731
459
863
595
823
451
743
551
835
579
603
631
811
347
779
599
863
538
783
507
695
583
731
511
855
503
715
631
815
535
547
247
535
247
483
399
699
519
731
611
607
543
743
443
499
495
575
559
535
494
355
667
479
543
647
607
367
443
583
483
443
606
547
475
499
503
554
575
535
499
511
579
583
567
611
463
583
483
655
631
475
391
415
607
491
503
591
467
535
527
531
611
327
607
591
571
451
431
555
511
643
527
607
631
515
583
490
571
395
547
451
467
415
531
567
507
423
635
438
599
546
479
603
479
631
451
507
603
591
503
571
555
563
567
519
479
455
507
495
587
439
583
523
519
599
654
550
607
515
447
635
607
535
579
519
539
491
507
603
515
663
455
475
351
435
591
443
579
527
531
547
367
399
659
479
491
487
515
522
402
411
547
543
483
443
627
607
699
651
459
535
527
511
487
523
383
431
455
631
451
442
531
443
583
390
607
530
391
547
607
595
631
542
483
455
371
427
531
423
403
571
567
702
579
343
495
579
467
395
527
555
434
535
491
487
431
526
475
579
463
475
411
451
443
599
571
431
599
531
695
575
547
575
567
615
583
474
467
463
647
527
799
483
563
575
631
459
478
503
435
463
615
435
555
323
467
703
511
379
407
443
463
519
487
655
607
583
551
487
503
603
319
343
647
635
567
395
538
527
547
531
575
519
451
459
543
443
515
559
543
587
515
487
551
515
643
595
495
663
563
451
530
571
603
635
559
555
419
431
555
419
523
447
511
611
547
559
435
475
575
375
459
423
611
398
539
447
411
551
639
451
655
455
471
499
407
475
431
383
451
534
551
543
571
451
455
535
567
567
475
587
599
451
455
443
471
543
679
395
559
583
511
523
623
435
655
491
591
531
479
443
611
510
447
383
455
543
591
503
547
591
443
431
563
675
487
775
515
491
535
431
659
607
463
471
507
591
467
575
631
471
543
507
507
519
479
519
407
447
547
727
547
402
611
531
491
427
611
351
579
451
543
727
379
611
579
471
547
619
563
583
559
467
658
386
611
507
667
487
522
415
639
475
523
535
647
507
443
442
510
522
479
499
643
319
535
555
527
487
603
503
583
538
611
507
575
411
447
455
471
459
439
698
571
571
531
591
367
683
611
595
415
535
383
323
387
575
622
555
647
599
443
595
535
427
607
403
399
367
655
363
555
471
611
603
547
567
523
647
731
519
539
479
511
431
559
450
587
463
559
495
579
550
475
474
623
503
571
591
563
491
323
275
343
295
347
511
