355
559
507
647
378
626
407
655
375
619
418
527
445
639
431
683
459
771
450
766
391
815
499
475
398
689
486
555
387
543
427
771
414
670
435
798
482
619
518
663
586
639
395
722
501
570
463
591
447
603
447
543
381
650
475
495
447
709
555
655
287
591
447
730
507
723
518
691
495
631
471
663
431
599
351
627
534
694
491
771
423
591
478
611
335
871
643
670
535
541
546
795
427
615
463
734
321
582
415
507
611
619
582
587
503
543
391
763
399
763
619
555
465
671
555
579
603
687
379
490
415
663
565
654
543
767
375
719
450
631
359
827
579
678
575
719
419
731
506
706
495
771
539
622
430
699
522
683
491
511
523
711
555
627
551
630
510
683
395
622
479
631
543
714
531
710
387
710
445
694
419
619
563
663
495
675
487
615
566
771
378
670
517
686
498
662
450
773
523
598
363
631
618
563
545
607
531
691
375
691
523
594
319
726
591
783
430
639
399
535
410
694
458
690
543
606
645
591
371
590
263
567
445
727
498
591
371
699
331
635
501
586
437
710
414
703
506
655
551
641
579
671
523
685
499
799
462
643
442
690
509
611
355
807
486
615
387
695
467
667
387
579
375
551
327
575
321
631
495
691
353
799
497
711
595
703
521
651
459
646
475
831
427
637
467
503
299
725
342
814
361
743
511
715
470
703
479
695
551
563
647
531
518
607
451
583
482
639
595
670
349
742
563
635
439
746
346
659
466
838
507
751
579
730
446
719
505
637
515
791
375
659
367
763
405
766
429
555
378
659
614
643
307
587
443
702
365
635
535
655
551
687
518
711
411
542
559
715
545
591
421
731
623
698
481
582
402
630
533
683
431
651
450
667
589
655
487
545
419
647
451
643
303
595
511
610
495
707
450
506
555
691
439
675
286
747
351
691
407
649
423
627
602
671
518
671
498
665
427
662
507
591
471
587
403
667
495
630
475
707
423
683
427
691
323
658
551
743
415
543
511
765
469
595
511
667
459
759
422
675
359
626
319
643
311
690
378
602
375
643
627
763
527
519
434
670
543
667
406
642
375
483
513
739
558
678
547
687
587
583
411
703
523
679
466
679
383
737
451
671
514
723
451
511
566
711
531
582
339
723
417
713
471
595
431
678
502
407
207
467
0
367
223
623
394
667
351
550
459
739
379
581
467
347
466
419
411
398
370
423
415
349
523
367
455
585
375
446
451
563
447
387
522
587
475
395
403
527
547
303
350
403
523
265
427
301
531
315
483
375
310
422
407
451
351
395
475
371
498
318
462
403
483
411
509
413
427
383
283
486
474
162
567
402
387
319
383
547
471
387
523
462
402
325
403
482
415
506
571
398
455
282
499
354
407
490
415
474
554
331
407
339
407
463
195
335
339
394
439
578
379
371
339
387
379
358
303
387
322
522
538
386
462
410
386
442
462
354
378
462
366
442
458
318
442
466
394
446
402
346
566
362
558
358
347
310
403
258
445
315
491
422
375
303
327
423
655
311
395
397
351
439
395
455
391
267
397
278
435
391
379
389
371
315
526
463
563
355
222
358
374
383
479
502
410
411
539
397
503
459
546
419
371
390
318
279
511
417
499
315
398
367
215
482
418
406
231
423
278
447
426
419
395
547
434
499
399
355
442
327
381
426
383
351
454
371
459
482
463
414
275
371
443
343
435
467
211
469
423
299
502
430
359
379
402
515
431
459
570
367
361
335
367
333
387
270
267
347
354
358
354
271
511
303
495
477
443
323
535
251
431
570
439
526
411
637
311
363
266
363
463
319
467
470
439
386
397
419
282
431
419
347
295
373
502
418
431
499
553
247
473
359
530
397
545
463
521
426
395
381
523
353
311
454
390
207
563
434
489
307
379
306
447
515
410
546
390
306
311
511
359
283
323
459
422
319
551
511
447
377
311
483
487
419
474
319
363
514
323
463
375
475
489
319
455
463
413
326
455
306
313
303
410
355
494
457
290
303
478
315
438
347
498
431
453
602
483
422
510
338
431
495
483
403
459
406
491
359
371
347
491
491
355
515
507
191
435
463
495
446
363
383
431
483
427
559
334
403
407
439
470
503
487
379
535
483
363
335
347
469
451
358
231
427
439
331
527
331
453
507
473
461
383
375
415
429
359
335
399
435
355
459
451
502
459
395
498
427
406
395
418
335
457
435
387
387
410
583
366
354
363
491
567
458
471
374
403
546
309
475
439
399
507
465
391
310
443
542
529
539
467
419
399
461
427
443
501
453
418
427
367
359
547
407
579
255
509
382
457
315
299
321
458
403
391
335
443
466
499
377
294
210
299
397
419
378
365
339
422
334
302
337
447
631
