472
413
286
393
162
732
422
544
164
556
195
374
331
487
374
429
302
411
239
608
346
579
298
558
282
439
417
546
317
469
347
550
364
561
505
510
363
506
359
475
327
557
393
475
234
430
339
595
317
576
315
681
338
574
420
507
248
546
175
514
313
490
394
534
406
587
379
597
409
495
492
498
323
646
316
490
305
615
269
451
494
494
200
468
374
567
381
627
362
535
299
570
447
507
406
479
306
523
326
461
300
463
379
519
538
554
521
536
453
486
299
635
311
615
215
647
432
502
378
455
445
522
309
547
295
595
266
708
232
633
338
566
314
402
421
433
357
410
223
579
318
683
479
480
277
445
255
718
355
515
410
576
348
640
257
545
437
635
369
465
395
462
386
611
483
495
385
448
282
507
377
659
434
474
306
343
391
432
386
565
469
616
345
455
259
435
282
569
413
609
355
667
367
585
251
530
388
565
330
581
153
403
308
438
277
580
322
537
506
511
273
502
386
455
258
546
410
622
323
666
293
518
367
555
338
548
341
298
386
548
411
422
194
521
331
459
226
375
374
593
295
539
341
518
297
547
235
435
173
545
304
438
289
399
302
631
189
474
478
451
387
435
241
399
317
515
335
411
379
637
346
489
328
471
367
591
463
615
392
549
308
557
418
488
409
473
237
405
379
487
266
539
357
573
349
586
314
433
295
594
375
494
327
508
338
613
223
463
361
533
423
516
399
533
298
625
463
542
443
561
335
517
345
442
254
504
273
342
340
550
452
586
201
527
393
450
371
531
341
452
373
493
420
519
234
501
283
503
513
415
450
538
387
383
337
447
339
482
402
516
339
549
433
310
297
567
466
473
350
622
380
654
299
565
427
685
321
425
359
547
239
436
471
611
238
635
318
610
433
620
354
591
396
563
357
535
349
575
350
583
451
517
390
443
412
509
217
513
480
590
260
674
383
597
520
555
382
505
451
409
339
603
303
560
357
525
341
455
233
463
454
458
469
529
259
461
391
587
252
465
385
527
362
533
526
543
390
517
339
633
316
652
427
484
383
436
411
554
285
513
334
487
318
502
335
463
363
462
221
409
301
602
264
566
347
545
285
540
354
510
398
529
436
575
387
444
221
435
388
473
352
477
221
415
343
555
391
290
67
309
5
198
200
514
326
442
317
459
207
586
149
336
307
268
336
243
302
142
337
247
269
378
203
321
416
313
282
290
209
301
352
334
322
302
357
198
184
323
349
240
371
435
485
302
303
355
374
264
303
373
232
294
449
370
445
362
200
316
328
198
359
322
193
397
472
388
324
348
359
449
290
283
217
322
449
286
386
290
251
207
307
294
345
335
339
386
307
374
446
295
298
398
402
263
275
214
224
257
235
325
259
331
419
295
419
339
353
321
289
191
246
365
343
254
333
431
375
371
315
275
301
329
97
320
250
418
236
256
311
308
369
330
389
297
381
224
295
210
315
323
330
399
419
282
310
344
512
291
465
314
411
250
402
491
224
371
483
322
279
352
451
233
334
214
350
362
391
425
498
291
221
257
357
449
398
313
355
291
332
311
225
150
311
255
289
394
374
233
318
377
249
363
207
234
294
251
256
243
395
263
209
365
355
163
373
251
298
298
271
240
431
359
337
170
285
257
325
162
191
213
347
370
196
315
319
157
138
420
424
280
187
331
382
539
206
310
275
277
243
311
312
403
322
329
311
381
191
325
333
278
314
353
453
291
311
291
398
411
385
258
474
390
167
164
339
330
315
427
263
346
363
322
226
264
337
199
358
266
299
85
270
317
347
364
226
326
391
331
457
507
195
196
369
356
434
27
295
214
343
139
456
222
319
283
413
383
250
297
350
290
317
375
279
387
297
409
465
254
295
250
399
319
374
298
187
140
247
119
281
276
287
349
337
286
274
390
285
330
366
258
350
225
134
238
299
351
244
174
279
211
461
248
246
248
245
322
266
278
328
186
396
335
237
279
227
354
339
306
267
285
368
250
351
356
303
271
274
160
198
405
452
365
390
310
171
344
447
254
289
277
258
245
226
387
366
267
291
257
308
324
396
490
384
280
317
383
286
320
235
372
422
247
283
233
332
306
176
247
318
282
227
308
285
270
330
308
240
316
347
235
247
331
391
366
203
287
265
310
423
266
276
295
307
332
359
256
415
302
231
360
217
301
385
358
385
256
298
170
364
378
331
318
435
291
193
314
271
344
290
246
299
237
478
364
286
440
297
354
222
251
288
282
394
386
173
348
378
257
171
390
292
376
311
268
335
381
407
343
364
257
229
391
227
262
321
412
412
341
402
267
274
304
349
206
321
243
257
170
286
342
380
374
267
563
