414
726
339
763
543
594
462
725
471
581
452
591
502
657
543
738
432
654
534
702
475
763
439
691
635
826
527
719
455
748
497
688
520
625
535
594
443
795
517
669
443
731
531
742
345
826
439
742
434
614
469
771
538
699
505
740
407
596
401
599
522
685
394
716
526
730
379
658
469
748
439
689
553
558
555
655
479
707
598
665
557
672
463
723
498
683
441
762
557
629
527
674
319
625
491
724
564
753
455
730
514
647
439
589
484
585
550
669
455
770
413
641
371
803
407
647
454
647
528
757
583
687
521
557
451
580
552
700
453
735
633
633
503
771
500
714
493
618
510
754
531
719
586
569
395
627
509
619
410
685
562
738
565
645
435
687
339
817
559
904
565
719
491
654
469
707
385
647
475
765
469
691
544
651
472
659
463
715
597
853
423
783
420
850
547
669
534
633
450
643
448
712
510
840
631
867
574
794
621
659
383
622
474
703
606
515
511
563
555
589
429
729
481
687
434
781
566
633
466
762
432
679
514
735
449
678
387
763
562
699
492
599
290
606
508
502
385
633
478
676
423
566
494
687
534
780
457
562
503
752
599
747
546
773
591
737
478
781
566
792
395
724
543
681
507
794
494
738
547
815
342
672
545
638
362
751
350
597
573
762
477
702
539
679
467
717
619
619
475
697
489
694
373
714
493
696
428
671
467
719
415
585
507
855
468
747
425
665
483
859
491
817
439
627
509
657
369
656
689
651
384
823
425
709
383
659
584
804
669
796
433
787
479
823
601
739
403
703
405
691
526
832
479
691
566
611
574
707
575
690
383
847
532
654
545
767
447
879
558
659
543
610
476
676
667
840
423
808
491
751
491
755
522
597
373
607
547
790
355
775
407
827
367
716
493
679
467
625
426
789
540
621
460
543
425
643
488
665
507
723
525
745
533
750
462
629
547
753
275
858
510
515
471
736
483
823
538
654
477
788
509
790
466
584
566
571
506
771
399
706
478
719
413
815
436
514
526
636
377
694
596
603
382
661
517
550
595
586
458
769
357
639
574
737
482
635
567
717
605
757
570
755
523
671
619
672
588
695
355
690
623
894
663
726
433
658
542
679
407
589
385
761
477
731
358
719
424
663
543
671
417
687
519
594
538
677
419
611
274
366
237
425
0
684
528
481
403
672
483
568
511
505
327
503
419
329
387
403
589
467
511
349
345
394
533
373
478
513
476
470
382
485
475
414
535
447
307
461
505
375
493
395
515
435
557
574
439
332
598
355
290
534
438
359
499
350
431
478
476
612
517
543
442
590
555
583
549
524
485
395
321
375
439
371
446
513
390
399
506
477
566
434
539
499
555
441
446
399
423
498
467
577
423
406
387
414
506
513
556
458
502
559
454
407
484
489
494
385
387
485
484
586
529
483
441
651
465
673
553
413
521
349
437
461
457
437
521
425
509
233
445
601
561
421
469
453
521
369
417
477
470
339
497
511
413
447
411
423
477
216
409
281
551
403
545
553
493
479
434
536
466
444
613
414
474
337
451
482
391
513
354
450
449
451
477
458
414
463
587
429
521
538
537
314
410
379
504
486
359
551
273
547
522
546
419
388
479
450
419
279
462
517
483
343
474
496
403
423
485
503
566
429
370
539
350
511
406
566
431
375
591
539
516
436
334
515
571
582
534
418
453
494
384
493
440
303
486
410
457
379
533
450
514
419
468
577
549
479
433
434
409
431
515
494
521
375
431
541
442
382
206
455
291
356
429
446
325
541
538
432
507
428
393
424
389
637
455
412
310
521
607
490
527
615
464
553
427
522
363
425
367
459
467
358
547
405
559
495
405
479
449
516
599
415
434
535
495
451
549
533
478
366
517
531
547
435
386
419
551
520
443
382
423
398
541
430
395
389
595
427
426
638
642
435
598
434
532
409
427
439
390
413
514
485
419
346
493
537
471
449
522
403
486
337
474
470
444
435
344
429
445
502
615
387
512
430
573
524
395
475
498
379
434
351
401
457
361
473
555
423
440
550
579
424
255
462
531
486
395
467
427
429
401
571
485
418
559
461
351
665
472
487
387
351
493
540
287
347
471
428
527
491
461
643
456
334
447
525
455
399
607
477
419
439
370
439
401
417
590
553
438
523
564
530
595
485
502
470
427
372
563
471
485
382
543
462
582
553
523
480
475
510
451
371
475
451
622
463
590
453
501
407
429
375
475
465
698
503
331
539
478
353
736
303
485
435
479
530
584
340
530
520
440
358
412
446
343
488
503
495
563
551
451
339
506
493
475
481
325
346
382
409
299
562
435
609
357
322
433
689
375
508
473
554
595
472
403
465
499
471
485
445
446
787
