327
559
443
619
399
691
447
727
375
703
567
631
379
671
347
499
459
571
395
675
351
727
455
443
483
655
463
547
259
659
351
719
431
659
555
683
491
503
391
555
459
591
363
551
363
651
471
599
475
591
555
587
459
723
435
531
411
599
427
647
387
611
463
655
435
695
631
631
451
635
411
631
455
603
435
483
619
531
367
567
463
615
495
475
563
643
439
639
483
639
427
623
419
715
315
699
411
567
363
759
423
659
467
735
355
599
291
563
443
731
431
579
535
663
315
595
527
643
471
591
459
587
475
723
451
579
399
655
419
703
447
711
387
591
443
683
451
635
435
747
431
783
383
603
483
707
451
767
387
507
467
527
339
443
411
575
531
627
419
627
615
855
483
663
511
643
535
643
467
595
483
651
435
599
583
627
427
779
343
743
415
547
227
571
523
799
543
583
463
607
455
595
531
667
519
595
443
667
563
735
323
647
451
583
467
695
367
623
359
667
439
719
435
671
363
527
383
587
395
659
411
711
439
755
515
619
395
615
423
635
307
515
483
475
431
627
447
435
495
771
415
571
575
555
271
515
523
587
487
707
439
643
563
499
547
847
387
699
495
635
343
435
403
459
483
591
487
607
407
647
339
595
479
667
543
563
291
543
391
607
375
623
451
627
491
727
547
559
483
727
423
511
451
715
455
611
519
667
523
623
271
671
355
715
431
507
531
671
427
503
431
807
491
727
431
571
431
591
471
675
399
647
383
623
459
779
327
727
403
687
455
567
443
639
531
695
443
655
515
619
391
555
467
691
511
563
423
635
367
571
395
651
303
715
495
663
371
619
499
655
407
639
355
679
319
647
491
579
647
639
459
683
659
639
507
647
527
607
439
523
431
555
379
831
451
683
371
723
399
695
359
575
519
687
415
663
555
623
515
683
307
659
495
639
499
667
331
659
487
551
467
739
343
555
407
803
479
643
543
763
427
551
547
715
563
519
459
539
343
715
347
427
347
599
483
643
367
655
419
727
455
571
535
695
467
715
383
739
423
611
551
599
507
891
547
707
431
463
495
611
455
575
527
623
579
751
643
759
391
499
571
699
335
679
367
703
323
671
587
671
431
635
343
563
531
663
491
615
415
667
571
731
319
623
427
547
423
495
43
259
283
319
123
679
419
647
307
551
375
603
475
427
415
295
419
519
447
423
511
431
427
363
607
515
383
255
419
351
467
371
335
403
407
419
579
451
391
355
351
291
439
439
571
451
511
331
447
587
371
415
527
315
403
407
523
487
463
451
383
451
415
387
395
255
523
347
267
307
363
455
463
323
431
483
427
479
559
531
467
403
407
455
499
443
323
439
519
535
399
395
523
431
423
479
451
423
551
347
383
391
431
543
495
251
387
523
435
351
503
351
619
359
419
347
323
479
411
391
319
351
475
499
343
439
435
379
251
319
459
415
603
295
487
407
403
267
447
323
579
547
367
479
399
323
335
495
475
407
499
367
375
371
371
451
563
403
391
399
539
223
563
403
411
499
443
419
479
439
391
351
439
379
471
463
331
483
523
363
387
491
475
399
395
335
471
511
475
535
335
359
415
395
539
447
355
431
439
347
439
267
407
511
607
363
523
511
427
407
399
415
467
391
427
327
407
439
387
527
459
471
355
463
515
391
483
351
399
487
379
523
411
259
603
323
571
395
619
495
463
399
451
403
555
487
383
403
439
371
351
383
407
519
391
527
303
527
531
483
479
187
383
327
399
407
463
491
331
587
423
367
483
403
455
355
491
547
443
391
451
291
359
399
403
359
479
371
387
363
435
443
567
327
527
375
395
455
367
543
527
371
359
403
403
443
539
371
527
403
379
499
391
335
263
391
423
315
475
391
491
443
315
367
343
511
439
487
391
443
487
343
375
375
563
395
467
435
511
503
363
351
395
411
431
451
547
435
403
443
571
471
411
419
523
423
395
519
335
439
459
375
391
399
547
383
431
379
355
395
599
355
303
383
443
355
347
299
459
435
511
367
447
419
243
327
471
483
555
287
407
475
439
339
487
395
439
435
455
455
431
439
527
315
387
299
311
515
379
339
359
283
411
375
491
407
471
463
443
351
427
371
527
431
451
363
263
407
343
415
443
383
347
379
359
495
315
323
335
327
367
447
375
415
419
367
247
439
495
343
575
383
419
335
391
483
331
407
391
319
451
411
495
419
447
303
463
427
483
471
395
411
519
359
439
379
515
499
423
351
491
471
415
551
463
331
447
471
543
475
399
339
451
411
459
299
383
355
391
427
355
311
267
367
443
299
411
339
355
371
451
415
415
187
279
247
379
255
491
283
371
363
299
267
391
611
