243
631
359
559
331
543
287
571
335
387
467
423
394
474
323
527
443
658
299
454
299
583
343
403
287
531
303
527
371
459
274
523
423
639
399
519
419
522
519
531
431
535
499
331
362
503
434
495
339
479
347
554
391
563
371
539
299
463
299
475
391
539
383
567
427
555
423
570
231
402
255
643
251
530
383
607
355
511
379
675
246
355
451
538
391
439
262
487
295
570
207
531
307
591
267
599
303
610
263
606
271
463
374
443
414
539
326
419
258
311
375
446
359
626
507
654
343
475
307
567
343
599
315
515
363
379
354
567
479
494
383
498
142
571
322
571
299
519
255
555
267
579
259
590
287
475
166
495
355
403
338
435
299
515
399
619
411
631
315
463
487
655
406
526
319
427
443
615
290
591
299
431
331
463
339
546
427
467
411
559
279
475
459
583
287
599
310
454
358
367
311
583
439
463
367
603
243
499
362
567
287
566
383
611
239
511
391
511
411
495
339
555
291
518
275
575
315
479
211
539
483
527
315
538
359
515
311
431
315
671
299
507
299
387
415
439
263
539
359
487
355
658
319
563
339
607
351
491
387
479
307
475
379
571
295
683
175
627
423
583
458
467
283
483
299
534
474
447
387
595
246
550
330
399
363
623
327
703
327
466
175
507
331
467
379
531
343
491
351
579
383
415
459
535
359
579
279
395
251
471
259
579
443
683
307
383
475
727
515
667
359
639
527
591
367
535
343
487
355
523
275
623
250
467
330
539
251
570
307
607
379
587
395
543
379
659
247
539
314
591
463
467
207
539
415
439
435
475
319
435
387
671
411
531
459
639
443
407
399
583
287
475
303
567
307
551
347
483
270
634
411
663
251
379
359
583
283
518
379
443
382
479
375
583
295
587
243
539
218
307
375
511
355
479
422
635
319
487
403
499
327
663
363
471
207
467
319
583
331
523
439
415
327
555
383
487
251
546
303
662
391
591
339
607
483
559
355
563
326
483
467
446
471
683
287
543
451
499
431
687
410
607
343
643
263
487
394
510
346
559
347
543
255
427
283
515
311
643
263
599
443
571
234
578
287
555
375
527
383
619
403
531
395
447
431
427
358
599
375
675
351
787
339
591
391
530
358
590
323
635
291
487
363
495
327
439
339
435
99
387
19
319
207
603
399
663
131
442
363
491
371
271
323
319
355
418
414
355
295
351
287
403
219
259
263
423
291
199
371
431
363
291
418
391
327
287
395
323
303
243
315
271
371
319
335
291
391
303
287
371
435
375
195
247
303
402
327
370
327
303
367
283
311
310
435
267
319
307
267
207
371
359
247
335
335
275
307
319
371
155
343
343
374
283
415
335
499
307
351
295
279
315
383
351
311
335
203
299
299
395
343
275
390
259
667
391
307
195
271
359
343
299
295
427
382
259
331
198
319
183
379
315
243
327
435
350
379
162
331
375
199
395
406
274
435
319
143
367
415
387
323
331
223
283
322
331
323
403
423
247
343
371
411
279
483
223
451
231
359
235
343
299
155
242
327
347
335
347
366
374
371
247
407
263
427
319
270
475
331
283
290
275
378
439
383
383
455
367
487
203
294
403
303
315
371
323
327
291
419
187
394
247
323
351
383
471
419
207
315
343
267
186
347
411
279
367
343
307
363
158
267
307
375
223
387
266
283
167
327
299
303
303
299
335
291
275
347
287
350
431
314
231
399
455
367
247
251
391
371
347
303
263
351
207
179
327
335
287
307
251
323
166
395
155
323
327
398
303
446
359
347
335
387
255
327
183
247
283
403
315
319
511
310
255
391
275
187
346
283
335
163
431
211
323
235
311
422
387
250
355
290
355
415
231
271
419
339
267
279
354
163
327
347
347
191
415
383
299
319
262
271
371
335
139
459
315
463
371
435
303
487
231
287
211
343
330
339
319
335
303
323
279
351
279
406
279
379
331
455
311
330
318
330
235
219
334
279
254
326
326
275
295
367
307
299
211
315
219
319
299
383
326
238
279
259
275
435
363
307
290
399
335
347
343
434
203
231
251
283
366
327
199
291
363
355
375
274
391
398
327
315
279
338
303
203
363
259
287
443
303
283
395
339
279
403
370
339
319
422
287
175
338
367
267
379
463
295
287
339
291
339
479
307
323
287
191
355
242
311
323
315
279
263
355
259
275
319
250
287
435
267
138
299
287
382
335
283
251
374
267
446
418
335
370
415
231
267
351
339
311
443
359
499
343
239
382
250
327
263
378
199
247
383
415
307
379
299
299
379
335
491
423
319
322
267
159
418
323
218
275
383
319
231
199
211
358
303
211
367
355
315
227
155
259
403
487
255
127
295
263
271
127
251
359
