499
727
379
491
375
539
427
603
255
583
391
487
459
591
367
527
479
703
503
419
423
651
351
683
407
495
511
735
395
571
459
659
439
667
419
603
455
619
423
643
411
515
555
747
267
579
439
687
455
575
319
739
399
511
559
663
443
659
523
619
463
607
583
667
307
611
407
807
471
703
543
595
379
479
403
543
455
703
407
775
531
699
355
751
411
635
463
627
283
639
311
427
367
535
451
531
383
551
499
707
391
455
351
575
395
627
339
659
487
679
559
583
375
547
423
579
479
579
507
767
487
575
407
711
307
583
527
563
331
683
403
719
511
563
519
643
459
719
363
535
351
659
243
595
419
611
395
663
467
695
407
711
439
615
471
691
331
619
495
763
403
603
387
639
491
647
303
563
339
551
523
467
307
475
515
771
475
519
407
651
387
595
439
503
347
531
439
635
491
587
399
687
379
579
339
711
379
587
455
559
447
559
587
651
315
587
243
591
491
811
399
663
307
763
419
715
379
479
395
731
463
619
487
711
455
635
435
579
415
687
403
599
443
543
379
647
455
719
543
659
427
691
455
579
547
591
319
511
331
571
487
599
467
591
419
811
563
559
507
643
287
583
403
699
347
555
443
619
355
591
467
619
371
735
439
567
451
663
471
691
375
535
383
543
435
611
387
583
435
699
467
591
327
595
423
647
503
607
439
579
395
599
359
755
411
719
415
643
475
575
407
747
443
539
487
523
359
495
567
615
359
515
527
659
387
535
471
535
495
547
359
735
451
555
411
555
531
599
347
551
395
691
263
623
455
591
415
547
435
575
475
495
379
611
427
691
351
643
419
579
351
647
347
671
439
523
419
671
407
627
423
591
443
707
451
667
371
595
367
555
367
535
367
663
519
531
551
743
359
643
347
751
387
491
435
563
435
451
607
687
435
703
335
763
403
687
395
659
327
563
371
739
383
507
415
795
435
627
507
655
459
523
527
531
291
611
383
583
399
643
491
611
287
599
539
659
455
619
439
575
403
611
311
571
519
603
415
579
395
631
531
595
435
491
463
511
435
695
443
631
307
691
435
719
407
423
347
759
491
475
479
407
491
603
323
543
371
563
459
639
471
703
367
739
475
711
399
627
243
671
443
675
443
635
471
683
319
523
47
327
127
343
263
607
363
619
203
587
335
635
347
167
491
479
523
411
307
503
271
295
511
427
435
327
443
279
419
339
383
403
379
327
367
315
351
323
551
271
287
431
523
319
415
399
299
447
391
447
319
431
339
575
531
347
251
379
335
447
391
311
383
371
283
455
431
455
459
351
383
135
295
223
331
399
523
443
415
411
547
315
483
419
483
359
467
271
499
407
435
311
395
187
403
491
475
323
375
431
447
523
323
455
311
375
391
475
375
251
359
527
211
487
363
503
451
303
279
311
279
459
479
323
483
407
455
387
507
347
311
407
355
619
335
247
459
339
423
407
379
399
419
347
363
399
347
447
319
407
451
435
511
275
327
323
359
331
359
315
399
247
459
283
387
395
451
407
283
307
447
367
459
335
527
443
423
371
519
395
247
227
415
547
235
407
291
263
443
383
379
527
219
523
375
419
339
379
447
503
303
539
399
331
391
327
479
439
339
335
431
427
363
399
391
423
471
291
515
351
443
311
307
347
399
247
427
291
443
499
491
323
327
275
403
575
391
319
371
379
415
283
327
439
311
315
443
463
419
383
411
355
495
475
527
471
399
615
367
443
355
303
451
443
527
427
375
363
299
415
439
351
479
351
227
323
443
427
335
407
403
367
471
395
275
319
467
383
459
395
439
515
515
415
483
451
447
451
459
239
487
339
407
363
527
299
351
451
419
359
335
331
315
535
363
447
571
395
515
363
523
407
327
331
435
519
415
355
423
371
383
447
467
471
371
411
379
371
475
399
363
403
355
283
319
391
471
371
351
327
451
463
731
603
355
463
395
511
407
203
431
223
455
467
359
423
455
415
367
379
467
331
375
411
435
275
375
387
439
443
487
403
339
523
295
303
315
351
575
499
467
303
431
443
343
359
279
491
359
447
527
315
423
363
447
363
595
455
303
319
391
427
355
351
527
367
431
363
459
327
255
423
299
523
315
271
527
383
439
455
359
383
339
511
195
415
403
323
379
311
375
391
423
351
423
543
383
363
387
451
383
355
411
191
447
347
435
399
391
355
299
543
379
271
383
275
471
203
395
343
539
343
523
471
431
343
355
371
531
527
407
323
379
311
415
403
355
459
435
227
355
455
463
519
303
443
499
495
471
427
375
399
395
347
475
379
475
435
491
427
459
451
263
291
323
431
355
339
287
415
551
463
427
291
427
803
