380
675
407
588
387
535
369
545
358
484
371
563
441
601
415
627
378
519
316
447
455
574
383
457
397
507
331
565
251
545
348
501
342
731
356
632
355
545
295
615
415
613
293
511
315
595
383
518
603
595
369
686
381
582
487
482
408
636
370
506
335
586
334
689
373
627
510
493
336
469
435
528
368
647
401
730
279
416
189
548
445
647
396
514
389
351
361
710
263
638
283
551
315
495
329
620
456
669
379
577
325
555
502
552
335
650
405
683
505
517
287
429
353
557
353
623
546
683
412
519
343
700
385
521
374
487
321
418
435
573
470
678
376
455
435
664
380
678
371
707
481
594
518
581
409
679
325
630
460
640
495
483
402
591
391
617
386
646
410
591
414
667
387
609
418
533
409
665
370
310
337
412
351
527
479
441
494
534
252
668
393
460
372
703
287
493
482
483
331
606
529
537
523
457
378
705
482
602
286
486
335
545
304
479
500
737
681
575
377
610
527
537
498
715
336
619
450
596
290
745
373
513
275
679
432
617
301
667
284
719
325
346
271
696
353
450
391
667
439
603
280
651
423
636
354
523
389
689
248
565
387
533
385
619
359
618
422
667
485
573
309
515
456
539
341
515
460
535
413
495
369
579
373
605
532
558
349
546
470
497
411
519
251
669
415
554
403
739
394
493
325
518
399
392
390
635
374
607
255
667
277
571
535
633
359
523
419
604
280
627
358
639
494
491
441
699
339
561
433
707
428
676
349
542
370
499
430
570
370
563
406
583
347
609
357
579
537
645
423
597
495
617
372
501
327
759
405
612
496
460
330
622
597
468
318
623
461
558
464
606
447
607
371
561
361
587
367
623
391
586
319
531
360
582
365
631
327
627
352
587
306
499
367
533
423
582
421
602
385
688
459
623
371
454
291
428
423
582
369
606
447
673
425
575
461
536
426
613
459
665
344
711
380
621
303
583
363
568
413
508
419
479
451
532
328
621
527
699
478
556
367
724
358
543
444
690
462
479
295
590
382
462
407
606
247
587
385
537
494
571
354
579
327
614
416
482
391
567
425
556
291
524
467
602
375
670
434
616
392
481
297
601
370
631
315
519
328
600
266
677
447
614
401
623
429
565
511
554
429
490
352
647
401
594
431
674
399
439
83
330
0
333
110
594
311
411
365
442
530
485
442
420
344
441
265
269
393
228
233
452
358
297
437
402
282
398
322
307
331
275
391
411
287
366
339
391
422
439
292
436
341
259
347
331
323
399
325
291
351
269
419
309
506
428
356
202
478
263
471
475
467
351
462
283
623
344
380
390
249
271
403
291
361
420
450
314
496
331
461
440
315
342
433
285
284
392
473
503
269
354
285
298
315
265
404
226
546
379
289
380
350
270
452
474
291
405
425
399
507
447
335
299
426
442
363
378
422
418
425
345
438
214
359
302
416
311
498
498
451
330
368
322
357
239
504
433
457
410
326
291
372
278
387
377
235
501
411
489
401
487
363
441
369
386
403
348
369
449
325
455
339
489
369
565
598
299
303
293
339
347
407
211
458
288
266
435
421
381
319
376
354
488
356
399
369
483
417
389
326
387
340
329
482
163
329
327
310
380
336
274
314
431
409
543
371
284
353
370
331
358
311
398
262
317
403
387
320
350
456
441
377
385
401
351
362
488
279
401
465
371
487
458
348
269
395
348
274
417
320
507
411
429
254
298
290
333
286
372
432
281
490
537
371
326
221
291
315
306
292
331
497
425
274
404
414
197
432
484
402
281
296
339
308
299
339
275
255
434
343
320
367
294
396
414
583
311
365
344
455
302
531
366
314
293
385
235
218
234
335
376
474
244
350
342
433
269
298
367
249
408
253
440
358
402
454
461
388
518
348
457
223
356
258
397
336
335
481
391
269
396
297
281
323
411
351
374
413
311
323
325
359
326
205
261
309
302
311
453
411
373
350
311
354
368
479
348
389
453
201
501
403
354
582
503
411
298
340
324
386
363
391
293
312
391
243
377
351
239
495
508
357
371
419
373
469
318
433
289
289
485
380
350
191
355
355
417
454
322
356
386
485
429
286
301
378
299
440
271
405
429
345
337
445
539
514
357
382
385
442
305
481
273
321
316
376
467
373
306
446
349
473
389
288
455
388
234
467
237
326
318
475
279
294
429
233
441
485
255
287
347
454
370
346
419
425
459
363
357
416
194
277
372
586
319
319
327
342
314
497
376
351
311
383
271
427
345
442
309
230
279
310
315
351
432
387
230
246
463
404
302
350
255
282
278
367
249
281
316
395
384
387
230
280
399
342
312
431
300
454
386
282
280
176
395
376
397
391
290
197
343
316
235
420
515
