439
471
307
555
286
499
258
563
291
495
247
487
219
391
267
483
267
519
235
467
239
515
179
487
227
311
271
567
219
611
275
499
391
523
331
451
370
515
271
399
231
531
319
443
223
435
347
555
271
507
323
591
274
355
227
423
275
495
367
523
327
431
199
531
299
571
323
459
275
522
271
603
291
410
307
459
127
535
195
478
355
471
287
619
103
567
346
455
163
379
191
479
223
507
319
507
303
455
331
559
391
495
387
563
251
387
363
627
291
495
331
443
243
447
275
495
243
515
283
543
347
414
247
375
303
635
175
471
239
627
307
622
123
506
399
467
191
547
123
499
287
411
327
595
259
567
491
351
367
479
371
459
159
543
455
591
223
339
255
575
223
439
343
451
251
483
331
559
410
411
326
319
251
431
119
519
271
430
287
531
363
526
527
474
307
583
331
490
331
411
223
559
263
407
379
551
379
479
262
567
295
298
315
539
263
487
327
547
299
471
351
487
395
502
218
643
239
451
259
567
243
451
331
591
219
491
355
455
250
407
142
523
183
367
267
527
287
623
479
563
267
551
319
559
263
535
215
447
367
491
183
411
275
495
227
638
431
366
375
535
219
447
287
519
375
411
491
615
439
387
463
379
299
615
87
487
387
459
294
563
323
566
375
502
363
491
279
527
311
530
219
571
363
690
187
546
171
515
391
506
267
487
347
399
271
579
507
571
203
567
311
459
351
523
203
519
335
503
162
475
319
462
390
607
318
619
307
571
271
619
346
511
319
507
323
407
275
511
375
490
239
498
219
687
307
559
259
551
223
435
255
467
323
519
382
471
174
531
331
402
251
591
343
675
403
523
351
427
295
535
415
471
207
459
399
491
359
578
195
647
303
519
339
495
207
563
271
499
327
463
283
539
98
403
379
491
251
451
347
559
199
643
379
451
295
543
235
430
391
419
199
535
371
531
174
471
267
663
375
491
339
475
255
451
215
435
503
515
291
407
287
582
247
430
423
302
263
630
319
471
239
515
267
467
339
407
367
459
426
591
311
491
311
351
207
471
411
503
431
543
335
367
335
479
159
527
414
663
335
631
391
398
343
495
223
447
351
475
131
487
283
439
319
619
183
435
255
499
299
639
219
399
267
527
231
379
251
291
23
258
0
127
43
603
267
599
299
471
295
483
359
315
307
267
219
251
275
339
331
311
351
163
103
399
207
235
327
227
399
299
263
263
227
218
219
271
271
99
255
123
371
239
311
263
499
183
243
147
391
175
203
186
155
303
327
135
286
135
299
275
543
311
279
274
386
223
295
143
291
319
199
327
99
291
275
439
311
187
251
311
243
239
231
463
222
310
199
227
283
167
183
295
307
247
247
279
195
279
183
227
351
395
215
223
255
307
307
343
267
367
359
219
283
187
255
123
423
267
335
307
335
251
203
391
243
323
223
307
299
127
427
251
207
211
215
211
311
291
427
223
359
219
363
199
339
243
187
259
363
211
271
351
243
399
326
223
202
331
223
303
303
215
383
335
203
279
251
247
239
243
347
243
319
267
306
234
319
279
235
267
355
167
335
231
211
51
279
199
263
239
223
247
291
327
151
319
391
211
347
223
255
231
259
267
243
214
335
207
203
331
231
235
199
343
247
243
271
343
138
151
263
190
423
371
231
163
195
294
211
223
259
243
159
143
231
323
262
255
179
347
187
275
307
315
319
159
243
371
287
387
231
295
467
214
279
259
319
355
279
191
267
235
255
203
291
415
243
279
443
247
199
427
246
263
339
143
143
379
327
171
267
323
119
283
347
331
303
255
231
199
355
87
491
259
299
191
315
242
383
399
219
319
295
287
335
123
242
311
243
271
315
271
442
179
227
303
295
315
207
202
259
259
279
231
283
259
71
243
315
427
167
275
215
339
207
271
287
343
291
339
218
183
279
323
231
131
291
387
354
199
255
258
323
243
215
279
166
258
355
274
267
259
239
159
247
214
111
319
407
287
367
183
242
227
247
287
235
299
243
267
355
371
239
279
239
171
279
303
247
299
291
195
215
211
423
187
271
323
263
226
295
195
243
287
315
379
335
163
319
238
299
231
303
342
331
183
367
179
231
194
291
347
107
194
287
219
327
295
299
295
335
407
315
282
275
283
191
331
131
187
195
399
331
162
339
331
323
247
459
259
303
235
191
223
115
163
295
287
171
311
363
291
303
355
299
247
183
279
347
235
279
171
387
187
342
395
211
235
155
243
335
231
327
411
406
159
111
254
298
198
163
359
323
291
315
275
187
150
222
147
227
158
267
347
295
323
303
155
339
283
255
195
267
255
171
183
395
203
415
422
511
495
471
683
