555
747
379
597
419
727
374
679
348
707
491
763
483
771
527
617
495
775
509
735
503
685
479
651
306
537
414
697
277
733
353
743
399
571
535
714
353
555
413
619
294
647
294
514
351
759
525
653
449
687
471
649
430
710
643
631
422
611
475
603
473
717
455
681
545
714
537
745
459
663
310
621
463
685
493
707
487
671
641
787
530
785
419
838
391
635
473
698
502
650
330
727
554
697
541
727
430
623
563
811
425
745
286
673
481
541
471
611
421
517
425
598
543
765
503
609
451
637
406
642
475
583
411
526
434
631
469
645
609
638
585
682
434
683
427
871
459
665
651
607
590
609
427
679
467
666
451
695
461
799
397
614
427
615
435
710
463
582
402
557
489
605
522
647
306
627
586
810
324
675
323
699
490
755
413
625
394
637
503
678
415
691
432
743
397
591
434
659
439
673
480
805
359
614
485
667
591
585
390
755
446
618
435
677
491
779
378
713
307
546
530
651
350
586
362
649
445
703
502
651
393
625
509
806
423
642
571
634
571
529
446
701
502
661
387
573
495
599
523
739
482
643
618
631
551
534
591
562
318
671
415
579
565
619
475
739
309
650
475
775
447
675
373
663
479
617
535
647
315
611
412
735
415
651
465
747
462
537
522
639
510
695
366
574
226
699
446
738
355
570
529
607
475
597
569
758
398
631
605
682
411
661
535
765
507
697
578
653
293
569
363
670
469
619
513
510
459
609
406
769
511
681
495
621
470
507
618
645
462
679
533
635
499
579
529
786
537
763
621
693
442
613
515
662
350
630
531
842
319
639
401
706
453
615
387
579
467
661
347
667
408
539
486
643
371
671
455
803
439
541
594
757
593
529
541
779
546
645
523
606
545
641
335
737
531
699
529
838
369
475
407
573
432
767
486
651
335
695
466
627
510
726
415
567
477
771
591
623
473
641
393
655
463
733
575
639
458
681
475
647
554
611
369
534
378
594
418
533
471
638
434
661
470
556
310
731
419
639
437
641
407
641
411
685
427
551
429
803
463
531
486
683
407
573
423
654
362
546
537
631
476
646
419
711
475
647
486
655
459
643
463
714
454
498
507
671
465
742
491
714
367
582
311
771
497
634
559
622
526
591
417
599
347
583
431
579
506
490
91
463
183
310
0
718
331
546
459
759
389
543
347
447
493
427
434
414
447
454
561
487
367
389
236
471
323
259
339
417
395
359
331
362
419
433
338
483
421
515
405
253
461
331
435
471
457
537
491
419
451
366
362
638
363
483
411
269
485
421
326
415
535
475
246
474
543
455
451
395
581
410
445
366
415
335
454
423
303
465
355
531
523
541
393
453
569
373
479
279
506
431
251
453
435
367
514
331
283
377
369
437
551
393
259
369
471
575
383
327
498
434
423
391
383
359
294
359
485
233
422
467
534
441
393
310
419
414
427
327
463
391
357
357
537
426
493
425
486
515
299
387
447
550
470
562
399
473
321
367
411
429
442
415
431
362
363
410
361
471
583
459
624
379
325
477
271
350
561
425
357
371
420
342
471
330
491
443
543
279
370
475
587
407
421
445
467
535
459
323
386
523
579
403
443
379
546
566
479
330
571
299
286
393
483
463
505
463
595
441
413
447
278
359
475
439
329
387
463
569
419
429
331
411
475
423
338
349
441
319
463
399
467
441
435
481
275
343
399
330
359
363
415
358
338
373
299
547
402
363
480
494
535
455
443
533
539
490
493
419
443
433
314
279
435
419
427
449
478
393
327
367
503
323
570
383
338
389
482
291
594
427
459
489
363
423
277
350
403
325
431
439
435
381
551
391
450
427
289
555
499
431
431
399
633
531
370
486
429
465
509
391
389
410
407
550
395
467
481
415
393
303
413
451
386
426
579
377
416
334
365
500
361
355
395
375
375
486
429
451
458
483
530
407
342
387
291
449
243
381
470
453
594
383
530
449
474
553
511
363
507
527
242
341
303
327
574
395
389
379
491
474
453
267
378
346
589
519
450
234
319
579
415
439
359
405
413
347
418
290
343
385
542
335
466
555
477
327
275
335
454
411
443
444
342
479
499
433
383
398
419
441
425
506
415
379
277
418
478
459
447
351
263
455
595
606
423
369
385
391
538
472
567
331
391
533
334
378
490
326
423
410
642
345
387
518
477
435
267
374
334
450
359
391
329
449
419
344
411
345
495
339
594
475
475
511
505
395
473
431
442
421
426
365
383
403
485
611
315
459
335
307
575
187
431
347
425
503
375
311
579
533
443
339
477
442
386
394
471
355
535
390
415
403
370
411
361
398
542
302
491
435
258
395
339
366
438
403
447
505
363
310
178
357
403
641
