375
703
447
587
465
622
677
789
423
733
457
631
514
651
495
695
491
731
483
791
431
555
475
695
411
738
687
698
599
702
369
637
553
703
359
842
606
578
591
689
299
594
683
789
399
675
559
791
543
842
462
775
399
754
555
710
493
606
571
631
459
691
521
769
513
539
523
711
589
678
454
671
538
715
431
751
459
711
310
775
423
609
511
635
403
598
426
711
606
571
545
635
463
715
437
769
491
682
495
809
514
715
575
783
431
768
529
582
546
641
490
587
435
655
398
585
390
629
449
647
510
753
491
685
344
765
491
875
471
696
598
714
547
612
535
697
387
695
583
811
457
661
503
602
473
578
535
786
474
747
494
773
539
767
487
719
487
759
369
817
451
743
496
715
474
763
353
647
497
787
429
535
451
719
450
582
375
655
425
649
409
633
466
647
434
611
578
751
459
747
429
817
499
605
519
642
463
865
452
759
270
714
387
699
491
642
553
683
587
625
511
769
613
649
312
739
378
743
407
556
602
635
483
674
467
701
463
765
495
726
371
775
383
579
381
670
507
651
439
735
545
645
519
730
475
715
563
755
519
615
310
546
391
666
532
619
598
607
459
827
591
666
363
862
438
705
459
651
543
705
510
755
466
687
463
653
489
831
565
781
529
543
429
679
399
794
493
554
527
655
469
735
406
703
366
741
379
607
366
662
538
673
545
743
494
639
586
627
437
723
503
566
481
609
583
571
378
535
519
710
479
642
586
734
575
701
374
747
526
579
569
654
545
654
607
795
611
758
609
669
567
605
523
691
513
663
469
738
435
619
401
790
377
742
514
599
389
683
331
673
551
682
523
626
467
669
426
758
447
710
326
607
435
647
501
773
335
647
454
603
461
715
368
759
351
675
379
473
494
619
459
682
523
529
467
655
435
663
499
831
321
687
411
609
586
679
419
763
402
774
427
627
513
641
435
777
519
715
538
805
327
749
449
727
467
641
507
619
445
631
615
645
430
745
451
809
377
713
535
887
407
741
423
723
367
770
627
715
539
699
478
711
571
673
446
564
397
703
425
663
425
659
647
783
523
533
479
777
534
734
419
775
355
622
574
757
307
567
406
663
427
773
375
670
546
635
562
631
415
641
586
702
446
779
442
594
417
519
165
411
83
351
215
802
475
523
426
683
361
711
508
558
574
611
517
301
465
355
506
335
469
525
558
358
446
483
505
550
402
517
381
534
459
547
423
394
494
458
458
553
555
394
434
442
450
539
351
555
585
386
349
387
449
367
453
459
439
458
379
371
511
481
327
560
461
387
375
511
479
295
301
422
519
507
533
355
504
343
586
439
467
383
406
507
393
515
547
355
494
506
578
510
469
426
495
375
527
281
333
414
483
577
371
371
461
478
407
559
467
398
481
509
422
469
415
423
307
531
434
398
466
542
278
406
510
462
554
482
362
450
494
434
422
498
522
374
382
598
502
450
542
358
454
437
486
395
338
447
483
307
355
523
479
510
318
359
475
631
439
383
589
319
421
442
543
551
390
415
423
411
507
590
447
614
458
403
415
422
522
435
479
294
447
457
390
527
642
505
515
526
406
307
297
466
447
391
485
303
431
615
479
470
412
418
498
329
369
493
525
431
381
378
470
590
503
447
499
429
414
391
619
534
527
390
387
387
406
447
373
435
519
427
338
387
449
271
531
427
489
434
627
477
469
467
354
390
626
435
455
460
514
434
454
467
501
445
470
483
479
371
464
483
418
383
479
490
399
559
487
397
390
525
307
471
396
435
427
403
363
439
477
370
386
469
445
514
522
451
349
487
507
435
374
393
547
346
430
489
467
491
433
455
355
399
619
355
483
509
358
439
569
466
449
391
475
478
454
466
579
450
397
363
363
551
475
437
386
417
511
283
699
475
530
311
521
475
455
587
402
533
513
382
507
441
366
555
459
525
630
397
553
397
439
459
351
375
530
471
361
441
461
618
515
443
491
565
522
358
477
507
503
551
381
383
369
343
459
403
437
441
427
362
494
439
433
429
453
467
635
425
363
371
539
498
479
279
531
609
439
507
533
530
353
454
481
417
377
473
595
531
469
427
658
467
405
547
317
341
543
463
467
291
389
429
459
443
399
558
583
463
351
490
463
446
630
349
360
530
334
427
454
403
374
309
539
526
551
455
467
427
329
285
483
481
417
349
391
395
547
341
499
519
454
463
455
477
551
331
427
395
497
495
281
397
416
373
395
485
426
322
533
315
543
475
334
439
363
483
574
439
545
543
523
395
507
475
473
431
535
422
474
531
547
339
467
599
619
394
437
369
507
479
637
501
443
489
399
349
486
354
374
419
495
590
