355
641
438
682
357
614
299
669
462
681
363
606
410
647
485
575
311
582
339
551
267
555
331
639
455
757
335
678
330
651
415
703
483
673
396
631
251
619
255
566
361
722
465
631
267
545
503
692
505
618
373
659
482
583
403
663
319
718
379
627
298
559
494
659
449
442
511
646
372
619
383
574
442
667
371
599
371
613
411
719
493
699
319
635
439
703
365
643
515
563
446
677
355
537
498
603
622
543
287
726
491
663
319
783
275
589
365
664
343
607
407
675
526
545
373
567
447
537
358
535
425
681
367
715
213
427
391
871
400
683
351
703
466
553
429
747
289
608
388
607
411
734
331
741
346
659
329
701
262
630
535
591
421
343
551
583
333
475
271
658
243
510
258
555
423
567
495
546
449
491
443
587
295
511
506
681
407
543
439
710
470
469
303
587
199
677
363
703
299
656
563
546
426
610
465
635
222
519
229
611
371
511
399
583
303
714
230
671
418
503
355
737
275
483
559
621
370
546
343
471
435
499
290
603
379
421
491
641
371
666
194
682
375
583
399
591
350
545
449
662
394
582
267
490
297
474
449
753
442
403
501
545
570
558
563
714
414
594
381
671
315
527
349
403
311
619
354
653
298
595
567
616
279
547
438
667
379
627
411
603
531
605
338
539
349
547
407
715
343
513
466
607
451
793
513
613
469
619
290
674
371
590
399
703
359
711
325
512
335
651
374
469
442
540
322
667
252
526
323
666
439
743
495
629
215
467
479
566
310
733
355
462
431
414
447
641
375
435
296
602
323
528
399
729
391
691
458
666
479
589
253
635
345
570
359
684
333
443
433
634
474
671
458
621
402
627
517
450
556
650
549
643
355
583
395
590
542
647
494
561
326
625
326
455
355
582
463
681
433
651
518
553
407
491
541
645
442
499
214
651
339
659
474
516
323
538
379
487
391
669
511
640
427
529
542
573
393
509
369
585
470
503
295
703
441
523
483
709
315
599
254
629
350
767
447
691
395
541
299
797
407
555
478
577
327
671
523
667
343
663
325
612
469
615
404
502
341
581
509
430
455
535
442
673
569
734
471
679
344
603
410
629
355
491
285
635
421
631
547
451
317
549
278
709
389
546
461
623
427
609
467
565
457
710
451
691
403
471
71
345
167
311
75
665
347
465
335
480
423
575
435
462
418
375
450
439
303
253
342
217
495
426
143
301
323
373
401
263
478
243
386
386
407
435
395
327
285
409
398
413
367
573
363
334
311
307
502
463
567
358
503
379
362
379
357
347
391
359
405
305
422
479
541
417
395
527
393
231
438
370
417
295
367
238
223
543
335
363
350
453
463
375
393
401
405
381
433
190
459
478
387
507
423
254
392
270
337
362
359
443
451
235
333
298
489
390
430
341
446
419
358
181
447
419
419
428
385
424
423
257
325
331
467
266
491
379
350
399
333
371
370
297
407
483
507
262
358
338
263
243
221
278
286
315
374
434
347
415
409
451
475
346
369
463
391
395
399
487
263
167
429
395
347
247
391
383
351
267
467
339
403
178
440
421
266
421
294
403
383
410
442
223
435
382
450
429
427
470
317
407
535
523
386
439
463
347
339
527
418
350
526
385
447
342
414
403
315
257
438
286
395
427
507
399
355
427
427
449
354
303
318
359
455
459
411
381
438
242
319
422
259
375
215
441
393
279
462
343
455
341
459
463
458
183
351
298
511
201
383
387
399
422
534
375
361
442
487
377
513
370
298
314
285
325
410
451
433
347
315
378
375
423
264
403
223
394
395
375
431
415
479
519
491
292
337
475
262
393
526
335
339
467
399
454
223
329
393
482
277
307
539
473
455
306
454
355
330
457
486
199
403
451
275
289
431
355
507
523
329
407
451
363
373
307
318
439
494
259
359
343
431
282
289
467
439
385
415
135
375
286
326
355
221
321
339
298
459
267
517
307
407
333
341
291
269
420
355
286
295
291
297
319
362
299
478
391
377
222
289
547
513
329
353
266
366
299
462
375
459
413
475
385
299
531
501
507
345
421
463
319
265
501
309
427
306
227
311
377
454
395
366
281
361
339
431
371
427
473
273
322
247
302
371
387
363
371
394
383
399
387
486
402
351
481
233
387
398
267
486
287
470
383
466
314
396
335
338
470
183
283
347
270
319
283
431
345
386
307
394
395
423
313
385
315
430
423
361
286
329
355
327
586
343
377
246
466
383
411
354
423
238
218
210
432
274
321
321
283
358
526
447
415
443
453
396
369
421
319
445
467
439
365
379
422
443
251
359
274
402
306
299
379
385
338
411
323
383
286
361
471
267
246
379
415
343
454
429
255
349
323
371
399
405
496
