319
579
323
659
251
618
483
543
410
567
451
550
399
658
535
605
267
547
379
451
367
599
282
479
290
615
311
587
431
570
463
479
287
595
425
682
459
491
443
519
555
643
527
643
295
571
303
730
422
583
343
663
314
511
455
711
406
579
399
554
506
627
631
685
463
538
395
634
394
514
427
526
383
599
367
686
414
777
415
562
591
591
270
605
411
651
418
686
423
606
438
610
435
562
431
655
523
550
519
506
327
554
314
443
315
550
433
571
310
599
451
539
478
427
263
530
435
487
447
495
331
589
367
614
447
619
387
483
487
539
491
547
411
483
371
675
323
663
355
571
423
579
351
563
483
455
463
487
526
519
435
495
283
691
311
627
358
471
431
531
503
647
483
522
175
687
315
559
450
499
399
598
347
623
471
599
382
475
406
595
439
551
499
423
334
619
415
619
230
478
427
623
471
619
327
462
495
578
254
639
399
555
371
515
487
599
366
623
323
691
407
547
398
639
311
554
310
487
342
651
359
523
443
503
331
491
454
511
343
447
319
651
427
595
386
567
363
654
407
623
391
450
242
598
438
450
463
439
383
571
307
614
315
535
359
503
467
573
327
482
343
711
466
479
442
514
366
551
501
590
407
735
398
595
403
562
426
426
263
527
382
543
287
619
367
539
335
602
359
707
463
595
303
651
359
525
222
451
263
658
391
598
431
603
299
603
371
651
259
543
479
659
371
523
343
479
558
527
375
567
567
554
431
563
403
619
375
579
278
619
335
551
395
659
501
751
338
543
391
659
415
539
361
523
459
511
414
458
314
635
449
691
467
470
406
702
250
503
286
647
455
518
359
571
242
455
379
555
331
630
583
542
415
503
355
663
515
471
475
594
391
650
658
535
515
487
383
743
347
467
167
599
359
438
331
507
303
715
579
691
211
611
383
643
407
558
447
443
307
563
367
459
359
505
423
575
291
491
342
555
550
423
462
543
487
551
435
595
451
543
418
639
263
559
366
614
331
523
415
506
335
483
426
431
170
575
533
499
558
503
410
638
495
503
239
659
550
570
302
642
318
530
339
623
347
631
403
563
414
631
359
690
383
499
435
434
446
590
358
719
287
547
462
654
427
527
359
567
335
677
215
631
291
554
295
511
251
306
89
367
38
311
43
487
195
514
323
531
439
463
399
335
531
334
363
279
391
423
375
391
279
358
307
319
197
295
391
375
383
478
431
374
350
341
346
203
279
339
367
335
410
314
575
327
331
371
458
207
266
299
375
395
395
415
299
419
486
251
374
269
483
494
443
315
359
307
251
283
342
195
315
239
257
323
335
319
287
463
411
346
487
435
263
367
349
387
330
231
366
487
315
306
306
454
223
413
306
362
362
203
395
282
334
250
359
411
287
298
366
471
407
339
371
374
326
350
335
299
467
201
375
278
431
294
390
377
427
411
351
491
127
283
327
459
342
227
315
355
371
347
371
415
323
315
403
230
505
319
403
257
383
274
347
386
386
255
367
294
402
299
454
218
431
266
463
299
398
395
447
263
483
219
462
431
387
434
386
90
335
259
454
395
326
419
310
506
323
331
419
255
251
199
325
323
491
202
387
311
419
117
278
371
462
311
315
379
507
375
319
458
339
351
339
278
307
379
399
403
337
371
419
187
423
274
419
330
295
407
483
371
269
255
275
282
287
239
290
311
395
371
395
467
607
347
265
335
251
215
398
331
407
371
495
447
478
375
295
167
361
391
443
139
423
243
275
258
270
219
367
495
454
375
411
214
299
406
359
227
375
299
330
359
294
267
471
311
283
411
299
451
307
351
390
431
431
311
275
471
275
365
303
311
407
347
178
451
415
351
498
370
275
283
323
375
167
347
231
451
318
367
215
279
187
543
387
395
475
395
245
363
255
339
379
419
319
354
322
215
290
211
442
458
318
362
486
413
326
277
447
262
467
326
522
319
463
255
303
330
381
339
435
315
471
333
363
391
454
379
250
387
427
319
347
311
299
551
391
343
327
438
315
451
447
299
315
343
178
267
303
427
379
435
398
279
427
311
431
389
363
383
515
315
401
247
331
318
267
270
202
303
387
234
366
431
291
311
290
310
331
382
370
403
227
319
319
339
463
251
291
347
319
231
345
311
447
375
291
330
323
338
375
219
338
259
413
311
387
271
291
391
359
427
411
383
387
307
379
334
226
279
374
291
394
398
446
542
295
266
367
463
407
407
323
383
375
179
438
379
451
491
451
346
371
343
379
375
371
261
219
451
347
359
402
495
450
387
271
302
343
298
330
402
319
231
479
551
247
347
426
399
271
338
351
427
195
315
323
179
167
199
354
143
251
523
