680
817
812
814
588
853
675
880
568
962
872
720
646
959
630
808
547
774
707
823
563
948
664
800
625
782
675
896
689
968
654
817
539
864
847
803
639
1019
730
851
612
826
649
837
536
858
507
986
574
805
682
831
679
761
644
965
627
762
550
778
807
832
807
843
646
778
733
916
722
900
723
798
703
748
666
921
692
788
610
770
510
837
665
855
689
828
756
929
666
790
728
936
471
874
660
851
571
832
747
933
674
837
540
848
776
771
597
865
724
899
677
870
675
823
655
967
593
957
624
1058
681
838
700
978
721
822
720
820
780
971
713
851
733
796
608
839
625
857
797
960
693
950
710
853
690
772
655
934
811
870
623
754
794
757
527
715
460
874
681
818
779
801
725
950
676
786
526
911
570
970
744
819
685
836
631
841
733
868
585
869
550
884
700
818
736
972
670
847
671
752
650
914
683
851
723
851
658
822
611
946
607
855
788
809
570
789
657
823
717
943
684
996
632
902
654
674
704
951
788
760
666
850
681
767
641
827
743
920
658
813
753
837
634
747
661
848
545
975
621
911
695
700
802
830
745
969
455
965
508
702
663
763
777
698
620
900
797
878
721
829
848
815
681
850
636
816
813
882
748
791
745
1018
552
803
727
829
623
944
745
880
635
724
565
889
600
903
574
898
702
851
681
791
782
815
723
799
608
883
720
793
532
860
736
1036
607
886
669
866
629
943
694
955
686
719
664
1045
636
871
636
1030
730
692
582
854
673
786
704
737
790
916
637
789
644
923
839
893
679
761
634
818
675
913
786
846
749
740
685
869
622
826
774
878
626
962
710
909
682
898
395
930
635
777
683
993
687
819
619
918
739
875
702
923
819
907
649
774
597
799
731
777
809
799
719
890
734
851
771
974
654
969
717
942
777
817
686
957
687
812
649
938
705
889
771
807
682
909
830
880
733
812
639
773
645
718
777
798
611
785
544
857
724
845
696
930
612
844
770
926
766
854
869
907
565
874
570
863
709
811
698
952
576
959
774
860
644
729
607
958
593
950
771
938
695
920
645
870
685
881
680
831
851
789
533
825
538
826
756
922
452
844
754
907
780
869
724
856
542
892
673
919
685
808
687
803
504
826
669
991
685
831
685
745
511
883
735
938
715
612
381
650
296
510
474
866
672
835
755
819
710
777
691
464
640
598
803
603
702
573
593
702
699
543
606
490
736
796
679
666
769
660
602
579
590
714
684
576
609
688
805
703
512
684
741
652
641
629
669
622
674
692
677
587
730
685
682
543
480
542
605
724
557
566
683
615
604
564
606
672
650
681
583
708
652
574
505
599
620
497
725
548
705
561
671
507
564
623
562
663
683
635
632
671
510
605
819
612
720
506
535
585
740
751
706
672
685
705
671
601
594
736
604
693
557
575
600
583
761
641
725
713
557
657
577
673
565
617
601
617
737
513
561
701
609
537
733
705
613
705
709
621
777
730
606
491
640
742
701
459
608
765
756
585
651
725
611
699
734
646
598
607
736
620
715
729
750
617
638
618
671
632
687
636
815
716
629
679
739
436
746
644
640
441
594
710
572
820
506
727
643
548
673
649
656
599
577
674
629
596
641
494
651
449
773
601
835
633
612
570
660
725
554
612
690
634
743
724
670
593
723
750
851
533
531
522
784
678
701
676
545
490
705
656
677
728
613
705
731
752
633
650
613
630
622
604
605
676
657
684
536
697
680
668
587
672
604
677
765
633
620
614
581
542
527
508
686
681
551
657
631
803
696
739
578
673
697
577
610
574
449
568
641
557
663
689
644
697
724
551
653
727
565
547
698
671
608
611
612
760
654
536
704
588
732
657
616
633
528
614
470
704
544
640
680
640
692
628
647
606
709
632
686
718
753
615
752
628
585
647
632
580
640
631
673
634
743
613
622
521
702
803
559
535
607
665
825
496
757
552
768
606
766
588
688
670
712
601
735
527
763
790
726
686
717
598
647
672
799
654
599
670
651
673
759
590
674
743
642
677
739
583
733
546
645
578
518
634
742
446
518
562
703
560
593
547
482
741
605
615
693
640
715
623
757
744
450
776
711
645
659
592
611
749
694
639
666
697
578
630
688
664
600
692
673
720
722
568
698
719
661
628
750
605
562
712
545
728
654
684
707
645
742
574
662
675
656
657
621
603
599
734
741
725
572
446
558
598
604
743
639
567
666
680
588
628
741
747
603
491
596
661
627
506
582
579
560
710
694
615
732
699
719
637
721
650
795
648
747
637
617
814
687
642
607
566
667
499
671
730
539
393
761
671
590
536
603
607
610
795
664
503
578
497
548
563
641
638
727
502
524
450
446
461
574
767
