371
539
443
571
575
827
403
738
372
531
333
594
514
557
431
709
441
645
378
585
451
790
562
809
633
622
487
769
426
547
359
633
475
674
422
667
583
539
489
681
450
750
325
747
481
557
465
559
443
795
486
607
391
513
442
669
394
694
395
583
531
450
387
670
523
743
405
743
429
627
390
835
454
739
505
779
515
615
543
591
383
670
546
526
450
530
441
615
409
763
364
719
495
659
374
723
587
605
519
739
411
663
483
678
399
543
297
611
503
626
514
695
562
565
526
559
367
759
431
685
311
563
463
817
341
654
337
693
613
733
563
699
619
710
395
655
531
619
427
629
359
631
503
727
478
642
401
774
297
606
537
721
370
723
514
655
291
678
447
611
407
647
607
559
415
583
329
679
491
615
507
622
447
771
483
849
459
713
531
563
369
699
461
645
535
857
290
686
450
583
415
651
474
667
327
582
383
541
503
579
434
735
506
582
543
703
279
655
379
694
510
719
435
594
475
650
458
687
355
461
405
602
387
575
467
694
435
678
315
599
471
763
415
623
466
597
423
577
511
833
483
843
367
631
287
651
515
637
393
683
417
679
489
666
389
642
425
718
426
627
423
630
501
791
515
555
446
635
495
674
555
571
447
555
483
755
428
775
368
782
535
610
501
741
391
578
531
633
563
617
515
727
318
583
413
759
404
641
582
700
319
633
373
578
394
621
432
586
523
747
450
571
519
618
395
538
435
698
335
519
499
890
313
651
411
654
423
745
435
767
495
527
441
502
621
553
441
659
551
702
583
699
423
699
263
617
398
817
439
719
327
875
435
718
412
702
439
565
419
577
522
533
499
678
503
657
493
754
390
563
435
638
430
495
421
610
403
507
383
673
481
621
551
699
545
617
411
810
429
669
287
626
493
720
451
727
503
591
501
675
357
647
499
507
258
686
498
522
503
694
339
805
551
715
423
645
347
625
387
642
503
673
435
641
467
795
502
666
387
642
578
662
491
678
437
693
389
742
635
541
447
479
409
732
471
751
528
595
391
571
395
683
542
776
463
681
415
525
557
694
491
673
559
687
451
698
443
666
398
751
439
729
538
638
550
566
366
603
410
747
422
897
595
597
429
571
406
747
315
698
369
598
383
467
527
597
489
542
161
443
159
327
150
805
319
529
258
557
499
587
486
455
543
459
462
486
525
390
329
335
427
486
243
337
582
583
191
387
546
311
354
454
529
515
469
387
407
390
523
321
453
362
427
349
495
339
329
322
477
362
524
394
459
354
443
478
467
543
490
399
455
387
502
471
485
321
499
293
503
361
385
219
417
381
433
565
395
415
411
479
419
495
407
347
463
547
441
417
527
455
311
313
469
439
473
497
357
303
251
519
410
433
527
247
478
449
417
358
380
413
415
246
397
345
382
493
662
322
470
338
478
498
414
510
402
378
394
462
502
490
562
518
442
530
382
426
578
422
402
350
530
463
401
363
303
311
373
242
399
395
518
423
387
425
469
431
571
487
246
327
333
399
399
430
262
459
313
263
399
258
325
347
377
363
377
547
419
333
459
551
355
290
343
411
429
383
359
393
427
494
502
243
447
419
450
471
417
350
333
347
287
319
519
394
521
513
283
497
529
295
535
295
411
394
410
335
497
406
433
407
411
407
447
326
446
507
443
424
518
199
411
301
507
302
267
311
511
419
439
325
295
449
376
434
237
543
290
333
382
434
431
378
379
514
447
394
475
387
357
315
376
339
475
386
351
306
591
562
386
499
534
225
458
379
434
451
519
362
409
361
386
237
514
405
423
443
423
267
474
486
413
359
479
451
383
334
558
331
431
405
479
362
559
551
470
333
346
338
499
323
303
321
471
371
423
354
550
303
438
301
479
377
331
434
381
465
615
303
401
455
463
291
543
378
367
499
427
566
386
391
278
447
425
506
451
375
371
359
517
334
382
443
426
386
439
371
389
433
350
417
318
330
345
435
594
390
383
491
355
482
377
473
346
331
483
525
471
339
431
243
363
282
475
378
511
314
475
327
313
327
441
198
483
462
540
331
287
190
415
350
454
319
437
347
557
523
360
295
477
491
586
326
483
414
603
446
447
367
493
267
433
374
291
339
487
411
451
351
415
626
507
454
323
534
393
379
443
421
546
467
390
453
450
606
418
346
542
409
281
393
419
471
579
423
561
419
513
367
507
379
259
266
379
399
439
449
395
425
337
379
554
379
511
377
527
447
410
351
539
447
410
551
527
287
394
497
491
445
439
466
403
387
473
377
358
373
315
551
451
587
426
331
310
397
402
505
327
418
522
251
475
275
445
411
390
402
303
393
494
367
503
281
350
743
