461
546
354
453
387
698
429
555
261
447
578
530
225
681
430
627
442
754
377
515
387
666
351
475
457
745
287
607
383
547
477
743
538
576
355
559
434
530
271
691
303
657
379
583
401
555
287
565
261
647
429
581
274
598
407
647
375
499
434
599
382
609
325
613
345
617
307
607
338
551
423
559
418
643
315
473
337
545
425
723
323
781
545
561
437
523
371
625
525
521
410
431
331
434
391
707
323
511
289
591
370
666
511
625
379
571
377
619
627
374
461
687
351
493
377
727
353
663
391
663
386
615
351
747
353
576
439
726
491
557
231
602
359
566
395
598
281
593
390
658
267
423
378
658
467
662
363
659
463
584
423
573
349
573
271
654
219
613
342
551
347
629
335
498
295
614
389
610
402
494
239
451
375
487
474
588
530
510
451
705
376
570
269
426
230
658
450
525
459
569
287
541
331
758
427
583
283
493
362
677
355
499
431
571
547
643
455
502
327
574
389
650
383
518
205
623
495
585
530
694
398
566
370
439
323
723
311
646
433
793
243
483
386
563
331
663
366
623
445
630
425
578
466
598
345
526
370
633
402
637
539
447
467
586
323
555
425
614
415
561
401
619
455
639
399
530
397
586
313
647
378
659
575
582
319
651
503
582
483
517
335
655
320
643
295
631
382
658
349
655
409
709
133
691
353
647
487
418
441
659
323
655
335
611
430
615
414
651
347
547
455
567
318
618
317
375
271
603
341
627
349
491
407
622
373
727
461
438
237
541
354
609
403
538
434
573
347
478
311
525
459
531
463
587
278
545
333
451
417
455
267
579
253
553
309
558
462
671
407
555
266
495
333
588
463
587
431
730
470
548
325
715
358
403
509
599
350
546
479
415
335
579
390
667
273
642
383
670
435
697
419
557
309
665
457
639
375
547
349
609
465
491
463
547
366
587
471
581
325
658
535
563
405
467
359
502
450
661
489
586
389
441
454
561
342
590
355
567
327
431
417
549
403
655
429
555
311
625
349
655
375
539
423
498
562
493
379
674
427
603
426
699
405
627
518
621
469
659
383
463
450
566
403
579
369
474
407
570
430
547
403
545
346
518
391
490
282
643
433
549
355
535
384
570
375
603
474
595
333
506
366
702
258
658
535
634
375
475
135
199
0
310
33
639
427
478
399
535
351
511
359
347
471
358
286
322
335
395
437
462
231
378
321
444
283
337
367
433
499
311
491
227
278
375
387
295
351
342
241
311
406
319
297
159
465
501
371
461
375
450
370
385
422
224
386
331
375
382
443
319
367
266
241
255
423
381
339
470
390
250
284
363
415
349
295
307
494
207
351
419
371
295
301
271
422
353
383
355
299
363
337
430
416
487
343
353
382
217
423
263
310
413
279
294
165
367
339
331
186
369
435
339
341
378
318
266
394
439
359
307
295
322
391
235
346
414
282
419
268
441
382
390
466
301
255
362
306
430
485
419
370
333
413
319
423
293
498
375
447
347
294
343
362
370
429
311
269
399
398
277
315
410
347
543
434
271
430
355
291
399
415
342
389
582
413
431
342
314
371
390
434
382
358
314
227
439
378
310
401
370
423
347
423
361
462
391
323
287
298
435
431
347
386
314
387
290
287
278
295
246
295
303
474
185
431
361
370
265
250
241
397
287
255
383
339
323
554
371
282
267
271
361
415
242
545
423
307
303
471
279
377
383
251
193
433
255
249
189
477
496
437
389
338
311
399
373
334
161
397
255
327
161
249
401
379
271
377
495
411
410
279
339
491
389
390
411
281
334
359
385
383
294
323
474
202
351
318
323
423
261
307
315
475
383
377
409
353
435
371
479
239
326
415
159
363
284
319
250
182
305
358
219
259
301
378
285
418
358
447
357
515
209
237
455
250
299
221
341
549
346
369
187
423
432
438
370
290
334
318
323
355
430
631
313
479
375
389
251
439
318
310
367
266
337
355
247
415
327
307
377
247
215
358
431
423
407
363
434
258
267
383
313
298
341
299
367
394
426
490
442
422
483
422
433
283
235
338
210
298
307
355
425
297
427
354
466
238
261
355
351
295
186
231
243
291
189
357
345
377
382
373
226
323
225
271
414
398
351
391
362
402
255
366
414
337
411
463
274
351
366
319
399
186
230
269
319
509
359
369
283
391
269
398
317
394
430
334
325
458
326
412
223
435
402
426
273
297
279
231
414
342
409
406
315
329
243
401
401
463
504
391
419
319
454
299
271
455
398
402
319
375
319
327
294
233
384
328
183
295
407
277
386
315
279
303
458
390
367
215
455
521
347
523
382
411
395
347
263
326
350
207
307
355
533
309
219
430
387
409
478
530
391
537
761
