533
662
371
578
393
640
398
520
356
674
461
680
413
729
369
714
349
543
354
695
398
625
529
769
448
711
560
823
457
661
379
774
479
805
639
696
507
735
489
628
458
534
516
717
404
690
371
795
385
484
447
614
353
687
535
606
525
633
519
688
497
743
533
683
486
738
366
666
533
703
327
674
523
779
537
646
444
719
459
651
450
630
381
597
499
636
398
748
502
680
456
689
476
653
489
684
391
717
511
809
368
649
579
693
501
555
514
722
564
712
390
744
447
638
595
768
445
581
440
731
418
713
480
706
503
639
365
659
456
696
489
700
505
763
454
603
612
610
405
630
446
690
535
716
502
679
550
825
438
697
407
773
419
591
431
602
570
658
471
687
366
707
628
680
472
662
384
747
433
678
544
659
538
588
514
723
465
758
567
524
524
914
465
655
556
646
602
547
455
781
487
739
478
596
633
774
394
842
497
676
481
511
507
768
458
570
419
735
384
645
493
637
344
720
318
607
470
618
496
611
456
621
537
770
482
725
549
784
466
781
348
683
350
555
398
899
606
718
491
781
537
661
455
685
510
681
547
637
489
680
353
580
417
633
653
637
457
644
465
732
527
743
383
679
502
619
539
621
633
630
523
757
526
672
421
754
394
608
489
630
484
598
474
650
532
605
440
650
431
511
516
647
522
721
390
647
350
648
456
685
480
685
512
686
495
595
555
666
522
642
541
539
345
650
361
741
337
504
568
669
495
573
471
675
569
694
369
660
452
598
453
737
525
719
397
555
338
599
502
809
595
569
335
773
354
649
402
527
331
550
356
770
621
706
505
571
471
633
521
561
412
693
405
743
352
676
512
743
608
664
588
608
525
799
436
626
374
621
423
567
547
624
524
678
592
769
380
789
388
602
586
601
500
441
327
567
471
801
421
849
360
597
409
701
619
710
525
724
424
708
460
621
387
630
491
732
445
544
283
720
477
688
368
636
303
653
436
717
427
763
351
700
439
624
480
635
333
704
510
656
642
673
449
559
610
754
428
698
606
656
336
692
542
701
301
711
397
621
509
805
452
781
452
589
369
673
526
588
517
597
458
586
504
633
590
757
646
701
541
604
483
659
457
630
506
556
362
614
625
664
447
667
465
678
368
692
616
473
0
397
219
357
190
646
470
685
394
565
291
610
409
277
513
551
478
372
498
498
442
364
590
519
316
563
249
372
550
426
386
551
509
403
452
359
454
326
529
542
484
310
431
454
387
373
484
476
501
438
519
465
468
510
501
425
372
490
534
482
421
401
464
495
413
454
517
561
460
387
362
311
366
392
314
444
488
437
569
386
528
422
471
387
352
373
543
335
435
513
498
429
554
306
490
345
407
524
318
364
388
399
504
466
401
404
561
352
400
338
536
372
521
445
408
446
392
505
389
206
475
481
445
371
610
258
606
327
474
291
584
479
577
435
462
352
443
438
341
403
413
481
320
474
613
360
344
512
352
380
557
346
370
540
475
512
396
334
500
380
551
500
477
317
549
511
491
488
446
372
422
644
438
324
481
475
375
340
344
367
451
445
405
545
420
341
499
346
274
408
357
455
477
491
559
491
431
335
299
366
293
503
454
504
475
370
470
320
427
518
438
487
479
441
530
414
305
259
593
495
400
529
509
341
432
447
511
363
381
352
391
370
505
331
614
355
226
223
376
321
443
581
442
339
406
449
333
387
376
450
497
433
527
535
434
412
506
441
560
423
547
265
625
321
368
427
358
401
395
423
610
322
447
339
626
456
546
556
337
377
435
396
432
466
411
290
452
525
338
374
426
505
327
375
367
502
404
548
381
315
563
524
330
518
390
435
417
524
489
502
577
325
456
258
507
335
466
368
455
476
407
335
461
306
316
481
517
542
316
514
509
508
421
435
621
384
443
389
620
479
489
292
476
326
511
360
485
502
551
437
468
482
431
443
533
570
459
308
463
434
224
417
644
313
342
550
459
465
546
430
443
308
403
357
431
324
429
413
495
435
572
382
593
420
374
323
292
305
480
380
525
334
397
404
567
390
604
443
512
596
451
444
382
534
591
410
424
495
436
415
551
419
517
453
451
514
510
379
424
410
453
523
423
479
440
452
492
474
448
543
618
354
524
409
426
411
556
475
323
353
529
285
449
439
390
402
635
570
402
381
483
572
443
473
343
408
425
416
361
450
394
467
516
512
484
338
451
449
460
276
452
470
457
352
404
362
512
220
460
470
312
457
436
441
373
537
322
417
462
395
397
410
452
406
432
491
497
429
284
382
589
475
463
390
383
598
427
459
554
434
560
465
358
394
397
353
475
374
330
497
653
514
630
580
552
900
