206
458
311
490
291
403
414
535
326
491
187
383
279
443
275
427
218
515
275
455
143
357
287
271
375
307
222
543
207
450
187
535
391
590
51
543
153
503
303
389
291
471
278
475
186
438
231
371
262
371
175
431
355
451
322
383
215
418
319
563
325
523
311
499
346
543
319
542
422
522
250
554
253
399
243
555
259
479
203
347
299
490
223
379
138
578
187
458
305
447
154
462
171
529
295
439
291
443
306
507
349
391
255
419
243
407
187
446
239
403
238
543
267
518
335
526
183
494
265
394
223
614
203
463
170
319
329
595
443
439
327
369
271
507
247
395
411
494
267
415
163
419
213
575
227
371
283
591
163
383
241
387
254
455
262
559
222
491
150
490
274
503
226
538
247
498
194
475
263
591
283
459
126
603
287
551
211
407
347
355
223
527
247
471
119
431
223
358
202
343
375
455
351
494
239
495
307
335
251
447
319
402
326
527
335
427
319
455
214
507
306
583
259
527
279
502
179
442
235
323
282
523
337
382
327
463
299
650
191
454
334
497
95
494
242
451
326
379
411
430
475
479
343
374
378
515
191
551
315
443
111
283
314
435
179
515
347
510
339
547
270
451
231
487
187
443
321
538
203
466
403
451
403
482
151
498
351
423
223
550
159
459
202
446
207
387
290
542
279
447
147
343
178
471
207
486
287
375
323
459
211
487
331
706
295
471
217
483
187
351
338
531
223
466
353
671
334
351
303
579
295
386
423
535
335
299
395
558
310
543
230
395
215
474
349
475
301
507
291
571
239
391
375
434
183
343
289
507
311
462
334
455
327
495
419
423
275
393
87
410
114
519
150
483
255
431
167
511
215
583
351
550
143
427
247
451
263
319
219
550
155
414
275
435
438
374
306
586
303
291
251
265
181
503
170
334
315
403
247
595
258
415
274
491
370
399
123
495
355
479
227
543
438
434
251
475
239
455
377
525
255
699
182
335
415
342
317
463
183
339
351
451
251
543
218
354
265
366
331
558
359
290
251
443
266
471
270
467
266
503
338
326
335
439
251
515
74
495
375
455
318
351
303
399
254
471
243
499
230
466
315
463
182
547
403
383
279
509
362
367
214
519
131
478
339
427
339
407
247
443
323
358
343
501
325
583
199
329
2
291
0
102
154
483
235
579
295
393
343
239
202
266
193
179
283
307
110
131
15
263
266
167
295
115
231
211
155
243
319
242
291
198
358
174
231
298
91
123
310
194
203
107
259
102
226
283
383
227
305
199
235
255
250
302
158
142
161
255
278
203
322
242
319
218
154
278
374
127
343
203
223
99
327
267
278
146
327
159
263
342
359
294
394
223
203
87
207
347
275
203
251
286
291
314
97
319
250
219
109
211
186
167
263
82
295
182
198
295
379
202
263
183
367
243
103
262
263
255
271
167
267
251
247
307
243
135
199
219
303
279
267
111
371
311
187
243
235
243
327
191
279
307
225
227
311
255
367
178
195
175
287
142
219
198
295
170
251
203
235
230
179
290
443
103
362
198
303
186
291
226
343
315
283
246
255
243
318
231
251
235
221
343
283
227
235
351
215
299
382
223
319
14
282
283
187
191
199
238
299
163
334
171
343
223
382
243
266
282
302
359
223
210
151
178
255
125
299
291
194
235
287
250
403
299
239
91
238
194
355
119
347
127
25
259
307
263
303
295
107
265
287
403
163
215
311
154
387
51
243
346
274
223
282
294
259
207
195
187
223
231
190
103
194
223
255
186
50
182
335
239
227
166
294
191
283
250
291
199
227
66
303
318
334
179
147
151
179
263
455
299
177
238
255
199
250
334
339
279
250
111
270
143
117
409
259
335
291
202
327
351
102
123
135
295
274
243
63
203
203
122
227
267
367
166
251
310
247
299
234
211
167
135
271
331
163
59
147
194
259
210
190
263
178
207
211
47
175
255
391
242
219
119
283
251
266
231
258
191
342
119
359
259
275
183
283
367
339
226
246
183
122
183
143
347
323
267
262
299
403
166
307
234
274
138
367
274
314
219
263
179
299
327
299
194
171
215
271
271
295
409
275
171
274
183
243
251
255
223
271
298
215
139
367
331
211
339
315
75
243
319
254
263
366
251
303
179
311
398
191
287
178
211
371
215
239
207
487
31
227
159
323
278
275
159
219
170
279
139
291
231
143
255
158
319
83
239
271
315
207
86
242
391
331
95
250
167
171
294
223
95
305
251
190
187
271
255
330
283
287
191
338
198
339
170
370
183
207
107
351
195
214
170
395
211
339
306
339
162
278
155
291
215
159
219
107
215
211
266
303
255
243
122
115
250
206
222
194
298
387
246
202
247
455
454
