160
166
165
162
161
160
159
162
163
160
158
161
165
163
166
161
163
159
159
162
165
159
159
159
167
159
160
159
161
158
161
162
158
162
159
170
158
162
161
165
157
158
163
163
161
159
155
162
158
159
161
162
161
159
155
157
162
163
163
160
157
159
170
165
162
158
155
157
163
166
158
158
157
157
159
165
158
159
163
163
164
164
164
159
167
163
159
169
159
159
156
161
163
158
160
163
161
163
163
158
163
158
162
161
162
170
163
166
159
156
158
163
167
163
159
159
165
165
158
159
155
163
163
167
158
166
158
163
169
159
157
159
159
159
160
163
160
156
155
157
159
166
162
159
162
166
157
163
164
159
163
158
162
163
163
160
161
160
163
167
163
155
158
156
169
167
161
162
169
163
158
158
168
159
161
159
157
160
163
167
159
161
162
167
165
161
159
163
158
162
161
155
170
162
159
156
162
162
165
166
163
158
162
167
171
163
158
161
162
163
169
160
164
165
167
163
168
166
164
163
159
158
160
164
168
161
162
155
162
161
161
159
161
161
158
165
163
161
158
163
165
160
165
162
163
162
157
163
171
159
157
159
157
161
159
165
163
156
162
167
157
174
168
166
159
167
156
164
170
159
155
157
160
160
159
171
166
163
165
160
161
168
158
155
159
157
165
163
164
160
166
159
158
159
158
169
170
155
159
165
161
155
159
168
157
158
169
161
166
165
160
165
160
158
162
159
158
155
163
160
159
159
162
165
157
166
160
164
164
158
159
161
159
156
165
161
158
162
161
157
159
157
169
164
162
154
162
161
158
158
170
160
170
157
159
166
160
158
164
168
170
165
159
159
159
162
159
158
168
164
161
157
159
159
163
163
159
162
159
155
165
162
163
169
155
161
165
154
173
157
168
160
154
165
160
159
165
157
162
157
161
165
155
162
168
161
161
163
159
159
163
165
163
159
159
155
154
155
164
157
162
161
162
159
162
163
155
165
159
155
157
155
159
161
159
160
157
163
161
162
163
160
161
159
171
161
162
162
165
159
158
159
163
163
165
159
163
160
163
162
157
162
166
157
163
167
158
158
167
168
161
163
167
163
155
161
159
155
156
161
162
164
166
159
157
160
158
163
159
162
163
163
161
163
159
163
164
165
160
166
163
166
164
164
163
162
158
167
165
160
158
167
158
160
158
159
167
161
157
159
161
166
158
167
161
162
164
156
157
159
170
163
163
167
163
167
159
158
160
155
159
159
161
159
161
156
165
165
162
158
161
166
163
161
159
160
155
157
161
165
157
159
164
165
166
163
166
158
162
163
158
165
164
166
162
163
158
165
162
162
163
163
165
165
162
161
165
165
159
160
159
161
161
158
163
167
162
161
167
162
165
169
160
166
157
159
157
166
162
159
159
166
157
159
158
170
158
160
161
197
161
157
145
145
141
145
161
149
145
153
157
153
165
157
165
165
157
161
153
145
153
165
153
141
133
157
158
161
157
163
156
155
167
151
155
158
159
163
159
165
166
162
159
156
157
160
158
161
158
167
158
157
161
161
161
167
155
161
162
162
159
154
165
159
163
159
165
159
160
160
161
163
158
161
158
157
155
155
167
161
167
161
167
158
165
167
165
162
159
160
155
160
167
161
158
166
157
158
164
162
160
161
160
165
163
163
168
170
160
154
153
158
158
160
163
162
154
155
156
154
166
162
160
163
162
161
163
153
165
167
159
173
163
169
162
163
159
167
162
163
157
162
155
159
158
159
166
162
159
164
159
168
160
166
166
162
159
167
155
157
163
157
164
165
165
163
156
164
159
158
166
158
159
157
155
163
160
163
159
162
157
166
168
156
157
165
163
167
163
167
159
162
159
162
170
160
167
159
158
163
158
158
163
159
155
166
157
157
159
162
162
158
162
161
158
159
161
159
165
162
158
166
166
164
154
156
167
161
155
156
166
159
155
162
165
159
157
158
165
159
159
162
156
165
162
159
163
162
158
158
162
155
162
159
161
163
162
162
162
161
163
156
160
166
158
163
170
162
166
157
158
161
154
158
159
162
169
166
159
162
163
158
160
155
162
160
162
161
159
162
158
159
161
157
163
161
163
165
157
167
162
157
161
158
160
159
167
159
159
159
160
166
162
165
159
159
159
168
163
166
161
163
159
164
157
163
163
161
159
157
164
165
162
161
163
166
165
159
158
165
167
165
162
166
163
158
167
168
158
162
159
159
162
160
158
157
158
162
166
163
166
163
162
156
160
159
163
157
159
159
163
159
163
157
168
157
162
161
168
159
161
162
161
158
161
158
163
167
163
162
158
161
157
162
159
169
185
155
107
154
33
207
0
39
