333
339
339
335
331
338
337
334
335
335
339
340
339
333
335
339
334
339
330
339
335
339
339
343
339
341
337
331
335
339
331
339
334
341
337
335
337
331
339
339
339
339
338
346
339
339
338
339
330
339
333
337
339
339
341
342
342
331
333
335
337
339
334
341
338
335
339
339
334
333
339
335
342
339
330
343
331
338
335
337
342
337
338
342
339
343
326
339
339
336
333
338
341
334
335
335
341
339
339
331
331
339
338
342
335
343
342
335
337
339
342
337
334
333
341
334
339
339
333
342
341
343
331
337
343
339
331
341
341
335
341
341
341
343
339
339
341
338
330
333
343
337
341
342
343
337
343
334
338
342
341
339
341
338
339
342
342
342
335
340
338
339
341
343
337
337
339
331
339
335
341
339
341
339
339
343
341
341
338
339
335
341
343
339
341
341
331
337
337
338
333
338
333
337
336
334
342
335
341
343
343
339
341
341
331
339
342
343
342
341
333
334
335
341
339
334
343
341
341
339
335
338
335
338
339
343
339
345
345
345
341
339
338
340
337
335
340
335
341
341
336
334
339
338
342
338
341
339
342
343
334
343
338
341
329
333
345
337
339
339
339
337
345
341
341
335
335
343
339
335
343
343
340
341
340
343
330
341
336
337
343
343
337
341
338
342
335
339
339
335
342
335
341
339
338
342
339
341
326
339
338
335
337
335
340
339
337
339
342
343
338
342
343
337
341
339
330
335
341
339
334
339
342
342
340
339
342
330
338
337
341
340
336
337
340
342
333
335
337
339
342
342
343
345
341
342
331
339
343
343
344
331
343
335
328
335
339
341
341
343
335
341
347
340
339
341
341
335
339
342
335
341
334
340
334
342
337
337
341
335
338
341
335
342
342
343
333
334
343
335
337
334
333
334
339
339
333
339
339
341
339
341
338
341
346
329
339
343
342
334
338
339
335
339
343
337
333
331
343
332
334
333
334
338
343
335
342
339
342
340
345
346
335
345
339
331
341
337
342
343
334
345
334
335
339
339
338
342
344
335
335
335
331
339
343
343
335
331
339
337
343
335
333
339
339
339
333
341
337
337
343
342
345
336
340
337
339
339
334
338
343
342
339
341
338
335
343
342
339
347
345
342
333
337
337
342
337
341
325
334
341
339
343
343
347
338
338
342
338
338
334
339
340
338
335
335
342
341
342
341
333
339
338
337
335
335
335
335
334
337
336
341
339
338
337
343
332
335
337
341
334
342
339
338
330
338
341
339
335
343
337
335
339
339
338
342
339
338
342
337
342
340
338
345
343
342
338
342
336
343
331
333
338
335
339
341
342
337
339
337
331
334
343
333
335
343
339
342
337
339
339
331
338
341
339
343
335
344
335
338
335
339
335
341
339
339
337
342
343
339
343
343
330
336
335
335
341
343
341
322
326
342
330
326
326
330
330
334
326
338
326
326
330
338
322
318
306
338
338
326
322
326
330
330
335
339
335
339
327
339
333
335
326
339
335
339
331
343
339
338
338
337
333
339
331
339
335
341
331
339
331
340
341
341
338
345
333
339
335
339
342
339
339
339
338
338
337
339
333
334
335
338
338
332
339
343
330
337
335
339
330
337
339
338
331
337
339
335
338
339
335
335
338
339
330
337
333
330
335
335
335
339
335
339
331
338
339
339
341
338
341
341
329
335
331
331
342
335
331
335
335
337
338
339
335
335
339
335
331
330
333
337
339
339
339
337
334
338
341
343
331
332
329
337
337
335
334
338
335
343
337
335
333
331
340
341
330
339
331
339
335
334
338
336
338
340
334
337
342
340
337
342
341
337
341
339
338
340
335
342
337
339
341
339
330
333
333
337
337
335
334
337
335
331
339
338
338
337
334
339
338
338
338
342
331
332
339
333
329
329
338
339
334
335
339
331
339
335
339
340
335
338
339
338
340
336
339
334
335
336
335
337
335
335
335
338
338
337
338
335
339
339
331
340
335
331
335
335
333
338
339
334
335
337
339
334
341
330
331
339
338
339
341
341
330
341
339
337
341
331
338
337
338
339
334
337
339
339
339
335
333
337
341
331
335
343
335
339
327
330
337
338
333
333
336
341
334
338
331
339
330
339
335
336
333
335
335
335
337
339
339
334
331
334
329
335
335
339
337
335
339
335
333
335
338
337
338
335
335
339
339
339
339
339
335
338
337
339
335
335
333
337
337
331
331
338
334
343
331
338
339
336
339
338
337
338
335
334
333
334
336
338
341
339
337
336
339
338
334
331
337
339
335
335
337
339
341
335
341
339
338
334
335
337
335
335
337
330
339
335
339
339
336
335
339
330
335
329
307
665
455
378
421
337
