95
99
99
95
95
103
103
99
99
99
99
103
103
95
95
103
99
99
95
95
95
99
103
102
99
99
98
95
95
99
95
99
95
95
99
99
99
95
99
99
103
98
99
99
95
99
102
99
95
99
99
102
99
95
99
99
99
95
99
95
99
99
95
103
95
95
98
99
95
98
99
99
99
99
94
99
95
103
95
103
103
99
99
99
99
95
99
99
99
98
99
95
99
98
95
95
98
99
103
95
98
99
99
99
95
103
99
102
99
103
99
95
99
95
107
95
99
99
98
99
99
99
95
95
99
99
99
99
98
95
103
103
99
103
103
99
102
99
99
91
103
98
99
103
102
95
103
98
99
99
99
98
103
98
95
99
103
99
99
95
99
99
99
99
95
95
99
95
99
95
99
98
99
95
103
103
103
99
99
99
99
99
103
99
99
99
98
99
99
95
99
103
95
95
95
99
99
95
99
103
103
99
99
102
95
98
99
99
99
106
95
103
95
99
103
99
99
99
103
103
99
99
99
99
103
99
103
99
103
103
103
99
103
99
99
99
99
95
103
99
103
99
99
99
103
106
99
99
99
99
95
99
98
99
95
95
99
99
98
99
99
99
102
103
99
95
98
95
99
91
102
99
99
99
103
99
95
103
95
99
102
103
99
102
103
99
103
103
103
99
103
95
103
99
95
99
102
99
95
99
99
99
99
98
102
99
99
103
99
103
99
99
103
95
99
99
95
95
99
99
99
102
99
99
99
99
99
99
99
99
103
99
95
99
103
99
95
99
95
102
99
103
103
99
103
99
98
99
99
103
99
99
95
102
99
99
102
103
99
99
98
103
99
99
103
99
99
95
99
103
99
103
99
103
99
99
95
95
102
95
95
103
95
95
103
99
95
95
103
99
95
99
95
95
99
106
99
99
98
99
99
99
103
103
103
99
99
99
103
99
99
99
99
99
99
103
99
95
99
95
99
95
99
98
95
95
103
103
95
99
103
99
99
103
99
95
103
99
103
103
99
103
95
95
103
95
95
99
99
99
95
95
95
99
103
99
99
99
98
95
99
99
95
99
103
95
95
99
103
99
103
102
99
99
103
95
103
98
99
99
103
99
107
95
99
99
103
103
99
103
103
99
99
95
103
99
103
99
103
103
106
103
103
103
99
102
103
103
99
99
95
102
99
99
98
99
103
99
99
99
99
99
95
99
98
95
99
99
99
103
99
103
99
95
99
102
99
99
99
99
99
99
99
99
95
99
103
103
99
103
95
95
102
99
99
103
98
99
103
103
99
99
99
98
99
99
98
103
95
103
99
102
99
95
98
99
99
95
99
103
95
99
103
99
99
103
99
99
99
99
99
99
103
99
103
103
99
103
95
103
99
103
103
95
102
99
99
102
103
103
99
103
95
102
95
99
99
99
103
83
103
99
87
91
75
67
91
91
91
107
103
95
99
107
71
95
99
103
95
107
87
79
75
91
95
95
99
95
95
99
95
95
99
99
99
95
99
99
99
103
95
95
99
102
102
103
95
99
95
99
95
99
102
99
103
99
98
99
103
99
95
99
99
95
99
95
95
99
95
99
99
95
95
95
99
103
95
95
99
99
95
99
95
99
95
95
99
99
102
98
98
95
98
99
99
99
95
99
95
99
98
95
95
99
95
99
99
103
99
98
99
99
95
95
95
95
99
95
95
102
95
99
103
102
95
103
95
99
91
95
95
99
99
102
98
99
99
99
95
103
95
95
95
95
99
95
95
99
95
95
103
95
99
98
103
102
95
98
95
99
95
99
95
99
99
99
98
95
95
99
95
99
95
95
99
103
99
103
99
95
99
95
99
99
94
95
99
98
95
98
99
99
99
95
95
99
95
99
99
98
99
99
99
99
91
95
98
99
94
94
99
95
95
99
99
95
99
95
103
103
95
95
98
99
95
99
99
95
99
99
99
99
95
94
99
98
99
99
95
99
102
95
95
95
95
95
95
95
95
99
99
99
99
98
99
95
99
95
99
99
95
99
99
99
95
98
99
99
99
99
99
99
99
95
95
99
99
95
99
99
98
99
98
95
95
103
95
103
95
91
99
98
95
99
95
99
98
103
95
99
103
99
95
95
99
94
95
99
95
95
99
99
95
95
95
95
99
99
95
95
95
99
95
99
99
99
98
95
95
103
103
103
99
95
99
99
99
99
95
99
99
99
99
99
99
103
95
99
95
91
99
99
98
99
98
99
99
95
99
99
95
99
99
99
95
99
103
95
99
98
95
99
98
99
99
103
99
99
99
99
98
95
95
98
99
95
94
95
103
99
95
99
95
99
95
99
103
95
131
171
0
99
151
135
