171
175
175
175
171
175
173
177
179
175
174
177
171
171
175
178
177
178
175
175
179
179
179
175
175
175
179
175
175
174
178
179
171
171
171
179
178
171
179
178
171
171
175
175
178
179
171
171
171
178
174
174
178
179
175
179
179
179
174
178
179
174
179
171
178
179
171
175
171
179
178
183
178
179
179
179
174
175
181
171
178
171
175
175
175
182
175
178
173
179
179
175
174
167
175
175
179
171
171
175
178
175
175
179
178
178
171
179
182
174
178
175
179
179
167
167
179
171
175
178
171
174
174
174
179
171
171
175
178
174
178
179
178
167
171
167
178
179
171
166
175
175
175
175
179
179
175
178
182
175
175
179
170
179
173
178
177
178
178
174
175
170
174
179
179
175
175
174
170
174
171
178
179
175
175
175
179
174
179
179
179
171
175
171
174
178
169
175
175
179
175
175
179
179
183
175
175
170
179
179
175
175
171
178
174
169
171
179
174
178
175
177
182
175
179
182
179
179
171
171
179
171
179
170
175
175
175
183
179
178
179
179
174
171
166
175
167
171
175
175
175
175
183
174
171
183
175
178
178
175
181
170
179
179
175
174
179
175
186
171
175
182
178
175
179
179
178
179
179
178
179
175
175
179
182
175
171
179
179
171
171
179
182
175
175
175
171
175
175
175
175
183
178
163
163
178
179
182
175
175
178
179
167
178
175
171
174
171
178
171
179
179
183
182
167
175
182
171
183
167
174
171
171
183
179
174
179
179
179
179
183
171
179
175
175
175
179
179
171
179
171
178
175
179
179
179
179
182
178
178
170
177
175
179
171
174
175
171
179
179
181
175
175
179
175
171
171
175
178
175
171
178
182
175
167
181
177
178
175
174
179
179
182
174
179
181
179
175
171
179
175
173
183
178
182
179
179
181
174
167
178
179
174
175
183
171
179
175
186
171
167
179
178
179
182
170
179
179
178
182
182
179
175
182
178
175
182
178
171
179
179
179
179
175
179
179
182
179
182
177
182
182
175
182
179
170
179
167
182
175
175
179
167
179
183
178
174
178
175
179
182
175
179
175
170
178
171
183
175
179
179
179
182
175
183
182
179
171
179
175
175
170
175
179
171
179
178
174
183
175
183
178
179
178
167
182
178
175
178
181
175
179
175
175
182
175
178
171
177
173
179
175
171
175
178
177
175
178
178
175
175
179
175
178
175
179
175
178
174
171
182
175
171
179
178
179
167
178
171
175
174
171
175
178
174
175
171
179
179
182
175
174
182
175
182
175
175
179
170
178
178
171
171
179
171
179
175
173
178
174
175
179
177
175
179
175
178
182
175
179
175
174
181
179
183
175
175
177
175
171
183
178
179
179
175
179
175
175
179
178
174
179
179
175
175
171
171
179
179
175
167
183
179
178
175
171
173
179
175
171
163
163
175
167
155
175
159
167
167
179
171
155
163
171
163
155
163
163
163
155
155
151
159
167
175
179
174
173
167
175
171
175
163
171
175
175
175
177
175
178
179
179
179
179
179
175
175
174
179
175
171
175
178
175
175
175
179
179
175
171
175
177
170
171
175
167
171
177
175
178
175
177
175
171
179
178
175
171
175
175
175
175
175
175
175
174
179
175
175
178
167
177
173
175
178
175
175
175
165
171
179
171
171
171
170
179
174
179
170
174
175
175
178
175
167
179
175
178
171
179
171
179
183
175
175
179
171
171
174
171
171
174
171
178
178
179
175
174
171
179
175
179
178
174
167
175
167
178
163
175
179
179
170
179
179
178
175
179
179
178
182
175
174
177
175
171
178
175
175
175
175
178
175
175
178
175
171
175
178
179
171
179
178
179
175
175
177
175
181
175
171
171
167
174
171
170
175
171
174
174
179
174
171
178
167
175
175
179
170
171
173
171
178
175
179
179
175
178
175
174
171
171
178
175
175
175
174
175
175
171
178
179
179
174
173
179
171
179
173
175
170
174
175
171
174
175
175
179
181
175
177
179
175
171
179
178
175
181
171
175
171
174
175
167
174
175
175
175
175
175
178
166
174
178
175
167
175
167
167
175
177
175
171
179
167
174
175
177
175
166
175
179
171
171
175
171
177
175
182
167
170
175
179
175
175
171
175
171
178
167
179
178
179
175
179
173
175
179
178
171
166
175
169
175
174
175
173
174
170
174
171
178
175
171
178
167
173
178
171
178
170
175
175
171
171
174
175
167
174
173
171
170
171
173
175
171
179
178
175
178
175
178
178
171
171
175
174
179
175
174
179
175
175
167
178
175
175
175
171
171
174
177
167
175
173
170
171
171
179
171
167
175
171
174
171
169
150
166
0
299
187
73
11
47
