165
169
171
169
166
167
165
165
164
161
162
166
166
163
173
163
164
162
159
167
166
166
159
165
169
161
162
165
162
165
167
166
169
167
160
174
163
167
167
164
163
163
162
167
167
165
161
164
163
167
164
163
163
161
163
164
170
166
163
166
163
162
175
169
162
166
163
164
159
165
165
163
167
163
162
165
161
166
163
169
169
167
166
163
167
164
166
171
166
161
162
163
166
163
164
167
166
171
164
164
165
165
167
168
167
174
165
167
164
162
161
165
172
165
164
162
168
164
164
163
166
166
159
174
164
171
163
167
173
163
163
162
166
166
163
166
165
164
165
161
162
165
165
162
160
171
163
169
168
163
166
164
163
166
170
166
161
163
165
173
166
162
165
167
172
174
167
167
177
166
162
165
178
166
163
161
166
165
166
168
170
163
167
175
171
163
163
169
163
166
162
163
178
163
159
166
165
162
163
168
170
160
166
171
172
166
162
163
169
166
169
163
164
166
178
166
171
171
170
169
162
167
162
167
175
167
168
163
169
169
163
162
163
162
156
176
161
164
160
166
168
165
168
169
165
168
166
163
177
165
160
165
163
164
160
169
162
165
167
167
162
178
169
175
164
174
163
169
174
166
164
163
167
165
165
176
167
170
166
164
170
171
163
163
163
159
166
167
170
167
170
161
163
159
162
171
171
165
167
171
165
167
162
170
162
169
174
162
166
171
164
168
167
163
165
164
165
164
167
167
167
166
169
171
165
171
163
170
167
161
161
165
164
161
165
164
164
165
166
163
165
166
174
169
166
164
164
166
165
166
174
167
172
168
161
173
166
161
163
169
171
168
164
164
166
163
162
162
174
164
168
159
169
162
167
169
166
166
166
163
166
167
165
167
161
163
169
163
178
162
170
170
166
167
163
162
167
164
163
163
163
170
166
165
172
164
166
165
162
165
167
171
167
163
161
164
163
159
168
163
163
168
163
162
159
167
161
166
166
165
166
167
168
167
164
164
163
170
167
164
168
165
165
165
173
168
163
167
166
165
163
162
166
165
168
165
164
165
167
170
167
166
171
161
167
171
165
165
173
173
169
165
172
165
163
166
161
166
163
165
166
163
172
166
163
167
164
170
162
169
167
165
167
170
166
168
168
164
162
169
168
169
163
169
166
163
163
170
167
162
161
167
166
165
173
165
169
167
164
166
165
165
162
170
166
164
173
165
169
166
174
171
169
167
168
167
168
162
165
158
162
167
166
162
164
165
166
169
167
166
162
166
169
163
165
161
163
162
163
165
163
163
167
169
168
170
169
166
165
165
165
168
166
167
166
167
166
167
163
166
166
164
167
167
170
161
169
167
163
161
166
166
167
163
165
175
163
163
175
165
169
174
167
173
167
165
165
173
167
163
163
167
165
163
167
175
166
165
163
167
170
165
170
163
167
167
167
166
166
163
167
165
164
163
167
165
164
162
164
168
167
171
163
166
163
164
167
169
165
166
168
159
171
161
166
163
167
165
161
167
169
166
163
165
165
163
163
168
162
175
158
165
163
165
163
176
162
167
163
164
165
163
168
164
167
167
172
167
167
161
166
165
165
166
166
169
162
163
174
163
167
166
173
161
175
173
168
166
167
165
167
167
169
166
165
174
163
163
167
166
163
168
167
170
176
166
171
177
164
164
167
166
166
167
170
168
167
162
164
161
174
166
165
169
175
167
167
162
175
175
165
173
170
176
165
169
166
173
167
170
163
163
159
165
159
161
173
167
163
166
166
172
165
165
167
165
163
177
162
162
166
165
174
170
169
162
166
167
162
163
171
166
161
159
167
165
165
170
166
165
163
172
176
162
162
162
165
168
168
174
168
167
163
171
173
164
170
162
162
164
166
163
169
165
167
173
162
164
168
171
167
167
168
166
166
161
166
171
167
169
167
171
173
170
163
163
175
164
168
167
172
163
165
168
166
165
166
167
167
159
163
162
166
167
165
165
168
166
164
167
162
164
167
163
167
167
169
167
167
166
164
163
167
166
163
166
176
165
167
163
165
163
164
162
164
167
174
167
167
169
169
167
164
163
164
164
165
165
166
165
164
171
165
164
168
166
169
169
165
166
162
163
165
163
166
163
172
166
168
165
162
167
163
167
168
166
160
175
163
168
171
166
164
171
163
168
165
168
166
162
170
165
171
164
167
171
168
163
161
167
175
172
166
171
170
167
165
170
163
170
168
162
167
164
162
163
163
163
171
167
173
167
166
166
165
164
167
163
165
165
164
163
170
162
177
163
163
165
173
168
167
166
165
166
167
163
171
175
172
166
167
167
165
169
168
167
191
163
231
183
299
133
334
285
