217
220
223
221
219
217
220
221
221
221
216
225
214
219
219
222
223
226
224
219
226
225
225
217
222
223
224
221
217
219
223
219
217
215
217
223
226
219
224
223
219
218
221
224
222
220
217
218
218
219
221
215
217
221
222
223
222
222
218
222
221
219
221
218
221
222
220
222
221
221
219
220
221
220
223
221
218
220
223
218
226
216
220
217
222
220
219
218
219
222
224
220
219
217
221
218
226
219
218
224
224
222
221
224
223
221
215
221
224
221
219
218
227
219
217
215
223
220
220
222
216
218
219
219
220
216
220
220
221
219
223
224
222
214
217
218
221
222
221
214
219
218
217
218
221
221
219
219
224
218
220
225
222
222
219
219
225
224
222
219
221
214
220
226
225
225
227
214
217
218
219
222
222
225
217
218
223
218
221
221
222
219
223
219
218
221
215
225
222
219
222
217
222
223
223
224
221
218
221
224
221
220
214
221
220
219
219
224
223
220
220
219
223
226
223
224
225
225
216
221
222
216
222
219
220
221
218
227
220
224
227
221
215
219
215
222
217
220
219
222
221
217
227
218
221
229
218
225
225
222
222
217
219
221
215
217
226
221
225
218
225
225
225
223
227
226
223
223
223
218
222
219
219
222
219
221
221
223
223
217
219
221
224
221
220
222
214
221
220
221
225
222
222
217
208
221
224
219
219
220
220
221
218
220
224
221
219
220
222
217
226
223
225
223
213
220
226
221
222
215
221
219
218
225
225
222
221
223
226
225
222
218
226
221
223
224
222
222
223
222
219
223
222
224
224
223
224
224
221
224
213
223
221
222
218
216
222
219
219
220
223
225
222
219
221
222
215
216
219
222
219
224
220
221
215
223
227
224
221
220
222
221
225
218
224
222
224
219
221
225
221
220
226
222
223
222
225
220
218
216
223
224
218
218
227
215
224
222
224
222
215
223
225
219
223
217
222
220
222
223
223
222
218
221
223
219
223
218
219
221
226
223
225
224
223
221
221
222
224
226
221
222
223
223
221
216
223
215
225
219
225
225
216
223
222
219
221
225
221
225
222
223
222
218
214
221
218
226
217
221
223
223
222
223
226
221
223
214
221
223
221
217
221
222
215
222
225
219
223
224
226
221
222
215
217
224
218
222
223
221
225
223
220
222
230
220
223
216
221
217
220
222
220
221
222
221
222
223
222
221
226
223
216
222
224
223
218
223
219
219
223
222
216
220
228
223
220
221
217
221
219
217
219
224
218
224
218
226
222
224
219
221
223
225
229
223
219
227
219
222
222
219
219
224
218
226
224
217
222
221
226
224
218
219
219
223
221
222
224
221
216
223
222
224
225
223
219
216
222
217
220
221
217
224
219
221
222
222
227
223
217
224
222
219
220
216
221
222
222
223
221
222
225
221
223
222
222
225
223
226
222
223
219
224
222
219
224
226
217
220
224
221
217
221
221
218
220
221
223
220
225
216
224
219
224
221
223
218
219
223
221
226
216
220
219
223
222
222
224
226
222
224
223
222
225
221
222
218
224
220
217
223
220
226
222
222
222
223
223
220
223
223
218
222
226
220
220
228
224
223
223
222
223
215
224
221
222
221
219
217
223
221
222
221
219
223
227
219
220
222
218
224
221
224
225
220
223
222
217
220
223
222
221
222
217
225
225
222
222
220
221
223
221
224
216
222
227
223
223
228
221
224
223
224
225
222
218
217
218
218
219
223
217
223
225
227
222
221
222
223
222
226
220
222
221
220
213
223
216
224
226
224
218
222
225
222
224
222
226
227
223
223
220
225
219
220
227
222
223
224
223
224
225
224
223
220
221
222
221
222
219
226
226
223
224
222
222
221
226
224
221
222
221
223
217
220
223
220
219
222
226
223
222
221
220
224
221
224
218
220
216
216
222
221
225
225
219
224
224
221
219
220
221
225
220
222
220
218
224
222
221
225
223
225
222
225
218
223
218
222
217
222
222
220
217
220
223
226
224
225
219
222
218
223
225
222
219
220
218
221
222
224
222
216
219
222
224
223
225
221
224
214
222
221
221
217
221
217
216
220
225
225
223
224
218
220
224
219
220
216
219
220
220
221
223
225
219
227
223
220
217
221
224
221
218
219
222
218
226
219
222
221
221
225
226
219
220
225
224
220
218
219
218
225
223
223
220
221
218
223
216
220
221
220
223
214
219
223
223
226
216
218
221
219
218
222
226
220
224
216
224
221
218
222
220
220
222
226
222
223
221
223
223
219
220
222
219
224
225
222
220
222
224
215
222
225
220
226
221
221
222
224
219
221
219
218
222
223
221
220
219
223
221
223
221
223
205
217
227
215
74
10
0
127
