167
170
167
167
166
165
167
163
167
166
166
167
166
166
171
165
165
167
163
167
166
163
166
163
167
163
163
163
166
163
166
167
165
166
163
170
163
167
163
167
166
163
167
170
167
166
163
167
163
163
163
167
167
165
162
167
167
166
167
163
167
163
174
169
165
163
163
163
163
170
163
163
165
163
163
170
163
165
163
171
170
171
167
163
167
171
165
171
167
165
162
163
165
165
166
167
167
170
169
166
166
165
167
169
166
170
167
169
163
162
162
167
170
166
166
163
167
167
163
167
167
163
165
169
166
171
165
166
170
163
162
165
166
167
167
166
167
165
163
166
163
167
166
163
166
167
165
169
171
163
169
166
163
166
167
169
163
166
169
171
169
163
167
163
169
170
167
167
174
167
161
166
171
166
165
169
167
163
166
167
167
167
169
171
171
166
167
170
165
167
163
167
171
167
163
162
167
167
170
170
167
163
167
167
173
169
163
169
167
167
173
163
169
163
173
167
170
171
169
169
166
162
163
170
170
163
167
163
170
170
167
162
163
166
162
171
163
163
159
165
171
163
170
170
166
165
166
166
171
163
165
163
162
169
166
167
165
162
167
167
163
174
171
171
165
171
165
171
171
163
165
162
167
165
167
173
169
167
169
166
167
174
162
167
166
166
170
171
167
167
169
165
163
163
167
170
171
163
166
171
166
166
167
169
165
165
171
163
167
171
167
169
165
163
167
163
165
163
169
167
166
166
163
171
163
169
167
171
167
163
166
167
166
163
167
166
169
167
163
166
166
163
171
171
166
163
169
167
167
166
171
163
170
166
165
169
167
163
167
171
171
170
165
167
167
166
169
165
173
169
166
166
163
167
169
170
166
171
163
163
167
167
167
169
163
167
166
165
175
163
171
163
165
171
167
167
167
166
165
166
163
167
163
169
171
166
167
167
165
167
167
171
170
167
163
163
159
165
170
165
165
169
163
166
167
167
166
169
167
163
167
167
167
167
163
169
165
165
167
167
167
167
166
166
171
167
167
167
167
166
167
166
167
167
170
165
163
167
169
167
165
167
170
163
166
167
166
167
173
171
165
167
169
167
166
167
163
163
166
163
166
163
173
165
167
169
167
171
165
170
167
170
163
167
167
166
167
167
163
169
165
166
170
167
167
163
166
171
167
166
162
167
165
167
170
167
170
163
165
163
167
167
165
170
163
167
167
163
170
163
170
170
167
171
167
171
167
163
166
161
166
167
167
166
163
166
165
167
169
167
166
167
169
166
163
166
163
165
167
171
163
167
167
167
169
169
171
167
163
166
166
163
167
167
167
167
167
166
166
167
167
166
170
167
167
163
167
171
166
167
169
165
162
163
167
171
166
167
171
166
167
173
163
171
166
165
163
170
163
166
163
171
163
163
165
173
165
167
163
166
167
163
169
166
163
163
170
167
163
163
167
167
163
167
170
167
167
163
167
163
166
167
166
167
167
170
167
167
163
167
166
163
171
159
165
166
166
166
166
167
171
166
167
163
165
167
166
167
163
171
165
166
166
166
170
170
166
169
165
170
167
163
166
166
167
163
167
170
167
167
166
166
165
169
163
166
163
163
174
167
170
166
171
167
171
171
167
169
167
165
167
167
171
169
165
171
166
166
165
170
169
167
167
167
174
167
171
174
166
165
166
163
167
166
171
169
166
163
162
163
171
167
171
171
170
167
167
163
171
171
165
173
167
175
167
167
167
171
170
170
165
165
163
163
163
166
171
166
167
166
163
170
170
167
171
170
167
174
163
167
169
163
171
170
167
167
166
167
163
165
169
167
166
166
166
166
165
170
167
167
165
170
171
163
166
170
167
170
171
174
163
167
167
171
170
166
174
163
163
166
167
166
169
165
163
174
162
163
165
167
167
166
165
167
167
163
167
165
167
167
167
167
170
171
167
166
174
163
163
166
171
163
165
167
171
167
166
167
167
163
165
167
163
167
167
167
169
166
163
165
165
163
167
163
166
166
167
167
167
165
167
165
169
169
166
167
174
165
170
166
166
166
167
166
166
167
171
170
167
167
167
165
169
167
167
163
166
170
167
163
166
167
166
165
169
167
167
169
163
171
163
166
167
163
167
166
171
167
167
166
165
171
163
169
169
170
167
171
167
169
167
169
167
167
165
167
166
171
167
163
171
167
169
167
167
167
170
167
166
167
171
170
166
169
167
169
169
167
163
167
167
167
163
165
161
165
167
167
169
171
171
167
167
163
163
167
167
161
167
167
166
167
167
163
174
163
167
167
171
167
167
166
170
163
167
166
167
171
171
167
166
170
165
167
169
171
182
167
210
179
3
131
0
14
