247
250
251
251
251
255
254
251
251
255
247
251
254
251
251
254
251
247
251
251
251
254
251
250
251
251
251
250
255
251
251
247
254
251
247
254
251
251
254
251
254
251
251
255
251
251
254
251
254
251
251
247
254
251
247
250
251
250
251
250
250
251
247
254
251
251
254
251
255
254
254
254
255
247
251
251
247
251
251
251
254
251
251
251
255
243
251
254
251
251
251
251
251
251
251
254
254
251
255
251
254
251
251
254
250
251
251
255
251
250
251
254
255
255
251
251
251
251
251
251
251
251
250
250
251
251
251
251
247
250
250
251
251
250
247
251
255
251
250
251
251
251
247
255
255
251
250
251
251
251
250
251
254
251
251
251
251
251
254
247
251
251
251
251
255
255
251
251
251
255
251
251
251
251
251
255
251
251
247
250
251
255
255
251
255
251
250
251
250
251
251
254
255
247
255
251
255
251
251
251
251
251
251
251
255
250
247
251
251
251
254
255
251
247
251
255
255
251
251
254
251
251
251
247
255
251
251
251
255
255
251
251
251
251
247
251
251
251
254
251
251
251
251
251
255
251
251
251
251
251
250
251
251
251
251
247
255
254
255
255
254
251
255
254
247
251
250
251
251
251
251
254
251
251
255
251
251
251
251
247
251
251
255
251
255
251
251
254
255
247
251
247
251
255
251
251
251
251
251
251
250
254
247
251
251
255
255
254
251
254
251
254
251
251
254
251
251
251
251
251
251
251
251
251
254
251
255
255
251
250
251
251
251
254
255
254
247
251
251
254
251
251
254
251
251
251
255
251
255
251
251
251
255
247
258
251
251
251
251
251
251
251
251
247
251
250
251
251
255
250
251
255
254
250
255
251
255
251
251
250
255
254
251
247
247
251
251
251
259
251
247
255
251
255
255
255
251
251
251
251
255
251
251
255
251
251
251
251
251
255
250
247
254
251
251
250
251
247
251
251
251
255
255
247
255
255
254
251
251
254
251
250
251
251
251
251
251
251
251
254
250
251
251
251
247
247
254
254
247
251
251
254
255
251
254
251
251
255
255
251
251
251
251
251
255
255
251
251
255
251
251
247
255
251
251
251
255
251
255
255
254
255
255
251
255
251
251
251
251
254
251
251
251
251
254
255
270
250
259
255
259
255
258
255
251
250
259
250
247
251
251
254
251
254
255
251
254
255
251
251
255
251
251
255
250
251
247
254
254
255
251
255
251
250
251
251
254
247
251
251
250
251
251
255
251
251
251
255
251
254
247
250
255
251
251
251
251
254
251
251
251
250
250
247
250
250
250
251
251
251
251
251
251
251
251
251
251
251
251
255
251
251
251
254
251
250
251
251
255
251
250
251
251
251
251
251
251
251
255
254
251
251
251
254
251
251
251
251
251
251
250
254
251
251
255
254
247
250
255
247
247
243
239
239
239
243
223
235
239
255
243
263
263
239
231
243
247
251
251
247
243
243
243
243
250
251
251
251
247
247
247
247
251
250
247
251
247
251
251
251
251
250
251
247
251
251
251
247
251
250
251
251
251
251
251
251
247
251
255
251
251
250
251
247
247
250
247
247
251
251
251
251
251
251
247
247
251
250
251
247
251
247
251
251
251
247
251
247
254
247
250
254
247
251
251
251
251
251
251
251
247
255
255
247
250
247
251
250
251
250
251
246
251
251
251
250
251
254
247
254
251
251
255
250
250
251
247
250
247
247
247
247
251
247
251
255
251
255
255
250
254
251
247
251
250
247
251
251
247
251
254
251
251
250
255
250
247
250
251
254
251
254
247
247
251
251
251
251
250
251
251
251
251
250
251
250
251
251
251
247
250
250
247
254
251
251
251
250
251
251
254
251
251
251
251
251
247
247
251
250
251
254
250
255
251
251
254
251
247
251
247
247
251
251
251
251
251
247
251
251
251
251
251
251
255
251
247
251
251
251
255
251
247
250
255
250
247
247
251
254
251
247
250
250
251
250
251
247
247
247
251
251
247
254
250
255
251
251
251
251
251
251
251
251
251
251
247
251
255
250
254
251
251
251
247
251
251
247
251
251
251
251
250
251
247
251
247
247
251
251
251
247
247
251
251
251
251
251
251
250
251
250
247
247
251
251
247
250
247
247
251
251
251
254
250
250
250
251
251
251
251
251
251
251
251
250
247
251
247
251
251
251
251
251
251
247
247
251
247
251
247
247
251
247
251
255
251
254
247
247
250
247
250
251
247
251
251
250
247
251
251
254
251
251
251
251
250
251
251
251
251
251
251
247
250
254
251
251
251
247
247
251
247
251
251
247
247
255
258
251
251
247
251
250
251
251
259
250
131
271
99
0
227
4294967048
