298
307
307
299
302
303
307
299
299
302
299
307
307
302
303
303
299
303
299
306
299
303
307
307
303
307
302
302
299
307
302
303
299
306
303
303
299
299
307
303
303
299
306
307
303
303
306
303
295
303
303
302
307
302
303
303
307
299
299
303
302
306
306
307
303
303
303
303
303
299
303
299
303
303
299
307
299
306
299
306
307
303
303
303
306
303
295
307
306
303
299
303
303
299
303
303
303
303
303
302
299
303
307
306
299
307
303
303
303
307
303
302
303
299
307
303
303
303
302
303
307
307
299
303
303
303
299
303
303
303
303
303
303
306
307
303
303
303
299
303
307
303
307
307
307
299
311
295
306
303
307
306
307
306
306
306
307
306
302
303
306
303
307
303
303
303
303
303
303
299
307
307
303
303
306
303
303
307
303
303
303
303
303
303
303
303
299
303
303
303
303
303
299
303
303
303
307
303
307
303
307
307
306
306
303
306
307
303
306
307
303
303
303
303
307
302
307
306
303
306
303
303
302
303
306
302
306
307
307
307
307
307
303
299
303
303
303
299
307
307
303
303
303
303
306
303
303
307
310
303
299
303
303
307
295
299
311
303
302
303
307
303
307
303
303
303
303
306
303
302
303
302
302
303
307
303
299
307
299
306
307
307
307
303
307
307
303
306
311
303
306
299
307
303
303
303
310
303
298
307
307
302
307
299
306
307
299
303
307
307
303
307
307
306
307
303
295
303
303
303
303
303
303
303
307
306
303
299
299
303
307
303
299
307
303
306
302
299
302
307
303
306
307
307
311
307
302
303
303
303
307
302
307
303
299
303
307
307
303
307
302
306
307
303
307
303
307
303
303
307
303
303
303
307
303
307
299
303
307
303
303
303
299
307
303
306
303
303
307
299
302
299
303
303
303
303
298
303
303
306
303
303
307
306
310
299
307
307
307
303
299
307
303
303
306
303
302
299
303
303
303
299
302
303
303
302
307
303
303
303
303
303
299
303
303
299
307
303
306
303
303
303
303
303
303
306
303
303
307
299
307
303
302
306
307
307
303
298
307
303
303
299
299
303
303
303
306
307
303
303
307
307
307
303
303
303
303
307
299
299
307
307
306
303
303
303
303
307
299
303
307
307
299
307
307
303
307
303
303
299
306
307
307
310
306
303
307
302
303
299
299
303
303
307
302
303
307
307
303
303
299
303
303
307
295
299
303
302
302
303
299
307
302
303
303
303
302
306
303
303
303
303
303
306
302
303
311
307
299
303
302
302
303
307
303
303
306
303
303
306
303
307
303
303
307
303
299
310
303
307
302
299
306
303
303
307
303
299
307
303
299
303
310
299
302
307
306
307
299
303
302
299
303
303
311
307
302
303
303
303
306
307
303
303
303
306
306
299
307
303
303
303
299
303
303
302
299
303
303
299
291
299
299
299
303
279
299
315
319
291
287
319
311
287
287
299
303
291
307
299
287
283
283
283
303
299
303
303
295
299
303
299
295
303
303
299
299
306
299
303
303
303
303
303
302
303
302
303
299
299
299
303
302
303
307
307
299
299
303
303
302
299
303
302
303
299
303
303
299
302
303
303
299
299
303
303
295
302
303
303
299
299
299
303
299
299
307
307
306
303
299
303
303
303
298
302
299
299
299
303
299
303
303
302
299
303
303
303
303
299
307
303
298
299
299
303
303
302
299
303
303
303
307
307
303
299
299
302
303
299
299
302
299
307
307
303
303
306
303
307
299
295
295
299
303
299
298
303
299
302
303
299
303
295
307
307
299
299
299
303
303
299
299
299
303
299
298
299
303
302
302
303
302
299
303
303
306
302
299
307
299
306
307
306
302
299
299
299
302
303
302
299
299
299
299
303
303
303
303
299
306
306
303
303
295
299
303
303
299
299
303
303
303
303
303
299
303
299
303
303
299
302
299
303
303
303
303
302
302
303
303
303
302
299
299
303
299
303
299
303
303
303
299
303
299
299
298
303
299
303
303
303
303
302
303
299
303
299
295
303
303
302
303
299
295
303
303
303
302
302
303
307
303
303
303
299
302
299
303
306
303
302
302
302
299
302
299
303
295
299
303
303
299
303
299
303
299
306
299
307
302
303
302
299
299
299
303
303
303
303
303
299
298
303
299
303
303
303
303
299
303
303
295
303
307
299
303
302
303
302
303
303
303
303
299
303
306
303
299
303
299
303
303
302
303
303
303
303
299
299
303
303
306
303
303
303
303
302
302
303
299
303
302
303
299
299
303
299
299
299
303
303
303
303
299
302
306
299
303
299
299
299
306
299
299
303
299
299
303
299
299
303
299
302
306
295
307
295
511
323
211
390
631
147
