218
218
221
221
219
219
223
217
223
218
217
220
215
218
220
222
222
219
220
225
219
223
222
220
221
220
222
221
219
218
219
221
213
215
218
222
221
216
222
220
219
219
219
218
223
219
216
216
216
219
218
216
217
220
217
220
222
221
220
220
219
216
220
217
223
219
214
221
216
221
224
223
221
219
221
220
217
218
219
214
217
215
220
220
218
221
220
220
217
220
223
217
218
214
220
217
221
216
216
221
220
217
221
220
220
221
215
224
223
215
219
222
219
219
218
215
222
217
219
217
218
215
219
220
219
216
215
215
216
215
219
225
219
216
220
218
220
223
217
211
219
216
220
219
218
221
220
221
223
221
224
223
218
219
221
217
222
218
219
217
220
215
215
220
223
218
220
215
215
216
218
220
218
223
216
216
217
219
225
215
220
217
220
219
222
216
217
220
221
222
219
217
219
218
221
219
221
215
220
219
218
218
216
218
218
217
214
224
219
220
219
218
223
218
223
223
221
222
217
219
222
217
219
220
224
218
219
223
224
219
223
218
213
214
219
217
211
221
218
220
217
219
222
214
219
224
217
221
219
225
220
213
218
219
215
218
221
222
221
221
222
221
225
220
219
221
223
221
224
219
219
220
218
222
219
220
220
217
223
214
217
223
220
219
222
218
218
221
218
219
218
220
222
216
207
221
224
220
221
219
219
221
213
218
221
219
218
218
219
217
220
218
222
220
215
215
219
217
224
216
213
215
223
223
219
216
219
224
226
221
221
220
222
220
217
220
219
218
219
218
215
220
220
223
218
218
226
220
223
217
215
219
222
218
216
217
215
215
222
219
223
219
216
218
221
219
215
216
217
220
217
222
221
219
215
221
222
223
219
219
224
222
222
221
222
221
219
221
219
221
217
219
221
221
223
214
223
218
220
217
218
224
217
222
221
219
223
219
223
218
218
220
222
223
219
215
221
224
221
220
224
224
216
222
219
217
221
220
217
221
220
221
219
221
219
218
219
222
219
221
218
221
218
217
220
213
222
214
221
218
220
218
216
222
218
217
217
222
219
219
223
219
220
220
210
222
220
219
216
224
221
222
223
222
224
219
221
217
220
220
220
215
221
219
215
222
222
219
223
221
221
221
222
221
213
221
217
221
222
220
221
222
216
219
225
218
222
216
222
216
222
219
216
218
220
219
217
221
220
218
222
216
217
220
219
225
216
216
219
219
220
217
216
220
220
223
215
219
217
219
217
218
216
223
215
222
218
219
220
215
216
218
225
218
221
223
220
224
215
222
218
218
217
219
215
221
221
217
221
223
224
222
216
219
223
222
220
221
221
222
213
220
221
222
223
221
221
222
219
219
218
218
220
220
215
216
217
221
222
220
217
218
219
217
219
220
214
220
220
220
218
221
219
220
224
220
218
218
205
221
229
209
205
213
213
201
221
221
209
217
221
209
209
201
217
205
205
205
213
209
213
197
217
213
218
215
217
216
214
219
217
219
215
220
216
215
219
218
219
219
219
219
219
216
220
220
218
215
219
219
215
214
214
219
219
218
220
221
219
216
218
218
216
218
217
217
219
218
218
219
219
217
216
217
219
220
221
218
219
212
214
217
216
217
215
219
220
216
215
217
213
217
218
219
218
221
218
219
210
215
218
219
216
219
217
223
222
219
216
218
217
219
219
219
211
219
218
221
218
221
217
218
223
219
220
218
214
213
215
216
217
219
218
222
221
219
220
217
220
221
221
217
215
218
215
215
210
222
213
217
219
221
215
221
221
216
221
220
219
219
218
217
218
222
217
218
223
221
215
219
218
218
218
222
219
217
216
216
217
218
213
222
220
219
220
220
219
217
223
217
220
216
216
221
218
215
214
217
219
218
218
218
217
219
219
221
221
219
217
215
219
215
219
219
220
219
217
222
222
218
213
215
218
219
217
220
218
217
218
218
213
218
218
221
220
223
215
218
220
217
215
216
219
215
218
218
217
222
218
219
216
218
217
219
217
220
216
218
213
219
217
215
219
211
216
218
217
219
217
215
220
216
219
219
214
213
220
213
215
215
220
220
216
219
216
214
217
217
217
214
217
219
218
216
220
214
219
219
221
214
218
220
223
218
213
212
219
216
219
216
217
217
224
218
220
215
215
216
218
216
212
216
215
220
221
218
220
215
215
218
217
222
215
216
217
213
215
217
214
218
213
217
224
216
214
221
223
214
220
218
217
215
215
215
217
214
219
217
219
217
217
219
220
216
216
219
219
216
218
221
220
219
219
217
221
219
215
221
215
214
220
220
212
216
219
213
219
217
218
215
211
217
218
219
217
215
195
212
207
213
358
422
432
310
