327
335
335
327
330
337
337
327
331
327
334
342
337
327
331
338
325
335
327
339
327
337
342
339
337
338
331
327
329
341
329
341
330
334
331
334
335
330
337
335
339
333
335
337
338
339
341
340
326
339
329
334
342
330
333
331
340
323
329
329
335
341
326
341
335
335
335
334
327
327
331
330
338
335
326
343
327
341
327
339
339
342
333
331
340
339
323
334
335
326
322
329
335
329
331
331
337
338
342
326
326
334
341
339
331
335
335
343
338
337
335
329
330
327
341
331
343
333
327
338
338
337
326
336
341
335
327
334
331
333
341
339
335
341
335
338
334
331
323
328
342
331
335
345
342
338
339
329
332
338
335
340
343
327
335
341
339
338
329
334
333
331
335
339
334
331
338
326
334
330
338
334
341
338
338
342
339
337
333
337
330
339
338
331
341
339
327
337
334
328
329
338
330
329
326
332
339
331
337
339
342
336
337
337
327
337
338
338
338
339
330
337
327
329
339
330
339
335
342
335
335
337
327
335
337
335
339
342
341
337
341
331
341
334
331
335
337
331
341
337
335
333
335
333
335
329
335
333
339
335
326
339
333
339
326
331
339
334
335
337
341
335
340
339
334
325
330
339
337
327
335
337
331
335
339
337
327
339
329
327
340
339
339
339
339
335
337
343
338
331
342
330
338
337
335
337
342
339
323
339
331
331
334
327
338
335
329
342
338
342
333
339
342
330
335
333
327
331
335
339
331
340
343
339
335
332
333
329
329
331
339
334
331
331
339
339
331
335
334
335
341
337
337
339
342
334
329
339
339
338
341
327
335
331
327
330
340
341
334
339
330
338
345
335
338
339
338
332
337
337
334
339
327
337
330
337
334
331
341
329
335
339
330
333
335
340
329
329
343
333
329
329
329
330
335
343
327
334
334
334
337
331
339
343
341
323
331
339
343
335
331
335
327
341
342
339
331
330
341
329
331
327
329
331
335
327
341
339
334
331
339
339
335
342
333
325
338
334
337
335
330
342
329
331
336
335
331
337
339
327
330
329
327
334
339
341
328
327
334
328
339
329
329
335
343
334
329
339
340
331
339
343
345
333
335
330
342
335
330
334
341
338
341
334
337
333
339
339
334
339
342
337
333
331
335
341
337
338
335
327
339
339
342
343
344
339
338
339
338
335
327
339
339
338
330
331
341
334
335
335
331
335
335
335
327
327
331
331
330
337
331
339
334
337
331
339
330
331
331
339
331
338
331
338
331
331
341
343
327
335
327
327
338
337
331
336
333
333
334
343
342
338
333
335
343
335
330
342
330
341
329
334
333
331
339
335
340
330
337
338
325
330
341
329
327
339
333
335
331
331
335
328
335
338
342
341
334
342
333
337
338
338
337
331
335
335
338
339
343
343
335
343
325
333
331
331
339
339
338
339
336
339
328
334
329
331
341
339
338
333
342
334
335
341
327
330
330
339
332
335
330
342
332
336
342
339
339
333
327
334
334
333
334
337
334
335
329
339
340
339
334
334
331
338
335
340
327
338
326
335
329
339
343
339
345
343
330
338
341
339
337
337
339
335
339
331
334
339
327
327
339
333
330
331
339
343
334
331
342
334
331
331
336
337
329
335
341
333
344
335
331
333
338
338
331
339
329
339
339
337
339
338
338
338
327
339
339
341
338
335
342
337
332
334
327
331
338
338
331
339
337
335
339
339
331
341
334
334
329
327
333
343
334
343
343
337
331
338
334
342
330
331
326
334
339
337
333
341
331
341
342
331
331
327
341
343
329
338
329
341
339
337
329
339
338
335
326
329
335
333
331
339
333
335
335
339
339
337
335
336
339
339
338
339
327
330
335
334
335
338
335
333
331
327
335
337
338
342
333
334
339
342
338
341
327
330
334
339
326
327
339
341
330
338
339
327
343
335
339
341
332
339
337
343
338
339
339
331
339
331
341
342
333
333
339
339
339
334
337
341
342
333
331
339
329
329
331
335
327
339
335
335
339
334
343
327
342
329
325
339
339
343
341
341
329
341
339
339
340
329
343
341
339
333
331
334
342
335
335
339
329
335
337
330
334
339
327
343
329
329
341
343
335
335
333
335
335
338
323
341
334
339
334
337
330
333
337
333
335
338
341
330
326
330
325
331
339
342
338
327
335
339
329
337
339
335
339
334
339
342
339
339
337
335
329
338
339
337
333
340
335
333
338
335
326
337
330
346
327
331
338
339
339
341
335
337
335
330
335
337
329
335
339
334
335
335
335
339
333
329
343
343
331
332
331
343
344
333
339
335
332
329
338
337
334
339
336
327
337
331
337
338
335
333
338
329
335
326
351
0
211
283
246
346
