174
170
175
183
171
171
174
175
178
178
170
175
166
174
174
179
175
179
179
179
179
183
178
171
183
175
182
179
170
171
175
175
163
173
171
178
179
171
183
177
174
171
171
179
179
179
166
169
171
175
170
171
171
174
171
179
179
182
175
179
183
170
179
167
179
175
170
175
174
178
171
181
179
182
179
175
171
178
179
171
179
170
179
167
175
182
179
171
173
179
175
171
174
165
179
179
178
175
171
183
182
175
183
179
175
171
167
179
179
167
175
174
183
175
166
167
182
170
171
171
175
170
167
171
175
171
171
170
178
174
173
179
178
167
171
167
179
179
171
167
174
175
171
171
179
179
171
179
178
182
175
179
171
179
171
174
179
179
179
171
175
171
171
179
183
171
178
170
167
167
167
174
182
179
171
175
181
175
182
179
179
171
171
171
174
167
167
179
175
174
179
166
179
179
182
175
178
167
175
183
171
174
167
174
167
175
167
179
179
174
175
171
182
175
182
175
178
175
171
167
179
171
175
175
174
175
174
179
183
174
179
175
171
170
167
179
171
179
167
179
170
171
182
175
174
183
170
183
171
179
179
167
175
175
170
178
178
179
181
175
179
179
179
175
178
179
182
177
183
175
179
171
181
177
179
171
178
175
183
167
167
179
179
182
171
179
169
179
171
171
175
179
182
167
166
171
183
179
175
179
175
178
167
170
182
171
167
163
182
171
171
175
179
179
165
171
183
171
178
167
170
170
174
179
179
169
171
177
182
175
175
167
179
175
178
182
175
171
167
178
171
179
171
179
179
175
182
179
174
175
163
185
179
182
170
171
171
170
174
175
179
175
175
179
174
171
169
171
179
171
167
181
175
175
175
178
178
179
175
175
179
178
179
175
175
179
179
175
171
182
167
171
183
171
179
175
179
174
173
167
179
179
171
171
179
167
179
171
182
171
167
182
183
179
179
171
175
183
179
178
182
179
171
183
178
171
179
183
167
179
179
179
182
182
179
179
171
179
183
179
175
182
171
178
178
163
186
171
178
179
178
179
167
179
179
175
171
183
183
179
183
179
174
178
166
171
171
179
171
183
182
183
179
183
179
183
183
165
175
179
171
170
171
175
167
175
178
167
179
178
179
178
179
175
166
179
178
171
183
175
179
175
171
173
183
179
178
174
179
178
178
174
171
183
178
175
171
179
179
171
183
179
174
177
175
175
170
175
175
171
174
174
170
178
179
183
166
179
171
170
171
167
175
179
171
179
171
182
171
179
170
171
178
175
183
182
171
183
167
183
175
171
174
179
169
183
183
167
181
175
183
182
175
175
179
182
175
175
182
183
171
179
175
183
182
175
175
167
171
171
178
179
171
174
174
178
174
183
175
178
170
182
175
174
170
167
170
179
178
175
170
179
179
174
175
171
171
179
179
179
177
174
179
179
174
179
183
183
167
175
183
182
171
169
182
171
170
175
179
171
177
167
182
175
182
183
174
171
174
179
178
179
167
171
171
178
175
178
183
179
175
179
182
178
181
182
174
171
179
171
171
175
175
179
174
179
179
177
179
171
179
179
174
174
179
170
171
182
175
175
183
177
171
170
181
177
178
174
175
171
174
175
179
171
171
175
182
171
175
183
167
178
177
183
179
175
175
179
167
174
179
174
171
179
167
182
182
178
171
171
181
175
179
179
165
182
182
179
178
183
171
175
182
175
171
175
171
171
167
174
171
175
167
186
179
179
179
167
173
183
171
183
174
178
167
175
166
179
170
179
183
182
171
179
179
179
182
183
182
182
182
175
179
182
171
170
183
174
179
182
177
179
178
178
183
175
171
178
179
174
166
186
182
179
179
179
178
175
182
179
175
171
170
179
178
178
175
171
171
175
175
171
171
175
171
182
179
179
167
171
171
170
179
179
183
175
171
175
182
174
171
170
183
178
171
179
179
175
178
171
178
182
175
179
178
179
171
179
171
175
170
175
175
171
171
175
171
179
179
179
171
182
175
179
179
175
179
179
171
178
175
171
182
167
167
174
178
177
175
178
182
170
175
175
179
166
179
171
167
175
183
183
175
182
171
174
183
175
175
167
171
175
174
179
175
174
175
179
178
179
171
179
179
174
171
171
175
171
183
171
179
179
175
179
178
170
178
179
179
175
167
175
174
179
177
178
169
175
171
178
171
183
171
174
179
167
171
179
175
183
167
171
179
175
171
173
187
174
171
174
179
171
175
175
174
175
179
179
182
182
182
182
175
171
174
175
171
179
178
178
178
175
179
170
175
178
175
183
167
171
179
181
166
175
175
167
179
175
183
179
166
174
174
175
178
167
151
171
335
35
147
267
327
295
