246
242
246
243
243
242
243
243
246
241
243
239
245
243
245
243
245
242
246
246
247
247
245
243
246
243
246
247
243
243
246
243
246
243
243
243
246
243
246
243
247
246
246
242
243
245
245
246
243
243
246
243
242
246
247
246
243
245
247
242
247
245
245
243
247
245
245
243
243
245
246
243
247
243
246
246
243
243
242
245
247
247
243
243
243
246
245
243
247
243
243
243
247
243
250
246
246
246
243
247
243
247
247
245
243
241
247
247
243
243
245
246
243
243
243
245
247
247
246
243
243
245
243
243
243
243
246
245
246
243
247
246
243
243
246
245
251
239
242
246
241
243
246
243
246
243
242
246
247
246
243
243
243
247
247
247
242
243
247
243
245
247
247
247
247
243
249
247
243
239
243
239
245
241
243
246
246
243
247
243
249
242
245
243
246
243
243
243
243
242
246
243
243
243
247
243
247
243
243
247
247
247
245
243
247
245
247
247
246
247
243
249
246
247
247
247
243
246
247
246
243
245
243
247
245
245
243
243
247
246
249
246
247
243
245
245
242
247
247
243
247
247
249
247
246
251
247
250
246
247
247
245
246
245
247
249
247
243
243
243
250
246
246
247
247
246
246
246
246
246
246
243
243
243
243
247
245
245
245
247
243
243
243
246
246
243
243
246
243
245
243
239
247
247
242
243
243
243
246
243
243
243
243
245
247
247
243
247
247
245
243
243
243
243
246
243
246
243
242
242
247
243
243
242
247
242
243
242
250
243
241
241
243
243
246
246
243
246
246
242
245
243
246
243
246
245
246
243
246
245
246
243
251
243
242
243
250
246
246
243
247
246
247
243
246
243
243
242
247
243
247
247
246
247
250
247
250
249
243
243
247
246
243
242
245
245
247
245
245
249
246
247
247
242
243
247
246
243
243
247
246
246
245
247
243
247
241
247
247
247
246
243
243
246
243
243
245
247
246
246
245
243
247
243
247
247
247
239
247
239
243
243
247
243
247
241
247
246
247
247
247
242
243
247
246
243
246
243
243
245
245
246
245
243
242
246
243
250
246
246
247
242
246
247
243
247
247
245
243
247
243
245
246
249
246
246
245
243
242
243
243
243
245
243
246
247
243
246
247
243
247
245
242
247
243
242
251
243
246
243
245
243
246
242
247
239
243
242
243
243
243
243
246
246
247
247
243
246
246
242
247
243
246
246
243
246
241
243
243
243
245
243
243
247
247
245
247
242
246
241
245
243
245
243
243
246
245
249
245
247
246
243
245
246
245
247
243
243
246
245
243
246
246
247
247
243
247
246
247
247
247
246
247
242
245
245
243
247
250
245
249
247
247
247
243
247
243
246
247
243
247
247
243
246
245
243
246
247
243
246
243
246
242
243
246
247
247
247
243
243
250
246
243
247
243
243
243
245
234
242
246
234
250
238
234
230
246
226
238
250
238
246
250
230
234
226
242
234
242
246
238
226
230
242
239
242
242
241
243
243
243
243
243
243
246
242
239
246
247
243
247
243
246
243
239
246
246
247
243
246
243
247
242
243
243
245
243
246
247
243
243
243
243
247
242
242
243
243
241
243
247
246
245
243
243
243
243
245
243
243
238
243
241
246
247
242
245
243
243
247
243
243
243
243
242
243
243
241
243
243
243
239
247
246
243
242
242
246
246
241
245
242
241
239
243
243
243
245
246
247
249
247
243
243
243
239
239
239
237
242
242
247
243
242
246
247
247
243
245
247
243
245
242
239
243
243
239
246
247
242
245
243
242
246
243
243
245
243
245
243
246
242
246
242
245
245
243
243
243
247
243
245
250
245
245
243
246
243
243
245
246
243
239
243
247
242
247
243
245
245
247
243
243
247
242
245
242
243
247
246
247
243
246
242
247
243
245
245
242
242
242
247
243
243
243
242
246
247
247
246
245
239
243
243
246
239
243
243
243
243
241
243
242
243
243
245
247
242
243
239
246
242
243
242
245
239
243
246
243
242
243
243
243
247
243
243
242
241
243
247
249
246
242
243
243
245
245
247
239
247
245
243
243
242
241
243
239
239
243
242
246
247
243
247
245
241
247
246
243
242
241
241
243
246
246
247
245
242
243
247
243
245
246
243
239
247
243
243
246
239
247
243
247
243
247
243
242
243
243
242
245
246
245
243
241
242
243
243
247
243
243
247
243
246
242
247
247
243
243
247
241
245
247
243
243
242
247
246
243
239
243
243
243
243
245
243
246
246
246
243
247
242
242
243
243
242
239
243
246
243
245
243
243
246
243
245
243
247
245
243
243
243
245
242
242
243
243
243
241
245
243
239
242
243
246
243
234
245
0
82
285
410
271
4294967256
