1083
1095
1091
1079
1079
1079
1087
923
1091
927
1087
1087
1083
1091
1083
1091
1095
931
1091
923
1091
1095
1087
1087
1091
927
1087
1087
1079
1079
1087
1083
1087
1087
1087
927
1083
1079
1083
1087
1095
1079
1091
927
1087
1083
1079
923
1091
923
1083
927
1087
923
1095
1083
1083
1083
1087
1091
1091
1091
1083
923
1083
1083
1091
923
1075
1083
1083
1079
1083
931
1091
923
1091
1091
1079
931
1083
1087
1083
1083
1087
1079
1079
1091
1083
1091
1087
1091
1091
931
1087
923
1095
1087
1091
923
1079
931
1091
931
1083
927
1083
1079
1079
1083
1083
1079
1087
1087
1079
1087
1087
1083
1083
1079
1083
923
1095
1095
1079
923
1087
923
1079
1087
1079
927
1087
1087
1091
1083
1091
1087
1091
935
1087
1083
1091
1079
1083
1079
1079
923
1079
931
1083
931
1091
935
1091
927
1083
927
1083
923
1087
923
1087
935
1079
927
1083
1091
1083
923
1087
1091
1091
927
1091
1083
1087
1083
1083
1087
1083
1087
1091
1091
1087
1087
1079
931
1091
927
1083
923
1087
1087
1087
1079
1091
927
1087
931
1079
927
1087
1103
1087
1079
1083
1087
1091
1083
1091
923
1083
1091
1083
935
1087
939
1087
1079
1083
1087
1091
1079
1099
1083
1087
923
1091
927
1087
935
1095
1091
1087
1079
1079
1091
1091
927
1079
1083
1091
931
1083
939
1091
927
1091
1087
1083
1079
1095
1083
1083
1083
1079
1087
1083
931
1083
1087
1091
923
1079
1083
1079
1087
1075
1083
1087
923
1083
1087
1079
1083
1079
927
1083
927
1079
1079
1083
1083
1087
923
1091
1079
1095
1095
1087
931
1079
1087
1087
923
1091
1091
1083
1083
1079
1087
1083
927
1087
1083
1083
1079
1087
939
1083
1083
1079
1083
1091
1087
1083
1079
1087
931
1083
1079
1079
923
1087
1087
1079
939
1087
1079
1083
1087
1079
1079
1087
935
1091
927
1091
1091
1083
1087
1091
1079
1083
1091
1083
927
1083
1083
1079
923
1079
927
1083
1079
1079
1091
1091
1083
1087
1083
1087
1083
1083
1083
1079
923
1087
1087
1083
1087
1087
1095
1079
923
1083
1087
1083
1087
1079
931
1087
931
1087
1091
1083
1087
1079
1095
1095
1083
1087
1079
1095
1091
1087
1099
1091
927
1079
1091
1091
1079
1087
1083
1091
935
1087
927
1087
1091
1083
1087
1087
927
1079
931
1087
923
1091
923
1087
935
1095
1083
1095
1087
1087
1091
1095
1087
1091
931
1087
927
1079
927
1087
923
1091
927
1091
935
1091
923
1079
935
1091
1095
1087
927
1083
1083
1087
1087
1079
1095
1091
1087
1083
1079
1091
923
1083
1083
1083
923
1083
927
1083
927
1079
1087
1079
935
1087
1095
1083
1091
1083
919
1091
1079
1083
1087
1079
1087
1091
1087
1079
1087
1079
931
1079
1079
1087
1091
1083
1083
1095
1083
1083
923
1091
1083
1079
1083
1083
927
1083
1079
1083
1083
1087
1087
1087
1091
1079
1091
1083
1079
1083
1079
1087
1099
1083
1087
1079
1079
1087
1083
1087
1087
1083
1083
1083
1083
1083
1087
1095
1079
1087
1091
1083
1091
1095
1087
1079
1079
1079
1091
1079
1087
1079
1087
1087
1079
1087
1083
1079
1079
1079
1079
1079
1083
1083
1079
1087
1091
1079
1079
1079
1083
1087
1079
1083
1083
1079
1091
1087
1091
1079
1083
1083
1083
1091
1083
1079
1079
1079
1087
1091
1079
1095
1087
1091
1083
1087
1079
1079
1083
1087
1091
1083
1079
1087
1083
1091
1091
1087
1083
1083
1087
1083
1099
1091
1087
1087
1087
1087
1087
1087
1087
1087
1087
1087
1087
1087
1087
1087
1087
1087
1087
1087
1087
1087
1087
1087
1087
1087
1087
1087
1095
1083
1087
1083
1095
1091
1087
1079
1083
1099
1087
1083
1083
1083
1079
1083
1095
1087
1079
1087
1087
1095
1079
1079
1091
1091
1087
1087
1083
1079
1095
1087
1083
1083
1087
1079
1079
1079
1079
1079
1091
1079
1099
1079
1079
1079
1087
1083
1083
1075
1087
1079
1079
1083
1091
1083
1095
1079
1083
1087
1079
1083
1083
1087
1091
1091
1083
1083
1079
1087
1079
1091
1087
1087
1087
1087
1079
1083
1079
1083
1087
1087
1091
1079
1079
1075
1087
1079
1083
1079
1087
1083
1083
1087
1095
1087
1083
1083
1083
1087
1095
1083
1079
1079
1087
1083
1087
1083
1083
1083
1079
1091
1079
1083
1099
1087
1083
1087
1087
1079
1079
1087
1087
1083
1091
1079
1087
1083
1079
1091
1091
1083
1087
1083
1079
1079
1091
1079
1083
1079
1087
1083
1079
1079
1083
1079
1083
1095
1087
1079
1083
1095
1083
1079
1083
1083
1095
1083
1079
1087
1083
1091
1095
1087
1087
1079
1091
1083
1079
1083
1087
1091
1083
1083
1083
1087
1079
1079
1095
1087
1087
1083
1091
1083
1079
1079
1095
1091
1095
1087
1079
1087
1095
1087
1079
1091
1079
1083
1079
1075
1083
1079
1091
1091
1083
1083
1079
1087
1079
1091
1083
1087
1083
1079
1087
1091
1091
1087
1083
1087
1091
1087
1083
1083
1079
1087
1083
1091
1087
1083
1095
1087
1087
1087
1091
1083
1079
1091
1079
1083
1087
1091
1091
1087
1095
1087
1083
1083
1083
1091
1079
1079
1095
1087
1083
1079
1095
1079
1087
1079
1087
1087
1087
1087
1087
1087
1091
1087
1091
1083
1087
1079
1087
1087
1083
1087
1091
1091
1087
1091
1083
1095
1083
1091
1087
1083
1095
1095
1079
1099
1087
1095
1083
1083
1083
1087
1091
1087
1091
1083
1083
1091
1079
1087
1083
1087
1087
1083
1083
1087
1087
1091
1083
1091
1091
1091
1083
1079
1095
1083
1087
1087
1087
1087
1091
1087
1079
1087
1079
1083
1079
1087
1079
1087
1083
1087
1083
1087
1091
1087
1095
1079
1087
1091
1091
1079
1087
1087
1091
1087
1087
1087
1091
1087
1083
1087
1083
1087
1087
1091
1087
1083
1083
1087
1079
1083
1083
1087
1091
1083
1083
1083
1083
1083
1087
1599
195
0
1259
1383
483
