2247
1043
1050
1051
1043
1043
1051
1042
1039
1042
1051
1051
1047
1046
1051
1043
1043
1043
1051
1051
1043
1043
1047
1043
1055
1051
1051
1038
1055
1038
1047
1043
1051
1043
1039
1047
1051
1051
1039
1047
1043
1047
1047
1047
1043
1047
1043
1039
1051
1042
1051
1039
1047
1043
1047
1042
1051
1051
1050
1051
1042
1047
1046
1043
1051
1051
1047
1051
1043
1050
1042
1043
1055
1043
1050
1047
1043
1051
1055
1043
1055
1047
1042
1042
1051
1047
1043
1042
1051
1043
1050
1047
1055
1047
1047
1051
1055
1047
1043
1047
1050
1043
1051
1043
1039
1050
1043
1042
1047
1047
1051
1043
1051
1038
1046
1039
1055
1047
1047
1043
1051
1043
1047
1039
1046
1043
1047
1047
1039
1051
1043
1051
1039
1039
1039
1051
1050
1051
1051
1043
1050
1047
1055
1047
1043
1051
1047
1043
1047
1054
1046
1047
1043
1047
1055
1047
1043
1051
1047
1055
1051
1051
1051
1039
1059
1046
1055
1051
1038
1051
1055
1043
1039
1047
1043
1047
1043
1047
1043
1042
1051
1043
1059
1047
1051
1043
1047
1047
1043
1047
1055
1047
1047
1047
1051
1046
1043
1043
1047
1039
1055
1047
1051
1047
1047
1043
1051
1043
1043
1043
1043
1047
1058
1051
1051
1055
1047
1047
1055
1046
1051
1046
1047
1047
1055
1047
1051
1043
1055
1047
1047
1046
1043
1043
1055
1059
1042
1047
1042
1051
1047
1051
1043
1055
1042
1043
1043
1043
1055
1055
1039
1051
1047
1047
1042
1047
1051
1039
1047
1042
1047
1051
1051
1047
1055
1043
1043
1059
1047
1051
1051
1047
1055
1051
1039
1047
1047
1047
1043
1047
1051
1043
1039
1055
1043
1047
1055
1046
1055
1051
1047
1051
1042
1047
1050
1055
1039
1046
1039
1047
1043
1051
1047
1046
1047
1043
1055
1043
1046
1042
1055
1042
1055
1055
1051
1051
1043
1047
1047
1051
1043
1047
1046
1047
1047
1043
1047
1043
1043
1039
1042
1055
1055
1043
1047
1042
1043
1043
1043
1051
1047
1043
1043
1047
1047
1042
1051
1043
1047
1042
1051
1055
1055
1047
1051
1043
1051
1055
1055
1047
1043
1047
1043
1051
1051
1046
1042
1042
1051
1043
1047
1039
1043
1055
1043
1051
1047
1047
1046
1051
1043
1043
1043
1046
1039
1055
1043
1042
1055
1055
1043
1054
1038
1047
1043
1043
1051
1043
1055
1055
1042
1043
1051
1055
1047
1043
1043
1047
1047
1051
1051
1055
1046
1043
1039
1051
1051
1047
1043
1059
1059
1047
1051
1042
1047
1051
1046
1046
1043
1051
1046
1051
1051
1042
1043
1051
1051
1047
1047
1051
1047
1047
1051
1047
1038
1043
1043
1059
1039
1035
1038
1035
1043
1051
1047
1043
1050
1043
1043
1042
1051
1055
1042
1042
1047
1054
1051
1059
1051
1043
1047
1047
1047
1047
1051
1043
1055
1043
1047
1051
1039
1043
1039
1051
1051
1043
1039
1043
1047
1051
1047
1043
1043
1047
1047
1047
1043
1055
1051
1046
1051
1051
1051
1047
1043
1050
1043
1043
1043
1055
1047
1043
1046
1043
1046
1063
1042
1039
1051
1046
1043
1059
1047
1043
1047
1043
1050
1047
1042
1043
1059
1043
1043
1047
1051
1046
1047
1043
1050
1043
1047
1043
1051
1047
1043
1047
1051
1043
1051
1047
1055
1043
1055
1042
1051
1051
1047
1055
1047
1051
1047
1051
1051
1047
1051
1043
1051
1043
1046
1043
1051
1042
1051
1047
1043
1043
1043
1051
1046
1051
1047
1043
1047
1055
1042
1051
1046
1047
1059
1035
1047
1047
1043
1038
1043
1051
1051
1051
1051
1051
1046
1047
1046
1051
1055
1047
1047
1042
1055
1051
1047
1043
1047
1055
1047
1047
1047
1051
1055
1055
1047
1051
1055
1047
1042
1051
1047
1043
1042
1051
1051
1047
1051
1046
1055
1051
1043
1047
1046
1051
1043
1043
1050
1038
1043
1043
1055
1043
1051
1051
1051
1047
1051
1039
1047
1039
1043
1051
1051
1047
1042
1047
1055
1051
1039
1038
1051
1047
1051
1046
1047
1043
1042
1039
1043
1046
1047
1055
1051
1051
1043
1043
1047
1047
1047
1039
1043
1043
1047
1051
1039
1046
1043
1047
1047
1042
1051
1042
1046
1051
1047
1055
1051
1043
1047
1055
1047
1047
1051
1051
1050
1051
1046
1047
1051
1043
1047
1051
1043
1051
1051
1051
1051
1043
1051
1051
1046
1043
1038
1047
1046
1047
1055
1047
1043
1047
1043
1039
1051
1042
1047
1051
1042
1047
1047
1054
1042
1055
1047
1055
1046
1051
1051
1059
1039
1042
1046
1055
1055
1051
1051
1043
1047
1047
1042
1055
1046
1051
1051
1047
1043
1055
1042
1047
1039
1047
1043
1051
1051
1043
1047
1051
1055
1043
1050
1043
1047
1043
1055
1038
1039
1046
1043
1042
1047
1055
1047
1055
1059
1051
1043
1039
1043
1043
1046
1055
1039
1047
1043
1051
1047
1047
1051
1043
1039
1047
1043
1051
1038
1051
1051
1055
1050
1055
1042
1047
1047
1042
1039
1047
1047
1051
1054
1038
1042
1054
1051
1047
1055
1051
1051
1047
1051
1047
1059
1046
1051
1047
1035
1051
1043
1039
1047
1042
1051
1047
1039
1042
1051
1039
1042
1055
1046
1055
1047
1051
1043
1050
1039
1051
1047
1047
1043
1051
1042
1047
1055
1046
1043
1051
1055
1042
1039
1046
1042
1051
1051
1047
1042
1054
1035
1047
1046
1042
1055
1047
1043
1043
1046
1043
1055
1046
1042
1047
1047
1059
1043
1046
1051
1047
1051
1042
1043
1047
1043
1043
1047
1046
1046
1047
1051
1055
1047
1046
1051
1051
1042
1043
1043
1051
1046
1043
1038
1042
1043
1042
1047
1047
1051
1051
1043
1051
1055
1038
1042
1043
1043
1043
1047
1043
1047
1047
1047
1046
1047
1043
1039
1047
1047
1043
1047
1051
1051
1043
1043
1055
1055
1043
1039
1051
1047
1038
1046
1047
1043
1051
1051
1039
1043
1055
1043
1051
1039
1051
1042
1047
1051
1043
1043
1047
1047
1047
1043
1043
1039
1051
1043
1055
1050
1051
1050
1051
1047
1046
1043
1051
1055
1039
1043
1043
1051
1042
1039
1047
1042
1043
1051
1051
0
1915
1626
1367
1371
2039
