1102
1100
1101
1107
1099
1101
1104
1104
1097
1100
1099
1105
1107
1098
1099
1104
1093
1101
1106
1108
1107
1111
1102
1105
1102
1103
1098
1099
1112
1108
1094
1102
1097
1101
1107
1098
1103
1099
1101
1104
1095
1102
1109
1101
1103
1099
1098
1099
1107
1112
1104
1103
1103
1107
1099
1103
1108
1103
1108
1098
1100
1104
1094
1107
1108
1103
1099
1099
1104
1101
1098
1107
1103
1100
1105
1103
1103
1097
1098
1095
1101
1107
1099
1101
1103
1101
1112
1110
1097
1097
1105
1098
1102
1103
1101
1100
1097
1102
1101
1106
1094
1098
1098
1101
1108
1099
1103
1111
1098
1105
1098
1105
1102
1105
1104
1102
1102
1098
1097
1103
1102
1099
1095
1103
1102
1105
1107
1102
1102
1104
1094
1107
1111
1103
1102
1103
1106
1109
1099
1103
1102
1097
1097
1105
1102
1094
1103
1103
1101
1107
1105
1099
1100
1105
1107
1108
1104
1100
1101
1105
1106
1098
1095
1102
1106
1106
1109
1099
1103
1111
1098
1101
1102
1106
1094
1098
1102
1107
1097
1112
1099
1103
1101
1099
1102
1111
1097
1106
1111
1109
1103
1099
1107
1111
1104
1109
1100
1105
1101
1105
1107
1102
1094
1106
1102
1099
1107
1111
1102
1093
1104
1101
1104
1103
1103
1102
1105
1103
1112
1102
1107
1103
1109
1098
1107
1098
1103
1104
1107
1098
1109
1099
1100
1103
1095
1104
1106
1100
1102
1102
1105
1098
1103
1099
1101
1103
1102
1107
1101
1104
1098
1098
1098
1105
1106
1103
1108
1099
1108
1108
1099
1109
1097
1099
1102
1099
1107
1108
1098
1105
1103
1103
1103
1104
1105
1103
1098
1102
1103
1098
1101
1103
1101
1101
1107
1099
1097
1097
1102
1103
1104
1105
1106
1098
1107
1109
1104
1101
1098
1098
1096
1103
1103
1101
1097
1107
1108
1101
1101
1099
1103
1107
1101
1101
1101
1112
1106
1100
1112
1107
1107
1107
1107
1107
1095
1102
1102
1100
1101
1102
1094
1106
1101
1103
1101
1107
1106
1104
1103
1098
1101
1098
1108
1108
1099
1098
1101
1105
1097
1101
1108
1098
1106
1099
1101
1101
1107
1099
1101
1103
1102
1099
1099
1101
1107
1094
1102
1099
1101
1105
1097
1102
1101
1101
1107
1102
1111
1099
1104
1103
1100
1107
1108
1109
1107
1097
1102
1104
1103
1099
1098
1103
1108
1107
1097
1104
1103
1103
1105
1102
1103
1097
1102
1111
1103
1107
1098
1108
1103
1103
1099
1099
1101
1103
1101
1101
1105
1104
1107
1098
1101
1102
1105
1099
1099
1107
1099
1101
1098
1105
1094
1099
1105
1103
1095
1104
1109
1106
1107
1102
1098
1103
1107
1102
1104
1099
1102
1099
1107
1105
1109
1101
1102
1097
1107
1103
1105
1107
1103
1109
1098
1103
1098
1104
1099
1098
1103
1102
1106
1098
1102
1104
1111
1098
1107
1102
1099
1098
1101
1095
1097
1100
1099
1100
1103
1105
1099
1106
1103
1099
1107
1104
1107
1098
1107
1098
1103
1107
1103
1102
1108
1110
1105
1105
1102
1102
1104
1104
1106
1104
1098
1105
1102
1104
1107
1102
1099
1103
1105
1104
1099
1097
1101
1101
1102
1099
1097
1108
1101
1101
1104
1103
1102
1106
1102
1104
1109
1099
1102
1108
1103
1105
1105
1101
1103
1102
1097
1102
1103
1098
1107
1105
1112
1106
1105
1102
1099
1103
1102
1102
1107
1103
1097
1101
1107
1107
1102
1102
1095
1104
1103
1104
1103
1102
1104
1098
1097
1097
1098
1100
1102
1103
1102
1101
1108
1101
1098
1099
1101
1109
1102
1105
1102
1107
1102
1107
1100
1105
1101
1101
1099
1101
1097
1100
1102
1103
1101
1094
1106
1104
1101
1109
1097
1093
1107
1105
1103
1100
1098
1104
1105
1108
1107
1100
1108
1098
1102
1094
1103
1104
1102
1099
1108
1100
1102
1111
1104
1094
1103
1106
1105
1102
1105
1106
1099
1101
1102
1106
1108
1102
1101
1101
1102
1105
1101
1103
1094
1102
1098
1098
1099
1104
1105
1104
1102
1099
1108
1103
1097
1103
1102
1102
1104
1099
1107
1111
1101
1098
1104
1094
1107
1107
1099
1103
1102
1105
1101
1098
1102
1108
1101
1099
1102
1101
1109
1107
1102
1103
1102
1099
1104
1102
1106
1103
1107
1103
1100
1102
1105
1105
1109
1108
1105
1100
1104
1106
1108
1099
1101
1106
1105
1113
1102
1104
1101
1102
1098
1102
1106
1099
1102
1099
1101
1108
1101
1111
1103
1104
1103
1099
1101
1100
1100
1093
1102
1102
1108
1107
1102
1101
1102
1100
1098
1099
1104
1098
1109
1102
1101
1107
1103
1106
1095
1101
1093
1107
1102
1107
1111
1105
1102
1099
1103
1105
1094
1099
1101
1103
1103
1102
1101
1098
1105
1103
1102
1102
1103
1103
1103
1112
1102
1103
1103
1098
1103
1107
1102
1105
1097
1103
1099
1099
1100
1104
1106
1102
1098
1102
1098
1103
1103
1101
1101
1101
1099
1100
1101
1105
1092
1103
1103
1108
1101
1099
1108
1099
1101
1107
1108
1107
1107
1103
1104
1097
1099
1098
1108
1102
1103
1104
1106
1111
1104
1102
1105
1103
1108
1101
1107
1107
1098
1106
1095
1104
1105
1098
1099
1107
1098
1108
1105
1107
1108
1100
1107
1107
1102
1102
1107
1105
1108
1108
1098
1102
1107
1104
1101
1103
1101
1099
1105
1107
1103
1113
1108
1103
1104
1102
1107
1094
1103
1105
1099
1105
1099
1103
1107
1099
1107
1102
1098
1103
1100
1104
1098
1098
1099
1102
1097
1098
1108
1098
1097
1108
1102
1101
1103
1102
1103
1102
1095
1102
1103
1099
1103
1103
1103
1107
1105
1105
1101
1103
1107
1105
1099
1103
1107
1107
1108
1103
1107
1093
1100
1100
1108
1108
1107
1103
1099
1095
1102
1105
1099
1103
1107
1108
1102
1103
1106
1106
1098
1103
1107
1099
1104
1109
1103
1104
1104
1105
1101
1107
1097
1098
1098
1101
1105
1103
1101
1094
1108
1097
1101
1113
1099
1102
1101
1109
1100
1102
1107
1104
1103
1097
1107
1102
1105
1102
1104
1106
1104
1099
1102
1102
1101
1101
1101
1098
1105
1101
1099
1102
1103
1103
1104
1102
1103
1096
1899
2170
1330
0
723
1359
