883
883
877
883
879
878
877
889
883
889
879
887
871
887
881
887
887
878
882
881
887
878
882
887
877
877
889
887
886
891
881
887
887
886
881
890
887
883
886
875
883
891
886
883
882
887
877
887
886
878
882
883
879
885
882
886
883
883
881
875
875
881
879
882
883
887
886
882
883
877
887
886
886
881
886
886
886
887
880
887
879
882
886
881
887
879
885
877
886
879
887
889
886
887
883
889
887
887
881
881
886
877
883
877
887
878
879
882
879
887
881
878
886
887
879
886
883
877
887
879
877
882
882
877
885
888
887
883
887
887
879
886
887
881
875
877
883
883
877
874
886
887
886
883
878
883
887
883
879
881
875
877
886
882
886
887
881
881
879
887
873
887
882
887
883
875
887
875
877
877
886
887
879
886
887
878
883
887
879
882
885
879
881
882
889
887
887
877
886
877
887
881
887
881
882
887
883
877
887
886
885
887
879
881
886
887
886
883
883
882
877
881
886
887
883
879
887
886
886
885
886
886
877
877
879
887
887
878
891
877
883
887
887
882
887
877
887
879
879
879
885
886
886
886
878
879
886
887
883
887
886
881
882
877
879
879
887
883
887
887
887
886
887
886
885
881
890
878
887
887
887
882
886
887
886
878
890
885
879
886
890
876
887
886
887
887
886
887
879
887
886
887
885
879
887
883
891
879
883
882
886
886
881
886
882
886
887
887
881
889
878
891
882
877
886
878
885
887
887
879
886
887
885
887
877
877
887
877
879
885
879
878
886
877
887
878
886
875
887
887
887
883
879
883
891
886
887
887
887
883
887
879
883
883
887
883
887
891
887
879
883
879
883
885
883
887
887
879
883
886
883
887
887
884
883
886
882
886
887
887
886
877
883
887
887
887
886
886
886
887
886
887
881
885
881
887
883
883
887
887
879
884
877
873
887
886
882
887
887
879
887
881
878
883
881
891
887
887
887
886
885
887
887
879
883
887
887
885
885
885
886
879
882
879
887
874
887
885
879
873
881
877
879
881
887
887
886
877
886
886
885
881
887
886
886
887
883
881
879
886
877
881
881
887
883
886
879
877
881
887
879
883
882
886
887
887
881
887
883
887
886
877
883
879
884
887
887
887
885
879
881
879
883
879
879
887
879
887
879
883
877
879
887
882
883
884
881
875
885
881
883
886
881
887
881
877
877
886
887
881
884
879
881
883
886
885
879
886
879
887
879
875
883
877
886
879
876
886
887
886
883
887
885
885
880
881
886
887
889
883
881
886
883
890
887
885
885
882
886
881
887
875
881
883
882
887
885
883
884
886
882
877
889
887
886
887
883
886
877
875
886
881
881
886
891
887
883
885
883
886
877
881
879
879
887
886
887
882
886
890
881
887
883
886
886
875
886
887
887
886
881
887
887
887
883
890
882
886
886
886
886
882
879
879
886
883
877
887
881
883
887
878
886
887
879
877
885
886
887
883
879
887
877
879
883
882
879
885
885
881
884
886
883
886
886
887
887
875
883
886
882
877
882
886
887
881
886
877
881
879
883
877
882
886
883
889
889
879
886
883
881
886
887
877
879
886
883
883
879
885
886
887
881
879
885
891
879
890
881
887
879
883
887
887
877
877
887
879
887
887
883
881
887
881
883
882
883
881
883
883
887
883
879
887
886
882
883
879
879
887
877
879
883
879
881
887
881
886
887
885
887
881
886
881
887
878
882
887
886
887
885
885
885
885
879
881
886
883
887
886
881
885
886
885
891
881
890
878
885
879
887
887
889
886
887
886
877
883
887
883
883
887
887
879
882
886
886
885
893
886
885
890
891
879
883
886
887
882
887
875
890
877
886
879
885
877
887
883
885
891
887
882
887
887
879
887
877
886
887
883
879
885
886
881
881
887
883
877
881
891
887
875
886
881
887
886
886
883
883
885
881
885
887
889
881
883
881
885
887
883
879
877
885
881
887
881
883
883
886
881
887
881
877
883
883
886
879
881
881
887
886
883
887
875
885
887
886
879
886
887
887
887
890
885
887
882
877
877
885
881
890
879
886
886
885
881
887
886
882
883
883
887
887
886
887
887
879
881
887
877
887
877
885
881
879
887
886
879
887
887
887
886
882
887
887
885
883
875
881
887
883
887
883
887
887
881
883
886
880
878
887
887
886
877
885
886
887
887
890
881
890
893
887
881
889
881
887
891
882
887
881
879
883
882
881
879
887
881
887
883
883
886
887
879
885
883
879
887
885
886
886
886
887
886
886
885
886
883
885
877
878
885
879
886
887
879
873
883
879
879
886
880
887
877
885
877
887
881
886
881
889
877
886
887
887
881
887
877
978
1507
95
0
833
297
