675
679
675
399
679
663
675
675
671
675
671
670
667
679
671
675
679
667
667
575
667
679
675
587
679
667
679
399
675
675
675
203
679
675
671
666
667
663
675
591
675
679
675
663
663
663
675
663
675
591
667
663
675
675
663
667
683
675
675
679
671
483
667
671
671
675
675
679
667
679
667
207
679
679
679
667
667
675
675
663
663
675
675
483
663
671
675
2175
679
679
679
671
675
667
671
579
671
675
675
663
671
679
671
499
675
675
667
678
679
679
663
679
675
663
667
663
663
663
675
663
679
675
679
671
667
667
670
667
671
591
674
675
675
679
675
671
671
675
679
403
675
663
675
675
679
663
667
663
663
679
675
675
679
663
663
671
675
671
663
670
671
675
663
667
679
491
667
2147
667
679
667
667
675
663
675
307
675
675
663
675
675
679
675
679
663
663
679
663
679
679
675
675
675
675
670
671
679
671
675
671
667
667
675
675
675
671
679
671
683
679
679
675
679
675
671
675
663
575
675
671
671
667
671
663
675
671
663
671
675
675
666
671
666
675
675
667
667
675
671
667
671
683
667
671
671
667
667
679
675
679
667
491
679
666
663
675
675
671
667
678
667
663
663
679
675
667
663
483
675
679
663
667
667
591
675
671
675
679
667
667
675
675
663
667
671
663
679
671
670
671
679
399
671
675
667
675
659
675
675
671
663
674
667
675
671
671
671
663
663
671
671
675
663
675
675
671
663
671
671
679
675
671
667
683
675
675
675
675
671
675
675
675
671
683
674
495
671
395
671
675
671
675
671
679
679
675
675
399
675
671
675
671
663
675
675
483
663
679
663
683
679
675
663
683
675
679
675
667
671
675
666
675
675
675
675
671
663
663
667
667
674
675
671
675
663
659
675
679
671
663
667
667
675
675
667
671
675
399
667
675
675
679
675
399
679
671
675
587
679
683
663
675
663
675
675
667
675
667
675
667
666
679
675
679
663
671
671
671
663
499
675
667
667
679
683
679
675
499
675
499
667
675
675
671
675
674
667
675
679
663
675
675
675
667
663
679
667
667
671
663
675
679
675
675
679
675
675
663
675
675
675
671
675
671
667
2151
687
675
663
667
667
671
671
659
679
679
675
671
675
671
675
675
663
667
679
675
675
675
667
679
679
675
675
675
663
587
675
666
683
675
675
675
663
675
667
675
679
675
671
675
675
679
671
671
675
667
667
663
679
663
675
671
679
671
679
679
675
663
683
675
679
679
679
679
675
683
667
667
679
675
663
679
679
671
675
683
663
663
667
667
663
687
675
675
670
679
667
671
675
675
675
675
683
675
663
675
663
679
679
667
679
679
683
667
675
671
675
663
675
671
671
663
675
671
671
675
667
675
671
675
679
671
683
659
679
675
675
679
667
667
671
679
671
667
675
667
667
667
667
667
667
667
667
667
667
667
667
667
667
667
667
667
667
667
667
667
667
667
667
667
667
663
675
671
675
679
675
663
671
675
679
667
663
663
675
667
671
675
679
675
675
663
667
675
663
675
679
663
667
667
679
675
670
671
675
671
675
667
667
667
667
675
667
671
667
675
667
671
671
675
663
675
671
663
663
671
671
671
667
667
679
671
667
671
675
663
671
667
675
675
674
675
671
671
667
667
675
675
675
667
675
674
671
675
675
675
670
675
675
667
675
675
675
675
671
663
667
675
671
675
667
663
663
671
670
663
663
675
675
671
667
675
667
675
670
667
663
663
667
659
679
675
671
663
659
671
679
671
675
675
679
663
671
679
663
674
675
679
675
667
667
663
675
675
675
671
663
667
679
679
683
663
679
674
671
667
671
675
667
663
667
663
670
675
675
667
675
663
663
671
671
667
675
671
667
663
675
667
675
675
667
671
663
675
667
675
675
675
675
667
675
679
671
675
671
675
663
675
671
674
675
663
675
675
679
675
671
667
671
675
671
675
675
675
671
675
675
671
675
675
671
671
670
671
663
675
675
675
667
663
663
675
671
675
683
667
679
666
683
671
667
675
683
679
667
675
675
679
671
671
667
675
667
675
671
675
675
666
675
667
671
667
667
671
675
683
671
679
675
671
675
675
683
675
675
671
675
670
675
675
675
671
675
675
663
671
675
675
675
667
671
667
671
671
671
671
679
671
679
671
679
667
675
675
670
675
675
671
675
675
667
675
679
667
675
675
671
671
679
671
675
675
675
675
671
671
675
671
671
683
675
671
675
671
675
679
671
679
675
675
675
675
667
675
667
667
675
671
675
671
675
667
663
667
675
679
667
675
675
671
663
675
663
675
671
671
671
671
675
683
675
667
671
671
674
671
675
671
0
219
703
191
1443
1899
