1067
1066
1067
1063
1061
1063
1061
1057
1059
1063
1062
1062
1061
1067
1063
1065
1067
1062
1062
1063
1063
1067
1059
1062
1065
1059
1055
1058
1065
1058
1057
1061
1059
1062
1058
1058
1059
1063
1065
1055
1062
1061
1063
1061
1061
1067
1061
1063
1054
1067
1054
1067
1061
1058
1055
1065
1059
1063
1061
1055
1063
1054
1054
1058
1054
1062
1059
1067
1057
1059
1054
1058
1059
1058
1061
1051
1058
1067
1058
1067
1059
1055
1061
1063
1051
1066
1058
1059
1059
1055
1067
1059
1057
1057
1063
1061
1058
1054
1067
1067
1062
1058
1061
1065
1057
1054
1061
1065
1063
1063
1067
1063
1063
1063
1055
1058
1059
1059
1065
1055
1067
1067
1057
1059
1061
1062
1059
1065
1063
1059
1059
1059
1059
1059
1065
1061
1065
1067
1058
1065
1059
1059
1063
1059
1055
1061
1061
1062
1055
1061
1067
1057
1067
1054
1063
1058
1061
1054
1066
1059
1067
1059
1063
1065
1055
1059
1065
1059
1054
1065
1063
1063
1059
1054
1065
1061
1055
1062
1069
1063
1058
1065
1063
1062
1067
1063
1059
1062
1061
1058
1063
1059
1059
1055
1067
1059
1054
1059
1053
1062
1053
1063
1055
1063
1065
1059
1054
1058
1063
1063
1061
1063
1065
1058
1063
1055
1065
1058
1066
1069
1059
1058
1059
1059
1062
1062
1051
1063
1058
1063
1059
1063
1063
1055
1061
1058
1059
1059
1059
1057
1061
1063
1065
1065
1054
1061
1059
1061
1065
1063
1061
1059
1059
1054
1067
1062
1054
1062
1067
1058
1062
1061
1054
1055
1053
1063
1053
1067
1055
1067
1067
1059
1059
1067
1059
1055
1059
1067
1067
1059
1067
1059
1059
1059
1054
1061
1067
1062
1054
1062
1051
1058
1059
1067
1061
1063
1065
1062
1057
1059
1067
1061
1058
1061
1067
1058
1063
1059
1062
1067
1059
1065
1055
1059
1061
1054
1059
1058
1059
1054
1067
1059
1057
1059
1057
1063
1055
1065
1066
1058
1063
1062
1062
1059
1067
1063
1058
1061
1063
1061
1058
1063
1059
1059
1065
1054
1063
1067
1061
1059
1058
1065
1059
1059
1061
1066
1063
1067
1067
1055
1061
1054
1058
1059
1061
1067
1058
1058
1063
1067
1063
1055
1059
1061
1065
1065
1055
1063
1058
1062
1063
1061
1050
1059
1059
1054
1067
1061
1054
1055
1063
1063
1059
1062
1058
1071
1057
1061
1051
1065
1063
1054
1067
1061
1063
1062
1067
1055
1062
1062
1067
1063
1063
1059
1059
1058
1059
1059
1059
1065
1067
1063
1061
1058
1058
1069
1059
1062
1067
1059
1065
1058
1059
1063
1055
1063
1063
1067
1059
1063
1067
1061
1062
1059
1070
1066
1063
1059
1059
1059
1063
1063
1069
1065
1051
1061
1066
1063
1061
1063
1061
1055
1067
1061
1058
1063
1062
1059
1063
1054
1066
1063
1063
1061
1067
1063
1063
1067
1061
1061
1059
1059
1063
1059
1059
1067
1055
1059
1062
1061
1061
1063
1059
1062
1067
1062
1058
1062
1067
1057
1067
1054
1054
1063
1054
1067
1062
1059
1057
1062
1066
1058
1063
1058
1058
1067
1063
1067
1067
1054
1067
1059
1062
1063
1055
1065
1063
1057
1055
1063
1055
1050
1055
1063
1063
1058
1057
1063
1059
1059
1061
1055
1059
1063
1063
1054
1058
1061
1067
1067
1065
1061
1063
1066
1059
1054
1062
1063
1063
1059
1059
1055
1062
1059
1058
1063
1059
1059
1066
1067
1059
1061
1066
1067
1057
1061
1063
1059
1063
1058
1061
1059
1059
1053
1066
1061
1059
1062
1057
1063
1063
1063
1059
1059
1051
1063
1062
1059
1051
1062
1059
1063
1054
1065
1059
1054
1071
1067
1059
1070
1058
1067
1061
1058
1062
1057
1065
1055
1055
1055
1055
1055
1055
1055
1055
1055
1055
1055
1055
1055
1055
1055
1055
1055
1055
1055
1055
1055
1055
1055
1055
1055
1055
1069
1059
1057
1055
1058
1058
1061
1058
1057
1063
1063
1061
1058
1063
1059
1058
1059
1067
1059
1058
1055
1059
1058
1061
1063
1067
1063
1063
1069
1058
1062
1067
1063
1063
1063
1059
1058
1067
1059
1049
1059
1066
1058
1063
1059
1059
1062
1055
1059
1063
1059
1059
1065
1055
1063
1059
1058
1067
1061
1058
1059
1055
1059
1063
1065
1058
1055
1059
1067
1063
1067
1059
1055
1059
1059
1061
1059
1071
1065
1067
1054
1063
1062
1059
1067
1057
1061
1061
1062
1051
1067
1062
1062
1062
1055
1055
1058
1067
1066
1061
1051
1059
1061
1066
1051
1054
1067
1062
1059
1063
1067
1055
1058
1063
1063
1067
1059
1058
1067
1061
1059
1063
1065
1069
1067
1059
1063
1063
1063
1065
1063
1057
1065
1063
1065
1062
1061
1063
1055
1057
1067
1063
1063
1059
1058
1054
1054
1062
1065
1063
1067
1055
1058
1054
1067
1065
1058
1059
1063
1055
1061
1067
1063
1057
1067
1065
1051
1058
1051
1054
1065
1059
1062
1067
1055
1059
1069
1062
1050
1059
1067
1058
1059
1058
1059
1059
1061
1065
1055
1062
1058
1061
1059
1059
1063
1054
1053
1062
1061
1055
1063
1063
1059
1059
1058
1065
1059
1059
1063
1061
1055
1063
1062
1059
1059
1067
1059
1059
1067
1059
1055
1061
1065
1073
1058
1065
1051
1065
1057
1057
1054
1063
1063
1067
1062
1058
1063
1059
1063
1059
1067
1055
1055
1058
1066
1062
1062
1054
1067
1067
1061
1061
1062
1059
1067
1059
1063
1057
1063
1059
1059
1055
1058
1067
1063
1055
1058
1058
1061
1055
1059
1067
1065
1055
1062
1063
1061
1055
1059
1059
1054
1063
1065
1063
1067
1055
1061
1067
1062
1062
1061
1065
1058
1065
1063
1063
1058
1051
1058
1061
1063
1063
1067
1065
1065
1063
1055
1065
1063
1063
1054
1067
1062
1057
1059
1059
1057
1057
1063
1063
1058
1062
1061
1063
1062
1063
1063
1055
1061
1062
1063
1059
1059
1063
1063
1057
1055
1062
1067
1051
1062
1062
1055
1062
1063
1062
1051
1059
1061
1057
1061
1061
1058
1065
1055
1065
1063
1063
1055
1058
1063
1065
1063
1065
1051
1062
1059
1057
1059
1063
1058
1059
1059
1063
1067
302
0
1411
915
201
467
