2218
1039
1043
1054
1054
1051
1050
1047
1035
1051
1043
1055
1054
1043
1051
1055
1047
1043
1043
1039
1054
1043
1055
1054
1039
1051
1039
1050
1055
1054
1043
1054
1054
1055
1047
1054
1054
1051
1051
1059
1055
1039
1055
1054
1054
1039
1051
1047
1054
1047
1051
1051
1051
1039
1043
1055
1039
1047
1039
1051
1047
1051
1051
1055
1054
1047
1054
1039
1047
1047
1059
1039
1051
1039
1047
1054
1043
1047
1039
1050
1051
1035
1046
1055
1035
1055
1051
1039
1039
1039
1055
1054
1039
1051
1047
1039
1051
1054
1039
1047
1039
1051
1035
1043
1043
1039
1039
1054
1054
1050
1054
1043
1043
1035
1054
1047
1043
1051
1035
1035
1051
1043
1035
1043
1043
1051
1039
1039
1039
1047
1055
1047
1047
1055
1043
1039
1035
1054
1047
1039
1054
1050
1051
1051
1054
1051
1035
1051
1055
1051
1035
1039
1054
1039
1047
1035
1043
1039
1047
1055
1054
1039
1055
1051
1039
1050
1043
1054
1051
1054
1047
1054
1039
1054
1050
1039
1035
1051
1051
1047
1055
1051
1051
1047
1047
1039
1059
1047
1047
1043
1047
1055
1047
1039
1051
1047
1043
1035
1047
1043
1051
1047
1043
1054
1055
1054
1055
1047
1035
1051
1051
1039
1051
1051
1054
1051
1039
1051
1039
1051
1047
1035
1039
1047
1035
1047
1055
1055
1051
1035
1051
1055
1047
1054
1054
1051
1047
1047
1051
1039
1051
1043
1039
1047
1043
1051
1051
1054
1043
1047
1039
1054
1055
1035
1039
1047
1054
1050
1043
1051
1054
1039
1054
1039
1055
1035
1055
1035
1039
1035
1035
1054
1039
1035
1039
1043
1039
1043
1047
1047
1043
1047
1051
1051
1047
1047
1039
1059
1047
1051
1051
1039
1051
1043
1039
1047
1051
1051
1054
1047
1051
1054
1043
1054
1039
1051
1054
1043
1051
1058
1051
1043
1039
1055
1039
1035
1039
1035
1039
1035
1055
1051
1043
1050
1051
1035
1035
1047
1051
1055
1047
1043
1047
1051
1039
1055
1051
1051
1054
1047
1039
1050
1039
1043
1039
1055
1035
1050
1054
1039
1039
1043
1058
1051
1051
1047
1055
1035
1054
1047
1043
1043
1051
1055
1039
1047
1047
1047
1039
1051
1047
1051
1043
1043
1051
1039
1051
1047
1054
1051
1051
1051
1051
1054
1054
1051
1047
1039
1047
1055
1035
1039
1051
1047
1035
1051
1047
1039
1054
1054
1050
1051
1043
1055
1047
1051
1055
1051
1039
1051
1043
1035
1051
1039
1051
1039
1039
1039
1039
1047
1054
1039
1051
1047
1035
1043
1047
1043
1051
1035
1055
1051
1039
1051
1039
1047
1051
1035
1043
1054
1039
1054
1051
1051
1055
1054
1051
1043
1051
1035
1047
1047
1054
1043
1047
1047
1035
1039
1054
1047
1051
1051
1051
1051
1054
1047
1051
1039
1043
1055
1050
1051
1051
1054
1054
1059
1054
1035
1055
1035
1046
1051
1035
1039
1035
1035
1055
1054
1054
1039
1043
1051
1039
1051
1047
1051
1043
1051
1039
1050
1043
1047
1035
1047
1054
1043
1054
1043
1039
1051
1035
1043
1050
1039
1055
1055
1054
1051
1050
1055
1043
1035
1054
1047
1047
1035
1043
1043
1050
1035
1043
1054
1039
1043
1051
1043
1039
1043
1047
1035
1039
1047
1047
1055
1047
1055
1039
1047
1047
1043
1039
1054
1055
1035
1054
1047
1047
1055
1047
1047
1055
1051
1047
1043
1047
1043
1039
1051
1051
1043
1035
1043
1039
1055
1043
1043
1047
1054
1039
1039
1054
1055
1039
1043
1051
1047
1039
1035
1043
1043
1047
1047
1043
1054
1043
1054
1039
1039
1059
1050
1050
1051
1039
1043
1043
1047
1047
1047
1039
1047
1039
1035
1051
1043
1055
927
927
927
927
927
927
927
927
927
927
927
927
927
927
927
927
927
927
927
927
927
927
927
927
927
1595
1035
1042
1050
1039
1039
1035
1039
1035
1043
1043
1039
1047
1035
1050
1047
1047
1051
1043
1051
1039
1047
1050
1039
1035
1047
1051
1035
1039
1047
1043
1031
1047
1054
1046
1047
1050
1054
1055
1047
1051
1050
1050
1055
1047
1035
1039
1055
1039
1054
1051
1039
1043
1035
1055
1047
1054
1043
1047
1039
1051
1043
1043
1050
1046
1047
1051
1050
1043
1047
1054
1054
1043
1043
1039
1043
1043
1035
1051
1047
1039
1046
1055
1043
1055
1047
1035
1051
1054
1054
1039
1051
1055
1054
1055
1047
1051
1039
1035
1051
1043
1039
1047
1039
1035
1054
1035
1039
1047
1043
1043
1039
1043
1051
1043
1039
1043
1054
1054
1039
1043
1055
1059
1039
1043
1039
1043
1046
1035
1055
1055
1051
1051
1043
1055
1050
1035
1054
1035
1047
1047
1043
1047
1055
1035
1047
1039
1043
1043
1043
1039
1043
1047
1051
1039
1055
1055
1051
1043
1047
1047
1051
1055
1035
1039
1054
1051
1039
1055
1051
1035
1043
1047
1051
1058
1047
1046
1047
1051
1051
1051
1054
1039
1043
1051
1039
1054
1043
1054
1035
1051
1047
1055
1047
1039
1043
1047
1055
1055
1055
1051
1047
1055
1051
1039
1047
1039
1035
1043
1039
1039
1055
1047
1054
1035
1059
1051
1051
1054
1051
1043
1054
1054
1054
1046
1039
1031
1039
1054
1039
1055
1054
1051
1054
1054
1043
1059
1047
1039
1055
1039
1043
1047
1047
1055
1031
1043
1043
1043
1039
1051
1051
1059
1051
1047
1055
1039
1050
1043
1047
1054
1051
1043
1047
1051
1047
1054
1054
1039
1047
1051
1051
1043
1050
1035
1055
1047
1039
1055
1051
1047
1035
1054
1047
1055
1043
1039
1055
1039
1043
1046
1051
1043
1043
1054
1039
1039
1054
1054
1039
1039
1051
1039
1039
1039
1050
1043
1043
1054
1055
1043
1054
1055
1035
1054
1035
1043
1043
1054
1055
1050
1054
1055
1055
1055
1054
1051
1039
1054
1039
1039
1054
1039
1039
1039
1055
1054
1054
1051
1039
1054
1047
1039
1054
1051
1047
1054
1043
1047
1043
1055
1035
1043
1043
1055
1051
1054
1043
1043
1054
1039
1035
1047
1058
1051
1035
1054
1051
1047
1043
1047
1047
1047
1035
1043
1047
1043
1039
2191
2211
547
727
703
2047
