887
893
883
883
895
883
887
891
887
887
889
894
883
883
887
887
897
893
883
883
893
891
894
890
897
894
893
898
897
897
883
883
887
883
894
893
887
889
894
894
893
901
894
896
887
886
897
895
897
890
894
905
898
886
898
898
891
883
887
898
894
894
883
890
887
887
883
883
890
895
897
895
883
887
895
894
893
886
887
883
897
883
893
895
887
883
883
883
883
883
887
887
898
897
895
897
883
893
887
901
887
897
887
887
893
897
891
887
883
887
895
887
887
883
890
898
887
897
897
889
901
887
891
901
890
887
883
887
891
883
890
887
887
897
883
894
883
902
887
887
897
898
897
889
895
901
894
901
883
883
890
894
894
897
887
893
893
898
894
890
894
887
887
890
883
895
901
897
887
891
890
883
887
887
893
889
887
891
897
895
883
897
897
883
886
897
887
889
897
894
898
901
886
887
887
893
894
893
902
883
897
898
887
887
898
890
887
883
894
897
883
883
890
886
887
883
891
893
883
883
887
891
887
897
898
887
887
883
902
898
883
887
883
883
894
887
894
886
893
886
887
883
887
887
883
893
901
891
887
893
891
898
889
893
883
897
887
887
883
897
893
883
886
887
891
887
891
887
887
897
902
894
894
894
891
891
898
893
902
883
897
886
891
887
883
890
897
883
883
893
897
890
887
887
887
883
891
893
883
895
887
895
886
891
897
887
894
889
890
897
890
883
887
898
887
887
883
887
902
889
898
883
887
890
898
897
894
893
898
894
889
901
894
887
887
883
894
894
897
893
893
902
893
883
883
894
887
883
894
887
897
883
891
891
898
902
887
883
890
887
891
890
897
887
893
893
894
898
901
883
897
901
891
883
883
897
883
893
891
883
890
897
898
894
889
889
891
893
893
883
883
894
887
898
906
883
897
886
887
898
891
890
889
898
890
893
897
887
895
893
893
883
891
883
895
883
901
898
898
893
901
897
883
893
898
883
894
887
897
887
897
883
883
895
887
883
901
898
889
897
889
890
897
887
887
887
887
887
887
897
902
893
893
897
887
894
883
887
893
887
891
883
887
887
883
883
883
893
899
890
897
898
887
887
891
902
889
894
898
893
897
893
898
897
897
886
883
891
886
883
887
897
890
883
890
891
883
895
883
891
878
887
886
883
894
893
897
890
883
883
883
887
887
891
898
891
883
887
894
902
883
890
887
883
889
883
898
887
883
886
897
901
883
897
887
887
890
887
891
887
897
883
894
892
883
890
895
887
890
890
883
887
897
895
894
889
887
890
887
898
883
887
887
901
905
891
887
894
898
887
890
883
892
893
891
898
890
887
901
887
894
894
891
894
891
883
889
886
897
898
891
897
891
886
893
890
893
894
883
898
890
889
890
893
887
887
890
883
897
887
895
883
897
898
899
894
889
883
891
899
885
893
889
901
901
894
894
897
879
886
879
890
898
893
889
891
902
889
897
889
890
889
891
887
887
894
882
890
883
891
887
898
891
895
901
891
891
887
890
890
891
893
887
890
897
887
893
898
896
887
891
891
889
894
887
887
895
889
886
887
890
887
891
895
890
894
890
889
887
891
883
892
897
887
893
893
889
897
887
897
891
891
883
883
883
883
886
887
893
895
894
894
894
885
883
893
886
891
885
889
893
887
887
883
891
890
890
886
893
883
887
887
891
887
893
891
905
886
889
889
883
885
891
887
887
897
897
887
887
897
887
887
887
883
887
890
883
894
893
887
890
894
901
887
891
889
887
887
890
890
894
894
890
887
894
883
891
887
891
893
887
886
897
890
883
887
887
885
893
887
893
887
889
898
893
883
895
893
898
891
893
887
898
887
887
887
887
889
883
894
883
891
898
891
891
889
887
893
893
887
894
887
887
897
891
898
887
890
887
897
883
883
891
898
883
887
889
891
897
891
897
893
883
883
887
883
883
893
891
886
887
893
887
887
887
894
883
887
899
893
893
901
898
891
893
895
891
897
893
883
883
887
886
897
889
887
902
897
894
897
891
893
897
886
887
883
891
891
893
887
890
902
891
902
887
883
890
891
887
891
897
883
898
887
893
883
890
887
893
898
886
887
898
883
898
887
894
889
893
887
902
893
887
898
886
893
894
898
889
883
898
890
894
893
887
897
886
887
891
891
894
887
886
887
894
883
891
883
891
887
893
894
890
886
895
883
887
893
889
886
894
883
894
883
897
887
887
887
887
894
898
887
887
895
887
894
882
901
889
894
883
893
887
893
887
886
897
894
891
883
883
893
887
891
891
898
886
902
887
887
898
902
883
883
897
894
893
890
887
894
893
895
887
887
887
887
887
890
794
267
1671
1777
947
1479
