2359
919
1135
1143
1147
1143
1139
1139
1139
1139
1143
1135
1143
1143
1143
1135
1143
1139
1139
1135
1143
911
1139
1143
1143
1143
1143
1143
1139
915
1143
1143
1131
1135
1143
1143
1143
915
1143
1143
1143
915
1143
1139
1143
1143
1143
911
1139
1143
1135
1143
1139
915
1135
1143
1147
1135
1143
911
1147
1143
1143
919
1135
1135
1143
919
1139
919
1139
907
1143
1143
1143
915
1135
1139
1139
915
1135
1143
1147
919
1135
1143
1139
1143
1143
919
1139
1139
1143
1147
1143
911
1143
923
1135
1127
1139
1131
1143
919
1131
919
1143
1143
1143
1143
1143
907
1143
1135
1143
919
1143
919
1143
919
1135
1143
1139
1143
1131
1143
1143
915
1143
1143
1143
911
1135
907
1143
1143
1143
1135
1135
1143
1139
1143
1143
907
1143
1143
1143
1143
1143
1135
1143
899
1135
1139
1143
1143
1135
1143
1143
915
1143
911
1131
903
1131
1135
1143
907
1131
1135
1139
1135
1151
1143
1143
911
1135
911
1139
919
1135
915
1143
1143
1139
919
1143
911
1143
923
1139
907
1131
919
1143
1143
1143
1143
1143
1139
1139
907
1143
1143
1143
907
1143
1139
1143
915
1135
907
1139
911
1135
919
1131
1139
1143
907
1143
1131
1143
919
1139
1131
1143
919
1139
1135
1135
911
1143
1143
1139
919
1147
911
1139
911
1143
1131
1135
1143
1143
1135
1131
919
1143
1143
1143
1123
1143
1143
1135
919
1139
907
1135
1135
1147
1143
1131
1139
1143
1135
1143
919
1143
915
1143
1131
1143
919
1143
919
1143
1139
1143
919
1139
919
1143
1143
1143
1131
1143
1143
1143
911
1139
1135
1143
1147
1143
919
1143
1139
1143
1139
1139
915
1143
919
1143
915
1143
919
1143
911
1143
911
1135
1139
1143
1143
1139
1139
1131
1147
1139
1143
1127
1139
1143
1139
1135
1143
1135
1143
1139
1139
1143
927
1139
1143
1143
1143
1139
919
1143
911
1135
919
1143
911
1135
919
1139
1143
1131
1143
1143
1131
1143
1135
1143
1131
1143
911
1139
1143
1131
1139
1143
919
1143
919
1131
1139
1139
911
1143
1139
1147
919
1143
1135
1143
1139
1143
1139
1131
1143
1143
915
1143
1139
1143
919
1143
1143
1143
1143
1143
919
1143
915
1143
1143
1143
1143
1135
1147
1143
1143
1135
1135
1143
1143
1143
1135
1139
1139
1139
911
1143
915
1143
1143
1147
1135
1143
919
1139
1135
1143
1143
1143
911
1143
1139
1143
911
1139
915
1143
1143
1147
1139
1143
1131
1143
915
1139
1143
1147
907
1143
1143
1139
923
1143
915
1135
911
1147
1135
1143
1143
1143
919
1143
1135
1143
911
1139
1143
1147
915
1143
907
1139
1131
1143
911
1139
1143
1143
919
1143
919
1139
915
1135
911
1143
1143
1139
1139
1147
915
1143
1143
1143
919
1143
1135
1139
1143
1143
1143
1143
1135
1143
1143
1143
1139
1139
1135
1147
1147
1143
1143
1143
1135
1139
1135
1147
1143
1143
1139
1143
1143
1135
1143
1147
1139
1139
1139
1139
1143
1143
1139
1143
1135
1143
1143
1131
1151
1143
1143
1131
1143
1143
1135
1139
1143
1135
1139
1139
1143
1143
1143
1143
1135
1139
1143
1127
1135
1143
1131
1143
1143
1143
1147
1143
1135
1143
1139
1127
1139
1143
1127
1131
1147
1139
1139
1139
1143
1143
1143
1143
1135
1143
1131
1143
1139
1131
1143
1135
1135
1143
1139
1135
1139
1143
1139
1139
1135
1143
1143
1135
1147
1143
1143
1143
1147
1139
1135
1139
1139
1143
1139
1139
1035
1035
1035
1035
1035
1035
1035
1035
1035
1035
1035
1035
1035
1035
1035
1035
1035
1035
1035
1035
1035
1035
1035
1035
1035
775
1139
1143
1143
1135
1135
1131
1139
1131
1143
1139
1139
1139
1131
1135
1135
1139
1139
1143
1135
1143
1143
1143
1147
1143
1135
1139
1131
1127
1139
1143
1139
1143
1135
1143
1139
1143
1127
1135
1131
1143
1143
1143
1143
1139
1143
1143
1139
1151
1127
1135
1135
1135
1143
1139
1139
1143
1139
1131
1143
1143
1135
1143
1139
1135
1139
1131
1143
1131
1135
1139
1139
1127
1131
1143
1135
1143
1139
1143
1139
1143
1139
1143
1139
1135
1135
1143
1143
919
1143
1143
1143
1139
1135
1135
1135
1143
1143
1119
1139
1143
1131
1135
1143
1139
1143
1139
1143
1139
1143
1135
1143
1143
1135
1131
1143
1135
1135
1139
1143
1139
1139
1139
1135
1143
1143
1143
1143
1147
1131
1143
1143
1143
1143
1139
1135
1143
1135
1143
1139
1143
1143
1135
1143
1135
1143
1143
1143
1135
1143
1143
1135
1143
1147
1143
1139
1143
1139
1143
1135
1139
1135
1135
1139
1135
1143
1135
1143
1139
1139
1143
1139
1139
1139
1143
1143
1135
1135
1143
1143
1143
1135
1143
1139
1143
1135
1143
1143
1143
1139
1139
1131
1143
1143
1143
1143
1143
1139
1139
1143
1143
1139
1127
1139
1143
1139
1143
1135
1139
1143
1135
1143
1143
1151
1143
1135
1143
1143
1143
1139
1143
1143
1143
1135
1143
1139
1135
1143
1143
1143
1139
1139
1139
915
1143
1139
1139
1143
1143
1139
1143
1139
1139
1135
1143
1139
1143
1143
1131
1143
1143
1143
1147
1139
1135
1143
1135
1143
1143
1131
1143
1135
1143
1143
1143
1143
1139
1143
1139
1143
1143
1143
1139
1143
1143
1139
1143
1143
1127
1127
1139
1127
1143
1143
1143
1143
1135
1143
1147
1147
1143
1135
1143
1139
1147
1139
1131
1139
1143
1143
1143
1143
1143
1131
1131
1139
1139
1143
1139
1131
1139
1139
1139
1131
1143
1147
1143
1143
1131
1135
1143
1143
1131
1143
1143
1139
1143
1147
1143
1139
1139
1143
1139
1135
1139
1139
1139
1143
1135
1143
1139
1143
1147
1131
1143
1143
1139
1143
1143
1143
1135
1139
1143
1143
1143
1143
1143
1143
1135
1139
1139
1131
1143
1139
1143
1143
1139
1143
1139
1131
1139
1135
1143
1143
1143
1139
1123
1139
291
0
375
11
1239
2095
