1043
1035
1031
1035
1039
1039
1033
1031
1026
1043
1034
1039
1037
1026
1035
1047
1026
1039
1037
1039
1031
1035
1043
1026
1026
1039
1039
1031
1039
1031
1033
1033
1031
1035
1039
1029
1035
1034
1039
1035
1043
1033
1026
1035
1035
1035
1026
1034
1043
1035
1035
1034
1033
1030
1035
1026
1031
1033
1026
1027
1035
1026
1035
1037
1025
1031
1031
1033
1039
1033
1035
1027
1031
1039
1025
1026
1031
1035
1033
1039
1031
1035
1035
1030
1029
1035
1026
1026
1039
1030
1035
1039
1035
1035
1025
1031
1035
1033
1035
1029
1030
1039
1026
1031
1043
1039
1026
1037
1031
1026
1034
1035
1026
1035
1029
1039
1026
1043
1035
1035
1039
1026
1033
1037
1035
1039
1035
1030
1039
1033
1030
1035
1033
1031
1035
1039
1037
1025
1039
1034
1033
1034
1035
1029
1026
1039
1033
1026
1034
1035
1031
1035
1031
1039
1037
1027
1035
1026
1035
1039
1029
1043
1031
1026
1026
1033
1026
1030
1030
1026
1025
1039
1035
1039
1035
1034
1026
1026
1035
1035
1039
1037
1031
1043
1039
1033
1026
1043
1031
1039
1033
1031
1031
1037
1030
1030
1026
1026
1035
1026
1035
1035
1035
1035
1029
1025
1025
1043
1034
1033
1031
1026
1026
1035
1039
1035
1026
1041
1026
1034
1033
1034
1031
1039
1031
1029
1033
1039
1033
1031
1033
1031
1039
1033
1026
1026
1035
1034
1035
1039
1043
1039
1027
1031
1026
1027
1030
1030
1033
1031
1043
1034
1026
1035
1039
1031
1026
1026
1026
1029
1033
1035
1039
1041
1026
1039
1033
1027
1033
1030
1026
1039
1039
1031
1043
1030
1029
1026
1030
1039
1039
1039
1031
1029
1035
1026
1039
1041
1031
1030
1030
1027
1031
1035
1031
1039
1027
1039
1031
1035
1034
1043
1031
1026
1039
1039
1043
1035
1039
1039
1027
1039
1033
1027
1033
1039
1031
1033
1025
1035
1035
1031
1039
1026
1026
1043
1035
1027
1027
1039
1026
1043
1039
1031
1039
1039
1041
1031
1039
1029
1027
1029
1043
1030
1035
1043
1030
1035
1035
1031
1027
1034
1025
1039
1035
1043
1037
1026
1033
1039
1027
1039
1047
1031
1026
1039
1026
1035
1043
1035
1035
1027
1043
1039
1035
1039
1031
1035
1031
1039
1035
1045
1039
1035
1035
1035
1026
1035
1026
1026
1034
1035
1035
1031
1043
1039
1043
1026
1029
1026
1026
1026
1033
1035
1030
1035
1035
1037
1039
1026
1035
1039
1033
1027
1035
1035
1035
1031
1026
1035
1043
1043
1039
1039
1043
1025
1043
1047
1035
1041
1043
1039
1025
1039
1037
1030
1027
1035
1039
1039
1026
1026
1027
1026
1035
1039
1025
1031
1026
1035
1031
1035
1043
1039
1035
1030
1039
1039
1039
1039
1039
1031
1039
1030
1030
1030
1033
1031
1026
1035
1030
1026
1035
1039
1043
1035
1039
1035
1026
1026
1035
1035
1033
1039
1030
1033
1035
1026
1034
1026
1033
1043
1025
1026
1031
1035
1031
1030
1027
1026
1027
1030
1026
1029
1026
1035
1035
1027
1026
1026
1025
1037
1043
1031
1035
1029
1026
1039
1027
1043
1031
1029
1027
1026
1029
1026
1031
1035
1035
1030
1035
1031
1039
1026
1031
1039
1030
1039
1035
1031
1035
1039
1039
1039
1031
1039
1033
1035
1039
1027
1039
1033
1031
1033
1035
1026
1035
1039
1039
1035
1035
1027
1026
1030
1039
1035
1039
1026
1033
1035
1035
1043
1037
1033
1034
1026
1039
1027
1035
1035
1039
1031
1026
1037
1037
1025
1033
1026
1035
1035
1030
1027
1035
1025
1035
1035
1027
1039
1031
1033
1026
1031
1033
1030
1035
1026
1030
1039
1026
1026
1035
1039
1030
1035
1031
1025
1026
1031
1026
1026
1027
1027
1047
1026
1033
1031
1033
1026
1027
1030
1031
1035
1025
1035
1039
1029
1033
1031
1030
1043
1039
1035
1035
1029
1035
1033
1026
1034
1031
1039
1035
1033
1033
1025
1039
1031
1033
1037
1034
1039
1035
1029
1029
1033
1030
1037
1031
1033
1039
1043
1043
1039
1030
1031
1035
1035
1033
1043
1049
1033
1026
1027
1035
1039
1033
1039
1033
1026
1026
1039
1039
1039
1026
1035
1029
1035
1027
1035
1033
1025
1030
1039
1029
1043
1043
1033
1035
1027
1043
1031
1035
1030
1026
1029
1041
1031
1041
1030
1039
1031
1030
1033
1026
1039
1027
1035
1039
1031
1033
1035
1039
1030
1035
1033
1039
1033
1030
1026
1035
1039
1039
1026
1035
1035
1026
1026
1030
1037
1039
1025
1034
1033
1039
1026
1037
1039
1031
1035
1031
1030
1037
1029
1030
1025
1030
1033
1035
1039
1025
1035
1033
1039
1035
1035
1039
1043
1043
1026
1043
1037
1039
1035
1035
1026
1035
1031
1033
1039
1031
1035
1035
1030
1034
1033
1027
1039
1026
1026
1039
1035
1031
1031
1026
1033
1029
1033
1031
1039
1025
1043
1030
1031
1026
1031
1027
1030
1037
1026
1031
1033
1035
1039
1026
1025
1035
1047
1033
1031
1030
1043
1033
1025
1031
1035
1035
1031
1033
1043
1039
1033
1039
1026
1039
1026
1026
1026
1031
1039
1043
1035
1026
1035
1031
1035
1043
1035
1035
1033
1033
1031
1043
1027
1030
1031
1035
1035
1035
1039
1027
1043
1043
1037
1033
1026
1035
1030
1027
1035
1027
1035
1039
1039
1043
1031
1034
1035
1037
1033
1039
1029
1031
1025
1039
1035
1043
1030
1034
1030
1041
1026
1034
1030
1026
1025
1026
1035
1033
1043
1025
1027
1030
1029
1033
1035
1031
1026
1033
1025
1026
1035
1034
1030
1026
1035
1037
1043
1025
1026
1027
1039
1033
1035
1033
1039
1033
1026
1031
1029
1031
1031
1027
1039
1031
1026
1033
1033
1034
1043
1039
1043
1034
1030
1026
1039
1029
1039
1047
1031
1035
1026
1026
1031
1026
1043
1035
1039
1026
1035
1031
1031
1047
1031
1039
1047
1035
1030
1026
1031
1026
1039
1026
1029
1034
1041
1043
1030
1025
1041
1039
1035
1026
1039
1030
1025
1031
1035
1026
1045
1026
1039
1043
1030
1039
1027
1026
1035
1026
1035
1025
1031
1030
1039
1039
1043
1035
1035
1030
1035
397
1030
579
47
2075
687
