1031
1035
1037
1035
1031
1031
1033
1039
1035
1031
1042
1034
1043
1039
1035
1031
1035
1033
1039
1035
1033
1034
1042
1038
1034
1038
1037
1037
1039
1035
1035
1037
1035
1035
1035
1034
1033
1037
1043
1043
1046
1035
1035
1042
1033
1035
1042
1043
1035
1035
1046
1035
1041
1035
1031
1047
1039
1033
1038
1033
1035
1039
1030
1039
1037
1030
1034
1035
1043
1038
1031
1035
1043
1034
1035
1031
1035
1039
1035
1042
1035
1039
1035
1035
1037
1039
1035
1047
1033
1043
1039
1033
1035
1031
1031
1043
1035
1042
1033
1033
1039
1038
1042
1034
1033
1035
1038
1027
1035
1039
1046
1038
1047
1033
1042
1047
1039
1038
1041
1042
1037
1037
1035
1038
1035
1043
1033
1035
1031
1031
1033
1037
1035
1037
1039
1031
1035
1034
1029
1038
1033
1035
1039
1039
1035
1037
1047
1037
1043
1034
1039
1039
1039
1039
1031
1031
1035
1043
1035
1031
1039
1037
1037
1043
1039
1043
1035
1035
1034
1034
1035
1047
1038
1037
1034
1046
1038
1031
1037
1031
1035
1039
1039
1034
1046
1030
1039
1035
1031
1031
1043
1034
1034
1035
1047
1038
1035
1035
1046
1039
1035
1046
1031
1033
1035
1031
1046
1039
1033
1046
1039
1035
1039
1037
1042
1035
1037
1041
1047
1033
1039
1033
1039
1038
1035
1031
1035
1033
1035
1035
1046
1035
1035
1035
1046
1038
1030
1038
1034
1037
1033
1043
1037
1033
1037
1046
1047
1042
1035
1035
1031
1033
1035
1043
1035
1043
1033
1037
1031
1042
1035
1039
1031
1042
1033
1034
1038
1039
1039
1039
1034
1031
1042
1043
1037
1037
1038
1042
1030
1039
1035
1039
1037
1031
1031
1035
1037
1035
1034
1038
1046
1034
1031
1031
1035
1034
1039
1031
1047
1034
1039
1031
1047
1031
1037
1031
1033
1038
1035
1031
1033
1039
1047
1035
1035
1039
1043
1035
1034
1039
1038
1039
1035
1035
1037
1043
1031
1035
1035
1037
1035
1038
1035
1042
1031
1038
1046
1043
1039
1039
1031
1039
1039
1038
1033
1035
1042
1042
1031
1039
1046
1037
1038
1038
1035
1030
1038
1037
1039
1035
1047
1035
1031
1035
1035
1047
1037
1031
1033
1038
1031
1030
1047
1035
1034
1039
1043
1039
1038
1042
1046
1038
1038
1034
1033
1043
1035
1031
1037
1031
1035
1034
1039
1033
1035
1030
1035
1043
1035
1042
1046
1037
1037
1042
1035
1035
1039
1031
1035
1037
1034
1037
1042
1033
1039
1039
1042
1041
1042
1043
1043
1043
1043
1031
1031
1037
1039
1038
1035
1035
1037
1035
1039
1035
1046
1035
1042
1039
1039
1035
1039
1038
1039
1031
1033
1033
1033
1035
1042
1035
1039
1039
1039
1031
1047
1031
1039
1038
1039
1041
1034
1047
1034
1034
1047
1038
1042
1035
1035
1031
1035
1033
1035
1033
1038
1031
1035
1035
1039
1037
1037
1031
1031
1043
1042
1031
1035
1035
1035
1031
1031
1035
1031
1042
1046
1047
1038
1035
1038
1039
1031
1035
1035
1034
1031
1038
1035
1039
1047
1039
1035
1039
1047
1039
1035
1037
1033
1037
1039
1038
1039
1033
1038
1031
1035
1035
1033
1037
1035
1038
1035
1033
1037
1042
1031
1033
1035
1043
1039
1039
1038
1043
1039
1041
1042
1038
1037
1043
1043
1037
1035
1034
1031
1035
1027
1043
1035
1035
1043
1033
1038
1035
1031
1035
1043
1031
1035
1031
1030
1035
1035
1042
1035
1037
1035
1033
1037
1035
1046
1039
1039
1037
1031
1043
1047
1038
1042
1039
1038
1041
1033
1039
1034
1046
1046
1034
1039
1031
1037
1034
1046
1038
1042
1039
1037
1037
1037
1039
1027
1035
1033
1037
1039
1043
1033
1034
1038
1047
1047
1043
1046
1035
1025
1035
1046
1035
1038
1034
1051
1039
1037
1050
1031
1034
1039
1027
1039
1031
1051
1042
1038
1039
1046
1035
1029
1039
1035
1042
1034
1039
1038
1034
1037
1037
1039
1042
1034
1037
1046
1039
1037
1031
1035
1039
1033
1033
1037
1035
1031
1038
1039
1043
1041
1037
1031
1035
1030
1038
1038
1038
1043
1030
1038
1042
1035
1042
1039
1035
1037
1034
1035
1033
1046
1035
1035
1039
1039
1045
1038
1046
1035
1035
1043
1033
1035
1041
1039
1039
1043
1039
1043
1042
1039
1033
1039
1035
1035
1033
1039
1035
1042
1033
1035
1037
1046
1035
1033
1039
1031
1035
1047
1047
1034
1035
1033
1037
1043
1039
1046
1034
1038
1039
1037
1035
1047
1035
1038
1039
1035
1031
1034
1035
1035
1046
1042
1043
1035
1039
1031
1042
1035
1029
1039
1039
1033
1034
1043
1042
1038
1033
1033
1033
1042
1035
1035
1043
1037
1034
1047
1031
1034
1029
1042
1035
1034
1038
1043
1037
1035
1043
1043
1035
1039
1035
1034
1039
1047
1031
1043
1043
1035
1035
1035
1039
1035
1042
1038
1041
1038
1035
1039
1043
1038
1038
1039
1031
1035
1038
1047
1033
1038
1042
1035
1037
1034
1035
1047
1038
1035
1035
1038
1039
1039
1043
1037
1042
1031
1037
1039
1034
1034
1035
1037
1033
1047
1039
1035
1033
1046
1042
1035
1034
1037
1039
1039
1038
1033
1042
1035
1038
1039
1047
1035
1038
1038
1033
1046
1038
1046
1037
1035
1033
1034
1031
1039
1047
1037
1043
1038
1031
1039
1037
1035
1033
1034
1035
1042
1037
1035
1039
1043
1033
1034
1043
1037
1046
1047
1039
1035
1043
1039
1037
1035
1039
1041
1035
1039
1035
1047
1031
1033
1043
1043
1035
1039
1033
1043
1047
1037
1042
1037
1043
1037
1043
1038
1039
1035
1035
1043
1042
1043
1043
1043
1038
1046
1050
1035
1033
1042
1039
1031
1039
1043
1035
1043
1039
1042
1033
1035
1035
1033
1039
1037
1043
1031
1035
1033
1030
1039
1034
1042
1042
1042
1034
1035
1034
1038
1035
1033
1034
1034
1035
1035
1031
1033
1031
1035
1034
1034
1039
1035
1034
1043
1046
1037
1043
1042
1035
1030
1033
1035
1035
1047
1037
1047
1041
1034
1043
1035
1041
1035
1035
1039
1029
1035
1039
1035
1039
1037
1035
1038
1033
1035
1030
1031
1035
1031
1029
1663
1051
1501
2023
0
1387
