1094
1102
1091
1091
1100
1095
1100
1100
1099
1091
1090
1099
1094
1102
1105
1092
1105
1090
1102
1102
1091
1099
1099
1098
1094
1090
1101
1100
1102
1095
1102
1100
1095
1091
1101
1091
1097
1090
1095
1097
1087
1090
1099
1090
1102
1099
1098
1095
1099
1098
1100
1099
1101
1099
1099
1090
1103
1091
1096
1102
1099
1098
1090
1103
1089
1100
1094
1099
1105
1093
1098
1098
1099
1098
1104
1095
1091
1086
1104
1100
1095
1102
1095
1090
1091
1103
1099
1101
1097
1090
1091
1103
1090
1103
1105
1090
1101
1101
1095
1090
1104
1104
1095
1099
1098
1091
1099
1096
1101
1090
1095
1095
1097
1106
1090
1090
1101
1097
1098
1094
1095
1096
1102
1090
1097
1100
1104
1101
1099
1095
1104
1101
1101
1094
1097
1099
1101
1096
1097
1098
1091
1095
1095
1099
1098
1093
1091
1090
1101
1091
1100
1095
1101
1102
1101
1094
1098
1100
1093
1096
1095
1102
1105
1099
1100
1105
1097
1104
1098
1102
1094
1094
1095
1100
1101
1101
1103
1101
1100
1095
1090
1097
1101
1097
1101
1090
1095
1090
1100
1089
1090
1090
1090
1091
1099
1095
1091
1091
1101
1101
1099
1090
1101
1099
1095
1101
1102
1101
1090
1096
1101
1090
1090
1101
1095
1095
1093
1099
1104
1091
1104
1097
1095
1100
1101
1086
1101
1098
1097
1104
1097
1101
1100
1101
1091
1097
1094
1099
1094
1091
1090
1095
1104
1096
1091
1094
1095
1091
1091
1091
1097
1097
1098
1090
1096
1102
1091
1099
1095
1103
1102
1097
1099
1095
1089
1101
1099
1094
1091
1095
1100
1095
1101
1100
1091
1096
1095
1099
1099
1091
1090
1091
1091
1091
1101
1098
1090
1095
1104
1100
1095
1099
1094
1097
1095
1098
1101
1086
1094
1102
1091
1102
1101
1095
1098
1101
1091
1098
1103
1098
1101
1101
1097
1097
1090
1095
1095
1097
1097
1100
1101
1091
1105
1100
1099
1101
1105
1095
1100
1101
1090
1110
1095
1094
1095
1101
1086
1095
1101
1095
1101
1094
1090
1099
1098
1091
1091
1100
1094
1099
1091
1101
1094
1094
1099
1093
1101
1091
1100
1098
1095
1090
1098
1094
1095
1099
1098
1095
1097
1105
1095
1101
1099
1100
1102
1100
1091
1098
1095
1100
1095
1105
1105
1100
1099
1101
1091
1096
1099
1093
1094
1091
1094
1101
1098
1101
1094
1094
1101
1096
1099
1099
1101
1100
1105
1101
1105
1101
1098
1100
1095
1099
1103
1091
1090
1091
1101
1097
1100
1101
1099
1090
1091
1099
1102
1095
1101
1090
1097
1093
1091
1094
1095
1098
1095
1098
1090
1099
1094
1101
1099
1096
1100
1099
1094
1102
1102
1101
1106
1098
1104
1096
1090
1099
1101
1091
1103
1101
1093
1091
1099
1091
1091
1093
1101
1099
1095
1101
1091
1101
1103
1104
1104
1095
1091
1099
1100
1091
1095
1091
1090
1103
1106
1102
1097
1091
1091
1095
1105
1100
1098
1099
1095
1105
1099
1094
1090
1104
1094
1095
1100
1091
1081
1099
1106
1100
1095
1091
1090
1095
1090
1097
1087
1094
1090
1095
1094
1099
1099
1097
1100
1095
1101
1099
1091
1096
1101
1095
1098
1105
1097
1090
1091
1090
1097
1095
1093
1095
1090
1100
1104
1087
1098
1097
1101
1095
1094
1100
1099
1090
1094
1096
1100
1095
1097
1097
1089
1100
1095
1101
1099
1095
1091
1091
1100
1097
1097
1095
1100
1098
1099
1094
1091
1105
1091
1099
1091
1094
1095
1093
1101
1103
1099
1102
1099
1089
1094
1099
1103
1086
1087
1099
1093
1099
1096
1094
1099
1091
1094
1104
1099
1090
1094
1094
1095
1105
1105
1102
1105
1099
1105
1105
1095
1095
1101
1096
1105
1102
1102
1102
1102
1102
1102
1102
1102
1102
1102
1102
1102
1102
1102
1102
1102
1102
1102
1102
1102
1102
1102
1102
1102
1102
1102
1093
1092
1103
1097
1098
1103
1097
1103
1104
1091
1094
1100
1106
1103
1091
1097
1095
1104
1098
1100
1095
1095
1099
1093
1102
1094
1102
1086
1106
1099
1101
1105
1099
1095
1098
1099
1095
1094
1099
1101
1091
1095
1102
1104
1096
1104
1097
1090
1091
1099
1099
1090
1101
1101
1094
1094
1095
1099
1101
1097
1101
1090
1098
1100
1097
1098
1094
1094
1091
1099
1091
1100
1101
1095
1094
1099
1091
1101
1100
1100
1099
1098
1102
1101
1095
1094
1104
1090
1095
1099
1102
1090
1095
1098
1099
1096
1101
1102
1091
1090
1090
1099
1094
1101
1095
1095
1095
1099
1096
1094
1093
1090
1093
1090
1098
1106
1103
1094
1104
1104
1103
1099
1105
1096
1101
1100
1101
1094
1100
1101
1091
1097
1092
1091
1090
1094
1098
1095
1103
1100
1094
1101
1101
1091
1095
1100
1090
1095
1098
1095
1100
1098
1098
1091
1099
1103
1104
1101
1095
1097
1090
1094
1095
1101
1105
1100
1098
1094
1101
1094
1095
1095
1105
1095
1102
1101
1089
1095
1101
1095
1101
1099
1100
1101
1099
1102
1101
1099
1100
1105
1102
1100
1095
1101
1101
1095
1104
1095
1104
1100
1096
1100
1100
1091
1095
1091
1101
1099
1095
1098
1095
1099
1095
1095
1091
1098
1101
1100
1091
1102
1101
1090
1100
1090
1091
1097
1095
1100
1094
1089
1095
1103
1098
1086
1093
1095
1095
1105
1100
1098
1098
1094
1095
1098
1090
1101
1100
1095
1095
1104
1101
1101
1103
1090
1095
1105
1105
1099
1100
1095
1098
1099
1094
1101
1090
1091
1103
1095
1095
1094
1099
1101
1099
1100
1099
1094
1091
1094
1095
1099
1102
1099
1102
1095
1101
1093
1105
1105
1100
1101
1099
1098
1094
1091
1093
1105
1091
1096
1095
1105
1091
1090
1101
1097
1099
1101
1096
1104
1100
1094
1094
1099
1095
1100
1095
1094
1101
1098
1100
1090
1101
1091
1099
1093
1101
1091
1105
1091
1094
1101
1100
1099
1102
1100
1095
1101
1095
1091
1099
1099
1095
1101
1101
1101
1094
1100
1099
1097
1095
1100
1095
1094
1091
1101
1100
1091
1104
1091
1104
1095
1099
1095
1097
1095
1095
1091
1103
1095
1094
1102
1102
1095
1105
1099
1105
301
79
870
2198
1470
843
