403
2331
407
2259
407
2243
403
2271
403
407
407
407
403
343
403
2227
407
2359
403
403
403
2283
407
403
411
2227
411
2227
415
415
403
2223
407
2339
403
2219
407
2219
395
407
407
2235
411
403
399
2203
403
239
407
347
407
2255
407
2263
407
2239
415
411
407
347
411
2239
407
2263
411
2255
403
2271
411
407
407
2339
407
2231
407
2307
407
2211
411
2375
403
403
407
2239
407
403
403
295
407
2271
407
2231
407
2291
407
2299
407
2307
403
2303
407
407
407
407
403
2239
403
407
407
407
403
403
403
2327
435
2359
407
359
403
2267
407
2299
407
2211
407
415
403
2267
443
2219
403
235
403
2271
403
2267
411
2219
415
2255
411
2275
415
2291
411
351
407
239
411
407
403
407
407
2215
407
2319
415
2327
407
403
299
2355
403
2227
411
407
411
2311
403
2287
407
411
407
411
411
2247
407
411
411
2255
407
359
411
2279
407
2299
403
403
403
403
403
2283
411
411
403
2303
407
243
403
2263
407
2267
415
2311
403
2207
407
2211
411
239
407
2255
407
2219
403
2275
403
295
407
2239
423
2223
411
2239
407
2215
419
411
407
2371
411
2207
407
407
407
411
403
2239
407
299
403
2355
407
2263
407
2307
407
303
403
291
403
351
415
2271
407
2383
407
2327
411
2283
403
411
403
303
411
2235
407
403
407
2291
403
2251
403
411
415
2323
407
2399
407
415
403
2207
407
407
403
2231
415
235
407
2275
403
411
411
2235
407
2279
403
407
407
351
407
2279
415
2383
407
403
355
2423
463
2411
407
2335
523
2343
403
2231
407
295
403
2223
407
2323
403
407
403
2239
407
2271
407
2307
411
2287
407
2243
407
2359
403
2235
403
2291
411
403
403
2235
415
407
411
347
403
407
411
2371
411
2231
403
2339
407
407
407
2283
415
351
407
2267
407
2251
407
291
403
2335
407
2363
411
407
423
2279
407
2219
415
411
407
295
407
2283
407
2283
407
2239
403
411
407
2207
407
295
403
2331
407
295
407
239
407
2359
415
403
403
411
403
2283
403
2223
411
407
403
2255
403
291
411
2247
407
2363
415
2291
407
2307
419
2271
407
2259
403
295
411
403
355
2383
403
2243
411
239
403
2383
407
2303
411
2343
407
291
407
2211
407
2259
407
2243
407
407
407
2215
411
2339
407
2295
411
2267
403
2279
407
2251
403
2223
407
2319
415
2231
411
407
411
411
399
2299
407
2375
411
2483
411
2291
415
2231
403
2291
415
2335
403
291
407
243
403
403
407
403
407
415
403
407
415
2299
407
2363
415
407
411
303
403
403
407
411
411
403
407
407
415
407
407
407
407
415
407
407
403
407
411
411
403
415
403
407
407
411
411
407
407
407
407
403
411
419
407
411
415
403
407
407
407
407
407
407
403
399
407
399
407
411
411
407
407
403
411
407
407
407
407
411
415
411
415
411
407
411
407
403
407
403
403
407
403
403
407
411
235
415
407
411
403
407
403
407
407
407
399
407
407
407
407
403
403
407
2363
403
407
403
419
411
407
415
411
407
403
407
411
403
407
403
407
407
407
407
407
407
407
407
407
407
407
407
403
407
411
407
407
411
415
407
415
403
403
411
403
411
407
407
407
415
411
407
407
407
291
403
403
403
407
411
415
403
415
403
415
407
403
407
399
403
403
407
407
407
407
403
399
351
415
407
407
411
403
407
407
407
407
407
295
407
407
407
407
407
407
407
411
411
407
407
403
407
407
407
403
351
411
403
407
407
407
403
407
407
415
407
415
407
407
399
403
399
407
415
407
403
407
415
415
411
419
411
407
407
403
407
407
411
403
411
403
411
407
415
411
415
407
411
403
411
407
403
407
411
411
403
403
411
407
411
411
407
411
415
407
407
411
407
407
407
407
407
407
407
411
411
403
407
411
403
419
2211
403
407
403
399
403
407
411
407
403
403
407
407
407
407
403
407
407
411
403
407
407
403
411
407
407
407
407
403
403
403
407
407
403
407
411
403
407
403
407
407
419
411
407
403
411
407
411
403
295
407
407
403
407
403
411
407
411
407
403
415
415
411
403
399
411
407
407
411
403
403
407
411
407
399
407
403
399
403
403
403
407
407
407
407
403
407
403
403
411
403
403
407
407
407
415
407
407
403
415
407
415
403
399
411
407
403
407
403
407
407
407
415
407
407
407
403
407
407
411
403
407
407
403
407
407
419
415
403
407
411
407
407
403
407
403
407
407
407
411
403
411
411
403
407
407
407
419
415
407
295
403
407
407
411
403
403
407
407
407
415
407
407
403
403
407
403
411
419
411
403
415
411
403
407
415
407
403
411
403
403
407
403
407
407
403
407
403
407
403
407
239
403
407
403
403
411
407
407
411
411
411
407
407
407
415
407
403
407
239
407
411
403
407
403
407
415
403
407
399
411
407
403
411
399
411
419
407
407
407
407
415
407
403
295
411
411
771
511
851
3
1903
967
