1089
1087
1091
1087
1082
1087
1090
1093
1083
1091
1091
1086
1087
1093
1087
1086
1086
1087
1090
1085
1087
1090
1087
1082
1087
1087
1090
1091
1091
1087
1087
1083
1090
1086
1095
1087
1083
1089
1087
1086
1083
1087
1087
1087
1086
1087
1087
1087
1087
1087
1087
1086
1085
1091
1087
1087
1087
1091
1087
1083
1094
1087
1085
1089
1087
1091
1086
1087
1087
1086
1091
1087
1094
1087
1087
1083
1082
1083
1087
1087
1087
1087
1083
1091
1087
1087
1090
1087
1087
1091
1086
1086
1087
1087
1087
1091
1083
1087
1086
1086
1087
1091
1083
1083
1087
1087
1087
1087
1083
1090
1087
1087
1098
1094
1085
1087
1087
1087
1094
1090
1087
1087
1082
1091
1083
1087
1086
1086
1086
1091
1087
1086
1087
1086
1087
1094
1087
1091
1087
1094
1087
1091
1087
1087
1087
1090
1086
1087
1089
1091
1094
1087
1087
1087
1091
1091
1091
1087
1087
1087
1091
1083
1091
1087
1086
1087
1089
1091
1087
1087
1086
1089
1087
1091
1089
1087
1087
1087
1087
1091
1087
1091
1083
1087
1086
1087
1087
1087
1090
1086
1083
1087
1083
1087
1089
1086
1083
1091
1087
1087
1087
1090
1087
1087
1087
1083
1091
1083
1091
1086
1090
1089
1094
1087
1087
1083
1090
1090
1087
1090
1085
1087
1087
1087
1087
1094
1087
1086
1087
1087
1087
1087
1089
1090
1083
1090
1087
1087
1091
1087
1087
1083
1087
1087
1087
1087
1095
1087
1083
1087
1089
1082
1087
1087
1082
1087
1087
1087
1090
1087
1087
1089
1087
1091
1086
1094
1087
1087
1082
1087
1082
1087
1083
1087
1087
1087
1087
1087
1087
1091
1090
1083
1083
1087
1089
1085
1087
1087
1079
1089
1087
1087
1091
1089
1087
1087
1091
1087
1086
1082
1091
1091
1087
1083
1090
1087
1090
1087
1087
1094
1087
1087
1087
1087
1087
1087
1094
1087
1086
1087
1083
1082
1087
1087
1091
1087
1082
1083
1090
1087
1083
1087
1086
1090
1090
1087
1090
1086
1087
1091
1087
1087
1087
1087
1087
1095
1095
1083
1087
1094
1087
1087
1087
1091
1087
1087
1087
1087
1091
1091
1087
1083
1089
1087
1087
1086
1094
1089
1087
1097
1087
1089
1091
1090
1091
1087
1091
1087
1087
1083
1086
1083
1087
1087
1087
1087
1087
1091
1087
1087
1086
1087
1083
1087
1087
1087
1087
1094
1091
1087
1091
1083
1089
1087
1086
1087
1087
1090
1091
1087
1087
1087
1087
1087
1091
1091
1090
1086
1087
1091
1095
1082
1090
1087
1098
1094
1091
1087
1087
1093
1087
1094
1091
1089
1090
1083
1091
1089
1087
1091
1087
1094
1087
1086
1091
1082
1087
1087
1087
1087
1087
1087
1090
1090
1091
1083
1087
1083
1087
1090
1091
1083
1083
1083
1087
1087
1086
1091
1090
1082
1087
1094
1091
1091
1082
1090
1087
1083
1087
1089
1087
1087
1089
1093
1087
1085
1087
1102
1087
1094
1087
1087
1090
1087
1087
1087
1093
1087
1087
1093
1091
1091
1094
1091
1086
1091
1087
1079
1087
1086
1090
1087
1090
1087
1087
1097
1087
1091
1087
1087
1086
1097
1089
1087
1083
1090
1087
1091
1090
1087
1087
1087
1087
1087
1083
1090
1086
1086
1083
1091
1082
1081
1087
1085
1082
1087
1091
1087
1087
1083
1087
1091
1087
1087
1091
1094
1087
1091
1091
1086
1087
1091
1087
1083
1090
1091
1087
1094
1083
1083
1094
1086
1083
1087
1083
1087
1087
1087
1087
1082
1083
1091
1086
1094
1095
1085
1087
1087
1086
1094
1086
1078
1087
1089
1091
1082
1083
1087
1087
1087
1087
1087
1087
1095
1090
1091
1097
1087
1087
1091
1091
1083
1087
1091
1095
1085
1085
1085
1085
1085
1085
1085
1085
1085
1085
1085
1085
1085
1085
1085
1085
1085
1085
1085
1085
1085
1085
1085
1085
1085
1085
1083
1095
1090
1091
1087
1087
1091
1087
1089
1085
1087
1087
1091
1087
1091
1090
1087
1083
1087
1083
1090
1087
1090
1090
1083
1087
1087
1089
1083
1087
1094
1083
1087
1087
1098
1091
1083
1087
1085
1087
1094
1083
1091
1085
1087
1087
1091
1091
1087
1087
1086
1086
1087
1087
1083
1086
1082
1086
1087
1087
1094
1086
1091
1090
1091
1087
1087
1083
1090
1083
1093
1087
1087
1091
1082
1087
1091
1091
1087
1087
1083
1090
1087
1082
1087
1077
1082
1086
1091
1082
1087
1090
1085
1087
1091
1087
1085
1087
1087
1087
1087
1090
1090
1091
1083
1087
1086
1079
1087
1091
1089
1086
1086
1091
1087
1086
1087
1091
1083
1087
1087
1094
1079
1087
1087
1090
1091
1087
1087
1079
1089
1087
1083
1083
1087
1087
1087
1083
1087
1087
1087
1089
1087
1083
1087
1087
1094
1083
1085
1087
1091
1083
1089
1091
1090
1091
1086
1087
1083
1087
1090
1086
1087
1095
1087
1083
1087
1087
1083
1087
1087
1091
1087
1085
1083
1087
1087
1087
1087
1090
1087
1087
1090
1090
1091
1091
1094
1082
1087
1091
1090
1087
1087
1091
1091
1087
1087
1090
1085
1099
1090
1089
1091
1083
1083
1091
1087
1082
1094
1087
1087
1090
1087
1086
1087
1082
1094
1093
1087
1087
1083
1090
1087
1091
1090
1090
1094
1094
1083
1098
1083
1087
1087
1087
1093
1087
1087
1083
1086
1087
1094
1087
1087
1087
1091
1087
1090
1087
1087
1094
1087
1091
1094
1087
1091
1087
1090
1087
1086
1094
1086
1090
1082
1093
1090
1091
1083
1086
1086
1085
1087
1087
1087
1091
1090
1087
1089
1083
1086
1091
1091
1091
1090
1091
1083
1083
1090
1087
1091
1087
1087
1094
1086
1087
1086
1087
1087
1091
1087
1083
1087
1089
1090
1082
1087
1087
1087
1089
1091
1087
1091
1091
1090
1093
1087
1091
1086
1087
1091
1087
1091
1091
1091
1087
1089
1086
1087
1087
1087
1085
1090
1083
1087
1087
1087
1083
1094
1090
1087
1093
1091
1087
1090
1086
1083
1086
1091
1087
1091
1090
1083
1083
1087
1090
1090
1085
1087
1091
1087
1083
1087
1087
1086
1086
1091
1087
1094
1087
1094
1085
1091
1087
1089
1091
1085
1086
1090
194
643
0
267
1251
447
