1063
1059
1063
1063
1063
1063
1059
1063
1062
1063
1062
1062
1073
1063
1074
1063
1063
1067
1074
1059
1063
1063
1067
1063
1059
1062
1067
1066
1071
1067
1063
1059
1069
1057
1078
1063
1063
1063
1054
1059
1062
1059
1059
1059
1063
1062
1067
1059
1059
1062
1067
1067
1074
1059
1063
1061
1069
1059
1063
1065
1069
1055
1061
1062
1059
1058
1059
1063
1067
1063
1059
1067
1074
1059
1059
1063
1074
1070
1063
1062
1063
1059
1063
1063
1063
1058
1069
1063
1069
1073
1073
1067
1059
1063
1063
1063
1067
1059
1074
1073
1063
1066
1059
1058
1059
1058
1069
1077
1063
1063
1059
1069
1058
1062
1059
1059
1063
1074
1065
1059
1067
1059
1073
1078
1063
1062
1063
1058
1063
1063
1073
1055
1067
1063
1062
1077
1059
1058
1067
1062
1069
1063
1074
1070
1059
1062
1070
1066
1063
1063
1059
1059
1062
1059
1074
1069
1077
1062
1063
1059
1069
1063
1059
1067
1067
1063
1069
1063
1063
1063
1058
1065
1062
1063
1063
1065
1062
1069
1065
1066
1063
1065
1071
1069
1062
1069
1067
1062
1067
1073
1062
1059
1069
1063
1066
1063
1063
1058
1070
1073
1073
1063
1073
1063
1066
1069
1069
1073
1063
1059
1059
1067
1073
1062
1069
1074
1063
1063
1066
1066
1063
1059
1062
1063
1063
1063
1073
1059
1063
1063
1059
1063
1063
1067
1059
1059
1074
1063
1078
1073
1066
1070
1066
1074
1073
1067
1063
1063
1073
1062
1063
1063
1059
1073
1073
1058
1073
1058
1063
1059
1063
1063
1073
1067
1063
1074
1069
1063
1063
1059
1067
1054
1059
1063
1062
1059
1077
1065
1070
1063
1063
1063
1070
1063
1059
1067
1063
1063
1069
1063
1073
1070
1066
1069
1069
1058
1063
1066
1073
1070
1062
1051
1073
1063
1067
1058
1058
1066
1063
1063
1063
1065
1073
1071
1063
1062
1067
1063
1059
1070
1061
1059
1063
1063
1071
1058
1067
1065
1074
1063
1066
1059
1063
1067
1063
1069
1063
1055
1055
1059
1066
1063
1063
1073
1067
1066
1059
1073
1069
1065
1067
1057
1063
1059
1069
1066
1063
1058
1063
1054
1063
1069
1074
1066
1073
1069
1057
1059
1066
1057
1059
1063
1054
1059
1059
1065
1063
1063
1062
1062
1063
1069
1062
1062
1063
1063
1063
1055
1063
1063
1059
1073
1067
1062
1059
1070
1065
1059
1063
1059
1063
1063
1065
1069
1063
1069
1063
1059
1066
1062
1062
1063
1059
1066
1062
1063
1069
1073
1063
1063
1067
1066
1069
1063
1063
1055
1063
1063
1063
1058
1070
1070
1063
1059
1062
1069
1078
1067
1063
1069
1059
1063
1063
1059
1073
1071
1070
1063
1059
1059
1067
1071
1059
1067
1069
1063
1062
1062
1062
1062
1067
1069
1067
1059
1062
1071
1063
1063
1063
1063
1070
1063
1058
1063
1074
1063
1070
1062
1065
1065
1065
1063
1066
1069
1063
1062
1069
1057
1063
1070
1063
1063
1063
1067
1063
1058
1069
1059
1059
1067
1059
1073
1059
1069
1066
1063
1063
1063
1063
1066
1063
1073
1063
1059
1073
1070
1067
1067
1063
1059
1070
1059
1066
1059
1063
1065
1069
1062
1063
1067
1063
1063
1063
1067
1067
1059
1063
1059
1070
1065
1063
1067
1059
1063
1063
1063
1067
1063
1059
1073
1059
1059
1058
1059
1063
1067
1066
1063
1067
1063
1073
1066
1063
1059
1063
1062
1063
1063
1063
1066
1070
1067
1063
1066
1063
1063
1070
1063
1059
1063
1074
1073
1063
1063
1066
1063
1065
1063
1063
1067
1070
1059
1078
1063
1063
1067
1063
1069
1065
1063
1062
1077
1065
1067
1063
1062
1067
1065
1063
1063
1062
1063
1069
1063
1067
1066
1059
1066
1063
1067
1066
1059
1063
1059
1069
1062
1065
1058
1074
1058
1063
1063
1063
1062
1073
1063
1069
1069
1062
1069
1063
1063
1059
1063
1063
1063
1063
1059
1066
1063
1073
1063
1062
1063
1063
1062
1065
1059
1063
1062
1063
1066
1063
1063
1071
1059
1063
1070
1069
1063
1065
1067
1063
1059
1063
1066
1063
1059
1066
1061
1063
1069
1074
1059
1063
1059
1069
1058
1077
1062
1063
1066
1063
1070
1058
1073
1073
1059
1063
1069
1058
1073
1063
1070
1073
1063
1063
1059
1063
1063
1059
1069
1063
1062
1063
1062
1063
1061
1074
1063
1063
1073
1073
1078
1062
1059
1062
1062
1063
1059
1063
1070
1063
1063
1067
1067
1063
1054
1062
1059
1063
1059
1063
1062
1063
1073
1069
1063
1066
1062
1065
1077
1070
1058
1059
1078
1062
1078
1063
1059
1069
1066
1061
1059
1063
1059
1058
1063
1063
1059
1063
1063
1063
1062
1063
1075
1059
1069
1066
1063
1063
1058
1073
1071
1058
1063
1077
1066
1063
1069
1063
1063
1067
1063
1073
1067
1073
1059
1063
1059
1063
1062
1067
1063
1067
1066
1065
1063
1059
1059
1067
1070
1066
1074
1066
1069
1059
1062
1063
1063
1067
1059
1067
1063
1066
1066
1069
1070
1058
1067
1077
1063
1059
1063
1059
1069
1062
1067
1063
1063
1059
1066
1063
1065
1059
1062
1066
1063
1062
1059
1059
1062
1067
1062
1062
1067
1063
1063
1073
1062
1063
1063
1063
1063
1063
1067
1059
1074
1073
1066
1062
1055
1077
1063
1075
1059
1059
1066
1078
1070
1063
1066
1066
1062
1069
1066
1069
1063
1063
1069
1067
1063
1073
1063
1058
1062
1067
1062
1074
1063
1071
1063
1070
1059
1063
1067
1059
1062
1067
1077
1063
1067
1058
1062
1067
1067
1073
1063
1059
1059
1058
1059
1067
1071
1059
1063
1071
1062
1062
1062
1063
1069
1067
1059
1059
1070
1063
1067
1062
1063
1059
1063
1067
1059
1069
1063
1063
1073
1063
1063
1063
1063
1063
1066
1063
1059
1066
1062
1063
1069
1062
1063
1058
1062
1065
1063
1063
1063
1063
1065
1067
1063
1062
1069
1069
1058
1062
1058
1059
1063
1059
1059
1063
1069
1063
1062
1067
1055
1067
1067
1059
1069
1063
1059
1067
1059
1059
1063
1063
1069
1067
1063
1067
1066
1069
1063
1059
1063
1058
1061
1069
1059
1063
1070
1062
1063
1063
1059
1825
2118
721
1211
1918
1655
