670
671
671
667
679
666
675
670
667
675
671
671
671
679
671
675
675
671
675
675
679
675
675
675
675
307
671
671
671
679
675
591
675
670
670
667
679
675
675
675
675
495
663
679
674
663
675
591
667
671
675
675
671
675
659
671
675
495
679
671
671
675
679
679
671
671
675
671
675
675
679
663
671
675
675
675
675
675
675
495
667
591
675
675
679
595
670
679
671
675
667
675
675
667
675
675
667
675
675
495
675
675
671
207
675
675
667
675
675
679
675
679
667
671
671
671
679
675
675
679
671
675
679
587
671
675
675
2223
671
675
675
591
675
678
671
399
667
675
671
679
675
495
675
402
671
679
670
587
671
667
663
682
671
679
675
675
675
675
675
667
671
667
671
679
679
675
671
663
675
675
679
675
671
675
671
671
675
679
671
587
675
675
679
671
675
663
671
591
667
674
675
671
663
671
671
683
671
679
671
675
671
675
679
675
667
494
671
675
671
675
675
399
679
675
667
671
671
671
675
671
675
671
675
679
671
671
679
667
667
675
675
671
675
671
671
675
671
675
671
671
679
663
667
671
671
671
667
402
675
675
667
675
667
663
675
591
667
667
671
675
679
675
671
671
675
675
671
667
671
675
675
675
679
675
671
675
679
675
679
671
675
667
667
683
671
675
679
587
671
675
671
675
675
2151
667
671
667
671
671
671
675
675
679
591
675
595
667
675
675
671
671
671
671
675
667
679
675
667
683
667
671
399
679
671
667
671
675
675
675
499
679
675
667
666
675
666
679
675
675
667
675
671
679
499
675
595
667
667
675
671
667
671
670
671
675
671
671
679
671
667
671
679
667
667
671
675
671
679
671
667
667
675
667
675
679
667
675
671
671
671
667
675
671
671
675
671
678
667
667
667
667
675
675
667
671
675
671
675
675
683
679
671
671
675
679
671
679
679
675
675
679
675
679
671
675
671
675
675
671
671
671
671
671
595
675
675
675
587
675
675
675
675
670
303
675
595
667
671
675
2151
675
675
671
671
675
675
675
675
679
671
671
675
671
679
667
675
671
674
671
679
679
675
675
671
671
495
679
675
671
667
671
675
675
671
671
671
671
682
675
675
679
671
667
587
675
674
671
679
679
678
671
667
671
587
675
595
675
671
671
671
675
675
671
671
675
667
679
671
671
671
679
679
670
675
667
679
675
671
675
671
675
675
675
671
675
671
671
675
671
675
671
675
671
679
675
675
671
675
671
675
679
671
675
671
675
675
675
667
675
675
671
671
671
679
667
671
671
671
667
671
667
675
667
670
679
671
667
659
675
671
671
671
679
667
667
667
671
671
671
671
679
675
671
671
671
671
671
667
679
671
675
671
679
675
675
671
663
667
679
675
679
679
671
675
671
671
671
671
679
675
671
675
675
671
671
671
674
667
671
675
671
671
671
671
675
679
679
675
679
675
675
675
679
675
679
671
671
675
675
671
671
675
679
675
671
667
675
675
671
675
671
671
671
675
671
675
671
675
675
667
671
675
671
679
671
675
671
675
675
671
675
671
671
670
675
671
675
679
675
675
671
667
679
675
667
675
679
670
667
679
675
675
663
675
682
675
675
675
679
671
679
671
675
671
667
675
679
671
671
671
671
679
675
667
675
675
675
679
671
675
671
674
675
675
671
679
675
667
675
671
675
679
671
671
671
675
667
671
675
675
679
667
671
675
675
675
679
671
671
675
671
671
671
671
675
675
675
671
671
671
679
671
671
670
670
675
671
675
675
671
671
671
675
671
679
671
671
675
679
675
675
671
675
667
667
671
678
667
675
675
675
675
683
671
675
675
675
667
671
679
675
671
675
667
679
671
667
671
679
679
675
679
671
671
679
675
671
675
670
667
679
679
667
675
679
675
671
671
675
675
671
671
670
675
667
675
675
667
679
671
671
679
675
671
683
675
671
667
675
675
675
675
671
671
671
671
671
671
667
679
679
675
675
675
675
671
671
671
675
675
667
671
675
671
667
675
675
675
679
671
675
671
671
671
671
671
671
671
675
671
671
670
675
682
679
675
679
671
671
675
671
675
675
675
679
675
679
671
670
671
679
671
671
675
679
671
667
675
671
671
667
671
679
663
671
675
671
671
671
679
675
675
663
671
678
671
675
671
667
675
671
671
675
671
675
671
675
671
671
675
675
667
675
679
671
671
667
667
675
671
679
667
671
667
675
667
679
679
679
675
675
667
663
671
671
671
671
675
679
663
671
675
675
667
674
670
671
679
671
675
675
675
675
675
671
675
679
671
671
667
675
679
671
667
679
671
667
671
675
675
671
671
671
675
667
667
671
671
1359
1115
651
1155
1871
7
