2091
419
419
411
415
427
411
2207
419
2215
415
419
423
423
411
419
419
2259
423
2247
427
415
423
2279
419
299
427
2319
415
423
423
2235
419
303
411
2207
427
415
415
411
419
307
415
411
419
407
411
419
419
423
415
2207
419
355
407
2251
415
419
407
419
419
411
419
411
411
2243
419
2283
415
363
415
295
415
415
415
2203
415
2239
419
2239
415
407
419
2211
419
2223
419
303
419
419
415
2303
415
2219
415
2235
415
419
415
2235
419
407
423
415
407
419
423
415
423
2311
419
407
411
419
423
2207
419
415
411
415
407
295
415
2243
423
415
411
2283
415
2231
419
415
415
415
415
415
423
299
427
415
419
419
419
2251
423
423
415
419
419
2243
419
427
415
2275
419
415
411
299
415
415
415
2251
415
415
411
2267
415
415
415
2227
411
359
411
2283
415
411
419
2287
419
307
419
299
423
415
423
419
415
411
415
415
411
423
419
2363
411
2203
419
419
419
419
415
419
407
419
419
407
415
419
419
2235
415
2211
423
355
407
419
419
2223
423
419
423
299
427
2323
411
295
419
359
419
363
419
407
419
411
411
2259
407
423
407
2335
415
355
415
427
419
427
411
415
415
419
415
419
423
419
419
2235
411
2235
415
303
415
411
415
2251
419
2255
411
419
423
411
419
415
415
419
419
419
419
419
419
2211
415
2291
423
423
407
299
419
419
415
2227
415
419
419
415
415
411
419
419
411
235
407
419
415
2323
419
2307
415
363
419
2307
419
295
411
347
407
2227
411
415
415
239
411
2283
419
2263
407
2251
415
299
423
2207
407
2231
415
2355
419
311
407
2243
415
2199
419
423
415
2207
415
2227
419
291
415
423
2223
411
419
359
415
411
415
2211
411
2263
411
419
415
419
419
419
415
299
415
423
419
427
419
419
411
2227
415
411
419
411
419
303
423
2291
419
2267
415
415
423
423
419
423
415
419
419
239
423
2275
407
411
419
363
419
419
415
419
415
299
415
415
415
419
415
299
419
2215
419
423
303
2239
423
2199
415
415
419
295
423
243
419
2239
423
415
419
2239
419
419
419
423
423
411
419
2219
415
419
423
2315
415
2211
415
419
411
2247
423
419
423
2199
415
2363
411
2315
419
423
427
2255
415
299
419
415
423
2255
427
2307
415
2291
419
235
415
419
419
2199
423
295
411
2267
411
419
419
423
415
419
415
239
411
415
415
307
411
419
419
411
419
419
419
243
415
419
411
407
423
415
419
419
419
419
423
419
419
415
423
419
423
419
423
419
415
411
411
419
415
419
427
415
411
407
419
407
415
419
407
423
415
415
423
411
415
419
411
419
415
407
419
415
423
411
415
419
415
427
415
419
415
407
411
419
419
411
415
419
411
419
419
415
411
419
407
419
423
411
419
407
407
415
415
411
415
415
411
407
423
423
419
407
411
415
411
427
407
415
423
415
423
411
415
419
415
427
415
415
411
415
419
411
403
415
415
411
415
407
415
419
419
415
415
419
419
415
419
419
423
423
415
419
415
411
419
411
423
423
419
419
411
415
419
419
415
431
419
423
415
415
423
407
415
415
427
411
411
423
419
415
423
423
415
419
411
411
415
411
423
419
407
427
415
411
407
411
411
427
415
415
423
415
419
415
415
411
411
415
415
411
415
419
423
423
411
423
415
407
411
419
427
423
423
411
415
411
419
419
419
407
415
411
411
419
415
415
419
415
419
411
415
419
411
411
407
411
415
419
423
411
415
415
407
419
419
407
411
415
423
415
415
411
415
419
419
419
415
411
423
419
423
411
419
415
407
419
419
419
415
419
415
407
411
419
411
415
419
423
419
411
419
419
423
419
415
411
419
419
419
415
415
411
419
419
419
423
415
419
407
415
415
423
419
415
419
415
419
415
423
419
407
419
407
423
419
419
415
411
415
419
419
407
419
419
411
427
423
415
419
423
415
407
415
411
419
415
419
427
415
411
415
423
419
415
415
415
427
423
407
407
415
411
419
415
419
411
415
415
415
415
411
419
411
415
415
411
423
411
419
419
419
419
419
419
423
423
419
419
415
419
419
415
423
415
407
419
415
411
419
415
415
411
407
415
411
415
415
407
423
419
423
407
423
407
415
411
419
419
419
407
411
427
419
411
415
419
407
419
419
419
407
407
419
407
415
423
415
415
415
415
427
415
415
415
419
423
411
423
411
415
419
407
407
423
411
415
415
411
419
415
415
415
415
411
411
415
407
411
411
423
411
419
427
407
415
415
411
423
415
411
419
415
407
427
415
423
415
411
415
407
415
411
419
423
419
415
419
411
415
411
415
407
407
419
411
411
419
419
423
419
411
411
411
419
427
419
415
407
415
415
419
415
411
419
411
415
411
423
411
411
419
427
411
415
415
411
407
415
47
319
0
839
847
1515
