1938
993
1007
1007
1005
1005
1006
997
1011
997
1000
1006
997
993
1006
994
1007
999
1006
997
1011
1007
993
1011
1007
998
1007
1006
1011
1003
1000
1003
1002
996
1011
1011
1010
1007
988
1003
1004
1007
1011
998
999
1006
1007
997
992
1005
992
1001
997
1006
997
1003
1011
1000
1007
1011
997
989
1001
1007
1000
993
1006
994
1001
1002
1011
993
999
1001
1007
1006
1006
998
997
997
1000
1008
1007
1006
997
1012
992
996
1000
1007
1007
1002
1006
1003
1007
992
992
992
1011
993
997
1007
1002
997
992
997
1002
1001
1006
1006
993
992
1006
1003
1007
1004
1006
1008
1003
997
1011
1007
992
997
1011
1003
1003
1003
999
1006
997
1007
1010
996
1004
998
997
1006
1001
1002
1007
1006
997
995
1003
1006
997
1007
1007
993
1006
1006
997
998
1006
1012
1009
992
1011
1004
997
1011
1010
996
991
1006
997
1011
1006
992
996
1007
999
996
988
1007
997
1006
988
996
1006
1006
1007
1006
1011
997
993
997
991
1011
1004
1003
1005
995
1006
1010
1001
1001
991
1007
1011
997
997
1003
1002
998
1010
1011
1003
992
1001
1000
997
1007
1002
1001
1005
1007
997
993
1007
1007
992
1007
992
998
1006
1006
1001
1007
1003
1007
993
1001
988
997
992
997
993
996
1007
996
1006
1007
1005
1003
992
1006
1006
996
1007
1006
993
997
1007
1000
993
999
1006
995
1006
999
1006
993
1011
993
1000
1002
1002
1007
1010
1000
997
997
997
1008
993
1000
993
1006
995
993
1006
1007
1007
997
1011
1008
999
1001
1003
997
997
1006
991
1003
1007
1006
1001
996
1006
993
1007
993
1007
1007
1003
1005
1011
1007
1000
996
1006
998
1000
996
995
991
1000
1011
992
1006
1007
992
1007
1011
1003
992
997
1003
997
1006
1011
995
996
994
1010
1006
992
1011
1007
1002
1006
1003
997
1007
994
1011
1002
1006
1005
1007
992
1001
1000
1006
1006
1006
1006
1011
994
992
1003
1003
1001
1003
1006
999
1002
1004
1007
1007
997
999
996
1011
1006
997
1007
1003
1011
1007
1006
992
1007
1007
1007
996
1005
992
995
997
992
1007
999
1008
1003
997
1011
1006
1003
1000
997
997
1001
995
1011
1003
1006
996
1006
1011
1007
1000
1006
998
992
994
997
992
997
1001
1006
999
1006
1007
1001
1007
1011
1007
1006
1007
1009
997
1000
1001
1002
1008
995
998
1003
1010
997
992
992
1001
1002
992
1006
996
993
1007
998
996
1006
1006
1009
997
997
998
1005
1007
1006
1007
1007
1003
1000
1007
1003
994
1006
1006
1007
992
993
1006
1006
1007
1011
999
997
997
1000
1007
1006
1002
987
1006
997
1012
1000
1008
1006
1001
1001
1011
1006
1011
996
997
1008
993
998
988
997
993
1006
1001
1007
1007
1011
996
1002
1006
1007
996
1006
1011
993
1006
1011
992
993
998
996
992
993
996
1011
996
1005
992
1011
1006
1011
1010
1007
1000
992
1006
1001
1011
1002
1006
1004
1007
1007
989
1001
1006
993
992
993
993
1006
993
1011
1005
996
992
1006
1010
1006
997
1011
1011
992
995
997
1002
995
1006
1011
1006
1006
997
993
1006
1000
999
1002
1006
1011
1001
1011
995
997
1003
1006
1000
1006
995
1005
1001
997
1000
993
992
1004
993
1007
1011
996
1003
1007
996
1001
993
1000
1006
997
1001
1005
1006
996
495
495
495
495
495
495
495
495
495
495
495
495
495
495
495
495
495
495
495
495
495
495
495
495
495
599
999
994
1002
1007
1010
1006
1006
1000
1007
1003
1002
996
1006
999
999
1000
1001
1000
1007
996
1001
999
1001
997
1008
1007
1003
1001
1003
1001
1003
1011
1010
1004
1004
1002
1002
1006
1007
996
997
995
1000
993
1003
1007
995
1001
1006
999
1002
995
1001
1000
1007
1006
993
1006
1001
994
992
1006
1006
997
1000
1007
1006
1003
1006
991
999
992
1006
997
1011
997
996
998
993
1011
1002
1003
1007
993
1011
1006
1001
1004
992
996
1006
999
997
1007
1011
993
996
1000
1010
992
1001
998
1011
1007
1001
1003
1011
996
997
996
1011
996
992
1000
1007
1000
992
997
993
997
1003
1011
995
997
1002
1001
993
1011
1003
1007
1003
996
988
991
997
1011
993
1002
996
1004
998
1011
1007
997
997
1011
1009
1002
997
1006
1007
1002
1007
1007
997
1007
996
997
1010
1000
996
1011
1011
1011
1006
1011
1011
1001
1000
998
992
1001
1007
1002
1011
997
1006
1010
996
1007
1006
1006
997
995
1001
1011
992
1001
1007
1001
997
1002
1002
1002
1006
996
998
1003
1010
1006
996
1006
993
1004
1002
992
997
1011
1000
995
999
997
993
1000
1005
1000
1010
1003
1000
1002
1006
1006
1011
991
1006
996
996
997
1011
1006
1007
1002
1006
999
1008
997
1001
1006
1011
996
1006
1011
995
1006
1006
1011
994
1003
1011
1003
997
992
1011
996
1006
1007
993
1010
993
997
1011
1011
1002
992
1003
1006
1010
1011
991
1006
1010
1001
1011
1003
997
1010
1000
1007
994
1006
997
1000
1003
1006
1012
997
993
1007
993
1001
998
997
1006
1006
996
997
1011
1007
1003
1007
1006
1000
1006
993
999
997
1001
1008
1000
1000
1002
1007
1006
1006
1011
1002
1006
1006
1007
995
1011
993
1003
1007
1000
1006
1007
1011
1006
994
997
991
1002
996
1011
1000
994
1000
995
994
1000
1007
1001
1004
1010
1011
992
1000
1008
1007
1000
1007
1006
1001
994
1010
996
1000
1007
998
988
1007
993
1011
993
992
1002
992
993
1011
997
997
1002
1003
1000
1011
997
997
2020
1578
403
912
1873
