495
723
375
487
375
535
423
599
255
579
387
487
455
591
367
523
475
699
499
415
419
651
351
679
407
491
511
731
395
567
455
659
439
663
418
603
454
615
419
643
407
511
551
743
263
579
439
687
451
575
315
739
399
507
559
659
442
659
519
615
459
603
579
663
303
607
407
803
471
699
543
595
375
475
403
543
451
703
403
771
530
695
355
747
407
635
463
627
279
635
311
423
367
535
447
527
379
547
495
707
391
455
347
571
395
627
335
655
483
675
555
579
374
543
419
579
479
575
503
763
487
575
403
711
303
579
523
562
327
679
402
715
503
559
519
639
459
715
359
531
347
655
239
591
415
607
387
659
467
695
407
711
439
615
467
687
327
615
495
759
399
599
382
635
487
647
303
559
339
551
523
467
307
475
511
767
471
523
402
651
387
595
439
503
347
531
435
635
491
583
395
683
375
579
335
710
375
587
451
555
443
555
587
651
315
587
243
587
487
807
395
662
303
763
415
715
379
475
391
731
459
619
487
711
459
635
435
575
415
687
399
599
439
539
375
643
455
715
542
659
423
691
451
579
547
591
319
507
331
567
483
599
459
587
415
807
559
559
503
639
287
583
399
699
343
551
439
615
351
587
467
615
367
731
435
563
450
663
475
691
371
534
379
543
431
607
383
583
435
695
463
587
327
591
419
643
499
607
439
575
395
595
355
751
411
715
411
639
475
575
403
747
443
535
483
523
359
491
571
615
355
511
527
655
383
535
471
531
494
547
359
731
447
551
411
555
531
595
343
547
395
691
259
619
451
591
415
547
434
571
471
494
379
607
427
687
347
643
419
575
350
647
347
667
439
523
415
667
403
623
419
587
443
707
451
667
371
591
363
555
363
531
363
662
515
527
551
739
359
643
347
751
383
487
431
559
434
447
607
687
435
699
331
763
403
687
394
655
327
563
371
735
379
507
415
791
435
623
506
655
455
523
527
527
291
607
383
583
395
643
491
611
287
595
535
655
455
619
438
575
403
607
311
571
519
603
411
575
395
627
527
595
435
491
466
507
435
691
439
631
303
691
435
715
403
426
343
759
491
475
479
403
491
603
323
543
367
563
459
635
467
699
363
735
474
711
399
623
239
671
439
671
443
631
467
679
319
519
47
327
123
339
263
603
363
615
203
587
331
631
343
163
487
475
519
411
307
503
267
295
507
423
434
323
443
279
415
339
383
399
375
327
367
315
347
319
551
271
283
427
523
319
414
399
295
447
390
443
319
431
339
575
531
347
247
379
335
446
387
307
379
367
279
455
431
451
459
351
379
131
295
222
327
395
519
442
411
407
547
311
483
419
483
355
463
271
499
407
431
311
395
183
403
487
471
323
371
427
447
523
326
455
307
371
391
475
371
247
359
523
207
487
359
499
450
299
279
307
279
455
475
323
483
403
451
387
507
343
307
403
355
615
331
243
455
339
419
407
379
399
415
346
363
399
343
447
319
403
447
431
511
271
327
319
355
331
355
311
395
247
459
279
383
391
447
407
279
307
446
367
459
331
523
443
419
371
519
395
243
227
411
543
235
403
291
259
443
379
379
526
218
523
374
415
339
375
447
503
299
539
395
331
391
327
475
439
335
331
431
427
363
395
387
419
471
291
511
347
439
311
303
347
399
247
423
287
443
499
491
323
323
271
399
575
391
315
371
375
415
283
323
439
307
311
443
463
419
379
411
351
495
471
519
471
395
615
367
443
355
299
450
443
523
427
371
363
295
411
439
347
479
351
223
319
439
427
331
403
403
367
467
391
275
319
463
383
455
395
438
515
515
410
479
451
443
446
463
235
490
335
407
363
523
295
351
451
419
359
335
331
315
531
359
447
571
391
511
359
523
407
327
327
435
515
411
351
419
371
379
443
463
467
371
407
375
367
475
399
359
402
351
283
315
390
467
367
347
323
447
459
727
603
351
459
395
507
403
199
431
219
451
467
359
419
451
415
367
375
463
331
375
411
435
275
371
383
439
443
483
403
335
519
291
303
311
347
571
495
463
299
427
443
343
359
279
487
355
443
523
311
423
363
447
359
591
455
303
319
387
427
351
347
523
363
427
359
455
327
255
419
295
523
315
271
523
383
435
451
355
379
339
507
195
415
403
319
379
311
371
391
419
347
419
539
379
359
383
451
379
351
407
187
447
343
431
395
391
351
299
539
375
270
383
271
471
203
391
339
535
339
519
467
427
342
355
367
527
523
403
319
375
307
414
403
355
459
431
227
351
455
459
519
303
439
495
491
471
427
374
399
395
343
471
379
471
431
491
423
459
447
263
291
319
427
351
335
287
411
555
459
427
291
423
799
