321
577
377
466
311
573
433
551
357
391
287
379
311
527
359
421
253
503
275
413
313
463
335
507
307
549
179
467
186
439
465
575
307
588
395
459
255
579
405
537
254
470
308
359
417
475
335
433
375
487
309
561
335
515
242
531
227
533
394
335
329
471
278
605
325
509
358
539
234
423
278
507
303
441
262
601
363
459
283
499
433
520
326
427
383
651
251
635
211
459
291
319
285
335
421
287
357
610
437
403
202
483
275
490
250
538
325
389
306
493
318
597
327
599
333
638
290
531
346
541
229
513
311
435
277
359
215
459
313
429
405
495
265
426
391
558
277
460
304
529
343
427
390
413
301
411
351
491
351
594
145
615
273
481
239
605
309
487
147
585
407
551
227
659
269
571
347
463
295
430
295
523
171
585
323
522
424
509
383
475
375
502
337
567
243
383
358
561
379
635
415
427
417
567
277
558
207
586
295
463
296
459
263
574
189
587
197
503
214
409
305
637
212
478
345
417
325
491
243
443
321
429
209
419
186
535
298
646
403
522
219
407
278
347
407
561
362
549
367
499
355
539
399
543
279
481
59
639
336
393
274
451
237
258
305
481
311
577
293
383
198
559
349
515
351
431
307
631
375
455
403
606
462
533
321
447
301
521
326
406
250
407
303
433
422
471
322
562
462
471
316
374
381
517
265
510
331
477
179
461
276
632
186
427
270
547
350
530
234
594
465
375
267
457
237
467
389
502
265
499
291
495
291
514
358
401
346
575
445
443
207
465
179
515
214
491
342
419
426
643
131
435
430
399
218
477
294
531
334
574
429
538
354
563
359
666
279
502
269
515
95
487
239
509
281
493
285
431
394
531
401
559
303
474
427
538
371
441
433
497
339
395
277
561
278
479
189
537
231
446
150
570
139
547
386
427
243
546
171
493
371
567
265
523
198
431
418
465
382
598
165
391
271
485
213
563
311
495
474
587
286
469
275
347
190
439
258
503
527
593
283
411
281
431
273
419
358
461
387
583
222
459
350
610
247
359
287
575
471
518
405
427
415
395
282
519
239
553
269
487
234
550
345
611
287
551
259
643
355
467
325
487
279
563
383
523
206
413
235
535
213
515
157
611
342
607
213
449
215
495
235
623
310
474
291
547
330
187
7
105
0
326
59
463
483
522
470
555
230
535
282
287
207
162
221
133
459
381
355
279
289
246
259
227
369
255
223
240
305
258
259
195
351
265
345
85
287
352
336
259
234
331
522
317
325
335
245
203
303
282
279
485
175
265
198
242
193
190
165
302
364
243
270
151
403
201
309
327
293
149
207
223
255
262
238
405
278
382
383
209
296
268
198
231
172
223
254
287
295
219
403
393
407
243
550
363
299
233
237
383
233
219
273
331
170
209
218
123
369
302
289
327
233
258
411
406
357
247
203
247
293
234
375
278
291
175
367
285
359
275
298
322
176
229
282
183
367
311
394
246
363
391
311
246
310
243
185
165
286
130
195
122
203
286
383
221
263
375
291
151
273
328
198
387
217
366
311
198
207
223
165
259
269
177
191
246
218
365
182
295
146
301
379
130
339
339
201
170
279
383
395
357
251
325
207
182
297
298
393
270
251
298
347
213
301
291
263
142
319
226
255
310
257
169
171
387
311
283
411
315
230
295
323
315
355
267
405
259
363
245
339
191
263
219
258
217
277
396
267
382
379
199
327
315
352
187
386
247
211
379
443
239
384
265
266
357
94
238
359
289
306
267
219
286
274
151
255
147
215
381
403
370
325
238
298
335
330
167
353
131
337
355
291
207
27
203
187
381
335
303
299
195
277
286
387
326
127
233
257
325
463
343
259
268
394
351
290
267
354
363
182
296
171
330
319
147
419
319
375
243
425
294
387
306
138
233
117
252
143
151
342
155
314
241
377
272
381
154
187
237
238
143
218
329
342
331
431
307
223
267
207
127
154
169
303
367
362
316
243
213
266
247
439
334
346
166
378
257
346
193
326
469
303
399
131
122
403
295
421
293
291
126
225
233
154
345
183
161
206
407
281
254
227
323
335
369
231
347
309
319
399
266
289
257
277
151
349
229
181
123
439
179
267
327
263
291
215
221
405
275
499
289
370
351
522
310
459
279
261
286
267
259
355
197
149
295
261
371
181
251
330
203
419
141
359
250
383
215
284
273
323
239
282
317
127
358
398
215
370
259
304
395
303
386
333
395
373
290
299
165
217
265
270
321
427
207
245
269
242
260
203
313
275
413
283
279
218
285
339
219
278
291
274
463
291
299
298
374
403
315
231
209
275
307
267
267
331
263
371
291
331
158
194
339
245
174
258
335
468
310
323
408
379
539
