379
677
407
589
387
535
371
545
358
485
373
563
441
603
415
629
379
519
317
447
455
575
385
458
399
507
333
565
253
545
351
502
345
732
358
633
358
547
298
615
417
614
295
511
315
595
383
518
606
597
370
686
383
583
487
483
413
637
371
506
335
587
335
687
373
627
510
493
337
467
435
527
370
648
402
729
279
415
190
549
442
649
398
514
391
355
363
707
265
639
283
551
315
495
329
619
457
671
378
578
326
555
503
551
339
652
407
685
505
519
290
431
357
557
355
625
546
686
413
519
347
702
387
522
378
490
319
419
435
573
470
679
379
455
435
665
383
677
371
706
482
597
521
582
411
679
323
631
463
639
498
483
405
593
395
618
389
647
414
591
416
670
386
611
421
534
410
667
373
311
339
411
353
530
481
443
496
534
253
669
393
459
373
706
289
493
483
485
334
607
531
537
522
457
379
707
483
603
289
486
335
545
307
479
502
738
681
576
379
611
527
537
502
715
339
622
450
598
291
746
374
514
275
679
433
619
303
667
286
719
323
348
273
699
355
449
394
667
439
603
279
653
423
638
357
525
391
690
251
565
389
535
387
619
362
619
423
667
487
574
310
515
458
542
343
517
463
534
415
495
371
579
375
607
533
558
353
549
471
497
413
521
251
671
418
555
405
741
395
494
327
519
401
395
391
636
375
610
255
669
279
571
535
635
362
526
423
606
282
629
359
639
495
490
442
699
339
563
435
707
431
678
351
543
371
501
431
569
371
566
407
585
351
611
358
578
535
646
426
598
495
619
375
503
327
762
407
614
495
462
331
623
599
467
317
625
463
561
466
609
447
611
374
562
362
587
369
622
391
587
319
531
361
583
367
633
329
630
355
589
307
501
367
533
427
583
422
602
387
690
459
622
373
455
295
430
427
584
371
606
447
675
427
575
463
535
429
614
461
667
346
711
383
622
305
583
366
569
415
509
423
481
453
531
331
623
529
702
481
555
371
727
359
545
446
689
465
482
297
594
383
462
407
607
249
589
386
535
497
571
357
579
331
617
419
483
394
567
427
558
294
526
467
601
377
670
435
618
395
482
299
603
373
633
318
521
331
600
267
679
449
615
402
625
433
567
513
553
431
490
355
651
403
595
433
677
401
435
83
330
0
335
111
592
313
411
367
443
531
487
441
421
346
442
263
270
393
230
235
451
361
299
439
403
283
403
323
307
331
275
391
413
289
366
341
393
426
439
294
437
343
261
350
334
323
401
325
291
353
271
421
310
509
431
358
202
481
265
471
478
467
351
465
285
627
346
381
391
251
274
403
293
362
423
450
314
495
331
459
441
315
343
435
286
286
395
473
503
271
355
287
301
315
267
407
227
546
380
290
381
354
271
453
475
293
407
429
401
507
447
337
301
429
443
363
378
423
421
429
346
438
217
362
303
417
311
499
499
451
331
369
323
359
239
503
434
458
410
327
294
373
279
389
379
238
503
413
490
405
490
366
441
371
387
406
349
370
451
327
455
339
490
371
566
599
302
305
295
342
351
411
211
459
287
270
435
421
381
321
378
355
487
361
403
371
486
419
390
326
389
342
331
483
165
330
327
313
383
339
275
315
434
411
546
373
287
355
371
331
361
313
399
263
315
406
387
321
353
458
442
377
387
403
353
365
491
281
403
467
371
487
459
351
271
398
351
275
418
323
507
414
431
255
302
291
334
289
375
434
283
491
537
374
326
221
294
317
307
295
335
498
427
277
407
417
197
434
486
403
281
299
339
309
301
343
275
257
435
343
321
370
295
397
415
582
313
367
347
455
305
531
367
315
295
389
238
222
234
339
377
474
244
351
343
434
271
302
371
251
410
255
441
359
405
455
463
390
519
350
459
226
357
259
399
337
338
482
394
271
398
298
285
322
411
353
377
415
313
325
326
361
327
207
263
313
305
311
453
413
375
352
311
355
371
483
351
391
453
202
502
406
355
583
505
415
299
343
325
387
366
394
295
315
391
243
379
353
241
495
511
359
374
423
374
471
322
436
291
291
487
382
351
192
355
358
419
454
321
359
387
487
431
287
303
379
299
443
271
407
431
349
339
446
541
515
359
383
387
443
306
483
275
322
315
378
469
374
307
447
351
475
389
291
458
391
235
467
239
327
319
477
281
295
431
235
443
487
258
289
350
455
371
349
421
427
461
367
358
418
193
279
371
587
323
319
329
343
315
499
375
354
313
385
274
431
346
442
308
231
281
311
317
354
434
389
231
247
466
406
303
351
255
283
279
370
250
283
317
395
385
390
233
281
401
345
314
431
302
453
383
283
283
178
399
375
398
391
294
197
341
315
231
418
510
