331
335
286
432
258
411
267
507
165
519
309
415
227
399
166
463
285
558
311
543
83
431
247
578
253
493
233
618
184
443
331
535
225
483
250
505
219
463
362
374
249
491
309
465
195
406
238
465
245
338
322
503
335
478
243
553
342
387
222
390
229
457
307
387
350
543
397
585
252
475
319
482
263
434
294
502
322
541
257
539
295
371
215
507
180
523
235
483
246
409
293
603
245
513
269
539
234
466
290
535
255
430
327
463
251
418
459
474
161
614
249
393
171
467
299
509
323
383
271
402
182
495
159
542
237
410
266
580
302
534
263
369
317
380
279
391
109
482
179
453
295
383
335
549
210
455
406
410
229
546
253
335
259
574
429
407
355
484
327
471
321
553
310
411
295
567
331
406
227
531
250
479
178
583
296
379
449
585
373
487
286
485
321
395
263
433
387
429
192
446
305
470
341
664
302
503
380
371
246
419
323
343
334
359
267
390
251
351
186
534
250
511
299
479
162
387
378
523
311
443
243
491
351
622
299
487
245
481
197
477
173
431
209
390
314
559
306
415
185
635
317
478
256
431
294
461
279
430
231
314
217
467
231
379
349
538
354
535
305
483
281
425
299
551
325
554
409
431
333
387
261
467
255
466
177
383
238
418
265
509
323
590
319
439
226
485
363
427
287
526
307
441
438
458
249
454
241
463
202
494
197
443
317
623
147
605
310
475
410
609
218
478
383
469
265
527
365
403
291
497
298
583
398
563
271
555
369
487
279
511
226
530
218
659
342
491
337
545
395
499
249
439
395
508
427
527
414
483
346
430
525
410
365
481
428
458
294
511
335
566
391
439
209
471
181
339
291
485
393
280
355
383
203
370
249
530
281
466
203
455
230
497
335
593
298
568
195
445
327
449
298
468
374
399
287
497
411
579
238
462
371
479
379
459
225
402
307
490
231
457
293
385
279
494
303
510
371
463
483
542
396
503
274
429
306
483
315
498
415
539
326
447
265
542
257
447
251
417
265
410
346
522
290
465
277
614
411
511
347
473
266
549
278
475
303
500
294
663
239
613
341
459
313
554
365
483
263
435
371
555
364
607
279
591
233
494
265
397
334
503
384
486
318
567
287
331
185
339
338
403
317
495
147
367
437
495
143
317
53
307
0
317
7
499
294
415
261
413
286
391
311
275
243
351
255
335
212
229
309
289
365
228
269
297
199
193
269
229
259
345
143
310
202
307
281
115
202
251
367
207
233
329
302
203
275
304
297
263
311
278
207
271
277
167
147
281
245
191
411
203
189
231
327
334
309
282
223
415
319
83
299
275
314
175
200
265
273
202
167
126
155
290
275
351
343
183
291
227
355
111
253
265
264
307
95
183
107
187
201
261
239
237
201
285
403
349
270
267
270
286
263
210
263
332
155
367
289
267
285
243
173
263
219
227
473
303
231
330
375
174
168
251
394
230
186
247
317
199
319
383
310
211
238
138
350
285
287
282
345
203
415
205
249
283
313
259
289
157
278
323
382
251
185
267
387
319
249
203
326
142
255
164
242
337
308
251
203
231
345
215
223
194
215
221
295
211
95
323
281
229
357
123
226
271
214
181
293
140
307
206
246
225
189
335
227
139
293
419
330
401
365
154
193
315
217
339
391
228
234
297
337
237
287
202
173
315
263
310
293
99
285
207
377
302
218
351
304
339
358
314
402
287
173
215
198
299
293
319
171
215
311
123
250
183
223
267
190
321
274
192
245
270
419
346
271
155
222
78
321
271
298
303
282
391
149
306
405
391
231
265
314
199
287
281
214
289
309
287
235
297
343
363
197
125
206
273
335
181
179
255
227
251
321
205
303
159
319
277
199
293
266
319
224
358
317
174
163
131
279
251
207
214
194
273
95
251
315
139
214
207
247
250
303
243
271
266
167
271
157
237
303
306
311
164
251
277
358
210
303
121
202
202
245
338
295
213
102
238
207
191
231
250
234
194
279
242
274
171
205
351
157
149
205
295
158
185
77
272
283
271
307
141
385
457
346
159
273
117
286
142
294
243
231
221
286
269
135
322
199
357
210
245
219
149
190
251
226
279
302
251
229
189
299
161
391
386
307
259
143
274
264
167
193
279
219
119
238
130
295
309
259
406
359
270
261
369
293
269
329
203
297
258
319
355
194
287
125
105
295
174
191
188
347
169
327
54
221
234
285
127
385
279
319
177
219
173
186
53
263
327
235
458
359
179
175
191
141
413
146
175
199
234
306
222
249
286
251
222
102
179
293
195
261
222
183
295
265
158
200
235
321
211
183
269
346
199
223
186
303
204
215
231
411
239
247
283
173
209
247
254
211
189
314
517
