469
407
283
390
159
731
419
542
163
551
194
371
330
483
371
426
301
407
237
603
343
575
295
555
281
435
415
545
317
467
347
547
362
557
501
507
362
503
358
473
327
553
391
473
231
427
337
595
313
574
313
678
337
571
418
506
247
543
173
511
310
486
391
530
403
583
378
595
406
494
491
495
322
645
315
486
303
613
267
449
493
491
198
465
371
566
379
626
359
533
297
567
447
503
403
478
301
522
323
459
297
462
379
515
535
551
519
531
451
483
297
634
309
611
215
646
427
499
377
453
445
519
307
543
291
594
265
706
231
630
337
563
309
399
421
429
354
409
221
575
317
681
475
477
274
445
254
715
354
511
407
574
345
638
255
543
435
631
367
462
395
459
383
607
481
494
385
443
279
503
374
658
434
471
303
343
387
431
385
561
467
613
341
451
258
433
279
565
413
607
354
661
363
582
250
527
387
563
331
581
153
402
307
438
275
579
321
535
503
509
271
497
383
454
257
542
407
619
321
663
293
517
365
551
335
543
339
297
383
545
407
418
193
521
330
458
223
373
371
591
291
537
339
515
297
546
235
434
174
543
303
435
287
395
299
627
187
471
475
447
387
434
240
397
315
511
334
410
378
635
346
483
323
469
363
587
459
613
389
547
306
554
415
485
406
471
235
402
377
483
266
535
355
570
347
583
311
430
294
591
377
490
326
506
335
609
221
461
359
533
422
515
399
527
297
621
463
539
439
559
333
514
343
441
251
501
273
341
339
547
450
583
200
525
391
448
370
527
339
450
371
489
417
515
233
499
281
501
510
411
450
533
383
381
335
443
337
479
399
515
338
547
431
309
294
566
465
471
347
621
377
651
298
562
423
683
317
422
357
545
238
433
471
607
235
634
315
605
433
618
351
589
394
559
355
531
346
573
349
579
450
514
387
442
411
506
215
510
479
586
257
671
383
595
518
551
382
503
450
406
339
602
299
555
355
523
338
454
230
463
450
455
466
527
257
459
390
585
249
465
385
523
359
530
523
538
387
513
338
631
314
649
427
483
381
437
409
551
282
511
333
485
315
499
334
461
363
459
222
406
298
602
263
562
346
541
283
539
351
507
397
526
435
573
386
443
219
431
385
470
351
475
218
414
342
555
390
285
66
307
5
195
199
514
326
441
315
459
206
581
147
337
305
266
334
241
299
139
337
245
267
375
203
322
413
310
279
286
207
297
349
333
322
301
354
195
182
322
347
238
370
433
482
298
301
353
371
263
301
373
230
293
447
367
443
362
198
315
326
195
357
321
191
395
471
387
323
346
357
446
287
282
217
319
447
285
383
289
251
207
307
294
343
334
338
387
306
371
446
293
295
395
399
259
274
214
222
257
235
323
259
330
418
293
417
337
349
317
285
187
243
365
343
254
333
429
374
370
315
273
295
323
98
315
247
415
235
255
307
307
370
331
390
291
381
223
297
206
311
321
323
394
418
277
305
339
507
287
462
309
407
247
399
486
219
367
479
318
275
347
447
229
327
210
346
358
387
419
491
286
215
253
355
443
395
309
351
287
329
306
219
147
307
251
286
391
370
227
315
369
245
358
205
229
291
247
251
241
391
261
203
361
351
157
367
247
293
293
267
235
427
357
334
167
282
254
319
157
191
211
343
367
194
310
315
151
134
417
421
277
183
329
379
533
203
307
274
274
241
307
307
402
319
326
309
379
187
323
329
273
311
347
449
287
307
288
394
410
383
257
471
387
163
162
335
327
313
423
259
342
358
321
223
261
333
199
354
263
295
82
267
313
343
359
222
323
390
329
454
503
194
194
366
354
431
23
293
211
339
135
451
217
314
279
410
379
249
295
347
286
315
373
275
383
294
403
461
251
291
247
395
315
370
294
183
137
245
115
278
273
283
346
334
283
271
390
281
327
363
255
346
222
133
237
297
350
243
171
277
207
459
246
242
245
243
319
261
277
326
182
393
333
234
275
223
350
337
302
266
283
365
247
347
353
301
267
271
157
195
402
447
361
387
307
166
339
446
252
286
273
255
243
223
386
362
265
289
251
305
319
393
486
381
277
315
381
282
318
233
368
419
243
279
231
331
303
173
246
315
279
223
303
282
267
327
305
237
313
343
231
244
329
389
363
200
285
263
306
421
262
274
291
303
329
355
255
413
299
227
358
215
299
383
355
382
254
295
166
359
374
329
315
431
287
191
311
267
339
286
242
294
235
473
362
282
435
293
350
219
249
286
278
391
385
171
345
377
253
169
387
290
371
307
266
333
377
403
341
362
254
223
389
225
259
318
409
410
339
397
258
271
301
345
205
319
242
255
169
287
343
381
375
267
562
