358
639
439
683
359
615
303
673
463
683
365
607
411
651
487
578
311
583
343
555
271
557
334
642
459
759
335
681
334
655
417
706
483
675
399
631
255
625
259
567
366
722
466
631
270
547
507
695
507
619
374
662
486
586
406
667
322
719
383
631
301
563
497
663
451
443
514
647
375
623
387
575
443
670
373
603
374
618
411
722
495
703
319
637
443
703
369
647
518
567
450
679
359
539
503
606
622
547
291
727
495
667
323
783
278
594
367
663
346
611
411
679
529
547
375
567
451
539
362
541
429
683
371
717
215
427
395
871
403
686
353
705
467
557
431
749
293
611
387
611
415
735
335
742
347
659
331
707
263
631
538
595
423
347
555
587
335
478
275
661
246
514
261
563
430
570
495
549
453
494
447
590
301
517
509
682
411
547
442
713
474
470
307
589
202
678
363
707
299
659
567
545
427
613
467
638
227
523
231
615
373
515
403
587
303
715
235
675
419
507
355
739
278
486
562
622
374
550
346
475
442
501
293
603
382
425
495
642
373
671
197
687
379
586
401
594
354
547
450
662
399
586
271
493
301
478
455
755
447
407
505
547
571
561
563
717
415
599
382
674
319
531
353
406
317
621
355
654
301
599
570
619
282
551
441
671
383
631
415
606
534
609
341
539
351
551
411
719
346
515
467
611
454
795
515
615
473
619
294
674
373
591
405
705
363
713
327
515
339
655
379
471
447
543
323
670
257
527
327
666
439
743
499
630
219
471
482
567
315
735
355
465
431
417
451
642
382
439
298
606
326
531
403
731
395
698
462
670
485
591
255
639
347
571
361
687
335
446
438
637
475
675
459
622
402
631
519
453
558
651
551
647
357
587
399
591
546
650
499
563
330
627
327
458
357
583
465
683
435
651
519
558
410
495
543
647
446
501
215
655
343
661
475
521
327
542
386
490
395
673
515
643
431
531
547
575
395
514
373
587
474
507
299
709
445
525
485
714
319
603
255
635
353
770
450
695
398
546
301
799
409
555
483
582
329
675
526
670
350
667
327
615
473
619
407
505
345
583
511
433
459
535
445
678
571
737
475
681
345
603
411
631
359
494
290
635
422
633
551
453
322
554
281
713
391
547
462
625
431
613
470
567
455
711
455
694
405
474
71
349
170
314
78
665
351
467
341
482
427
577
438
462
421
378
451
443
307
254
345
221
499
430
147
303
326
375
403
266
479
246
391
387
411
439
398
330
287
411
399
415
371
577
367
338
315
310
505
466
571
362
507
383
369
382
359
349
394
363
407
307
427
482
543
419
403
533
395
233
439
373
423
295
371
241
227
546
339
366
354
453
467
379
395
403
410
383
435
194
462
482
391
511
429
257
395
274
342
365
362
443
455
239
337
302
493
395
431
343
449
422
359
183
449
422
422
433
391
430
427
259
326
333
470
271
495
386
351
402
339
373
374
299
413
487
513
266
361
339
266
246
223
282
289
319
377
439
350
419
410
455
477
349
369
466
394
398
403
491
266
171
431
395
347
251
391
387
351
267
471
339
410
181
443
423
267
423
295
407
386
413
445
226
441
386
454
431
430
471
319
411
539
527
390
443
471
351
343
530
419
351
533
387
450
345
415
406
319
261
439
287
398
431
510
402
359
427
431
451
359
307
322
363
459
461
415
385
439
245
319
426
263
378
219
443
395
281
466
346
459
343
465
463
463
186
355
303
515
207
389
391
399
422
535
379
363
445
491
379
517
371
303
317
285
327
414
454
435
351
319
383
379
426
267
405
227
397
398
379
434
417
483
522
495
294
341
479
266
395
529
339
342
470
403
455
227
331
397
485
279
310
543
475
459
307
455
358
334
462
490
205
403
455
277
293
431
359
509
527
331
407
455
367
375
309
323
443
495
263
362
346
434
287
291
469
439
390
419
139
381
291
329
359
226
323
343
303
461
271
522
310
411
338
342
295
271
423
359
291
295
295
302
323
363
301
482
394
379
223
293
550
515
333
359
270
369
303
465
378
465
414
478
387
305
535
505
507
346
423
467
322
267
502
311
433
311
231
315
379
454
401
371
283
366
342
435
374
431
475
275
323
250
302
375
391
367
371
398
387
402
390
491
405
355
483
235
390
399
269
489
291
474
385
470
315
401
339
341
473
187
283
351
274
323
287
433
347
389
307
399
399
426
315
389
318
434
427
366
291
331
355
331
587
346
379
247
470
386
415
359
430
242
219
211
433
279
323
323
287
361
527
450
418
446
457
399
374
423
325
447
471
443
370
382
426
443
255
362
277
407
310
301
382
385
341
415
327
387
287
363
474
270
249
379
419
343
457
431
251
347
322
371
401
406
497
