351
555
507
647
379
627
407
655
375
619
419
526
443
639
431
683
459
767
451
763
391
815
499
471
399
687
487
555
383
547
431
771
415
670
435
795
479
619
519
659
586
639
395
723
499
567
463
591
447
603
447
543
382
647
475
495
451
711
555
659
283
591
447
727
507
719
515
691
495
631
471
666
431
599
351
627
535
695
491
771
423
591
479
611
335
871
643
671
535
539
547
795
431
615
463
735
323
579
415
507
611
619
582
587
503
539
391
763
399
763
619
555
466
671
555
575
603
687
379
490
415
663
566
651
543
767
375
715
451
631
359
823
579
679
575
719
419
731
503
703
491
771
539
619
427
699
522
683
491
511
523
710
555
626
551
631
510
683
395
619
479
631
543
715
531
707
390
710
443
691
419
619
563
663
498
675
487
615
563
767
379
667
519
687
495
659
451
775
523
595
363
631
618
563
543
607
527
691
375
691
522
594
315
723
590
783
427
639
399
534
411
691
459
687
546
606
646
591
371
587
263
567
443
727
495
590
371
698
331
635
503
587
435
707
415
703
506
651
551
639
575
671
523
687
499
799
459
643
439
687
507
611
355
803
483
611
383
695
466
667
387
578
375
550
327
575
323
631
495
691
351
799
495
707
595
699
519
651
459
643
475
831
427
635
467
503
299
723
339
811
359
739
511
715
471
703
483
695
551
563
647
531
519
607
451
582
479
639
591
671
347
743
563
635
439
743
346
659
463
835
507
751
582
731
447
719
503
635
515
791
374
658
367
763
407
763
431
555
378
659
611
643
307
586
439
703
367
631
535
655
550
687
515
714
411
539
559
719
543
591
419
731
623
695
479
583
403
631
531
683
431
651
451
667
591
655
487
547
419
646
450
643
303
591
511
607
499
707
447
503
555
691
439
675
287
747
351
687
403
647
422
627
603
674
519
671
495
663
427
663
507
591
471
587
403
666
495
627
475
707
423
679
427
691
323
655
551
742
415
547
511
763
470
595
515
667
455
763
423
675
355
627
319
643
315
690
375
599
375
647
631
763
527
519
431
667
542
667
407
643
371
483
511
739
559
675
551
687
591
583
414
703
523
678
467
679
383
735
451
671
515
723
451
511
567
711
535
583
339
723
415
711
471
594
431
675
499
411
207
467
0
366
223
623
395
667
351
547
459
735
375
579
467
347
463
419
411
399
370
427
418
347
523
367
455
583
378
443
455
563
447
387
519
587
471
394
403
531
546
303
351
407
523
263
423
299
531
315
483
375
311
423
407
451
351
395
471
371
495
315
462
403
483
411
511
411
427
387
283
487
475
163
567
403
387
319
383
543
471
387
523
463
402
323
403
482
415
507
571
399
455
279
499
354
411
490
411
471
555
334
407
339
406
463
195
335
339
395
439
575
379
371
335
383
379
358
303
383
307
307
307
307
307
307
307
307
307
307
307
307
307
307
307
307
307
307
307
307
307
307
307
307
307
351
343
307
399
255
443
311
483
419
371
299
327
419
651
307
391
394
351
435
391
455
387
263
391
275
435
387
375
387
370
315
523
459
562
351
219
355
371
382
475
499
411
407
535
395
499
459
543
419
371
387
311
275
507
415
495
314
399
363
211
475
411
399
231
419
275
447
423
415
391
543
431
495
399
355
439
323
378
423
383
351
451
371
455
479
463
411
274
371
439
343
435
463
211
467
422
299
499
427
359
375
399
515
431
459
567
363
359
331
367
331
387
267
267
347
355
355
351
267
511
303
491
475
443
319
535
247
431
563
439
523
407
635
314
363
263
359
463
319
466
467
435
383
395
419
279
427
419
347
294
371
499
415
434
499
551
243
471
355
527
395
539
463
522
423
391
379
519
351
311
451
390
207
562
431
487
307
379
307
446
514
407
543
387
306
307
507
355
279
323
455
419
318
551
514
447
375
311
483
487
415
471
319
363
511
323
459
371
475
490
319
455
463
411
323
455
306
311
303
407
354
491
455
291
303
479
315
438
347
495
431
451
599
483
419
507
335
427
491
479
403
455
403
491
355
371
347
491
491
355
515
507
191
431
459
491
443
363
383
431
479
423
559
331
399
407
439
467
499
483
375
531
479
363
335
346
467
451
355
231
427
439
334
523
327
451
503
471
459
383
375
415
427
358
335
399
435
355
459
454
499
458
395
495
426
403
391
419
335
455
435
387
386
407
579
363
351
363
491
566
455
471
371
403
547
307
475
439
399
507
463
391
307
439
539
527
539
467
419
399
459
423
443
499
451
415
427
366
355
547
407
579
251
511
379
455
315
298
322
455
399
391
335
443
463
498
375
295
207
299
395
419
375
366
335
419
327
295
331
439
623
