391
559
263
675
511
623
203
447
215
535
407
435
291
599
163
499
331
559
331
439
187
647
255
375
283
563
459
651
255
547
363
519
295
603
327
603
139
499
359
563
171
543
279
547
367
511
359
607
295
627
199
479
339
595
383
511
391
571
199
535
391
447
303
563
291
655
271
603
319
507
391
471
375
475
383
487
359
599
319
483
447
551
387
483
347
467
399
347
259
407
315
447
363
475
415
499
327
639
203
655
367
491
323
467
315
651
347
371
251
411
191
415
283
495
323
435
267
367
327
503
319
515
307
579
227
451
291
455
295
475
195
475
243
603
311
435
291
555
291
471
319
539
263
619
255
527
263
479
403
403
255
515
423
435
335
595
403
591
359
447
235
511
363
483
279
519
307
491
207
507
239
507
347
511
335
659
319
415
411
407
279
535
279
467
451
427
363
451
387
451
239
611
271
611
195
623
227
547
203
499
167
579
387
519
315
443
287
491
323
531
259
499
335
507
239
447
339
511
211
599
419
507
363
431
299
503
311
551
311
715
219
459
399
503
355
619
283
431
359
479
279
507
311
375
319
383
467
447
299
327
287
355
323
451
347
439
407
579
323
519
371
531
407
483
203
639
267
535
343
535
255
499
343
531
423
623
211
631
247
471
259
479
227
571
307
563
463
587
323
427
407
383
451
611
311
415
291
607
387
583
203
427
263
455
319
603
203
467
395
415
255
523
351
483
291
599
219
327
287
535
243
551
275
515
451
467
379
587
275
627
371
523
427
683
387
467
147
499
395
507
335
427
471
391
303
571
311
459
387
487
303
519
299
643
335
631
423
471
339
587
395
371
407
479
387
435
379
475
375
647
259
587
343
543
507
447
199
523
491
527
339
447
407
503
311
563
367
547
327
567
315
487
391
531
299
567
231
455
423
575
367
591
183
523
299
571
571
575
235
515
383
547
327
591
391
547
383
471
315
499
227
443
355
335
395
651
215
495
303
523
251
503
395
451
467
691
403
435
247
483
239
523
287
531
263
619
375
395
227
451
483
599
395
667
211
415
223
567
211
391
287
431
407
531
419
499
347
551
415
635
335
571
371
475
195
619
311
439
247
535
323
519
303
407
163
403
371
439
215
483
415
419
303
447
335
527
295
403
63
239
0
175
27
551
383
391
295
487
283
515
359
215
375
323
255
343
263
343
307
127
247
327
379
307
251
247
107
219
419
359
371
379
191
135
323
239
295
283
267
323
307
259
319
335
299
291
367
187
391
311
115
331
399
247
363
199
251
351
271
267
223
347
155
259
227
347
299
347
399
355
315
147
259
215
255
247
351
375
339
327
231
155
191
255
279
271
367
143
79
375
223
347
331
347
403
331
311
227
163
187
271
295
151
423
299
335
203
343
299
263
291
387
359
95
371
103
299
299
131
339
115
267
251
395
243
239
215
375
335
351
411
303
295
323
267
139
347
251
255
171
251
251
319
227
351
295
247
311
183
303
231
171
227
143
319
255
279
227
275
123
287
403
267
199
219
391
275
279
239
259
267
411
287
291
431
195
275
275
415
255
315
211
279
175
111
315
291
319
319
375
371
303
307
251
191
327
251
219
323
287
311
331
263
171
255
299
411
151
343
119
375
263
295
235
211
391
127
427
299
223
259
199
303
259
259
359
283
303
459
283
251
319
347
299
379
339
467
319
259
251
507
431
315
219
327
351
343
203
231
359
303
271
295
287
359
307
479
403
327
315
387
339
223
207
247
291
279
287
375
239
219
283
411
275
327
275
279
191
319
195
263
275
287
343
279
251
327
327
327
279
355
275
147
155
223
271
351
151
343
219
387
323
195
175
195
279
347
199
183
199
307
419
263
243
271
175
223
347
239
303
215
139
183
323
371
367
395
243
255
339
387
151
239
355
443
283
299
295
211
231
291
55
347
375
231
199
355
375
307
267
279
91
307
123
155
395
467
367
227
175
171
387
367
247
275
227
187
411
395
251
335
291
311
255
223
319
195
251
327
175
255
267
287
315
203
255
323
271
243
199
271
219
447
411
327
331
427
199
179
235
223
203
251
271
287
383
315
379
323
199
375
311
383
355
299
211
283
455
371
327
451
307
291
215
231
331
199
339
311
323
307
115
267
231
251
339
159
211
291
243
295
363
199
331
403
359
359
359
331
267
391
383
359
275
291
383
267
279
331
299
195
379
407
367
395
375
339
231
435
151
283
507
283
207
307
255
295
447
303
251
335
391
267
195
259
215
219
351
331
351
367
223
279
323
407
295
235
371
335
259
235
467
227
231
147
379
263
359
255
167
247
411
219
207
235
243
247
191
439
463
447
523
519
755
