367
539
443
571
575
827
407
739
375
531
331
595
515
559
427
707
439
643
375
583
451
787
559
807
635
619
487
771
423
547
355
631
475
675
423
667
583
539
487
679
451
751
323
747
479
559
467
559
443
795
483
607
391
511
443
667
391
695
399
583
531
451
383
671
523
743
403
743
427
627
391
835
451
739
507
775
511
615
543
591
379
671
547
523
447
527
439
615
407
763
363
719
495
659
371
723
591
603
515
735
411
663
487
675
399
543
299
611
499
627
511
691
563
563
527
559
367
759
431
683
311
563
463
815
339
651
335
691
611
731
559
699
615
707
395
655
531
615
427
627
359
631
503
727
479
639
403
775
295
607
539
719
371
727
511
655
291
675
447
611
407
643
607
559
415
583
327
679
491
611
507
623
447
771
483
847
463
711
531
563
367
699
459
647
535
855
287
683
447
583
415
651
475
667
327
579
383
543
503
579
431
731
507
579
543
703
279
655
379
691
507
715
435
591
475
651
459
687
355
463
403
599
387
571
467
695
435
675
315
599
475
763
415
623
463
595
423
575
511
831
483
843
367
627
287
651
515
635
395
683
415
679
487
663
391
639
423
719
427
627
427
627
503
791
515
555
443
635
495
671
551
567
447
551
483
751
427
775
367
783
535
607
499
739
391
579
531
631
559
615
511
723
319
583
415
759
407
643
583
699
319
631
371
575
391
619
431
587
523
747
451
571
519
615
395
535
435
695
331
515
499
891
311
651
415
651
423
743
435
767
491
523
439
499
619
555
439
655
551
699
583
699
423
699
263
615
399
815
443
719
327
875
435
719
411
703
439
563
419
575
523
535
499
679
499
655
491
755
387
563
435
635
431
495
419
611
403
507
383
671
479
619
551
699
547
615
411
811
427
671
287
627
495
719
451
727
503
591
499
675
359
647
499
507
259
687
499
523
507
695
339
803
551
715
423
643
347
623
387
639
507
671
435
639
467
791
503
667
387
639
579
659
491
679
435
695
391
743
635
539
447
479
411
731
471
755
527
591
391
571
395
683
543
775
463
679
415
527
555
695
491
671
559
683
451
699
443
663
399
751
439
727
535
635
551
567
367
603
411
747
419
895
595
595
427
571
407
747
315
699
367
595
383
467
527
595
487
539
163
443
159
323
151
803
319
527
259
555
499
587
483
455
543
459
463
483
527
391
331
335
427
487
243
335
579
583
195
387
547
307
355
455
527
515
467
387
407
391
523
319
455
359
427
347
495
339
327
323
479
363
523
395
463
355
439
479
467
543
491
399
455
387
499
467
483
319
499
291
503
359
383
219
419
379
431
563
395
411
411
479
419
495
407
343
463
547
443
419
527
455
311
311
467
439
471
495
359
299
251
519
407
431
527
247
475
451
415
355
383
411
415
247
395
343
383
491
491
491
491
491
491
491
491
491
491
491
491
491
491
491
491
491
491
491
491
491
491
491
491
491
491
315
395
359
299
307
371
243
395
391
515
419
383
419
467
427
567
483
243
323
331
399
395
427
259
455
307
259
395
255
319
343
371
359
371
547
419
331
455
547
355
283
339
407
427
383
355
387
423
491
499
239
447
415
447
467
415
347
327
343
287
319
515
391
519
507
279
495
527
291
531
291
407
391
407
331
499
403
427
403
407
403
443
327
443
503
439
423
515
199
407
299
507
299
267
307
511
415
435
323
295
447
375
431
235
539
287
331
379
427
431
371
375
511
443
395
475
387
355
315
379
335
471
383
351
303
591
563
383
499
535
223
459
379
431
451
519
359
407
359
383
235
511
403
423
443
423
267
471
487
411
359
479
451
383
331
555
327
427
403
479
359
559
551
467
331
343
335
499
323
299
319
471
367
423
351
547
299
435
299
479
375
331
431
379
463
611
303
399
455
459
291
539
375
363
495
423
567
387
391
275
447
427
503
451
371
367
359
515
331
379
439
423
383
439
367
383
435
347
415
315
327
343
435
591
391
383
491
355
483
375
471
343
331
483
523
471
335
427
243
363
279
475
375
511
311
475
327
311
327
439
199
483
463
539
327
283
187
411
351
451
315
435
343
555
523
359
295
475
491
583
323
483
411
599
443
447
367
495
263
431
371
291
339
487
411
451
347
415
623
507
455
323
535
391
379
443
419
543
463
391
451
447
603
415
343
539
407
283
391
419
467
579
423
559
415
511
363
507
375
259
263
379
399
439
451
391
423
335
375
551
379
507
375
527
443
407
351
535
443
407
551
527
283
391
495
491
443
439
467
403
387
471
375
355
371
315
547
451
587
427
331
311
395
403
507
327
415
519
251
475
275
443
415
391
399
303
387
495
367
503
279
351
743
