323
551
435
611
395
683
439
723
367
699
563
627
371
663
339
495
451
563
387
667
347
719
447
435
475
647
459
542
255
651
347
715
427
651
547
675
483
499
387
547
455
587
359
547
355
647
462
591
467
583
547
579
451
715
427
523
407
595
419
639
379
603
459
647
431
691
623
623
443
627
407
623
447
595
430
475
615
523
359
559
455
607
491
467
559
635
431
631
475
635
423
619
414
707
311
695
407
562
355
751
418
651
463
727
351
591
283
559
435
727
423
574
530
658
307
591
519
635
467
583
451
583
467
715
447
575
395
650
415
695
443
703
383
586
435
675
447
631
427
739
427
778
375
599
475
703
443
763
383
502
459
519
335
439
407
571
527
619
411
623
607
851
475
659
507
635
531
635
459
587
479
643
427
591
579
619
423
775
339
735
411
539
219
563
519
794
535
575
459
599
451
591
530
659
515
591
438
659
559
727
315
643
447
575
463
687
363
619
355
659
431
718
431
667
359
523
379
579
391
655
407
707
431
747
507
615
387
607
419
627
299
515
479
471
427
619
443
427
487
763
407
563
571
551
267
507
519
583
483
703
431
635
555
491
539
843
383
695
487
630
339
427
398
455
479
583
483
599
403
643
334
587
475
659
539
555
287
538
387
599
371
615
447
623
487
723
543
555
474
723
419
507
447
707
451
607
515
663
519
615
267
667
347
707
427
502
527
666
419
499
423
803
483
719
427
563
427
586
463
667
395
639
375
618
451
771
323
719
399
679
451
559
438
631
527
687
439
647
507
615
387
554
459
687
507
559
419
627
363
563
391
647
299
711
491
659
367
615
495
647
403
631
351
671
315
639
487
575
643
631
455
679
654
635
503
639
522
603
431
518
427
547
375
826
447
675
363
719
395
687
351
567
514
682
407
658
551
619
511
679
303
655
487
631
495
663
323
655
483
547
463
731
338
550
399
799
471
635
535
755
423
547
543
711
555
515
455
531
338
707
342
419
343
591
479
635
363
651
411
719
450
566
531
687
463
711
375
731
419
603
547
591
503
887
543
699
427
455
491
603
447
567
519
619
575
743
635
751
383
495
567
694
331
675
363
699
315
667
586
667
427
627
339
559
530
659
491
611
407
663
566
727
315
611
423
543
415
491
35
251
275
311
119
674
415
643
303
543
370
599
467
422
407
290
411
511
439
419
507
426
419
358
599
511
379
247
415
343
459
367
327
395
399
411
574
447
383
351
346
287
435
435
563
443
503
323
439
583
367
411
523
307
399
399
515
483
455
447
379
443
411
379
387
247
519
343
263
303
363
451
459
315
427
479
423
471
555
523
459
395
402
450
495
435
319
435
515
531
395
387
515
427
419
475
443
415
546
343
379
386
426
538
491
247
383
515
431
347
499
347
611
355
415
343
319
475
403
383
311
347
471
491
339
434
431
371
243
315
451
411
599
287
479
403
399
263
439
315
575
543
359
475
391
315
331
487
471
402
494
363
370
367
367
447
555
399
386
391
535
219
559
395
403
495
439
414
474
431
387
347
435
371
467
455
327
478
522
355
383
487
471
395
391
327
463
503
471
531
331
355
411
391
531
439
350
427
431
339
434
263
403
507
603
355
515
503
423
399
395
411
463
386
423
319
403
434
383
519
455
463
351
459
507
387
479
343
395
479
371
515
403
255
599
319
567
390
611
491
458
395
447
395
551
479
379
395
431
367
346
379
403
511
383
519
295
522
527
479
475
183
379
319
391
402
459
483
327
579
415
359
479
399
451
351
487
539
439
383
450
287
355
395
399
355
471
363
382
355
431
438
563
323
523
371
391
451
363
535
519
363
355
395
399
435
531
363
519
399
375
495
387
330
259
386
415
311
467
383
486
435
307
363
339
503
431
483
387
435
479
339
371
367
555
387
463
427
507
499
359
343
387
403
427
447
543
431
395
435
567
467
407
411
519
415
391
511
331
435
451
367
387
391
539
375
423
375
347
390
594
351
299
379
439
347
339
295
455
431
507
363
443
411
239
319
467
479
547
279
403
467
435
331
479
387
435
427
451
450
427
435
523
310
383
295
307
511
375
335
355
275
407
367
487
403
463
459
439
343
419
367
523
427
443
358
259
403
339
403
439
375
343
371
351
491
311
315
327
322
359
439
371
411
415
359
243
431
491
338
571
375
415
331
387
475
327
402
387
315
443
407
487
415
443
295
455
419
479
467
391
407
515
355
431
371
507
495
415
346
487
467
411
547
459
323
439
467
539
471
395
334
443
407
451
295
375
347
383
423
350
307
263
363
439
291
403
331
351
363
446
407
411
179
275
243
375
251
483
275
371
363
299
267
391
611
