555
747
379
595
419
723
375
679
347
707
491
759
479
771
527
611
491
775
507
735
503
683
479
651
303
535
415
695
275
731
355
743
395
571
531
711
351
555
411
615
295
647
291
511
351
759
523
651
447
683
467
647
427
711
643
631
419
611
475
603
475
715
455
679
543
711
535
743
455
663
307
623
463
687
491
703
487
671
639
787
531
787
415
835
387
631
471
699
503
651
331
723
555
699
535
727
427
623
563
811
423
743
287
671
479
539
471
611
423
519
423
595
543
763
503
607
451
635
403
643
475
583
411
523
431
631
467
643
611
639
583
679
431
683
427
867
459
667
651
603
591
607
427
679
463
667
451
695
459
795
399
615
427
615
435
711
463
583
399
555
487
607
523
647
307
627
583
811
327
675
323
699
491
751
411
623
391
635
503
675
415
691
431
743
395
587
435
655
439
675
479
803
359
611
483
667
591
583
391
755
443
619
435
675
495
779
379
711
307
543
531
651
351
583
359
647
447
703
503
651
391
623
507
807
423
639
571
635
571
527
447
703
503
663
383
571
491
599
519
735
479
643
619
631
551
535
591
559
319
675
415
579
567
619
475
739
307
647
475
775
447
675
375
663
483
619
535
647
315
611
411
731
415
651
463
747
463
535
523
639
511
695
363
575
227
699
447
735
355
571
527
603
475
595
571
759
395
631
603
679
411
659
535
763
503
695
579
651
291
567
363
671
471
619
515
507
459
611
403
767
511
679
495
623
471
507
615
643
463
679
531
635
499
579
527
783
539
759
619
695
443
611
515
659
351
631
531
839
319
639
403
703
451
615
383
579
467
659
347
671
407
539
483
643
371
671
455
803
439
535
595
755
595
527
539
779
547
643
523
603
543
643
331
735
527
699
527
839
367
475
407
575
431
767
487
651
335
695
463
623
507
727
415
567
479
771
591
627
471
639
391
655
463
731
575
635
455
679
475
647
551
611
371
531
379
595
415
531
471
635
435
663
471
555
311
731
419
635
439
639
407
639
411
683
427
551
427
799
463
531
483
683
407
575
423
655
363
543
535
631
475
643
419
707
475
647
483
655
459
639
463
715
451
495
507
671
463
743
491
715
367
583
315
775
495
631
555
619
527
591
415
599
347
583
431
579
503
487
91
463
183
311
0
715
331
543
459
759
387
543
347
443
491
427
435
415
447
455
563
487
367
387
235
471
319
259
339
415
395
355
327
363
419
431
339
483
419
515
407
251
459
331
435
471
459
535
487
419
451
367
359
635
363
483
411
267
483
423
327
419
535
475
243
475
543
455
451
395
579
411
447
363
415
335
455
423
303
467
355
531
527
539
395
451
567
371
475
279
507
431
251
451
435
367
511
331
283
375
367
439
555
395
259
367
471
575
383
323
499
431
423
391
383
359
295
359
487
231
423
467
535
439
391
307
419
415
423
327
463
387
359
355
539
427
491
423
483
515
299
387
447
551
467
563
399
471
319
367
411
431
439
415
431
359
363
407
359
471
587
459
623
379
323
475
271
347
563
423
355
371
419
339
471
327
491
443
543
279
367
475
587
407
423
447
467
535
459
323
383
519
579
403
443
383
547
567
479
331
571
299
287
391
479
463
503
463
595
439
411
447
279
359
479
439
327
383
463
567
423
431
335
411
475
423
339
347
439
319
463
399
467
439
435
479
275
339
399
327
359
363
419
355
339
371
299
547
399
363
483
495
531
455
443
531
539
487
495
423
447
435
315
279
435
419
427
447
475
391
327
367
503
323
567
379
339
391
483
291
595
423
459
487
363
423
275
347
403
323
431
439
435
383
551
391
447
427
291
555
499
431
431
399
631
531
371
483
427
467
507
391
387
407
407
547
395
467
479
415
391
303
411
447
387
427
579
375
415
331
367
495
359
355
395
371
371
487
431
451
459
483
531
407
339
383
291
447
239
383
471
451
591
383
527
451
475
555
511
363
507
527
243
339
303
323
571
395
387
375
491
475
451
267
375
343
591
519
451
231
319
579
415
439
363
403
415
347
419
291
343
383
539
335
467
555
475
327
271
331
451
411
443
443
339
479
499
431
383
395
415
439
423
507
415
379
275
419
479
459
447
347
263
451
595
603
423
371
383
391
535
471
567
331
391
531
331
375
491
327
423
411
643
343
387
519
475
435
267
375
335
451
355
391
327
447
419
343
411
347
491
339
595
475
475
511
503
391
471
431
443
419
427
363
383
403
483
611
315
459
335
307
575
187
427
347
423
503
375
311
579
535
443
339
475
439
383
395
471
355
535
387
415
403
367
411
359
399
539
299
487
435
259
395
339
363
435
403
443
499
363
311
179
355
403
639
