387
635
498
742
443
463
285
575
407
650
315
618
419
645
475
513
481
599
451
707
259
649
370
703
479
515
373
742
411
655
485
771
323
611
431
597
326
590
435
699
426
562
303
571
271
587
443
551
350
711
345
611
398
575
345
629
459
586
363
559
235
718
455
661
351
490
345
647
415
529
419
775
415
547
499
547
414
475
418
673
337
674
557
723
474
483
345
819
289
621
325
659
435
529
403
702
359
650
358
538
435
679
582
719
543
651
310
587
614
555
433
691
479
639
369
519
345
579
386
591
419
657
451
631
275
621
266
538
389
709
414
625
391
597
242
675
530
546
347
751
377
515
423
467
555
590
497
603
395
645
395
590
442
661
423
555
374
602
403
563
503
683
583
554
387
721
402
794
419
623
433
595
375
493
443
755
453
661
586
619
375
646
381
546
339
553
378
598
459
654
491
615
473
585
278
635
361
611
505
546
330
595
442
545
511
462
487
646
421
623
451
659
441
583
475
502
382
702
415
579
442
659
483
541
274
562
567
591
286
639
419
542
367
527
377
601
310
618
467
627
463
613
398
553
401
685
427
615
215
539
423
721
457
431
497
577
290
375
421
403
374
550
439
611
455
521
449
723
449
559
457
579
286
710
507
645
398
643
442
591
370
454
367
505
431
605
359
558
407
511
491
735
355
483
571
625
347
511
426
581
218
642
558
459
302
641
347
554
377
663
423
587
451
525
371
550
343
417
335
595
375
683
527
590
370
594
443
573
363
603
329
599
515
483
465
714
367
745
374
631
419
555
471
575
371
517
433
733
381
570
299
527
517
590
447
713
215
625
302
631
427
495
471
675
401
687
359
591
426
569
435
535
435
543
455
603
529
518
366
671
239
518
411
675
511
610
481
675
393
558
413
683
279
611
389
566
367
743
531
550
295
635
571
743
419
667
470
695
539
575
449
631
363
479
403
567
417
549
355
654
297
605
519
595
371
682
351
630
379
727
315
654
433
646
423
463
327
731
435
719
307
571
467
666
455
566
343
631
383
566
413
663
430
542
379
494
343
370
295
609
567
635
406
583
451
537
401
670
374
550
350
510
397
553
533
799
415
495
590
642
311
671
543
635
379
641
405
639
377
603
459
686
371
525
477
582
415
418
117
399
119
267
0
687
406
699
391
473
235
571
534
451
342
278
439
567
515
405
125
251
282
333
451
349
391
367
483
435
383
275
421
287
295
215
402
335
531
250
315
451
363
469
387
333
459
325
430
229
365
287
475
390
462
422
277
287
398
486
337
341
365
429
206
477
479
379
277
434
395
339
350
287
443
259
318
175
381
475
411
338
330
418
471
334
230
331
383
375
422
494
418
303
322
342
270
325
271
394
335
383
537
394
410
302
439
475
503
255
375
498
329
539
527
289
299
363
363
363
363
363
363
363
363
363
363
363
363
363
363
363
363
363
363
363
363
363
363
363
363
363
363
423
293
255
497
191
503
331
314
367
329
303
459
429
363
526
451
498
435
375
333
397
363
298
371
391
343
271
363
375
350
499
519
411
431
403
426
301
278
323
439
427
479
382
310
357
399
378
335
263
279
283
239
398
363
346
463
371
314
229
391
339
366
285
475
459
543
455
414
281
446
435
279
449
362
407
421
361
319
335
338
319
575
411
326
499
375
286
339
387
369
326
442
389
479
321
337
531
337
306
362
242
301
515
529
238
265
291
451
195
246
419
431
295
389
506
466
315
462
251
327
350
403
307
363
322
355
341
330
445
307
195
483
414
357
301
378
315
323
299
379
347
427
442
459
487
435
385
283
483
247
467
311
358
307
193
377
370
435
383
535
326
334
423
422
414
323
247
515
423
237
353
410
343
299
246
413
411
509
254
531
479
291
375
435
375
418
311
334
374
247
375
455
442
317
274
361
399
438
502
407
487
427
286
479
566
246
399
343
330
482
330
583
347
322
315
471
395
386
327
287
315
495
298
447
433
403
342
482
431
375
378
275
243
343
403
411
355
463
491
495
453
355
321
379
423
282
315
322
275
415
383
419
265
442
347
410
335
467
250
411
419
375
407
519
378
347
515
455
279
434
419
329
309
430
303
474
339
482
265
307
369
339
370
386
371
457
499
311
473
423
367
371
343
369
451
282
235
343
391
215
263
342
446
467
473
390
395
262
343
330
418
475
314
351
413
303
223
475
295
426
386
546
418
331
447
427
362
263
227
409
359
439
439
351
259
467
431
454
382
522
431
306
335
293
343
375
489
411
399
379
475
415
459
423
431
315
414
411
251
461
459
307
226
499
358
303
271
423
367
423
427
351
334
289
381
470
305
253
259
375
331
518
675
