463
671
503
691
463
671
419
739
563
763
439
587
483
583
411
759
559
655
455
799
551
699
455
695
387
811
415
619
511
683
559
715
471
811
515
655
607
627
623
735
495
671
395
651
367
703
507
639
523
627
595
703
583
767
599
747
511
707
575
583
459
639
403
807
595
795
535
675
571
675
399
847
459
855
519
679
523
763
555
607
647
719
451
647
435
795
759
687
471
751
531
783
335
791
535
607
455
727
539
635
523
735
499
827
547
547
543
719
439
603
431
767
483
695
455
627
367
675
571
675
583
591
459
575
575
715
519
719
559
755
535
819
639
819
499
631
527
743
555
767
523
695
579
699
495
819
499
819
467
667
491
747
607
695
379
759
371
599
475
627
503
551
587
755
327
787
475
751
575
579
639
711
579
735
619
711
519
643
451
671
543
627
399
667
587
807
415
691
431
843
471
699
443
655
519
875
543
671
511
707
443
767
687
803
491
707
511
687
519
747
543
711
375
759
595
823
451
695
571
667
463
819
399
715
503
807
407
795
587
719
503
659
563
511
427
815
307
715
623
739
651
735
687
839
339
543
395
751
419
631
443
763
527
663
471
587
435
719
519
731
335
731
579
759
539
591
347
771
515
779
567
803
443
783
595
807
427
643
431
795
543
691
443
663
531
703
483
723
591
847
499
551
571
699
643
779
587
695
623
675
523
695
519
695
519
695
507
655
507
687
583
687
399
831
511
683
567
715
479
715
491
739
515
687
403
687
451
739
767
663
495
619
611
723
487
691
551
667
391
703
379
571
699
815
447
927
447
783
615
631
603
775
479
643
499
639
435
763
579
679
563
571
391
691
551
623
531
843
419
935
615
751
563
723
671
683
487
651
575
599
515
719
487
783
459
715
555
591
595
615
571
635
359
715
631
783
527
751
567
615
483
727
359
739
463
627
491
743
443
867
543
875
455
627
559
943
439
751
467
655
491
663
363
627
679
743
603
683
399
623
559
675
411
771
427
787
619
803
423
759
563
691
555
587
567
647
423
795
443
683
619
711
503
819
467
635
547
643
475
671
543
763
591
643
523
607
511
695
415
519
511
583
475
815
495
747
555
671
483
731
351
711
487
759
607
871
595
615
547
595
607
859
559
855
455
611
555
619
283
467
191
431
183
667
519
755
463
627
511
635
519
455
467
519
639
543
607
495
539
379
427
415
543
403
475
519
555
511
559
407
483
339
403
551
559
483
427
323
355
427
439
479
507
503
535
535
439
395
347
503
591
475
579
447
479
487
479
331
411
479
471
403
431
515
379
499
439
387
607
519
467
543
699
463
583
619
599
455
435
459
627
503
527
363
523
403
571
527
503
359
503
515
587
375
435
531
551
583
407
535
411
299
503
571
371
479
435
479
443
419
579
523
471
383
455
491
411
359
383
359
431
563
279
527
455
611
515
567
531
539
443
415
459
419
359
411
443
459
427
483
499
487
531
567
575
547
571
455
435
571
407
471
535
423
443
515
351
443
471
547
587
539
447
427
431
367
375
587
491
535
499
487
575
415
443
507
455
555
659
363
487
479
415
443
435
475
499
399
539
475
595
427
475
551
303
435
283
411
431
455
531
543
507
463
491
511
559
479
559
539
483
651
455
519
471
503
523
411
355
423
527
583
487
415
543
359
303
495
443
411
439
463
495
443
559
435
407
339
539
511
463
483
543
475
371
375
427
379
559
603
451
511
527
363
575
575
571
543
447
387
367
471
315
447
511
439
627
467
411
463
511
411
535
543
603
467
575
551
419
323
471
443
519
515
563
579
383
535
579
519
427
475
551
435
475
527
515
519
483
375
543
575
335
403
427
575
579
567
443
595
563
455
479
587
579
503
495
631
559
535
495
667
639
371
499
375
443
263
615
351
527
351
631
519
459
447
367
495
407
483
459
371
407
323
479
563
439
495
515
487
499
443
467
607
443
471
467
455
595
327
495
543
539
343
335
555
563
435
455
419
627
383
503
499
407
415
611
591
531
535
367
451
407
427
467
527
335
459
471
471
479
547
411
411
451
467
555
323
547
443
447
511
447
495
451
391
507
535
511
367
435
447
467
483
487
523
539
331
467
359
423
359
431
535
467
387
623
491
463
495
419
479
495
503
563
327
499
507
575
435
479
379
415
491
491
551
475
479
439
347
459
531
395
543
367
391
527
527
407
527
427
511
587
431
471
595
547
459
491
367
547
423
547
483
407
443
407
479
475
467
671
519
435
579
415
399
415
563
539
559
467
599
491
551
519
483
551
599
487
407
343
455
467
439
363
519
543
527
523
427
323
439
607
387
459
543
543
379
251
211
263
247
227
479
