202
451
310
487
291
399
411
535
323
491
183
383
279
443
274
427
218
514
278
455
146
358
290
271
378
310
219
542
207
447
187
534
391
587
51
539
151
503
303
387
290
467
275
474
187
435
230
371
259
371
175
431
355
451
323
386
215
415
319
563
323
519
307
499
343
543
319
539
422
519
250
551
251
398
243
555
255
479
203
347
299
490
222
382
135
578
187
455
307
443
151
459
171
530
295
438
290
443
305
507
351
394
255
419
246
406
183
445
239
403
235
542
263
519
338
527
183
493
263
391
223
615
202
462
167
319
327
595
443
439
323
367
271
507
247
394
411
491
266
415
163
419
211
574
227
371
283
591
163
383
242
389
255
457
259
558
219
490
147
490
271
503
223
537
247
497
191
475
263
591
283
458
126
603
287
551
210
407
347
354
221
527
247
470
119
429
219
355
199
347
375
455
350
494
242
494
307
335
251
447
319
399
326
523
335
426
318
451
211
507
303
583
263
526
279
499
175
442
231
319
282
522
335
382
331
463
299
650
191
451
335
495
95
495
242
451
327
378
407
427
474
479
343
371
379
515
191
551
315
443
111
283
311
434
178
514
347
507
339
543
271
447
234
487
187
443
319
534
202
466
403
449
402
479
150
498
355
423
222
547
155
455
199
443
207
387
290
539
279
447
146
342
179
470
207
483
287
375
322
459
211
487
331
703
294
470
215
483
187
350
335
531
222
465
351
671
334
351
303
575
295
386
423
531
335
299
394
555
310
543
227
395
215
475
347
475
303
507
290
570
235
390
375
435
183
343
287
510
311
462
334
453
327
495
419
423
274
391
87
407
118
519
147
485
255
431
167
511
211
583
351
547
143
427
247
450
266
315
218
547
155
411
275
434
438
373
306
583
303
291
251
267
179
503
170
333
314
403
247
595
259
414
271
491
371
398
126
495
358
475
226
546
438
431
251
474
241
451
379
523
255
699
183
335
415
343
315
462
183
339
351
453
251
543
215
355
266
366
331
555
362
290
253
446
265
471
271
467
263
503
338
327
335
442
251
515
75
494
375
455
319
351
307
395
255
471
242
498
226
463
319
462
179
547
403
383
279
507
363
371
214
519
131
475
342
426
339
406
247
443
323
359
343
499
326
583
195
327
2
291
0
99
150
483
235
578
294
391
343
235
199
263
191
178
283
307
107
130
15
263
266
163
295
118
227
211
155
242
319
239
290
198
358
171
234
297
94
123
311
191
199
106
259
102
223
283
385
227
307
198
235
255
251
303
157
143
159
254
279
203
323
242
319
214
154
279
374
127
343
199
222
99
327
267
275
143
326
158
266
339
359
291
391
226
203
87
206
347
271
203
250
287
293
315
95
319
250
217
107
210
186
167
265
79
295
182
195
295
379
199
263
183
367
247
106
263
263
263
263
263
263
263
263
263
263
263
263
263
263
263
263
263
263
263
263
263
263
263
263
263
263
235
219
223
310
254
367
175
195
171
283
139
219
191
294
166
247
203
231
227
175
287
439
99
363
195
303
186
291
219
342
313
279
243
251
239
314
227
247
234
218
339
279
223
229
350
211
297
379
219
315
11
279
283
183
191
198
235
295
159
334
171
343
222
379
243
263
275
299
358
219
206
150
175
253
127
299
287
191
231
286
247
402
298
235
91
239
191
351
118
343
123
23
259
307
263
306
295
106
263
287
402
163
215
311
151
386
49
242
342
271
222
278
291
258
206
191
187
219
231
187
103
187
223
254
186
50
179
335
235
227
162
291
187
282
251
289
198
227
63
303
315
331
175
146
147
178
263
455
298
175
235
255
195
247
331
335
278
247
107
271
143
118
407
259
335
291
199
327
351
98
122
135
295
274
243
63
202
203
119
227
267
367
163
251
310
247
299
231
207
163
135
271
329
163
59
146
191
262
205
190
263
175
206
207
43
171
255
390
239
218
117
283
251
266
231
258
190
339
119
359
259
274
181
279
367
338
223
245
183
119
179
143
347
323
267
263
295
401
163
307
235
274
135
367
271
314
215
263
178
299
323
295
191
171
214
271
269
291
406
271
167
275
183
243
251
251
219
271
295
213
135
367
330
207
335
315
75
242
319
254
263
365
254
303
175
311
398
189
285
175
210
370
214
242
203
487
31
225
159
319
279
274
158
215
167
279
135
291
231
143
255
155
319
79
239
271
314
207
86
239
390
330
95
247
167
171
295
223
95
303
251
187
186
270
257
327
283
287
190
335
198
338
170
370
183
203
107
351
191
211
167
395
207
338
306
335
162
278
151
291
214
158
218
103
211
207
263
302
255
243
123
113
251
206
219
191
291
383
243
199
246
455
447
