351
423
319
739
459
595
455
555
475
671
467
559
434
739
451
663
307
627
435
607
507
651
447
747
491
615
495
659
399
583
379
839
542
531
387
567
407
566
419
659
431
675
559
547
427
659
387
555
459
527
423
747
419
562
387
703
495
583
475
571
419
591
503
719
419
803
507
547
555
571
603
655
506
530
495
739
427
643
523
634
451
590
519
647
422
507
435
555
443
623
435
695
299
563
435
647
459
535
383
634
455
619
379
595
427
619
251
723
434
607
371
587
471
723
478
679
530
587
323
639
563
447
475
719
435
667
327
663
531
747
439
570
427
731
327
779
535
627
391
491
319
635
287
783
547
587
411
707
567
591
510
519
407
563
426
731
507
591
351
643
383
699
379
547
402
571
471
618
583
755
395
667
427
611
375
555
395
591
439
619
531
638
483
623
503
551
395
703
459
579
419
491
539
574
515
639
499
611
383
583
555
607
459
719
479
810
495
691
479
571
490
619
370
547
471
515
483
615
527
467
267
507
563
623
454
635
435
631
359
755
355
611
259
567
487
723
463
591
419
578
579
655
407
771
387
671
339
615
463
571
467
547
435
691
423
559
495
607
514
655
551
743
599
607
439
619
555
579
434
619
391
619
387
671
511
474
490
671
451
747
431
579
510
683
439
711
347
739
386
758
479
694
551
543
487
579
315
603
403
615
351
635
406
631
371
739
375
683
523
615
383
703
439
679
431
499
435
579
387
627
419
731
474
611
419
543
423
563
447
655
459
519
427
614
575
634
323
707
415
759
531
607
467
659
379
639
527
587
587
659
482
655
459
531
390
663
435
627
439
739
423
615
519
775
523
698
339
635
387
454
515
643
395
731
427
623
439
487
391
675
299
719
559
555
595
731
487
719
375
655
499
675
339
539
355
723
271
667
515
799
499
655
431
527
475
691
463
647
419
799
439
707
375
559
439
675
463
767
371
687
471
443
459
643
355
631
575
783
403
579
531
607
567
699
455
583
475
683
511
711
327
567
519
558
503
627
435
815
551
683
507
535
395
651
395
639
379
551
471
567
495
635
515
635
523
515
427
698
439
699
402
767
483
727
347
831
391
519
455
695
527
743
471
475
467
647
411
507
487
743
459
687
431
615
459
551
375
507
243
263
143
235
346
615
451
611
375
535
399
619
543
355
391
531
358
295
447
391
271
427
307
371
383
455
447
387
435
447
527
427
531
383
447
251
358
359
367
431
439
587
423
435
515
251
315
479
455
342
519
279
411
399
587
435
338
303
335
399
431
599
331
507
442
403
491
343
303
419
479
423
491
455
435
439
446
467
431
231
479
415
339
467
335
303
415
531
307
338
375
327
375
203
527
375
335
530
339
419
226
418
339
431
387
378
451
422
315
351
471
402
343
531
375
307
455
382
539
391
499
530
366
375
455
399
655
379
387
502
315
342
363
538
323
451
379
287
431
383
399
423
443
370
459
539
391
347
379
430
383
363
455
423
395
447
391
467
391
351
435
335
523
539
415
443
307
359
355
423
371
415
427
467
479
487
298
403
479
439
430
363
495
263
503
299
359
487
395
451
259
223
443
378
335
395
411
303
455
299
487
391
339
414
427
347
470
419
487
499
443
475
399
383
451
379
435
283
383
411
403
475
519
411
483
423
310
503
483
359
275
351
407
347
463
319
371
367
490
423
307
467
370
359
447
339
367
419
435
323
430
274
603
403
511
511
443
451
431
427
322
419
391
343
435
439
335
367
259
386
647
411
383
367
375
399
299
339
431
455
363
375
463
547
491
419
291
339
395
435
507
479
467
483
331
335
611
507
515
363
423
351
527
475
435
535
427
411
455
527
426
539
515
443
431
403
386
255
467
427
315
331
335
251
351
471
359
418
427
359
359
335
471
255
551
383
499
407
375
355
567
510
343
355
359
511
283
415
419
387
482
547
303
411
487
303
379
559
503
379
419
295
619
455
379
403
431
427
367
415
307
506
267
382
483
403
519
439
543
443
479
451
359
271
451
311
443
422
311
379
491
279
383
439
431
387
442
327
478
291
410
474
455
535
331
467
431
415
371
419
451
431
439
527
451
491
395
387
311
399
407
367
479
467
406
491
467
383
567
375
435
463
323
435
323
419
275
475
451
483
335
479
271
383
359
383
515
375
411
431
479
383
435
343
379
419
275
363
411
487
319
299
319
375
259
359
459
422
423
494
479
235
171
423
471
491
387
427
419
431
379
331
419
371
351
451
363
451
423
379
463
311
286
374
342
319
503
238
335
451
527
435
467
375
415
486
403
471
411
315
351
435
550
131
511
451
415
539
331
283
331
479
367
523
359
603
