243
633
359
561
331
545
287
574
339
387
469
427
395
475
323
530
443
657
301
454
300
587
346
405
287
533
305
529
375
459
277
526
427
642
401
519
425
523
523
531
437
539
503
335
363
507
435
498
342
481
349
557
391
563
375
542
302
466
302
477
393
541
387
567
429
555
425
571
234
403
258
645
253
531
386
609
360
515
382
679
247
356
455
539
395
441
263
491
299
571
209
533
313
591
271
602
303
611
266
607
275
466
375
447
417
539
327
423
262
313
378
447
363
627
511
655
344
478
309
570
347
601
319
517
367
383
355
569
483
497
387
497
143
573
323
573
302
523
259
555
270
581
262
590
291
475
167
499
358
407
339
438
302
519
405
621
415
635
321
462
493
656
409
527
321
431
446
617
294
593
301
431
333
469
339
547
431
470
414
562
283
479
462
583
291
603
311
455
361
369
314
585
439
464
371
603
246
501
365
567
291
566
386
611
243
513
396
513
414
499
343
557
293
519
278
579
318
483
214
542
487
527
318
539
362
518
315
434
319
675
303
507
301
387
419
441
265
539
361
488
357
661
324
566
341
610
357
495
393
481
307
476
382
571
298
685
177
627
423
586
462
469
287
487
303
535
478
447
390
595
247
553
331
401
369
625
331
706
329
470
179
509
334
469
379
535
343
495
354
579
383
418
461
537
363
579
281
397
254
474
261
582
446
686
311
383
477
729
517
671
363
641
529
593
370
537
347
491
358
526
279
627
251
471
333
543
255
571
313
611
381
589
397
541
381
657
247
541
315
594
466
469
210
542
418
444
439
478
323
436
390
673
412
534
462
641
447
411
402
588
291
479
305
571
312
554
350
485
273
635
415
662
254
381
362
586
287
518
385
445
386
483
376
586
301
588
243
541
219
311
379
515
361
479
425
637
319
491
405
503
330
663
366
471
210
469
319
587
331
526
441
418
330
555
386
487
254
549
306
662
395
594
338
609
487
563
360
563
327
487
471
447
474
686
291
546
453
503
434
688
415
608
347
645
265
489
395
510
349
562
350
545
261
431
283
516
314
646
265
602
445
573
235
578
291
559
379
529
385
622
407
535
399
451
431
430
362
602
381
677
355
789
343
595
394
533
361
590
325
639
291
487
366
499
327
443
343
437
100
389
19
320
211
603
403
666
134
443
367
493
373
271
323
322
357
420
417
359
298
357
293
406
222
262
266
427
293
203
372
435
365
295
419
394
329
290
398
326
307
247
318
274
374
320
339
294
393
303
293
375
442
375
199
251
303
403
331
371
329
306
371
285
315
311
435
268
322
311
271
210
374
361
250
337
339
275
307
322
374
155
345
347
378
285
417
339
501
311
358
298
282
317
387
355
314
338
207
303
303
399
347
277
393
263
669
391
311
195
271
359
345
302
299
431
385
263
334
199
323
186
380
319
246
328
439
354
379
165
334
377
203
397
409
275
441
325
147
369
417
390
327
334
225
285
323
334
327
407
427
249
347
371
414
283
485
223
454
233
360
238
345
305
159
243
331
347
337
351
367
375
371
250
411
266
430
323
274
479
334
287
293
277
381
442
386
387
458
371
491
209
297
407
304
319
371
327
331
295
423
191
395
247
326
354
383
475
423
210
321
347
273
189
351
417
281
371
347
311
367
159
269
309
379
226
391
270
286
171
331
302
307
307
303
339
291
279
351
291
352
435
317
235
403
458
371
251
255
394
373
349
307
266
355
207
183
329
341
290
310
253
329
170
399
159
327
329
403
305
450
362
350
337
391
259
331
185
251
287
407
319
323
515
313
255
394
277
189
350
287
339
165
435
213
327
241
315
423
389
251
357
293
359
419
233
274
423
339
271
281
355
165
330
351
354
191
419
386
300
321
266
277
374
339
141
463
319
466
375
439
305
489
235
291
215
347
331
342
323
338
306
327
283
355
279
407
282
381
333
459
313
331
319
331
237
221
335
281
255
327
329
277
298
371
310
303
214
318
223
321
302
387
327
239
281
263
278
437
367
311
291
403
337
349
343
435
205
234
253
285
369
331
202
297
366
358
377
275
393
399
331
319
281
341
303
205
367
263
290
447
303
290
399
343
281
403
374
340
319
425
287
177
339
371
271
379
463
299
290
342
295
341
481
310
327
289
193
358
243
315
325
319
282
264
359
265
277
323
251
290
435
271
139
302
290
385
339
287
255
375
270
447
422
339
372
421
235
270
353
346
313
446
363
501
345
243
383
251
331
265
379
201
251
386
419
310
383
303
303
383
339
495
427
319
323
271
159
420
325
222
279
385
321
233
202
215
362
307
214
369
354
319
231
158
262
406
494
259
130
298
266
271
128
250
359
