475
771
567
907
639
727
571
743
595
739
711
807
571
711
579
838
463
775
535
863
599
727
635
679
730
775
531
735
566
707
611
703
623
839
679
647
535
799
607
770
527
651
639
819
671
651
522
831
495
783
611
830
659
831
507
747
651
851
443
795
623
831
643
819
579
807
555
791
599
683
615
883
547
727
607
667
671
707
503
691
575
735
611
771
607
719
467
911
607
815
675
595
583
819
543
803
711
911
419
847
435
791
519
755
415
851
643
703
415
799
459
747
695
767
679
863
586
727
567
770
519
803
575
919
667
755
663
875
475
806
711
811
723
731
527
695
495
803
551
779
555
827
527
811
663
743
571
819
551
767
539
803
619
643
555
835
531
727
583
831
499
819
599
763
695
723
659
843
567
847
543
667
631
775
695
879
587
982
575
859
515
851
515
899
659
871
595
667
655
775
487
802
563
727
539
827
495
787
647
731
595
751
563
795
655
871
631
679
571
915
611
619
687
843
575
823
607
723
571
847
707
759
499
735
551
779
651
831
515
803
515
647
515
590
579
735
583
703
579
959
666
735
707
759
623
807
679
919
567
687
583
759
510
755
535
827
679
859
611
651
635
815
347
927
519
703
598
771
527
911
439
815
575
915
423
747
543
855
703
783
507
811
615
727
631
763
467
791
567
739
583
883
435
883
503
911
503
815
471
719
615
743
467
743
663
803
603
747
507
731
475
847
595
847
583
779
591
635
527
858
651
839
647
887
487
655
467
803
626
779
567
730
527
703
663
835
591
735
559
795
359
787
554
751
519
683
447
791
551
827
659
687
731
567
591
803
567
787
455
838
579
771
571
767
663
751
551
826
607
743
563
775
743
787
539
826
615
799
483
755
535
719
611
755
583
942
703
763
671
703
591
771
547
755
751
787
635
738
663
871
691
735
519
847
467
887
683
755
491
786
635
878
695
731
791
599
527
707
539
827
531
847
559
887
507
823
531
755
542
863
535
783
479
747
575
779
675
715
467
855
723
807
587
707
723
875
643
751
659
847
611
719
603
699
619
879
647
587
547
735
607
727
515
687
575
655
571
783
535
827
559
927
523
783
655
775
323
715
391
691
547
735
511
995
619
671
503
823
590
651
467
727
627
739
471
851
679
567
463
507
347
531
315
691
515
823
559
635
607
767
495
515
575
615
643
567
599
443
635
562
675
483
383
631
543
507
503
467
503
574
658
439
563
511
551
479
547
519
703
607
579
451
711
547
551
535
699
599
839
639
515
531
467
455
551
431
371
415
527
515
623
459
511
626
543
579
507
663
563
575
419
463
579
543
499
519
571
467
527
471
419
507
567
534
451
547
559
623
550
539
563
435
563
527
567
535
439
579
546
715
587
479
667
487
571
563
591
618
643
643
543
687
551
675
635
431
431
431
431
431
431
431
431
431
431
431
431
431
431
431
431
431
431
431
431
431
431
431
431
431
431
587
635
395
547
563
615
587
571
559
571
475
603
607
487
547
543
435
563
679
431
519
611
419
451
471
515
511
495
546
631
499
575
394
619
567
459
575
411
715
451
643
631
471
491
623
555
567
615
675
515
515
559
643
787
503
643
535
687
519
687
619
559
511
587
531
539
519
655
531
603
663
655
555
603
491
463
547
459
619
483
507
575
523
827
615
471
651
419
639
487
634
679
583
595
495
534
442
495
567
539
583
667
575
567
471
627
459
627
463
623
527
523
547
726
543
471
643
671
503
563
451
586
623
423
495
519
535
587
439
647
679
555
591
551
463
471
595
491
595
679
627
507
495
531
611
479
491
619
487
523
555
575
483
419
667
483
423
479
603
463
439
507
579
723
487
743
543
655
527
631
515
643
467
575
495
739
571
419
611
491
575
511
535
347
519
583
607
519
479
575
619
671
655
591
551
563
587
751
495
415
487
523
579
623
571
467
495
519
551
727
555
351
575
543
495
543
547
643
527
559
591
611
551
523
607
455
535
527
679
607
571
695
507
459
435
447
575
475
690
679
607
555
403
819
523
583
451
415
451
639
659
667
459
403
703
571
695
495
471
535
455
407
607
479
579
647
547
591
571
447
563
551
667
603
627
479
679
555
547
463
531
555
455
575
635
543
595
603
555
463
527
567
507
559
498
467
391
523
467
639
519
527
451
503
499
603
703
555
599
527
391
599
547
403
519
667
447
347
578
594
519
599
519
555
723
567
635
539
527
567
511
535
591
470
599
487
439
579
603
571
619
435
531
751
547
551
635
547
455
659
539
443
531
599
523
507
535
599
451
515
371
747
523
583
631
519
451
543
659
543
503
443
515
403
687
583
407
267
323
419
319
503
679
