463
579
527
607
419
555
415
675
331
467
535
614
451
627
506
475
447
647
431
615
427
663
354
619
431
623
375
647
351
523
335
662
263
583
367
491
351
591
459
622
383
531
339
523
390
731
387
559
315
643
395
619
255
555
443
547
263
683
474
727
427
539
479
655
399
587
431
643
367
574
335
655
391
663
419
579
475
551
367
519
575
695
438
563
267
555
327
559
347
639
307
639
407
583
463
775
531
627
479
603
391
631
491
739
471
623
435
606
419
643
346
655
479
703
423
759
327
611
467
635
334
554
267
483
419
527
379
567
399
607
391
755
319
595
479
699
259
511
379
631
299
591
247
639
347
491
371
659
291
615
587
743
563
679
511
651
335
579
415
563
371
619
435
495
539
559
403
631
403
587
371
631
407
543
375
723
327
615
347
455
343
651
291
595
499
463
371
539
326
595
355
666
683
499
362
535
343
539
371
567
459
551
419
591
411
627
319
619
631
607
363
563
319
551
415
631
386
527
487
635
259
567
463
715
379
747
567
715
463
567
207
527
367
603
435
619
331
427
407
683
359
607
399
715
275
575
474
611
419
503
327
627
359
655
399
655
543
554
535
767
431
651
487
499
467
591
607
551
371
679
567
623
271
711
399
803
391
699
343
551
187
623
391
571
395
615
387
687
419
527
315
578
423
835
495
579
283
654
383
675
466
635
387
767
395
615
294
531
431
727
411
679
371
715
483
495
411
679
431
859
387
583
371
639
351
543
567
827
431
511
459
747
371
423
307
551
335
503
459
603
435
683
423
626
419
447
523
631
439
559
303
683
419
411
383
595
479
503
375
703
459
607
439
610
347
782
439
547
455
735
363
747
491
703
303
579
411
563
403
643
227
547
443
631
387
555
491
619
479
639
207
550
363
643
375
731
303
619
339
591
443
743
459
575
359
631
279
559
359
603
315
735
391
583
403
555
231
683
631
519
359
575
531
707
339
686
331
547
303
699
359
671
479
555
487
711
555
695
387
635
391
531
423
667
275
583
471
571
331
659
347
679
415
715
415
647
375
603
527
563
391
599
431
719
475
615
543
715
487
559
411
535
367
755
519
587
430
471
411
787
271
671
511
571
411
627
330
667
183
511
295
682
523
475
483
623
507
455
103
207
103
155
0
487
291
555
495
607
431
547
383
315
411
439
335
226
447
318
327
278
395
199
447
239
279
415
519
330
475
327
383
411
211
395
279
503
443
463
451
411
423
311
527
323
439
311
363
367
451
247
390
343
463
399
423
399
387
278
447
395
523
391
407
419
471
391
531
359
350
347
443
347
379
367
291
343
483
311
439
215
411
351
183
307
319
363
450
427
379
347
439
395
475
255
415
303
323
423
379
443
503
431
407
355
267
415
399
371
359
299
367
371
303
359
490
387
371
359
251
251
251
251
251
251
251
251
251
251
251
251
251
251
251
251
251
251
251
251
251
251
251
251
251
263
391
311
359
295
391
327
303
427
483
303
347
311
319
407
339
371
391
251
355
359
407
331
419
351
439
387
419
491
315
299
367
219
346
475
327
359
367
283
502
119
302
515
415
379
430
455
535
367
351
375
271
315
266
351
399
307
303
319
327
319
347
471
279
263
391
327
311
323
467
379
287
331
527
339
223
354
310
307
311
383
462
327
395
391
483
462
387
263
419
343
479
403
471
271
503
363
439
318
343
315
351
251
203
443
235
203
315
479
507
439
487
355
463
371
379
311
447
411
283
343
331
335
343
395
343
447
291
251
303
395
399
395
319
535
491
279
407
463
471
279
375
242
407
215
507
463
359
267
467
567
515
435
411
235
267
263
431
395
471
263
359
347
443
375
375
303
435
555
311
379
347
323
490
427
411
243
387
307
219
375
383
367
315
314
355
375
443
399
374
431
167
379
451
335
359
259
603
363
407
275
443
299
383
387
411
379
191
451
395
175
415
407
455
327
315
315
255
399
391
355
343
439
447
375
427
346
239
295
427
387
395
299
267
439
391
363
395
383
419
511
307
298
311
343
551
351
271
339
430
335
323
303
467
375
387
471
447
475
311
267
374
335
395
419
487
367
315
351
419
219
399
319
451
210
303
299
327
319
315
327
455
363
499
327
447
386
291
391
407
215
387
363
319
427
411
323
367
319
439
391
347
423
455
419
415
379
335
259
459
447
307
355
407
507
371
439
327
411
530
435
355
343
311
415
383
367
323
407
379
459
315
391
315
303
335
411
411
491
379
283
223
379
367
375
483
227
527
383
467
327
387
403
379
507
351
307
490
291
370
403
351
307
395
511
399
351
283
275
571
355
339
319
367
323
439
243
395
447
479
763
