315
575
319
659
247
615
479
539
407
566
451
546
395
651
531
603
263
543
375
447
363
598
278
477
287
611
307
586
431
566
463
479
285
594
419
678
455
487
443
518
555
639
522
643
295
571
302
726
418
582
339
659
315
507
451
707
402
575
398
551
503
623
627
683
459
534
391
631
394
511
423
523
383
599
366
683
411
775
411
559
591
587
267
603
409
647
415
683
422
603
435
607
434
559
427
651
519
547
515
503
323
551
311
439
311
547
430
571
307
599
450
535
475
423
263
526
434
483
447
491
331
587
367
613
447
619
386
479
483
538
487
545
410
479
371
673
322
663
351
567
423
578
351
559
479
451
462
483
523
515
434
491
282
690
310
627
355
467
431
531
503
646
482
519
175
683
315
558
446
495
395
598
347
623
470
597
382
471
403
595
438
551
497
422
330
615
413
619
227
475
423
623
471
615
323
459
494
575
251
639
398
551
370
513
487
595
367
619
323
690
406
546
395
635
311
551
311
486
339
650
355
523
442
502
329
491
451
511
339
447
315
647
427
594
387
566
359
651
406
618
387
446
239
598
438
450
462
439
382
569
306
611
311
531
355
503
466
571
327
478
342
710
463
475
439
511
363
550
499
587
405
735
398
591
403
559
423
423
259
523
379
539
283
617
367
538
331
599
355
703
459
591
302
651
355
523
222
447
259
654
391
598
427
599
298
599
371
651
259
542
475
658
371
523
343
478
558
523
371
563
567
551
427
562
403
615
375
575
275
618
333
551
394
655
499
751
335
539
391
659
415
535
358
522
459
510
410
455
311
634
446
691
466
467
403
699
247
503
283
647
451
515
359
570
242
450
378
554
327
627
582
542
414
502
355
659
515
467
471
591
387
647
655
531
515
483
382
739
347
463
166
599
358
437
330
506
303
714
578
687
210
611
381
643
406
555
447
442
307
559
363
459
355
506
419
571
290
487
339
555
550
419
459
543
487
551
431
594
451
539
415
638
263
557
363
611
331
523
415
502
335
478
426
430
167
574
531
497
555
501
410
635
491
503
238
658
550
571
299
639
318
530
335
622
346
627
398
562
411
627
355
687
382
499
435
431
443
590
355
719
286
547
459
651
426
527
357
566
335
674
214
627
290
551
294
510
250
303
87
367
35
310
42
483
195
510
322
527
435
459
395
335
529
330
362
278
390
419
371
387
279
355
307
318
194
294
390
375
382
475
427
371
347
342
343
203
275
335
367
335
407
311
575
327
330
371
455
203
266
299
374
395
398
413
299
415
486
250
371
267
483
491
443
315
359
305
247
279
341
195
315
235
258
322
331
318
287
463
411
343
486
435
263
366
347
387
327
231
359
486
315
303
302
451
223
411
306
359
362
199
393
279
331
247
358
407
283
295
363
467
403
338
371
369
323
347
335
299
466
199
374
275
431
291
387
375
423
411
349
491
123
282
326
459
339
227
315
355
371
347
367
411
323
311
399
227
503
319
402
255
383
271
347
383
385
254
366
293
399
298
451
213
431
263
459
298
395
395
443
261
483
219
462
427
383
431
383
87
333
258
454
394
323
415
307
502
322
327
419
254
247
199
323
319
487
199
386
311
418
115
279
370
459
311
314
378
507
375
318
458
335
349
339
279
307
379
395
399
335
367
418
187
422
274
415
327
294
406
483
371
267
251
273
279
283
238
291
314
395
371
395
467
603
347
266
335
247
215
395
327
403
370
495
447
475
375
298
166
359
390
442
138
423
242
274
255
267
219
367
495
451
374
407
211
299
403
359
223
374
295
327
358
295
267
470
311
282
411
298
447
307
351
387
431
427
311
275
471
271
363
299
307
406
347
175
451
413
351
494
370
275
282
322
375
163
343
227
450
315
363
211
275
187
539
385
391
471
395
243
359
255
339
378
415
319
351
319
211
287
207
439
455
315
362
483
411
323
275
443
262
467
323
519
319
463
253
299
327
379
339
435
315
467
330
363
391
451
379
251
387
423
319
347
311
297
547
387
342
327
435
314
450
446
299
315
342
174
266
301
427
375
434
395
279
427
307
427
387
359
381
514
314
399
247
330
319
263
267
199
303
387
231
367
430
287
307
287
307
327
379
367
403
226
315
319
335
459
251
291
343
315
227
343
307
443
378
291
327
322
338
375
215
335
259
411
307
383
267
291
391
358
423
411
382
386
307
379
331
222
278
374
287
391
395
443
539
294
263
363
463
405
403
321
382
374
179
435
379
447
490
451
343
370
343
375
375
371
259
218
451
343
355
399
491
447
383
271
299
343
295
327
399
318
231
479
551
247
346
426
395
269
335
351
426
191
315
323
175
166
199
351
139
250
522
