411
723
338
763
539
595
462
723
467
582
451
591
502
655
539
735
430
655
535
699
475
763
435
690
635
823
527
719
455
743
495
687
519
623
534
591
443
794
515
666
443
727
531
739
343
823
439
739
431
615
467
767
539
698
503
739
407
595
399
599
523
679
395
711
523
727
379
655
467
747
439
691
551
555
555
654
479
703
595
663
558
671
463
719
495
683
439
763
555
630
527
674
319
623
490
723
562
747
455
727
514
647
438
587
486
586
547
667
455
771
411
639
370
803
407
643
455
647
527
758
583
683
519
555
451
579
551
698
451
731
631
631
503
771
502
715
491
615
511
751
531
715
583
567
395
627
507
619
411
686
563
739
566
647
435
687
335
815
559
902
563
719
491
651
466
706
383
647
475
763
467
687
543
651
475
659
463
715
595
851
423
783
419
847
547
667
531
634
447
643
447
711
511
839
630
867
571
795
619
659
383
619
475
699
603
515
511
562
555
587
427
727
483
687
434
775
567
631
467
759
431
678
514
735
450
675
386
763
563
699
491
599
287
607
510
499
387
631
475
675
423
566
495
687
535
779
455
559
503
750
599
743
546
771
591
735
475
778
563
791
395
723
543
679
507
791
494
735
547
811
339
671
543
635
359
751
347
595
571
759
475
699
535
679
467
715
622
619
475
695
487
691
374
715
495
698
427
671
467
719
415
583
506
851
467
743
423
666
483
859
495
815
439
627
507
655
367
654
687
647
383
823
423
707
383
659
583
803
667
795
435
787
479
823
602
735
399
702
406
691
527
831
479
691
563
611
574
707
571
687
382
843
527
651
543
763
447
878
559
659
542
607
475
671
666
839
423
807
487
751
491
754
519
595
375
607
547
787
355
775
407
823
363
715
491
675
467
623
427
787
539
622
459
543
423
643
487
663
507
719
523
743
531
747
463
627
547
751
275
855
507
515
471
735
483
819
538
654
475
787
510
790
467
579
567
571
507
771
399
703
479
719
415
811
435
511
527
635
375
691
595
603
379
659
515
551
595
582
459
767
355
638
571
735
483
631
567
715
603
755
570
754
523
670
619
671
586
695
355
687
623
894
663
723
431
655
543
675
407
587
383
759
479
731
359
715
423
663
539
671
415
687
519
591
538
675
419
611
275
363
234
427
0
683
531
479
399
667
483
567
511
503
327
502
419
327
387
407
587
466
514
347
346
391
531
371
475
511
475
470
383
483
475
414
535
447
307
459
503
375
491
395
511
435
559
574
439
331
598
355
287
535
439
359
499
347
431
479
475
611
518
539
443
590
555
583
550
527
487
394
323
375
438
367
447
511
387
399
503
475
567
435
539
499
555
439
446
399
423
495
467
575
423
403
386
415
506
511
555
455
503
559
455
407
483
491
495
387
387
486
483
586
531
483
439
435
435
435
435
435
435
435
435
435
435
435
435
435
435
435
435
435
435
435
435
435
435
435
435
435
435
331
491
507
411
447
407
419
475
211
403
279
547
402
543
551
491
475
431
535
463
439
611
411
471
335
451
478
387
511
354
447
447
447
475
455
411
462
586
426
515
535
531
311
407
375
503
483
355
547
271
543
515
547
415
386
478
447
419
278
459
515
483
339
471
494
399
423
482
499
563
423
367
535
347
511
406
563
427
370
587
535
515
435
334
515
567
579
531
415
451
491
383
491
439
299
483
407
455
375
530
447
511
419
463
578
546
479
431
431
407
427
514
491
519
371
431
539
443
379
206
454
291
355
427
443
323
539
535
430
503
427
391
423
387
638
455
414
307
519
607
487
527
611
463
551
427
523
363
423
367
459
467
359
547
403
559
495
403
475
447
514
599
411
434
531
495
451
547
531
475
363
515
531
546
434
383
415
547
519
443
379
423
395
539
430
395
387
595
427
423
635
639
431
595
431
531
407
427
435
390
411
511
483
419
343
491
535
470
447
519
403
483
335
471
467
442
434
343
426
443
503
615
386
511
427
571
523
394
474
499
379
431
347
399
455
359
474
555
423
439
550
579
423
254
459
530
483
395
463
427
427
399
567
483
419
558
459
351
663
471
487
387
347
491
539
286
347
471
427
527
491
459
639
455
331
443
523
454
395
607
475
423
439
367
439
399
415
591
551
435
519
563
531
595
486
499
471
423
367
563
471
483
382
542
459
579
551
523
479
479
507
447
370
474
451
623
463
591
451
498
403
427
375
475
463
695
502
330
539
475
351
731
299
483
434
479
527
583
339
527
519
438
358
411
447
343
487
503
491
563
551
450
339
503
491
474
479
323
347
379
407
299
563
435
607
355
319
431
687
375
507
471
551
594
471
403
463
499
467
483
443
443
787
