378
707
452
591
470
625
680
794
431
739
461
636
518
658
500
701
497
735
487
795
437
561
482
701
418
743
692
703
602
705
371
639
559
707
363
845
613
585
595
693
306
599
688
794
405
675
564
794
548
846
465
779
407
755
561
714
496
610
577
636
465
695
524
771
518
543
529
714
595
683
457
674
545
719
436
755
466
715
313
778
427
612
516
639
408
603
431
717
611
578
549
641
468
722
441
774
495
686
499
815
518
721
580
787
436
771
533
586
551
645
493
591
442
661
402
587
397
635
456
650
513
759
496
689
349
770
496
881
475
701
601
719
552
618
539
703
393
699
589
814
461
666
507
606
479
581
539
791
479
751
497
776
547
773
493
724
491
763
374
822
458
746
500
719
478
767
359
652
502
789
431
539
455
726
459
586
383
659
429
652
414
639
471
654
439
616
584
756
464
753
433
820
506
607
525
646
467
869
457
763
275
718
393
703
494
646
560
686
591
627
515
773
618
651
317
745
380
747
411
561
607
639
488
679
472
707
471
768
500
729
377
780
389
585
385
675
510
656
442
740
548
651
525
736
479
721
567
763
525
623
313
551
399
669
537
622
602
612
462
834
597
669
369
865
442
709
462
655
545
707
513
756
469
691
467
657
494
838
571
783
535
546
433
683
405
797
496
557
532
661
472
739
410
706
371
745
383
611
369
667
543
677
550
746
499
644
591
632
440
727
507
567
486
613
590
575
383
539
526
715
482
647
590
738
579
706
379
755
531
583
576
655
549
658
613
799
616
762
613
671
572
609
527
693
518
667
473
742
440
625
407
795
381
747
521
603
395
689
335
679
556
686
529
629
471
675
431
763
453
715
331
611
439
653
509
779
342
654
458
607
466
720
373
767
359
680
386
477
499
626
467
687
527
537
471
659
439
666
503
835
327
694
417
614
592
683
425
767
407
780
432
631
517
643
439
782
522
719
543
808
333
755
454
732
471
646
514
623
454
638
621
647
437
750
457
812
383
718
543
892
411
745
429
729
371
776
632
719
545
703
480
716
578
677
451
569
402
707
429
670
428
662
653
785
531
539
485
779
541
736
425
781
358
627
581
762
314
572
411
667
433
777
379
674
553
639
567
637
419
643
590
706
451
785
446
601
422
523
170
416
88
354
219
807
481
526
429
688
364
714
514
563
578
613
522
307
469
363
512
341
474
530
563
363
453
487
510
557
406
523
385
540
463
554
430
399
498
465
464
558
561
397
436
450
455
546
357
559
591
391
355
391
457
373
457
463
443
461
385
374
516
487
333
567
467
390
381
514
484
300
307
426
523
511
536
358
510
347
590
445
471
389
411
507
398
519
553
359
498
511
583
514
473
430
500
380
534
287
339
419
487
581
377
376
465
481
410
564
473
399
485
513
423
473
423
427
313
538
425
425
425
425
425
425
425
425
425
425
425
425
425
425
425
425
425
425
425
425
425
425
425
425
425
435
483
395
342
450
487
310
356
525
483
510
319
359
476
631
440
387
591
319
422
442
545
552
390
417
428
415
509
593
450
615
461
404
415
425
524
435
482
297
450
458
393
531
645
506
518
527
411
313
299
467
450
394
488
306
436
619
482
471
415
421
500
331
371
494
527
433
384
382
471
595
506
448
503
431
418
391
621
538
530
395
391
391
410
451
373
439
522
430
341
390
451
274
535
431
495
439
631
480
475
472
357
393
630
441
458
462
515
436
455
469
501
450
473
487
483
375
468
488
422
383
482
493
400
562
487
400
393
531
313
475
401
438
430
406
365
445
479
375
389
471
447
517
523
457
353
490
513
438
378
396
554
349
434
493
470
497
435
457
359
402
623
359
489
513
362
443
574
470
454
395
479
480
457
469
583
454
399
367
366
556
478
442
389
421
514
287
704
479
533
311
524
480
458
589
407
537
518
388
509
443
369
559
466
528
633
401
556
401
443
461
355
378
535
475
366
443
465
620
518
449
495
566
527
360
479
509
510
556
383
390
374
347
463
409
441
446
431
366
499
442
437
432
456
471
641
429
367
375
543
501
482
283
537
614
440
512
538
535
356
459
483
418
383
477
600
537
473
429
663
470
410
552
323
347
546
468
471
295
393
432
465
445
403
564
588
467
355
493
469
451
635
350
364
535
340
431
459
407
377
314
543
531
557
459
474
429
334
287
486
483
421
350
396
399
553
345
502
523
455
467
458
479
557
336
434
397
502
498
285
400
419
377
399
491
430
326
536
319
550
478
339
444
368
487
578
442
548
546
531
398
513
478
477
435
540
426
477
535
551
343
471
603
623
398
439
374
514
484
642
503
446
493
401
352
488
352
374
419
497
588
