635
819
571
715
623
635
475
755
559
499
479
659
627
655
583
715
607
755
475
599
679
831
603
687
407
631
543
747
575
863
579
735
591
679
563
759
595
799
455
743
591
891
503
727
671
715
639
803
679
735
531
735
491
787
403
747
487
731
583
879
447
703
471
771
579
655
495
847
515
831
487
871
683
731
587
783
515
719
523
847
503
691
415
779
539
663
555
727
599
843
611
743
451
747
527
887
527
779
615
663
551
575
547
767
615
851
543
679
687
707
567
771
639
735
547
791
687
795
495
851
419
687
411
743
507
739
603
827
731
727
519
799
507
831
531
735
639
727
503
731
587
667
499
799
555
739
607
763
635
695
531
823
495
667
667
699
543
671
623
823
455
803
615
771
579
679
503
827
679
603
551
727
495
731
503
811
407
859
691
779
491
823
603
703
403
767
591
759
559
831
439
891
679
827
743
667
623
743
579
607
663
763
503
747
479
767
511
743
707
903
543
799
551
807
723
839
675
699
651
775
487
731
659
807
547
743
591
891
567
699
563
847
619
659
523
799
579
771
431
947
571
699
523
671
623
623
483
783
707
719
643
603
587
615
543
791
647
791
575
699
659
735
623
655
587
547
519
783
595
799
491
675
547
771
507
859
527
627
499
795
487
811
491
619
499
659
575
687
547
823
539
647
467
671
459
795
599
659
571
695
663
847
531
879
587
831
591
787
491
907
451
883
491
703
487
635
483
723
535
699
663
711
495
599
435
727
515
715
583
711
639
703
571
783
635
691
551
755
635
791
531
767
563
851
499
779
551
787
515
739
543
743
655
615
579
683
711
739
515
779
527
707
675
719
515
795
591
763
595
695
499
931
447
715
699
875
507
707
615
667
491
751
403
711
555
839
643
719
619
847
531
759
487
731
531
815
491
819
663
627
579
655
647
751
507
735
531
679
551
703
499
751
515
679
571
847
543
871
603
759
603
707
487
799
435
719
607
759
539
811
539
679
519
859
559
851
471
703
583
735
531
643
583
847
483
575
583
927
699
715
723
863
515
843
511
779
311
723
439
703
407
807
527
639
667
787
539
731
459
863
595
823
451
743
551
835
579
603
631
811
347
783
599
863
539
783
507
695
583
731
507
859
503
715
631
815
535
547
247
535
247
483
403
699
519
731
611
607
547
743
443
499
495
575
555
535
495
355
671
479
543
651
607
371
443
583
483
439
603
547
475
499
503
555
575
535
499
511
579
587
567
611
463
583
479
651
627
471
391
415
607
491
503
591
467
535
527
531
611
327
611
587
571
451
427
551
511
639
527
607
627
515
583
487
571
395
547
451
463
415
531
567
507
419
635
435
599
543
479
599
479
631
451
503
603
591
503
571
551
563
567
523
479
455
507
495
587
439
583
519
515
599
655
551
607
519
519
519
519
519
519
519
519
519
519
519
519
519
519
519
519
519
519
519
519
519
519
519
519
519
519
475
487
483
511
519
399
407
547
539
479
443
623
607
695
643
455
535
523
507
487
519
383
427
451
627
447
439
527
439
583
387
607
527
391
543
607
591
627
539
479
455
367
427
527
419
403
563
567
699
579
343
495
575
463
391
527
555
431
535
491
487
427
523
471
575
459
475
411
447
443
599
567
427
599
527
695
571
547
571
567
611
579
471
463
463
643
523
795
483
563
575
627
459
471
503
431
463
611
435
555
319
467
703
511
379
407
439
463
519
483
651
603
579
551
487
503
603
319
343
651
635
563
391
539
523
547
527
571
519
451
459
547
443
519
559
543
587
515
483
551
515
643
591
495
663
559
451
531
567
603
635
559
551
419
427
551
419
519
447
511
607
547
563
431
475
575
375
459
423
611
395
539
443
411
551
639
451
655
451
471
499
407
475
431
383
451
531
551
539
571
455
455
531
567
567
475
591
599
451
455
443
471
543
675
391
555
583
511
523
619
435
655
495
591
527
479
439
611
507
443
383
455
543
587
503
547
591
443
427
559
675
483
771
515
491
531
431
659
603
459
467
507
591
467
575
631
471
539
507
511
515
479
519
407
447
543
723
543
399
607
531
487
427
611
347
579
451
539
727
379
607
579
471
547
619
563
583
559
463
655
383
611
507
667
487
523
411
639
475
523
535
647
507
443
439
507
519
479
495
643
319
531
555
523
487
599
499
583
535
611
503
579
407
447
459
471
459
439
695
571
571
531
591
367
683
611
591
415
535
383
323
387
571
619
551
647
595
443
591
535
427
603
399
399
367
655
363
555
471
611
603
547
563
519
643
735
519
543
479
507
427
555
447
587
463
559
495
575
547
471
471
623
503
571
587
563
491
323
271
339
295
343
507
