331
595
487
579
411
715
366
551
290
611
263
423
531
611
311
523
371
371
459
579
411
475
399
571
346
586
311
607
475
659
335
575
447
695
351
466
351
443
286
623
458
771
519
659
395
602
367
439
475
495
319
615
482
434
326
591
319
671
463
483
299
651
462
623
395
655
378
587
518
507
395
475
391
735
423
571
327
599
463
566
307
591
467
595
495
515
431
607
335
551
502
439
555
627
367
603
347
555
279
503
319
551
371
522
427
511
459
606
239
527
510
559
347
567
438
534
651
583
391
691
467
507
391
691
355
666
503
623
427
467
451
527
419
430
379
563
343
599
299
618
479
598
534
579
415
587
371
607
467
595
519
591
379
582
363
483
367
631
399
563
458
575
558
523
302
675
539
523
247
575
283
539
519
507
415
539
511
559
470
559
339
594
167
659
415
630
383
539
327
587
331
611
378
598
243
455
359
554
307
523
327
587
299
619
262
563
371
475
286
679
298
691
403
659
471
591
491
579
339
523
322
659
402
699
311
599
434
534
487
571
338
647
315
543
323
711
471
507
415
606
371
523
422
639
331
571
478
583
247
591
387
491
223
595
383
639
423
475
383
615
259
530
407
615
258
707
371
595
447
590
523
627
415
551
366
539
463
631
303
451
407
534
515
599
483
518
519
606
531
571
399
603
342
775
315
530
434
578
447
643
362
663
343
643
187
547
343
519
351
622
435
670
470
498
334
627
315
651
351
543
451
630
442
667
287
559
431
735
263
527
419
711
411
675
407
643
399
671
375
615
263
463
358
495
282
491
415
623
415
595
479
555
291
631
335
551
395
523
363
647
287
679
259
498
287
683
351
490
367
583
427
631
403
726
403
735
439
487
443
551
342
658
383
475
395
527
499
703
347
723
346
355
207
483
391
615
486
727
211
775
415
622
538
662
339
555
319
539
255
527
370
630
379
498
386
662
411
626
199
575
387
623
371
703
326
551
343
554
359
531
447
655
431
651
491
519
427
686
387
615
459
575
330
583
391
631
335
643
343
631
287
671
375
499
427
579
302
587
375
663
375
491
459
723
379
547
331
371
358
631
459
551
343
575
355
618
323
603
459
678
475
623
454
607
487
414
411
603
527
579
295
627
343
567
267
483
335
587
107
318
155
319
75
542
251
427
287
595
263
515
343
323
267
471
419
471
311
511
351
223
506
315
295
486
315
299
327
463
479
339
359
467
403
483
399
499
331
486
351
263
434
343
411
339
431
355
611
382
411
379
451
259
315
351
527
323
359
374
387
387
311
271
398
418
307
291
358
366
495
407
359
414
467
319
342
426
311
279
578
287
363
458
379
331
374
355
519
307
311
395
343
351
287
471
463
391
327
359
263
331
219
347
375
399
335
507
299
267
443
291
434
343
475
443
327
298
299
215
438
323
427
322
303
418
423
347
346
290
463
495
467
251
403
214
387
342
163
331
423
311
326
362
559
427
415
315
298
494
362
363
483
375
458
311
319
323
427
371
526
307
459
395
387
435
339
283
331
379
270
307
299
462
347
438
379
231
442
446
423
471
502
415
178
310
403
422
395
515
467
283
355
371
387
407
363
351
327
219
351
427
355
371
447
226
535
315
347
455
438
383
435
303
431
599
271
407
498
311
395
255
423
323
443
386
395
363
351
247
427
419
346
315
327
299
271
379
427
279
351
463
367
446
403
382
307
190
318
343
451
535
347
423
499
391
367
235
415
447
379
399
358
411
203
311
439
431
454
335
399
362
363
379
383
390
215
319
419
270
343
479
347
339
379
319
363
315
395
351
591
311
459
211
303
294
275
379
295
227
394
227
359
355
531
311
355
366
403
303
363
427
426
323
311
242
335
495
435
351
403
383
323
295
347
354
479
391
335
347
391
334
386
207
355
371
331
375
238
279
227
298
227
383
311
299
363
255
343
386
403
139
363
226
342
407
323
387
291
435
379
279
335
419
263
343
423
335
419
338
427
287
319
266
350
447
347
219
250
287
350
355
363
379
359
283
503
347
310
378
423
207
370
355
338
355
315
387
327
359
379
307
467
307
211
339
459
295
387
363
315
411
291
222
323
355
375
475
395
347
231
246
467
443
311
399
363
359
263
498
390
535
423
310
375
387
323
266
386
367
291
310
287
290
435
355
387
315
483
247
427
495
434
235
319
183
379
334
370
459
371
315
523
427
306
343
411
202
146
275
347
327
287
438
307
210
447
311
311
406
402
295
262
359
447
334
415
294
354
407
423
279
359
315
230
439
403
359
502
299
323
390
419
319
407
383
343
211
271
370
427
411
378
323
267
287
155
255
362
327
131
319
202
319
327
571
