679
815
811
811
587
851
675
879
567
959
871
719
643
955
631
807
547
771
707
819
563
947
663
799
623
783
675
895
691
967
655
815
535
863
847
799
639
1019
731
847
611
823
647
835
535
859
507
983
575
803
679
831
679
759
643
963
623
763
551
775
807
831
807
843
647
775
731
915
719
899
723
795
703
747
663
919
691
787
611
771
507
839
663
855
687
827
755
927
667
787
727
935
467
875
659
851
567
831
747
931
671
835
539
847
775
767
595
863
723
899
675
867
675
819
655
963
591
955
623
1059
679
835
699
975
719
819
719
819
779
971
711
851
731
795
607
839
627
859
795
959
695
947
711
847
691
771
651
935
811
871
623
751
791
755
527
715
459
871
683
815
779
799
723
951
675
787
527
911
571
967
743
819
687
835
631
839
731
867
583
867
547
883
699
815
735
971
667
847
671
751
651
911
683
847
723
851
655
823
611
947
607
855
787
807
571
787
655
823
719
943
683
995
631
899
655
671
703
951
787
759
667
847
679
767
643
827
743
919
659
811
751
835
635
747
659
847
543
971
623
907
691
695
799
831
747
967
455
963
507
699
659
763
775
695
619
899
795
875
719
827
847
811
679
851
635
815
811
883
747
791
743
1015
551
799
727
827
623
943
743
879
635
723
563
887
599
903
575
899
703
851
683
791
783
819
723
795
607
883
719
791
531
859
735
1035
607
883
667
867
627
943
691
951
687
719
663
1043
635
871
635
1027
731
691
579
855
675
787
703
735
787
915
635
787
643
919
839
891
679
759
631
819
675
911
783
843
751
739
683
867
619
827
771
879
627
959
707
911
683
895
395
931
631
775
683
991
687
819
619
919
739
875
703
923
819
907
647
771
599
799
731
775
807
799
719
887
735
851
771
971
655
967
715
943
779
815
687
955
687
811
647
939
707
887
771
807
679
907
827
879
731
811
639
771
643
719
775
795
611
783
543
855
723
843
695
931
615
843
767
923
767
855
867
907
563
871
571
863
711
811
699
951
571
959
775
859
643
727
607
955
591
947
767
939
695
919
643
867
683
879
683
831
851
787
531
823
539
823
755
919
447
843
755
907
779
871
723
851
543
891
671
919
687
807
687
799
503
823
667
995
683
831
683
743
511
883
735
935
715
615
379
651
295
507
475
863
671
831
755
819
711
775
691
463
635
595
799
603
699
571
595
703
699
543
607
491
735
795
675
667
767
659
603
575
587
715
683
575
607
687
807
699
511
683
739
651
639
627
671
623
675
695
679
583
727
683
683
543
479
543
607
723
559
563
683
615
603
563
603
671
647
683
583
707
651
571
503
599
619
495
723
547
703
559
671
507
567
623
559
663
683
635
631
671
511
603
815
611
719
507
535
587
739
751
703
671
683
707
671
603
591
735
603
691
555
575
599
583
583
583
583
583
583
583
583
583
583
583
583
583
583
583
583
583
583
583
583
583
583
583
583
583
583
723
599
487
639
739
699
455
607
759
755
579
647
719
611
699
731
643
595
599
731
615
711
727
747
615
635
615
667
627
687
635
811
711
627
679
735
431
743
643
639
435
591
707
567
815
503
723
639
547
671
647
655
595
575
671
627
591
639
491
647
447
771
599
831
631
607
567
655
719
551
611
687
631
743
723
667
587
719
747
851
531
527
519
779
675
695
675
543
487
703
655
675
723
611
703
727
751
631
647
611
627
619
603
603
675
655
683
531
691
675
667
583
671
603
675
759
631
619
615
579
539
523
507
683
679
547
655
627
799
695
735
575
671
695
575
607
567
443
567
639
555
659
687
639
695
723
551
651
727
563
547
695
667
607
611
611
759
651
535
703
587
731
655
615
631
523
611
471
703
547
639
683
639
691
627
647
607
707
631
687
711
751
611
751
627
583
647
627
579
639
627
671
631
739
611
623
519
699
803
559
531
607
667
823
495
755
551
767
603
763
587
687
667
711
599
731
527
763
791
727
683
715
595
647
671
799
655
603
667
651
671
755
587
675
739
643
675
735
579
731
543
643
579
515
635
739
443
519
563
703
559
595
547
479
743
603
615
691
639
711
623
755
739
451
775
711
643
659
591
611
747
695
639
663
695
575
631
687
663
599
691
671
719
723
567
695
719
663
627
751
603
559
711
543
727
651
679
707
643
739
571
659
675
655
655
619
599
599
731
739
723
575
443
555
595
603
743
639
567
663
679
591
627
739
747
603
491
595
659
623
503
579
575
559
707
691
615
731
699
719
635
719
647
795
647
743
639
615
811
687
639
603
563
667
495
671
727
539
395
759
671
587
535
603
607
607
795
663
503
579
495
547
559
639
639
727
499
523
451
443
459
571
767
