327
563
387
571
527
695
539
595
327
519
691
779
287
783
559
595
427
647
554
715
483
715
419
615
319
755
447
743
463
591
535
651
495
607
383
651
335
599
311
663
383
651
339
595
503
559
499
451
438
595
411
643
259
583
411
511
395
707
591
607
399
567
399
555
503
691
519
715
383
751
351
531
359
663
427
635
551
598
555
739
507
535
283
575
415
555
475
507
535
603
419
483
443
587
522
603
431
619
463
519
515
543
559
619
287
619
283
574
339
667
379
711
487
735
467
487
427
523
539
719
463
558
311
655
623
627
495
699
399
551
455
627
459
675
559
683
271
715
567
643
283
723
367
699
490
595
435
715
483
623
571
739
359
571
339
515
427
591
427
655
511
611
591
747
306
659
459
759
431
519
343
567
459
743
271
571
499
627
471
703
351
659
467
703
431
663
383
683
431
499
367
607
439
727
383
699
579
699
411
626
443
479
447
763
431
791
358
567
411
683
451
631
443
563
522
630
379
591
451
691
463
675
447
671
415
727
422
635
535
623
359
675
467
563
411
687
263
559
435
683
467
703
607
467
299
659
383
595
450
651
535
711
275
547
355
523
459
723
379
671
423
679
307
715
491
659
347
735
399
619
523
639
395
703
371
623
503
651
399
571
531
483
411
779
367
691
323
799
463
735
335
791
463
627
343
611
231
715
467
611
459
675
410
547
511
663
431
775
399
647
519
739
435
471
531
535
363
491
211
743
503
675
415
703
495
563
299
551
579
559
319
647
419
635
343
611
458
699
447
715
371
675
431
619
427
515
603
719
367
783
451
619
495
531
491
703
563
567
307
479
427
591
439
659
403
667
527
667
443
747
307
647
419
531
319
679
471
587
483
678
503
607
355
575
647
747
443
623
571
607
319
563
543
590
427
623
363
586
355
679
451
647
366
735
475
519
391
631
415
619
227
467
375
675
311
723
287
599
415
475
383
503
511
619
439
547
311
579
399
639
471
659
303
659
607
551
611
691
291
763
326
587
395
715
271
550
419
623
603
671
495
647
379
587
419
811
443
603
518
691
463
663
495
611
415
707
475
647
495
703
399
695
375
659
459
579
283
599
507
495
507
599
367
687
647
659
471
559
375
647
371
726
422
643
347
603
559
343
87
394
0
494
87
531
427
599
395
595
423
723
275
343
283
455
363
295
498
523
383
431
387
455
515
367
343
435
371
323
391
459
403
479
419
343
439
419
299
323
307
379
515
411
359
259
479
443
471
283
343
491
271
391
375
295
219
311
518
435
523
519
411
487
495
343
499
427
323
403
587
423
439
347
515
415
283
315
399
531
523
363
427
371
355
527
375
435
519
487
475
559
479
231
295
395
399
199
419
358
342
355
391
459
439
450
323
467
466
407
414
331
487
371
463
267
527
475
567
387
371
415
527
443
339
315
515
499
427
239
395
331
435
375
495
503
458
319
343
435
279
271
427
311
423
459
395
335
363
387
367
435
423
447
443
339
383
427
427
499
467
438
459
423
359
355
547
399
295
295
411
495
351
415
355
315
419
387
539
439
435
362
355
327
431
311
375
371
559
251
223
387
303
363
427
487
430
419
511
315
382
299
451
407
567
335
450
419
438
499
467
439
419
347
367
383
407
483
523
451
467
415
299
435
523
347
523
455
455
382
515
339
383
439
503
303
323
391
279
363
471
427
407
331
567
419
471
315
347
363
319
319
459
375
422
567
403
443
322
519
279
479
407
215
427
319
359
411
475
435
327
563
539
303
459
399
395
359
435
463
495
363
419
367
479
367
355
291
351
314
338
331
403
539
451
323
455
391
435
331
403
351
547
543
275
347
275
399
451
407
435
355
359
323
431
303
495
299
563
454
371
447
511
395
295
375
327
423
379
327
478
451
403
387
339
491
483
235
295
487
403
363
539
415
435
407
527
391
463
483
351
451
371
315
459
331
459
423
191
335
483
283
427
287
443
403
475
383
439
367
375
371
439
338
543
455
423
383
583
463
323
499
339
587
619
575
439
411
323
315
363
319
315
415
503
295
431
431
355
475
331
379
515
423
430
279
431
283
375
291
443
391
443
395
443
527
375
515
491
331
503
547
335
318
467
443
451
535
303
347
387
319
558
387
391
439
391
423
299
399
279
535
599
335
315
358
474
471
459
363
387
451
363
347
383
403
327
403
267
491
343
323
327
459
435
435
403
347
383
279
419
459
419
351
551
395
511
223
507
475
235
511
474
475
427
419
407
515
351
447
335
255
363
307
347
491
419
435
291
299
395
374
427
367
303
355
411
515
418
279
359
475
299
443
271
383
291
307
403
383
535
471
591
587
567
963
