1801
1883
1694
1791
1723
2038
1770
1891
1601
1786
1918
1869
1566
2019
1770
1967
1779
2094
1719
1851
1727
2006
1691
1811
1798
2086
1627
1945
1725
1889
1818
2079
1879
1918
1695
1901
1774
1869
1611
2033
1646
1997
1719
1922
1742
1891
1627
1905
1601
1983
1770
1922
1611
1934
1747
1987
1711
1835
1774
1935
1722
1950
1663
1953
1683
1957
1647
1943
1675
1889
1759
1895
1758
1983
1655
1813
1671
1885
1761
2059
1659
2121
1886
1902
1777
1859
1707
1966
1866
1861
1751
1771
1667
1774
1731
2043
1663
1847
1627
1927
1707
2007
1847
1963
1715
1913
1718
1959
1967
1715
1802
2031
1691
1834
1717
2067
1691
2003
1727
1999
1723
1955
1691
2087
1691
1917
1779
2066
1827
1897
1571
1942
1699
1906
1735
1939
1622
1934
1730
1998
1607
1759
1718
1999
1807
2002
1699
1995
1805
1925
1759
1913
1689
1914
1607
1994
1559
1954
1679
1891
1687
1970
1674
1839
1635
1954
1729
1950
1739
1834
1579
1791
1713
1827
1811
1929
1867
1850
1791
2046
1717
1910
1607
1767
1567
1999
1790
1865
1795
1909
1627
1881
1671
2098
1763
1919
1623
1833
1703
2015
1695
1839
1771
1911
1883
1979
1795
1843
1667
1915
1723
1990
1723
1854
1545
1959
1837
1926
1870
2034
1739
1906
1707
1779
1659
2063
1647
1986
1774
2133
1583
1822
1726
1903
1671
2003
1706
1959
1779
1970
1765
1918
1803
1935
1685
1867
1707
1974
1742
1978
1882
1789
1807
1927
1663
1891
1766
1951
1755
1901
1742
1955
1795
1979
1737
1871
1737
1923
1653
1983
1718
1999
1915
1922
1659
1991
1839
1919
1819
1858
1671
1991
1661
1979
1631
1971
1722
1999
1689
1995
1750
2050
1474
2027
1693
1983
1827
1758
1775
1995
1659
1991
1671
1951
1771
1955
1754
1991
1682
1887
1791
1903
1658
1958
1655
1715
1607
1939
1679
1963
1687
1827
1747
1962
1715
2069
1802
1778
1575
1882
1691
1949
1745
1879
1775
1914
1683
1818
1653
1863
1799
1871
1803
1923
1614
1883
1674
1791
1758
1791
1607
1919
1591
1893
1649
1895
1803
2011
1743
1891
1603
1835
1671
1929
1803
1923
1771
2069
1810
1889
1666
2055
1698
1739
1847
1935
1687
1887
1819
1755
1675
1919
1730
2011
1611
1982
1723
2007
1777
2038
1759
1897
1647
2006
1791
1975
1715
1887
1690
1950
1805
1831
1799
1883
1706
1923
1811
1922
1665
1999
1875
1903
1745
1807
1695
1841
1790
2001
1830
1926
1730
1781
1794
1902
1683
1930
1691
1903
1663
1771
1758
1890
1739
1999
1769
1895
1651
1963
1689
1995
1715
1878
1759
1839
1902
1831
1715
2014
1763
1939
1767
2039
1746
1967
1855
1961
1810
2003
1723
1802
1790
1906
1739
1915
1710
1815
1743
1910
1770
1887
1743
1883
1685
1858
1731
1831
1621
1983
1771
1887
1695
1875
1723
1907
1711
1943
1814
1931
1671
1846
1703
2042
1598
1999
1877
1974
1711
1811
1475
1535
1339
1650
1374
1979
1763
1819
1741
1871
1691
1855
1699
1687
1807
1699
1626
1662
1671
1731
1778
1803
1571
1718
1655
1786
1623
1678
1703
1773
1835
1651
1831
1569
1618
1711
1729
1637
1691
1678
1581
1651
1746
1655
1635
1495
1806
1842
1707
1802
1711
1790
1710
1725
1763
1563
1726
1671
1717
1723
1779
1658
1707
1606
1579
1590
1766
1719
1679
1811
1726
1589
1625
1703
1755
1689
1631
1643
1831
1546
1691
1759
1711
1634
1639
1611
1763
1693
1719
1695
1638
1703
1677
1767
1755
1827
1679
1691
1723
1557
1765
1603
1650
1751
1615
1630
1503
1703
1675
1667
1523
1709
1778
1675
1681
1715
1658
1605
1734
1775
1695
1646
1631
1662
1731
1575
1686
1754
1618
1755
1607
1779
1722
1727
1806
1639
1591
1702
1642
1767
1826
1755
1710
1671
1753
1661
1759
1634
1835
1715
1787
1687
1634
1683
1699
1707
1770
1647
1607
1735
1735
1615
1655
1747
1687
1881
1773
1611
1767
1691
1631
1741
1751
1682
1730
1923
1753
1773
1682
1653
1713
1729
1774
1719
1697
1651
1563
1775
1715
1650
1735
1710
1763
1683
1759
1695
1802
1727
1659
1626
1638
1770
1771
1687
1726
1655
1723
1630
1627
1618
1635
1586
1635
1643
1814
1523
1767
1701
1710
1606
1590
1581
1735
1623
1591
1722
1675
1663
1894
1707
1618
1603
1614
1702
1751
1578
1885
1763
1647
1643
1807
1615
1718
1725
1593
1534
1773
1595
1587
1529
1817
1837
1778
1729
1678
1651
1735
1714
1674
1502
1737
1595
1667
1503
1589
1739
1719
1607
1718
1831
1747
1747
1619
1678
1831
1729
1727
1747
1619
1671
1695
1726
1719
1634
1659
1815
1539
1693
1658
1663
1759
1601
1646
1653
1815
1723
1718
1750
1691
1777
1711
1819
1579
1666
1755
1495
1699
1623
1659
1590
1519
1643
1699
1559
1595
1642
1719
1623
1755
1697
1786
1695
1851
1550
1575
1791
1589
1639
1558
1675
1890
1686
1703
1527
1759
1771
1775
1710
1629
1674
1659
1663
1691
1771
1971
1651
1815
1715
1727
1590
1775
1658
1650
1707
1605
1675
1695
1583
1755
1669
1643
1718
1590
1555
1697
1771
1759
1747
1702
1774
1594
1603
1726
1651
1635
1679
1643
1706
1731
1767
1831
1783
1763
1819
1762
1774
1619
1575
1678
1547
1637
1643
1695
1766
1637
1767
1693
1806
1577
1601
1691
1691
1635
1526
1571
1582
1627
1529
1697
1683
1717
1722
1714
1562
1659
1563
1607
1754
1738
1693
1731
1702
1742
1591
1706
1754
1678
1747
1802
1611
1687
1706
1655
1735
1526
1570
1609
1654
1849
1699
1710
1623
1727
1609
1734
1655
1731
1767
1674
1663
1795
1665
1751
1559
1771
1743
1766
1613
1635
1619
1567
1754
1682
1750
1746
1654
1669
1583
1742
1741
1803
1845
1727
1757
1659
1795
1639
1611
1791
1738
1739
1655
1715
1655
1667
1634
1574
1723
1667
1521
1631
1747
1618
1726
1654
1618
1639
1799
1735
1706
1555
1795
1861
1687
1859
1723
1747
1735
1683
1598
1665
1687
1547
1647
1691
1871
1647
1559
1767
1727
1671
1943
2023
1703
0
1666
