527
663
367
575
391
635
391
515
351
671
455
671
407
723
363
707
343
539
347
687
395
619
523
763
443
707
555
815
451
655
371
771
471
799
635
691
503
731
483
623
451
531
511
711
399
691
363
791
379
479
443
607
347
679
531
599
519
627
515
683
491
735
531
679
479
731
359
663
527
699
323
667
519
775
531
639
439
715
455
647
443
627
375
591
491
631
391
743
499
675
451
683
471
647
483
679
387
711
503
803
363
643
575
687
495
551
507
715
559
707
383
739
439
631
591
763
439
575
435
727
415
707
475
699
499
635
359
659
451
691
483
695
499
763
451
599
607
607
399
627
443
683
531
707
495
671
547
819
431
691
403
767
411
591
427
595
563
655
463
687
359
703
623
675
467
659
379
743
427
671
539
655
535
583
507
719
459
751
563
519
519
911
459
651
551
643
599
543
451
775
483
735
471
591
631
767
390
835
491
671
475
507
503
763
455
567
415
731
379
639
487
631
339
711
311
603
463
619
491
603
451
615
531
763
479
719
543
779
459
779
343
679
343
551
395
895
603
715
487
775
535
655
447
679
511
675
543
631
483
675
347
575
415
627
647
631
451
643
463
727
523
735
375
671
499
615
535
615
627
627
515
751
519
667
415
751
387
603
483
623
479
599
471
643
527
599
435
647
427
511
511
643
519
715
383
643
343
643
451
679
475
679
507
679
491
587
555
659
519
639
535
535
339
643
355
735
331
499
563
663
491
567
467
671
563
691
363
655
447
595
447
731
519
715
391
555
331
595
495
803
591
563
327
767
347
643
395
523
323
547
351
767
615
699
499
571
467
627
515
555
407
687
399
739
347
671
507
735
603
659
583
603
519
795
431
619
371
619
415
563
543
619
519
671
587
763
375
783
383
599
579
595
495
435
323
563
467
799
415
843
355
591
403
695
615
707
519
719
419
703
455
615
379
627
487
727
439
543
275
715
471
683
363
631
299
647
431
711
423
759
347
695
435
619
475
627
327
699
507
651
639
667
443
555
607
751
423
691
599
651
331
687
543
695
295
703
391
619
503
799
447
775
447
587
363
667
523
583
511
591
451
583
499
631
583
751
647
695
535
599
479
655
451
627
499
551
359
607
619
659
443
663
459
674
363
687
611
467
0
391
211
351
187
643
463
679
387
559
283
607
403
271
507
543
471
367
491
495
435
359
587
515
315
559
243
367
547
423
383
547
503
399
447
351
451
319
523
539
479
303
427
451
379
367
475
467
495
431
515
459
459
507
495
419
367
483
531
479
415
395
459
487
407
447
511
555
455
383
355
307
363
387
307
439
483
431
567
379
523
419
463
383
347
367
535
331
431
507
491
423
551
303
483
339
399
519
311
359
383
395
499
459
395
399
559
347
395
331
531
367
515
439
403
439
387
499
383
203
467
475
443
367
607
251
603
323
467
287
579
475
571
431
455
347
439
431
335
399
407
475
315
475
607
355
339
507
351
375
555
339
363
535
467
507
391
331
499
375
547
499
475
311
547
507
487
483
443
367
415
639
431
319
475
471
371
335
339
363
447
439
399
539
415
335
491
339
271
403
351
447
471
491
555
487
427
331
295
359
287
499
451
499
471
363
471
315
423
515
431
479
471
435
527
411
299
255
591
491
395
523
503
335
423
443
507
359
375
347
387
371
499
331
615
351
219
219
371
315
435
575
435
335
399
443
327
379
371
443
491
427
523
531
427
407
499
435
555
415
543
259
619
315
363
423
355
395
391
419
607
315
443
331
623
451
543
551
331
371
431
391
427
459
407
283
447
519
335
367
419
499
319
371
363
495
399
543
375
307
555
519
319
515
387
431
411
519
483
499
571
319
451
251
503
331
459
363
451
471
403
327
455
299
311
475
511
539
311
507
503
503
415
431
615
379
435
383
615
475
483
287
471
319
507
355
479
499
547
431
463
475
427
439
527
567
455
299
459
431
219
411
639
307
335
547
451
459
543
423
439
303
399
351
427
319
423
407
491
431
567
379
591
415
367
319
287
299
475
375
519
331
391
399
563
387
599
439
507
591
447
439
375
531
587
407
419
495
431
407
547
411
511
447
447
511
503
379
419
403
447
519
419
471
439
447
487
467
439
539
615
347
519
403
419
407
551
471
323
347
523
279
443
431
387
395
631
567
395
375
479
567
435
467
339
403
419
411
355
443
387
459
511
507
479
331
447
443
455
271
447
467
451
347
399
355
507
215
455
467
311
451
431
435
367
531
319
411
455
395
395
407
447
399
427
491
491
423
279
379
583
467
459
383
379
595
423
451
551
435
555
459
355
391
391
347
471
367
326
491
771
567
799
683
519
1015
