411
723
335
759
543
591
463
727
467
583
447
587
503
655
543
739
427
651
531
703
475
763
439
687
631
827
523
715
451
743
495
683
519
623
531
595
443
795
515
663
439
731
527
743
339
827
439
743
431
611
467
771
535
695
507
739
403
595
399
595
523
683
395
711
523
727
375
659
467
747
435
691
551
559
551
651
475
707
599
663
555
671
459
723
499
679
443
763
555
627
527
671
319
623
487
719
559
747
451
731
515
643
435
591
483
587
551
671
455
767
411
639
367
799
407
647
451
647
527
759
583
683
519
559
451
579
551
699
447
735
631
631
503
767
499
715
495
619
511
755
527
719
587
567
395
627
511
615
411
683
559
739
563
643
431
683
339
815
555
903
563
715
487
655
463
707
383
643
471
763
471
691
543
651
471
655
463
715
595
851
423
783
415
851
543
671
535
631
447
643
447
711
507
839
627
863
575
795
619
659
383
619
475
699
603
515
507
559
551
583
431
727
483
683
435
775
563
631
467
763
431
675
511
731
451
679
383
759
559
695
491
599
291
603
507
503
383
635
479
671
423
563
491
683
531
779
455
563
499
747
595
747
547
775
587
735
479
779
563
787
395
723
543
683
503
795
495
739
543
811
339
671
539
639
359
747
351
595
571
763
475
699
539
675
467
715
619
615
475
699
487
695
375
711
495
695
423
671
463
715
415
583
503
851
467
747
423
667
483
859
491
815
435
627
507
655
367
655
687
651
383
827
423
707
383
655
583
803
667
795
435
787
475
819
599
739
403
703
407
691
523
835
479
691
567
611
575
703
575
691
383
843
527
655
543
767
447
875
555
655
543
607
475
671
667
835
423
803
491
747
491
751
523
595
375
607
547
791
351
775
403
827
367
711
491
675
467
623
427
787
539
623
455
539
419
639
487
667
503
719
523
743
535
747
463
627
543
747
271
855
511
511
467
735
483
823
535
655
475
783
507
791
463
579
563
567
503
771
395
707
475
715
415
811
431
515
523
635
375
695
595
599
383
655
511
551
595
579
455
763
355
635
575
735
479
631
563
715
607
759
571
751
523
671
619
667
583
695
351
687
619
895
659
723
431
659
543
675
407
587
383
763
475
727
355
715
423
659
543
667
415
687
519
595
539
675
415
607
275
363
231
427
0
683
527
483
403
667
483
567
507
503
323
499
415
327
383
403
591
467
511
347
347
395
531
367
479
515
475
471
383
483
471
415
531
443
307
455
507
375
495
391
515
431
555
575
439
331
599
351
291
535
439
359
495
351
431
475
475
607
519
539
439
591
551
579
551
523
483
391
319
375
435
367
443
515
391
399
507
475
567
431
535
495
555
439
439
395
419
499
463
571
419
407
383
415
503
515
555
459
503
559
455
403
479
491
495
383
391
483
487
583
531
479
443
295
319
495
403
275
367
203
283
311
323
287
379
299
375
87
303
467
423
271
323
323
391
231
279
343
459
331
491
507
411
443
407
423
479
211
407
279
551
403
543
547
491
479
431
535
467
439
611
415
471
335
443
479
395
511
355
447
447
451
475
455
415
467
583
427
519
539
531
311
411
379
503
483
359
547
271
547
519
543
419
383
475
451
419
279
459
515
479
339
471
491
403
419
483
503
563
427
367
539
347
507
407
563
431
371
591
539
515
435
331
511
571
583
535
415
451
495
383
495
435
299
487
407
455
375
531
451
511
415
467
579
543
479
435
435
407
427
511
495
519
371
427
539
439
383
203
451
291
351
431
447
323
543
535
431
507
423
391
423
387
639
451
415
307
519
603
491
523
611
463
555
427
523
363
427
363
459
463
355
543
403
555
495
407
475
443
511
595
411
431
535
491
447
547
531
479
367
515
527
547
431
387
419
547
515
439
383
423
399
539
431
391
387
599
427
427
635
639
435
599
431
531
411
423
435
391
411
515
487
419
347
491
539
467
447
519
399
487
335
471
467
439
431
339
427
447
499
615
383
511
431
571
523
391
471
495
375
435
351
395
455
359
471
551
419
439
547
579
423
255
463
527
487
391
463
427
427
399
571
483
415
555
463
347
663
475
487
383
351
487
539
283
347
467
427
523
487
459
643
455
331
443
523
451
399
607
471
419
435
371
435
403
419
587
551
439
523
563
527
591
483
503
471
423
371
559
467
487
379
547
459
579
547
519
479
475
507
451
367
475
447
619
459
591
451
499
403
427
371
475
463
699
499
327
539
479
355
731
303
483
431
479
531
583
335
531
519
435
359
411
443
339
487
503
491
563
547
447
335
507
495
471
479
323
347
383
407
299
559
431
611
355
323
431
691
371
511
475
555
591
471
399
467
495
607
563
355
431
911
