470
411
279
391
155
730
415
539
159
555
191
367
327
479
367
423
295
403
235
599
339
571
291
551
275
431
411
539
311
463
342
543
362
559
502
503
359
499
355
467
323
555
387
467
227
423
335
594
315
571
311
675
331
567
419
506
243
539
167
507
310
483
387
527
399
583
371
590
403
491
487
491
322
639
311
483
299
611
263
447
487
487
194
466
367
566
375
626
355
534
295
563
443
506
399
478
298
519
319
455
295
459
378
511
531
547
515
527
447
479
295
627
307
607
211
643
423
495
371
447
439
515
303
539
286
594
259
707
227
626
331
559
310
395
415
430
355
403
219
571
311
679
471
475
271
439
251
711
351
507
403
571
343
635
251
542
431
627
363
462
394
455
379
603
482
491
379
443
275
499
375
651
427
467
299
338
383
431
379
558
462
611
338
447
255
427
274
563
407
607
351
659
359
579
247
523
383
559
327
575
147
399
303
431
274
574
315
531
499
507
267
499
379
451
251
539
407
615
319
659
287
511
359
547
331
543
334
291
379
546
403
415
187
515
327
451
219
367
367
587
287
535
335
511
291
539
231
431
167
543
299
431
283
395
295
623
183
467
471
447
382
434
235
391
311
507
331
407
378
630
339
486
323
467
359
587
455
611
387
543
299
554
411
486
407
467
231
399
371
483
259
531
351
570
343
579
307
430
291
587
371
491
323
507
331
611
215
455
354
527
419
514
398
530
295
622
463
535
435
555
331
511
339
435
247
499
266
335
338
543
446
579
195
523
391
443
367
526
335
450
371
487
411
511
227
494
279
502
511
407
443
531
379
375
331
439
331
475
395
515
335
546
427
303
291
563
459
467
343
615
374
647
298
558
419
679
315
419
355
543
235
431
467
603
231
627
311
607
427
618
347
587
394
555
351
527
343
574
343
575
447
511
383
439
406
507
211
507
479
583
255
667
379
591
518
547
375
499
443
403
331
599
299
551
350
519
335
451
227
462
447
451
466
523
255
455
383
582
247
459
379
519
355
530
519
535
383
514
335
627
314
647
426
478
375
430
406
547
279
507
327
479
311
495
331
459
359
455
215
406
295
599
258
559
343
542
279
535
347
503
391
526
435
571
386
443
215
427
386
470
350
471
215
411
339
547
387
283
63
303
0
191
195
507
323
435
310
455
203
582
143
331
303
259
334
239
295
135
335
243
263
371
199
315
415
310
275
283
202
295
350
327
319
299
355
191
182
319
343
238
367
434
482
295
299
351
367
258
299
367
230
291
447
363
439
355
195
311
319
191
355
315
187
390
470
387
319
342
351
447
283
275
211
319
443
279
379
283
243
202
303
291
335
331
335
379
303
367
439
291
291
391
395
255
267
207
219
251
231
323
255
323
415
295
411
335
350
319
287
183
239
363
342
251
331
430
370
370
307
271
291
323
87
315
247
411
231
251
307
303
367
330
387
291
378
215
287
203
315
323
323
391
411
278
303
339
507
287
459
311
403
243
395
483
215
363
475
315
275
343
443
227
326
207
343
355
383
419
494
283
215
255
351
447
391
307
347
283
327
303
219
143
303
251
287
387
367
230
315
367
247
355
203
230
287
243
251
239
387
259
202
359
347
155
370
243
294
291
263
235
423
355
330
163
279
250
322
155
187
206
343
363
195
311
311
154
131
418
419
278
179
327
375
531
199
303
271
271
239
303
303
395
315
323
310
375
187
319
327
275
307
347
451
283
303
287
394
407
379
251
467
383
163
158
331
323
307
419
255
339
355
315
219
258
330
194
351
259
298
79
263
311
343
359
219
319
390
323
455
499
190
190
367
355
427
23
295
207
339
135
455
215
311
275
410
375
243
291
343
283
314
367
271
379
291
406
463
247
287
243
391
315
367
291
179
139
243
115
275
271
283
343
335
279
267
383
279
323
359
251
343
219
131
231
298
346
238
167
271
203
455
243
239
242
239
315
259
271
322
179
391
331
231
271
223
347
335
299
259
279
366
243
347
355
299
263
267
155
191
403
443
359
383
303
163
335
443
251
283
271
251
239
219
383
359
263
287
251
306
319
391
483
379
275
311
383
279
315
234
370
415
243
279
227
327
299
174
243
311
275
219
306
279
263
323
303
234
311
339
227
243
330
383
359
199
283
259
303
415
259
271
287
299
327
351
251
407
295
223
359
211
295
379
351
379
251
291
163
358
371
327
311
427
283
187
307
263
339
283
239
291
231
475
358
279
435
291
347
215
246
282
275
387
379
167
346
375
255
167
383
291
371
307
263
334
375
399
335
359
251
226
390
223
255
315
410
406
335
395
259
267
295
346
203
315
238
250
163
375
343
439
515
115
611
