475
683
514
701
478
683
430
751
575
775
450
605
494
595
421
771
571
667
473
813
563
711
466
706
397
821
429
631
521
695
569
726
483
822
526
668
619
639
635
745
508
682
407
670
375
716
520
651
534
639
606
715
594
780
612
759
520
725
587
594
471
649
414
819
606
813
544
689
583
687
410
860
473
868
531
693
538
776
569
621
658
733
467
659
453
809
772
699
489
761
543
796
346
805
547
625
465
738
552
647
535
747
513
839
560
559
556
730
452
618
442
775
501
707
467
639
377
693
583
687
594
603
476
587
587
727
532
736
571
766
547
837
652
831
510
645
539
754
565
779
539
708
590
711
507
830
511
830
479
678
503
757
616
705
390
771
386
610
488
637
518
561
597
767
345
799
485
765
587
585
653
723
591
746
634
724
530
654
465
683
553
641
405
685
599
819
426
704
445
853
482
709
456
669
530
887
554
683
515
719
453
779
697
814
505
719
525
699
531
764
555
725
382
770
607
837
464
705
581
679
476
831
410
726
514
825
425
807
597
732
513
670
575
523
437
825
319
726
635
750
665
753
699
850
351
552
407
763
430
641
456
768
540
674
482
599
454
731
533
743
346
741
588
771
549
603
359
781
530
793
577
815
453
794
605
818
437
657
439
813
553
703
454
674
543
715
501
734
601
858
511
563
583
709
654
790
600
707
637
685
536
713
530
707
530
709
518
667
519
703
597
699
409
845
522
693
579
728
491
726
503
753
527
705
413
703
469
750
780
675
507
631
621
734
498
703
563
679
403
714
390
583
711
827
457
939
457
795
627
643
618
790
490
656
510
652
442
773
589
689
574
582
403
702
563
634
542
855
432
944
625
761
575
734
683
694
501
662
587
611
528
733
500
798
471
725
564
603
605
625
580
647
371
729
643
794
539
760
576
626
495
739
370
752
474
641
503
758
457
884
554
893
466
641
570
954
452
761
479
666
502
675
376
639
689
761
611
699
408
637
567
693
421
783
439
804
629
816
434
773
574
701
565
598
578
659
440
809
454
698
631
723
515
829
481
644
559
655
486
682
553
774
599
655
536
619
522
705
429
531
517
596
488
827
506
756
569
684
501
742
363
722
499
770
617
883
605
628
559
606
616
874
567
865
465
621
567
629
294
479
202
440
195
679
531
767
475
641
524
646
530
467
479
528
651
553
619
507
545
390
439
429
549
415
492
530
570
526
571
420
493
351
416
563
569
495
445
332
366
445
451
496
524
514
547
546
450
408
358
514
598
488
590
459
490
497
497
345
423
490
481
416
442
528
393
512
449
399
618
533
478
555
709
473
595
632
612
473
446
472
639
517
540
373
535
413
579
537
514
371
513
526
596
387
447
542
562
589
417
546
423
310
516
580
385
493
446
491
454
432
590
535
482
393
462
502
421
370
394
369
441
577
289
539
467
622
527
579
543
550
454
428
469
431
370
422
452
469
439
498
511
499
541
579
586
559
585
466
452
581
425
483
546
435
460
526
367
453
485
562
599
550
457
441
444
379
386
600
502
547
510
499
583
427
455
519
463
569
670
373
499
489
433
454
447
487
511
412
552
486
607
439
487
557
315
443
296
419
443
466
543
560
518
476
509
522
573
488
569
548
494
662
467
530
482
515
536
421
367
433
536
594
498
426
556
373
315
505
455
419
451
473
505
454
576
447
420
350
550
523
477
497
551
486
383
387
439
392
570
614
463
525
537
377
587
587
583
552
458
397
381
483
333
459
523
453
639
485
421
473
524
422
547
556
609
480
587
560
430
336
483
457
533
527
575
592
394
547
585
532
439
487
563
451
488
537
521
530
494
386
554
588
344
411
435
586
588
579
455
605
574
468
489
597
591
516
508
642
570
548
513
678
651
381
511
386
454
275
624
357
541
362
642
531
471
459
381
508
418
497
469
383
417
335
489
574
451
506
527
505
512
454
478
619
453
484
478
467
602
339
511
553
550
357
347
566
575
447
467
429
641
396
515
509
419
428
626
603
543
546
380
463
421
439
475
541
346
470
482
483
491
555
419
423
462
479
567
335
558
455
458
521
459
507
463
400
524
547
522
379
449
459
479
498
499
535
544
343
479
371
434
377
439
547
480
400
634
503
475
509
431
490
506
515
575
338
512
518
585
453
492
393
429
502
503
563
487
492
450
359
473
548
409
550
380
399
539
537
418
539
443
530
596
443
483
609
557
477
502
385
557
435
562
494
419
457
425
493
487
480
683
531
447
590
427
411
426
568
548
569
479
611
503
563
530
497
563
610
499
421
355
465
480
451
375
530
560
539
535
440
333
451
619
399
471
555
554
390
99
13
31
19
0
297
