1715
1999
1791
2039
1711
1967
1655
2027
1815
2035
1719
1959
1763
2003
1839
1931
1663
1935
1695
1911
1623
1911
1691
1999
1811
2115
1691
2031
1683
2011
1775
2059
1839
2027
1755
1987
1607
1975
1615
1919
1719
2075
1823
1987
1627
1899
1863
2047
1859
1975
1727
2015
1839
1939
1759
2019
1675
2071
1739
1983
1651
1919
1847
2019
1803
1795
1867
1999
1727
1979
1743
1927
1799
2027
1731
1955
1731
1967
1767
2075
1847
2055
1679
1991
1799
2063
1719
1999
1871
1923
1803
2031
1711
1891
1855
1963
1975
1903
1643
2079
1847
2023
1675
2135
1631
1943
1723
2019
1703
1967
1767
2031
1879
1899
1727
1919
1803
1891
1715
1891
1779
2039
1723
2071
1567
1783
1751
2223
1755
2039
1703
2059
1819
1907
1787
2103
1643
1967
1743
1963
1767
2087
1687
2099
1703
2015
1687
2059
1615
1983
1891
1951
1775
1703
1907
1939
1687
1835
1627
2015
1595
1867
1615
1911
1779
1923
1847
1899
1803
1847
1799
1947
1651
1867
1863
2039
1767
1903
1799
2067
1827
1823
1659
1943
1559
2031
1715
2059
1655
2011
1923
1903
1779
1963
1823
1991
1579
1879
1587
1967
1727
1871
1759
1939
1655
2071
1587
2027
1771
1863
1711
2091
1635
1839
1911
1975
1727
1903
1699
1827
1791
1855
1647
1959
1735
1775
1851
1999
1727
2027
1547
2039
1731
1939
1755
1951
1707
1903
1807
2019
1751
1939
1623
1843
1655
1827
1803
2111
1799
1763
1855
1899
1923
1911
1915
2071
1767
1951
1739
2027
1675
1887
1703
1759
1667
1975
1707
2011
1651
1955
1923
1975
1639
1907
1791
2023
1739
1983
1771
1955
1891
1959
1691
1891
1707
1907
1767
2071
1699
1867
1819
1967
1807
2147
1867
1967
1823
1971
1643
2027
1727
1943
1759
2059
1715
2067
1683
1867
1695
2011
1731
1823
1799
1899
1675
2023
1607
1883
1679
2019
1791
2095
1855
1987
1571
1827
1835
1919
1671
2087
1711
1815
1783
1771
1807
1999
1735
1791
1655
1959
1679
1883
1759
2083
1747
2047
1811
2023
1835
1947
1611
1991
1699
1927
1715
2039
1691
1803
1787
1987
1827
2027
1811
1979
1755
1987
1871
1803
1911
2003
1907
1999
1707
1939
1751
1943
1895
2003
1851
1915
1683
1983
1679
1811
1711
1939
1823
2035
1791
2003
1871
1907
1763
1847
1899
1999
1799
1855
1571
2007
1699
2015
1827
1871
1683
1895
1739
1843
1747
2023
1867
1999
1787
1883
1899
1927
1747
1867
1723
1943
1823
1859
1651
2059
1795
1879
1835
2067
1671
1959
1611
1987
1707
2127
1807
2051
1751
1895
1655
2151
1759
1911
1835
1931
1683
2027
1883
2027
1703
2019
1683
1967
1823
1975
1763
1855
1699
1939
1863
1787
1811
1891
1799
2031
1923
2091
1831
2035
1703
1959
1763
1983
1715
1847
1639
1991
1779
1991
1903
1807
1671
1903
1635
2063
1747
1899
1819
1983
1787
1963
1819
1923
1811
2063
1807
2051
1759
1831
1427
1699
1519
1667
1435
2019
1707
1819
1695
1839
1779
1931
1791
1815
1771
1727
1807
1799
1659
1611
1695
1575
1851
1779
1503
1655
1683
1731
1755
1623
1831
1603
1739
1739
1763
1795
1751
1683
1639
1763
1755
1767
1727
1927
1723
1687
1667
1663
1855
1819
1927
1711
1863
1739
1719
1739
1711
1703
1747
1715
1763
1659
1779
1835
1895
1771
1751
1883
1747
1583
1791
1723
1775
1647
1723
1591
1579
1899
1691
1719
1703
1811
1823
1735
1747
1759
1763
1739
1787
1543
1815
1835
1747
1863
1779
1611
1751
1627
1695
1715
1715
1799
1811
1595
1687
1651
1843
1747
1783
1695
1803
1775
1711
1535
1803
1775
1775
1787
1739
1779
1779
1615
1683
1687
1823
1623
1851
1735
1707
1759
1691
1727
1723
1655
1767
1843
1863
1615
1711
1695
1623
1599
1579
1631
1643
1675
1727
1791
1707
1771
1767
1807
1827
1699
1727
1819
1747
1755
1755
1843
1619
1523
1783
1747
1703
1607
1743
1739
1703
1623
1827
1691
1763
1531
1799
1775
1619
1779
1647
1759
1739
1763
1795
1579
1791
1735
1807
1787
1783
1823
1675
1767
1895
1883
1739
1795
1819
1703
1695
1887
1771
1703
1883
1739
1807
1699
1767
1759
1675
1611
1791
1639
1751
1783
1859
1755
1711
1779
1783
1803
1711
1659
1671
1719
1811
1815
1767
1735
1795
1599
1671
1775
1615
1735
1571
1795
1751
1635
1815
1703
1811
1699
1815
1815
1815
1543
1707
1651
1871
1555
1739
1747
1751
1775
1887
1731
1715
1795
1847
1731
1867
1723
1655
1667
1643
1679
1767
1807
1791
1703
1675
1735
1735
1779
1623
1759
1583
1747
1751
1735
1787
1767
1839
1875
1851
1647
1691
1831
1619
1751
1879
1695
1695
1827
1759
1807
1583
1683
1747
1835
1635
1667
1899
1827
1811
1663
1807
1707
1683
1811
1839
1559
1763
1811
1631
1643
1787
1711
1859
1883
1687
1759
1811
1723
1731
1663
1675
1799
1847
1615
1715
1699
1787
1643
1643
1819
1791
1739
1771
1491
1735
1643
1679
1715
1575
1675
1695
1655
1811
1623
1871
1663
1763
1691
1699
1647
1623
1779
1711
1643
1651
1651
1655
1679
1715
1659
1835
1751
1735
1579
1643
1903
1867
1687
1707
1623
1719
1659
1819
1731
1819
1771
1831
1743
1655
1887
1855
1859
1703
1779
1819
1675
1619
1859
1667
1787
1663
1583
1671
1731
1807
1751
1723
1639
1719
1695
1787
1727
1787
1831
1627
1675
1603
1659
1727
1747
1723
1727
1751
1743
1755
1743
1839
1755
1711
1839
1591
1743
1751
1623
1843
1643
1827
1739
1819
1671
1751
1691
1691
1823
1539
1639
1703
1627
1675
1639
1787
1699
1739
1659
1747
1751
1779
1667
1747
1671
1783
1779
1715
1643
1687
1707
1687
1939
1695
1731
1599
1823
1739
1767
1711
1779
1591
1571
1563
1791
1631
1679
1679
1639
1715
1879
1799
1771
1795
1807
1755
1723
1779
1679
1799
1827
1795
1719
1735
1779
1799
1611
1719
1627
1759
1659
1655
1739
1739
1695
1771
1679
1739
1639
1715
1827
1623
1599
1731
1775
1695
1807
1783
1611
1799
1743
1723
1823
1647
1675
