667
807
803
803
571
843
663
867
559
951
859
707
635
947
619
795
531
763
695
811
551
935
647
787
615
771
663
887
679
955
643
807
527
851
835
791
627
1007
719
839
599
815
639
827
523
847
495
975
563
795
671
819
667
751
631
955
615
751
539
767
795
815
795
831
635
767
723
903
711
887
711
787
691
731
655
911
675
775
599
759
499
827
655
843
679
819
739
919
655
779
715
923
459
863
651
839
559
823
731
923
663
827
527
835
763
759
587
855
711
887
667
859
659
811
643
955
583
947
611
1047
671
827
687
967
711
811
711
807
767
959
699
839
723
783
599
831
615
847
787
951
683
939
699
839
679
759
643
923
799
859
611
743
783
739
515
703
451
863
671
807
767
783
715
939
663
775
515
899
559
959
731
807
675
827
619
831
723
855
575
859
539
867
691
807
723
959
659
835
659
739
639
903
671
839
711
839
647
811
599
935
595
839
779
799
559
779
647
815
707
931
671
983
619
891
643
663
691
939
771
743
655
839
671
755
631
815
731
907
647
799
743
827
623
731
651
835
535
963
611
899
683
687
791
819
735
959
443
955
499
691
651
751
763
687
611
887
779
867
711
819
839
803
671
839
623
803
803
871
735
779
727
1007
539
791
715
819
611
935
727
871
619
711
555
879
587
891
563
887
691
839
671
779
771
807
711
787
599
871
707
783
523
855
723
1023
595
875
659
855
619
931
683
943
675
707
651
1035
623
859
623
1019
719
679
571
843
663
775
691
719
779
903
627
779
631
911
827
883
667
747
623
807
663
899
775
835
739
727
675
859
611
815
763
867
615
951
699
899
671
887
383
915
623
767
671
983
675
807
607
907
727
863
691
911
807
895
639
763
587
787
719
767
795
787
707
879
723
839
759
963
643
955
707
931
763
807
675
947
675
803
639
927
695
879
759
795
671
899
819
867
723
803
627
763
635
707
767
787
599
771
531
847
711
835
683
919
599
835
759
915
755
843
859
891
555
863
559
851
699
799
687
939
563
947
763
847
631
719
595
947
583
939
759
927
683
907
635
859
675
867
663
819
839
779
523
815
527
815
739
911
439
831
743
895
767
859
707
843
531
883
663
907
675
795
675
791
487
815
659
979
667
819
675
735
499
871
723
927
699
603
367
639
287
499
463
855
659
823
743
807
699
763
679
455
627
587
791
591
691
563
583
691
683
527
595
479
723
779
667
655
759
647
591
567
579
703
675
567
591
675
795
691
503
671
727
643
635
619
659
611
663
679
667
575
719
671
671
527
463
531
595
711
547
555
671
603
591
555
595
655
639
671
571
691
635
563
495
587
607
487
711
535
691
550
659
491
551
611
551
651
671
623
619
659
499
591
807
595
711
495
527
575
731
739
695
663
671
695
663
591
583
727
595
683
547
567
587
575
571
455
551
535
371
475
407
491
379
431
419
463
555
327
391
523
439
371
559
539
443
539
539
439
607
711
595
479
627
731
687
447
595
751
743
571
639
715
599
687
719
635
587
595
723
607
703
719
735
611
627
603
659
619
675
623
803
703
615
667
727
423
735
631
627
431
583
699
559
807
495
715
631
535
663
639
643
587
563
663
615
583
631
483
639
435
755
591
823
623
599
559
647
711
543
603
679
627
731
711
659
579
711
739
839
523
519
511
771
667
687
667
535
479
691
643
663
715
599
695
719
735
623
639
603
619
611
591
595
659
647
667
523
687
667
655
575
659
595
663
751
623
603
603
567
531
515
499
675
671
539
647
619
791
679
727
567
659
687
571
599
559
435
555
627
543
651
679
631
683
711
539
643
715
555
535
687
659
599
599
599
747
643
523
691
575
719
647
611
623
515
603
459
691
535
631
671
627
679
615
635
595
699
619
675
703
743
603
739
615
571
635
619
571
631
619
663
623
731
599
611
511
691
791
551
523
595
655
815
483
743
539
751
595
755
579
675
659
699
591
723
515
751
779
715
675
703
587
635
659
787
643
587
655
639
663
747
579
663
731
631
667
727
571
723
535
635
567
507
623
731
435
507
551
691
551
583
531
471
731
595
603
683
627
703
611
743
731
439
759
699
631
647
575
599
739
683
627
655
683
567
619
675
655
591
675
659
707
711
559
687
707
651
615
739
595
551
695
535
711
643
671
695
635
731
563
651
663
643
643
611
591
587
723
723
715
563
435
547
587
587
731
627
555
655
667
579
619
723
731
591
475
587
651
615
495
571
567
555
691
679
603
715
687
707
619
711
639
779
635
735
627
607
803
675
631
595
555
655
487
659
719
527
383
751
659
579
519
591
598
599
779
655
495
567
483
535
551
631
627
711
491
391
383
259
339
591
635
