1535
1771
1595
1785
1734
1907
1753
1803
1541
1729
1900
1987
1496
1991
1768
1805
1637
1855
1762
1925
1691
1927
1629
1823
1533
1965
1657
1953
1677
1801
1746
1861
1706
1815
1592
1867
1544
1807
1519
1870
1591
1859
1548
1806
1713
1769
1712
1659
1649
1803
1626
1859
1470
1799
1618
1725
1608
1918
1802
1815
1612
1775
1610
1767
1711
1905
1726
1929
1590
1960
1565
1743
1573
1878
1635
1843
1766
1806
1763
1948
1721
1743
1494
1783
1627
1767
1683
1719
1745
1818
1633
1692
1656
1800
1734
1811
1639
1832
1677
1733
1726
1751
1773
1827
1495
1829
1497
1783
1551
1877
1587
1921
1701
1945
1675
1695
1640
1737
1752
1926
1671
1767
1518
1869
1831
1840
1704
1907
1608
1763
1663
1836
1674
1884
1768
1891
1479
1923
1781
1855
1491
1932
1577
1908
1702
1803
1646
1930
1691
1835
1785
1947
1572
1780
1551
1724
1641
1805
1635
1863
1725
1825
1805
1959
1518
1874
1668
1967
1638
1734
1551
1775
1669
1954
1483
1785
1714
1835
1680
1911
1564
1870
1681
1910
1645
1870
1594
1897
1638
1706
1575
1818
1654
1942
1597
1913
1787
1912
1620
1838
1650
1692
1662
1973
1638
2000
1569
1781
1626
1898
1665
1839
1657
1777
1734
1839
1587
1800
1661
1905
1677
1889
1654
1885
1630
1938
1631
1850
1745
1835
1573
1889
1675
1771
1619
1897
1478
1767
1645
1892
1675
1914
1820
1680
1507
1869
1592
1804
1661
1862
1750
1920
1489
1761
1565
1738
1667
1937
1593
1881
1632
1886
1517
1930
1699
1874
1555
1943
1606
1831
1732
1850
1603
1919
1580
1831
1713
1861
1610
1785
1738
1698
1625
1989
1577
1902
1538
2010
1679
1943
1545
2005
1676
1840
1551
1819
1446
1930
1680
1820
1673
1884
1619
1758
1719
1878
1643
1983
1613
1857
1726
1949
1643
1680
1740
1742
1572
1699
1421
1958
1717
1883
1623
1911
1703
1770
1507
1759
1786
1769
1533
1855
1633
1842
1551
1824
1666
1907
1655
1923
1579
1889
1638
1828
1634
1726
1810
1927
1578
1992
1660
1827
1710
1739
1699
1913
1774
1775
1518
1692
1635
1800
1646
1867
1615
1874
1741
1875
1656
1962
1515
1854
1627
1741
1526
1894
1678
1795
1693
1890
1710
1815
1565
1783
1858
1955
1651
1833
1782
1822
1531
1771
1754
1799
1637
1833
1571
1794
1569
1887
1664
1855
1574
1943
1690
1728
1599
1845
1630
1828
1436
1675
1590
1883
1519
1931
1496
1809
1623
1690
1590
1717
1725
1831
1653
1757
1525
1789
1612
1848
1683
1867
1516
1872
1815
1759
1825
1899
1506
1971
1535
1795
1608
1923
1479
1762
1633
1835
1815
1886
1706
1858
1588
1796
1627
2027
1651
1817
1729
1899
1677
1871
1705
1825
1622
1915
1684
1858
1702
1918
1609
1903
1586
1867
1671
1789
1495
1812
1714
1710
1721
1807
1581
1898
1857
1868
1681
1767
1583
1858
1587
1938
1632
1853
1556
1818
1773
1550
1301
1603
1214
1702
1298
1745
1635
1807
1604
1803
1632
1938
1489
1551
1491
1665
1577
1505
1710
1737
1591
1645
1597
1663
1730
1576
1550
1644
1582
1534
1601
1666
1617
1688
1629
1553
1647
1627
1513
1538
1519
1589
1723
1620
1567
1466
1689
1658
1679
1491
1551
1705
1479
1601
1585
1503
1429
1520
1727
1648
1733
1733
1625
1701
1709
1558
1712
1642
1533
1611
1795
1635
1650
1556
1728
1627
1493
1528
1606
1746
1733
1577
1638
1583
1563
1741
1585
1651
1726
1695
1683
1771
1689
1439
1507
1609
1612
1412
1633
1570
1554
1563
1606
1667
1646
1661
1532
1678
1678
1622
1623
1546
1697
1578
1678
1481
1741
1684
1776
1598
1578
1622
1740
1658
1551
1523
1725
1713
1635
1447
1609
1539
1642
1582
1703
1713
1670
1527
1554
1643
1487
1479
1640
1523
1637
1667
1602
1546
1576
1602
1582
1648
1631
1655
1651
1547
1591
1635
1641
1707
1675
1649
1669
1634
1571
1568
1756
1608
1505
1502
1624
1705
1565
1624
1566
1528
1632
1595
1748
1647
1649
1571
1565
1535
1638
1518
1587
1581
1766
1465
1431
1594
1511
1571
1635
1700
1640
1628
1726
1526
1591
1514
1659
1618
1781
1549
1661
1627
1649
1713
1675
1647
1627
1554
1580
1591
1615
1690
1732
1658
1675
1629
1513
1648
1736
1554
1736
1662
1669
1592
1728
1547
1597
1648
1717
1511
1538
1599
1486
1574
1679
1637
1617
1546
1775
1629
1678
1523
1554
1573
1527
1527
1673
1582
1631
1780
1611
1655
1530
1728
1487
1687
1617
1423
1635
1527
1567
1627
1690
1644
1542
1772
1747
1509
1670
1609
1602
1572
1643
1676
1703
1571
1627
1581
1689
1580
1562
1499
1562
1525
1549
1539
1617
1750
1661
1533
1665
1605
1649
1547
1614
1560
1759
1755
1486
1557
1490
1607
1665
1615
1643
1563
1574
1531
1638
1511
1704
1514
1775
1662
1579
1655
1718
1602
1510
1588
1538
1631
1589
1537
1690
1665
1613
1601
1554
1704
1691
1443
1502
1694
1611
1577
1746
1626
1643
1621
1742
1604
1676
1691
1559
1660
1579
1528
1666
1539
1666
1636
1403
1548
1691
1491
1635
1495
1651
1612
1689
1597
1647
1574
1583
1586
1647
1547
1753
1663
1637
1591
1793
1671
1531
1708
1553
1802
1827
1787
1647
1624
1538
1522
1572
1528
1522
1623
1712
1510
1638
1646
1563
1688
1545
1586
1723
1637
1641
1493
1644
1496
1590
1505
1651
1601
1650
1605
1657
1742
1584
1724
1699
1539
1716
1762
1547
1529
1679
1655
1664
1747
1514
1562
1598
1526
1767
1595
1604
1646
1599
1629
1507
1614
1492
1749
1807
1545
1523
1569
1679
1684
1666
1571
1599
1658
1577
1555
1592
1611
1539
1610
1478
1703
1551
1537
1535
1667
1643
1643
1611
1555
1594
1487
1633
1666
1633
1558
1761
1607
1721
1431
1721
1683
1448
1722
1682
1682
1634
1632
1615
1728
1559
1657
1543
1463
1577
1515
1560
1705
1627
1644
1503
1506
1602
1585
1635
1581
1511
1563
1619
1722
1629
1486
1573
1685
1509
1657
1478
1593
1499
1515
1611
1596
2004
1821
1967
2055
0
1754
