463
679
523
635
499
683
307
787
387
663
527
651
383
679
339
555
359
679
303
727
531
671
535
447
455
727
327
667
459
678
490
619
555
727
527
847
447
703
559
635
555
607
551
643
435
679
511
707
471
731
591
691
539
615
459
627
419
519
467
715
351
675
471
663
539
627
511
683
547
551
519
755
623
667
522
667
447
623
347
699
479
643
551
583
495
691
423
679
419
751
539
587
399
531
495
707
423
707
419
659
379
515
415
635
415
763
587
659
319
635
543
675
531
559
579
755
599
635
631
531
523
683
371
715
486
559
411
611
499
703
471
719
543
535
443
799
491
655
319
670
555
615
379
575
679
715
495
679
535
586
383
715
499
715
439
579
478
759
383
699
403
595
471
663
459
623
403
679
439
663
483
791
483
719
511
775
531
719
479
663
415
627
419
515
411
635
407
703
343
675
599
639
571
659
447
667
559
623
555
623
411
799
407
571
423
643
347
615
511
635
435
659
331
547
407
647
499
567
471
663
367
727
503
655
435
699
503
731
487
543
411
623
487
731
351
619
507
575
379
687
410
623
575
723
511
683
427
594
435
455
415
651
447
563
291
687
531
723
491
699
427
574
435
755
407
655
479
839
427
707
463
771
475
627
547
655
419
831
451
611
475
899
591
551
359
607
415
587
483
739
559
795
455
755
295
747
343
731
415
631
339
703
403
667
235
747
467
663
527
715
367
631
435
683
535
615
455
559
435
667
467
683
511
563
391
675
395
627
547
623
334
731
467
783
455
575
323
611
555
683
595
575
507
599
491
755
415
579
503
679
535
603
571
755
471
683
367
667
455
671
467
575
463
899
311
615
663
659
547
559
627
711
651
731
403
655
455
687
499
699
503
803
367
571
411
703
471
534
463
647
523
659
335
499
419
739
599
551
415
575
475
671
495
655
319
743
591
591
463
635
515
527
427
643
571
591
515
675
487
679
415
675
439
699
399
575
451
691
399
675
447
707
371
559
475
727
595
675
551
639
427
695
487
631
583
667
371
771
367
651
363
783
523
711
435
695
579
655
435
603
347
487
531
755
327
551
495
711
467
655
619
727
487
787
499
743
307
623
483
718
383
838
479
579
547
491
503
647
487
695
603
707
590
643
459
691
519
555
227
475
155
399
331
671
415
595
547
647
367
871
459
447
519
415
495
395
387
503
414
503
335
478
375
391
523
443
467
503
467
319
367
363
439
427
447
431
411
383
463
407
335
495
447
407
479
423
475
455
359
443
447
458
479
487
371
411
471
343
623
351
595
487
531
259
607
519
299
479
335
303
471
359
487
407
431
291
371
427
427
575
398
363
391
467
479
527
459
347
339
351
463
399
363
535
471
371
459
291
339
499
363
395
407
427
543
499
435
411
391
387
519
439
507
431
315
391
403
595
591
507
779
547
643
759
627
547
579
555
747
543
623
547
735
391
487
547
687
539
775
611
583
719
679
623
459
359
459
475
439
339
363
270
431
351
411
295
491
359
495
475
379
515
563
343
411
587
471
455
431
407
571
399
367
503
463
559
555
419
511
275
419
467
251
375
435
495
423
579
439
451
523
375
479
435
443
419
499
427
275
458
531
415
399
399
459
455
411
407
391
359
451
291
471
423
467
459
503
511
555
431
491
479
439
439
315
391
491
463
439
403
379
499
335
459
491
483
547
451
391
431
523
683
391
395
527
542
371
303
371
363
499
343
583
391
347
335
539
507
487
343
407
503
407
519
379
375
446
447
503
563
407
323
387
455
479
487
259
475
275
395
371
511
506
359
431
499
735
479
431
351
539
511
399
343
275
483
443
515
391
447
403
491
459
503
403
355
463
479
423
283
479
371
467
511
383
323
363
439
507
415
495
303
551
299
359
355
367
327
439
371
327
411
463
395
467
351
491
407
531
267
518
447
375
463
311
483
551
435
455
447
423
515
507
491
451
495
379
315
475
431
415
415
507
427
358
555
467
511
443
447
507
311
407
407
383
587
475
395
550
303
395
423
355
431
403
523
539
515
527
351
387
467
431
299
447
463
247
499
327
463
523
475
551
379
435
347
407
443
419
467
423
450
475
559
271
511
491
347
519
511
379
395
567
455
443
371
511
495
515
311
443
311
415
399
411
347
470
411
363
439
415
379
387
523
315
479
515
411
511
455
515
515
483
559
403
351
403
359
491
323
387
319
391
423
463
327
415
323
451
435
475
291
559
351
459
315
427
347
563
495
347
523
431
535
367
287
463
335
367
379
423
495
395
354
475
331
479
415
423
339
539
439
315
463
455
395
491
479
455
319
451
319
587
447
467
391
335
315
303
0
479
427
191
431
