351
551
503
643
371
619
403
651
371
615
411
523
439
635
427
679
455
763
447
759
387
811
495
467
391
683
479
551
383
539
423
767
407
663
431
791
475
615
511
663
579
635
391
715
495
563
459
587
439
599
443
539
375
643
471
491
443
703
551
651
279
583
443
723
503
715
511
683
491
627
467
659
423
591
347
623
527
687
487
767
419
583
471
607
331
867
639
663
531
535
539
791
423
611
459
727
315
575
407
503
607
615
575
583
499
535
387
759
399
759
615
551
459
667
551
575
599
683
375
479
411
659
559
647
539
763
371
711
443
627
355
823
575
671
571
715
415
727
499
699
487
767
535
615
423
695
515
675
487
507
519
703
551
619
547
627
507
675
387
615
475
627
539
711
527
703
383
703
439
687
415
615
559
659
491
671
483
611
563
767
371
667
511
679
491
655
443
767
519
591
359
627
611
559
539
603
523
687
371
687
515
587
311
719
587
775
427
635
395
527
407
687
451
683
539
599
639
583
363
583
259
563
439
723
491
587
367
695
327
631
499
579
431
703
411
699
499
651
547
635
571
667
519
679
495
791
455
639
439
683
503
607
351
803
479
607
379
691
463
667
383
567
371
543
323
567
315
627
487
687
347
795
491
703
587
695
515
647
455
639
471
827
423
631
463
499
295
719
335
807
355
735
507
711
463
695
475
691
547
559
643
527
511
603
447
571
475
635
587
663
343
739
559
631
435
739
339
655
459
831
503
747
575
719
439
715
499
631
511
787
371
659
363
759
399
759
427
551
371
659
607
639
303
583
435
695
355
635
531
651
547
683
511
707
407
535
551
711
539
587
415
727
615
691
475
579
395
627
527
679
427
647
439
663
583
651
475
539
415
639
451
639
299
587
507
603
491
703
443
499
543
687
435
671
279
743
347
683
403
643
419
623
595
667
507
667
487
659
423
655
503
587
467
579
399
663
491
623
471
703
419
675
423
687
319
651
547
731
411
539
507
759
463
591
507
663
451
755
415
671
351
623
315
639
307
683
371
595
371
639
623
755
523
515
427
663
535
663
399
635
363
479
507
731
551
671
543
683
583
579
407
699
519
675
455
675
379
731
447
667
507
719
447
507
563
707
527
575
335
719
411
707
467
591
427
667
495
403
203
463
0
363
219
619
391
663
347
543
455
731
371
575
463
339
459
415
407
395
363
415
411
343
515
363
447
579
371
443
447
559
443
383
515
579
467
387
399
523
547
299
343
399
519
259
419
295
523
311
475
371
303
415
403
447
347
391
467
367
491
315
451
395
479
403
503
407
423
379
279
479
467
159
563
399
383
315
375
539
467
383
515
455
395
319
399
475
411
499
567
395
451
275
495
351
403
483
411
467
551
327
403
335
403
459
191
327
335
391
435
571
375
363
331
383
375
351
295
387
375
587
607
455
527
483
455
527
519
415
455
531
431
515
527
391
531
551
471
523
471
407
651
439
639
347
339
303
399
251
439
311
483
415
375
299
323
415
647
307
387
391
347
431
387
451
383
267
391
271
427
387
371
383
367
315
519
455
563
351
215
351
367
379
471
495
407
403
531
391
495
451
539
415
367
383
311
267
507
411
491
315
395
359
211
475
411
399
227
419
271
443
419
415
391
535
427
491
395
351
435
327
375
419
379
347
447
367
455
475
459
407
267
367
435
335
431
459
207
463
419
291
495
427
355
371
395
511
427
455
563
363
355
327
363
327
383
263
263
339
351
351
347
271
507
299
487
471
439
315
531
243
423
563
435
519
403
631
307
359
259
359
459
315
463
463
431
379
391
415
275
431
415
343
287
375
495
411
427
495
547
239
467
351
527
391
539
459
515
419
387
375
515
351
307
447
383
203
559
431
483
299
375
303
439
511
403
539
383
299
307
503
355
275
315
455
415
311
547
507
443
371
303
479
483
411
467
315
359
507
315
455
371
471
483
315
451
463
407
319
451
295
307
299
403
347
487
451
283
299
471
311
435
343
491
423
447
595
479
415
503
331
423
491
479
399
455
399
487
355
367
343
487
487
351
511
503
187
431
459
487
439
359
379
427
475
423
555
327
399
403
435
463
495
483
375
527
479
359
331
343
463
443
355
227
423
435
327
523
327
447
503
467
455
379
371
407
423
355
331
395
431
351
455
447
495
451
391
491
423
399
391
411
331
451
431
383
379
403
579
359
351
359
483
563
451
467
371
399
539
303
471
435
395
503
459
387
303
439
535
523
535
463
415
395
455
419
439
495
447
411
423
363
355
543
403
575
247
503
375
451
311
291
315
451
395
387
331
439
459
495
371
287
203
295
391
415
371
359
331
507
175
223
139
523
647
