1685
1981
1777
2115
1843
1935
1780
1951
1803
1948
1918
2010
1778
1919
1787
2043
1669
1985
1744
2073
1810
1934
1846
1889
1936
1986
1741
1943
1772
1916
1822
1911
1831
2044
1884
1857
1743
2007
1815
1977
1735
1858
1848
2027
1881
1859
1729
2039
1703
1993
1818
2036
1867
2038
1715
1959
1859
2058
1648
2004
1834
2042
1848
2025
1786
2015
1759
1999
1807
1889
1825
2089
1755
1935
1817
1874
1880
1918
1710
1899
1786
1943
1820
1979
1815
1929
1673
2120
1821
2018
1883
1803
1791
2027
1751
2011
1919
2119
1626
2055
1643
2002
1726
1963
1625
2057
1854
1913
1629
2006
1666
1957
1905
1977
1888
2070
1797
1933
1778
1975
1727
2012
1782
2127
1874
1966
1872
2082
1686
2012
1920
2018
1932
1939
1735
1902
1703
2011
1758
1987
1764
2035
1734
2020
1874
1952
1781
2027
1757
1973
1747
2011
1824
1855
1761
2045
1739
1935
1790
2038
1708
2030
1806
1974
1905
1929
1863
2051
1776
2058
1757
1875
1838
1983
1901
2089
1796
2188
1786
2065
1723
2059
1723
2107
1864
2080
1802
1875
1866
1986
1694
2008
1773
1936
1750
2035
1705
1995
1853
1941
1798
1957
1774
2001
1864
2079
1838
1887
1777
2125
1820
1827
1895
2051
1781
2038
1811
1930
1778
2054
1914
1967
1707
1942
1759
1987
1859
2038
1726
2013
1723
1853
1723
1799
1787
1944
1790
1912
1787
2168
1871
1943
1913
1968
1834
2013
1886
2127
1772
1892
1791
1967
1717
1963
1745
2036
1886
2069
1821
1860
1841
2022
1551
2135
1724
1911
1809
1977
1733
2117
1649
2025
1785
2123
1628
1955
1750
2063
1911
1992
1716
2020
1821
1932
1837
1973
1676
1999
1778
1945
1794
2092
1642
2093
1713
2116
1711
2022
1679
1926
1822
1949
1676
1951
1871
2011
1811
1956
1718
1937
1683
2051
1809
2055
1793
1985
1799
1843
1738
2063
1857
2047
1853
2091
1692
1864
1673
2008
1831
1985
1771
1938
1736
1910
1870
2043
1798
1942
1769
2004
1567
1999
1759
1959
1727
1891
1653
1999
1758
2031
1867
1895
1936
1778
1796
2008
1775
1998
1666
2045
1787
1975
1779
1976
1873
1961
1759
2034
1812
1950
1770
1985
1950
1995
1749
2033
1822
2007
1687
1963
1740
1926
1820
1964
1794
2147
1913
1970
1878
1909
1800
1981
1752
1962
1959
1995
1840
1946
1871
2075
1898
1940
1729
2051
1674
2097
1891
1958
1697
1993
1839
2083
1899
1937
1999
1807
1737
1916
1747
2031
1739
2057
1766
2098
1717
2031
1742
1964
1748
2065
1744
1991
1686
1958
1785
1989
1878
1923
1675
2061
1931
2014
1797
1915
1928
2081
1850
1959
1867
2055
1815
1926
1811
1907
1828
2089
1857
1791
1758
1941
1814
1939
1721
1897
1785
1865
1778
1991
1745
2035
1774
2135
1731
1990
1865
1984
1533
1924
1599
1901
1762
1941
1722
2201
1826
1881
1711
2030
1797
1859
1675
1938
1831
1947
1680
2055
1887
1771
1671
1714
1553
1737
1529
1898
1718
2032
1767
1842
1815
1970
1702
1725
1784
1823
1850
1775
1806
1650
1846
1768
1881
1691
1587
1835
1746
1715
1711
1671
1707
1780
1865
1650
1770
1719
1761
1687
1755
1727
1909
1817
1785
1658
1921
1757
1762
1745
1903
1807
2050
1847
1724
1742
1675
1660
1759
1634
1579
1620
1735
1726
1828
1668
1726
1832
1751
1788
1715
1874
1769
1781
1628
1671
1787
1754
1706
1729
1779
1675
1735
1678
1626
1717
1775
1741
1655
1754
1769
1831
1759
1748
1771
1644
1771
1737
1775
1745
1643
1790
1752
1925
1795
1689
1875
1695
1780
1773
1799
1826
1851
1858
1755
1895
1762
1886
1843
1635
1949
1813
1833
1773
1745
1677
1941
1713
1585
1749
1709
1657
1869
1753
1617
1737
1737
1745
1709
1733
1865
1809
1781
1761
1634
1802
1841
1608
1758
1772
1821
1797
1779
1767
1785
1689
1817
1819
1695
1761
1755
1643
1774
1894
1639
1733
1819
1625
1659
1685
1730
1719
1704
1757
1840
1709
1787
1607
1827
1782
1667
1790
1625
1925
1660
1855
1841
1679
1701
1831
1766
1774
1824
1885
1724
1722
1774
1852
1995
1718
1853
1744
1895
1728
1897
1826
1769
1717
1802
1746
1747
1726
1863
1741
1814
1873
1865
1763
1812
1700
1671
1756
1670
1827
1693
1717
1785
1731
2039
1824
1681
1866
1629
1850
1697
1843
1887
1791
1805
1709
1743
1648
1704
1775
1748
1791
1877
1783
1774
1679
1832
1670
1836
1671
1833
1736
1733
1756
1934
1750
1679
1851
1876
1709
1770
1663
1795
1831
1633
1703
1734
1742
1796
1651
1855
1887
1765
1799
1758
1670
1678
1803
1699
1805
1888
1835
1716
1703
1746
1819
1689
1698
1830
1691
1731
1763
1783
1691
1630
1877
1699
1634
1689
1811
1670
1645
1716
1787
1931
1694
1955
1751
1865
1737
1837
1730
1853
1671
1785
1699
1950
1779
1627
1819
1701
1785
1719
1744
1556
1727
1790
1818
1729
1689
1784
1827
1879
1865
1802
1760
1772
1796
1962
1705
1621
1698
1731
1787
1827
1781
1675
1705
1727
1761
1935
1764
1562
1783
1751
1705
1751
1757
1849
1735
1767
1798
1817
1759
1738
1815
1662
1743
1734
1889
1815
1779
1903
1715
1667
1646
1651
1784
1686
1894
1886
1815
1765
1614
2030
1734
1795
1659
1626
1659
1847
1867
1875
1667
1614
1914
1781
1905
1703
1679
1743
1661
1615
1815
1687
1787
1855
1755
1799
1779
1657
1778
1761
1877
1812
1836
1685
1887
1764
1757
1671
1742
1763
1666
1785
1845
1751
1804
1811
1763
1672
1736
1774
1714
1768
1705
1671
1601
1731
1675
1850
1727
1735
1662
1712
1709
1810
1910
1766
1808
1730
1599
1807
1755
1610
1726
1875
1655
1555
1783
1804
1729
1809
1727
1764
1933
1774
1843
1748
1736
1779
1715
1745
1798
1675
1803
1693
1645
1787
1812
1785
1827
1643
1739
1958
1755
1760
1843
1756
1665
1869
1755
1652
1742
1807
1733
1715
1745
1807
1657
1723
1578
1958
1731
1791
1841
1727
1658
1752
1868
1751
1710
1651
1722
1613
1894
1791
1615
1216
1391
1466
1264
1648
1615
