323
555
435
615
391
683
439
723
367
699
559
631
371
667
339
495
455
563
387
667
347
719
447
439
471
647
459
539
251
651
347
715
423
651
547
675
483
495
387
543
451
583
355
543
355
647
463
591
471
583
547
579
451
715
427
527
403
595
419
639
379
603
455
647
431
691
623
623
443
627
407
623
447
595
427
479
611
527
359
559
455
607
487
467
555
635
431
631
475
631
423
619
411
711
307
695
407
559
355
751
415
651
459
727
343
591
283
555
435
723
423
571
527
655
307
587
523
635
463
583
451
579
467
715
443
575
391
651
415
695
443
703
379
583
435
675
447
631
427
739
427
779
379
599
475
703
443
763
383
499
459
519
331
431
407
567
523
619
411
619
607
851
475
659
503
635
531
635
459
587
475
643
427
591
579
619
423
771
339
739
407
539
219
563
519
795
539
575
455
599
447
591
527
659
511
591
439
659
559
727
315
639
443
575
459
687
363
619
355
659
431
715
427
663
355
519
379
579
387
651
403
707
431
747
507
615
387
607
415
623
299
511
475
467
423
619
443
431
487
763
407
563
567
547
263
507
515
583
479
703
431
635
555
491
539
839
383
695
487
627
339
427
395
451
475
583
479
599
403
639
335
587
471
659
535
555
283
535
383
599
371
615
447
619
487
723
539
551
471
719
415
511
447
707
451
603
515
663
519
615
263
663
347
707
427
495
523
667
419
499
423
803
483
715
427
563
427
587
467
667
391
639
375
619
451
771
319
719
395
679
447
559
439
631
523
691
439
647
507
615
387
551
459
687
507
555
415
627
359
563
391
647
299
711
491
659
367
615
495
647
403
631
347
671
315
639
491
575
639
631
451
675
651
635
503
639
519
607
435
519
427
547
375
827
443
679
363
719
391
687
355
571
511
679
407
655
551
619
507
675
299
655
487
631
495
659
327
651
479
547
463
731
339
551
399
799
475
635
539
755
419
539
543
711
555
511
455
531
335
707
339
419
339
591
471
635
359
651
411
719
447
563
527
687
459
711
375
731
419
603
543
591
503
887
539
703
427
455
491
603
447
567
519
619
571
747
635
747
383
495
563
695
327
671
363
699
315
663
583
663
423
627
339
555
527
659
487
607
407
663
563
727
315
619
423
543
415
491
35
255
275
311
119
671
411
639
299
543
367
595
467
419
407
291
411
511
439
411
507
423
419
355
599
507
375
247
411
343
459
367
327
395
399
411
571
447
383
347
347
283
431
435
559
443
503
319
443
579
363
411
519
307
395
399
519
479
455
443
375
443
411
379
387
247
515
339
263
303
359
447
455
315
423
479
419
475
551
523
459
395
399
447
495
435
319
435
515
527
395
387
515
423
419
475
447
415
547
339
375
383
423
535
487
243
375
515
427
343
499
343
611
351
415
339
319
475
403
383
311
343
467
491
339
431
427
371
243
315
451
407
599
287
479
399
399
259
439
315
571
539
359
471
391
315
331
487
467
399
491
359
367
363
367
443
555
399
383
391
535
215
555
395
403
491
435
411
471
431
383
347
435
371
463
455
323
475
519
355
379
487
467
391
387
327
463
507
467
531
327
351
411
391
531
439
347
419
431
339
431
259
403
507
595
355
515
503
423
399
395
407
463
383
419
319
403
431
383
519
455
463
347
455
507
387
475
343
395
479
371
519
403
255
599
315
563
391
611
487
459
395
443
395
547
479
375
395
431
363
343
375
403
511
383
519
295
519
527
479
471
183
375
319
391
399
459
483
327
579
415
359
475
395
451
347
491
539
435
379
447
283
351
391
395
355
471
363
379
355
427
435
559
319
523
367
391
447
359
535
519
363
351
395
399
435
531
363
523
395
371
491
383
327
255
383
415
311
467
387
487
435
307
359
335
503
431
479
383
435
479
335
371
367
555
387
463
427
503
495
359
343
387
403
423
447
543
423
395
435
563
467
403
411
519
415
387
511
327
435
451
367
383
391
539
375
423
367
347
387
591
347
295
375
439
347
339
287
455
427
503
363
439
411
235
319
463
475
547
279
403
467
431
331
479
387
431
427
447
451
419
435
519
307
379
295
307
507
375
331
351
275
407
367
483
399
463
459
435
343
423
363
523
419
443
359
259
399
335
403
435
379
339
371
351
487
311
315
327
319
359
439
367
407
415
359
243
431
491
339
567
375
415
331
387
475
323
399
383
315
447
403
487
415
439
295
455
419
479
467
387
407
511
355
431
371
507
491
415
343
483
467
407
543
459
323
439
467
539
471
391
331
443
403
451
291
379
347
383
423
347
307
259
363
439
291
403
327
347
363
443
407
411
179
271
243
375
247
483
275
387
455
187
139
383
527
