449
539
471
475
394
735
429
611
415
543
495
622
347
603
403
558
463
575
486
639
358
634
407
546
438
519
343
647
470
587
406
719
403
655
427
509
343
447
311
491
367
475
307
627
534
567
426
683
482
599
507
574
399
591
383
671
545
631
387
659
339
565
299
639
490
479
339
566
587
551
234
598
403
774
334
562
419
627
295
706
463
655
475
670
562
702
519
674
359
583
255
635
395
506
481
655
383
646
347
523
363
607
357
454
326
786
347
555
363
543
327
627
419
539
418
539
267
502
435
573
319
595
323
546
386
591
366
663
487
627
463
671
523
759
487
675
375
578
386
579
519
574
462
715
323
675
391
723
385
663
419
471
327
579
458
583
495
551
547
783
374
646
399
379
606
551
391
655
378
615
471
551
447
546
595
631
447
547
290
545
362
494
423
563
427
587
415
683
594
407
381
763
435
561
331
619
542
723
399
546
327
679
599
447
427
546
474
639
414
511
499
551
395
650
459
523
411
611
398
623
335
686
419
571
335
538
507
675
515
679
438
487
363
582
362
603
683
551
442
575
403
471
406
743
278
535
299
587
506
690
471
823
327
551
455
647
458
631
447
715
431
615
319
782
231
527
434
578
458
683
447
615
491
711
451
531
435
611
479
499
438
606
478
567
550
671
414
599
546
499
451
719
451
607
395
491
490
559
371
571
403
699
474
789
423
559
435
731
402
611
399
618
439
631
418
499
453
559
399
714
419
703
487
595
503
719
379
538
403
559
367
586
499
623
477
443
554
705
442
603
434
714
235
710
415
651
351
591
423
543
406
646
422
673
475
643
307
515
371
799
470
591
527
663
467
483
403
527
447
634
471
711
411
739
563
599
391
611
359
787
279
682
479
602
571
709
423
643
525
681
459
542
386
558
319
519
499
554
419
647
427
499
415
562
347
631
343
538
237
543
458
658
427
638
547
571
563
651
482
643
474
650
411
478
386
655
407
450
470
611
407
706
347
571
383
547
415
623
487
654
454
534
262
654
470
615
407
491
459
587
431
715
378
678
367
635
511
619
375
555
427
607
459
579
470
683
482
679
331
546
530
547
519
703
419
751
423
639
430
715
458
739
499
723
427
719
383
611
483
563
430
735
451
523
495
663
382
510
83
359
211
351
47
535
439
587
399
531
379
651
371
247
470
374
374
383
395
267
353
351
451
382
474
347
338
589
439
542
391
455
319
466
503
522
382
378
195
423
327
266
397
391
471
375
451
491
371
386
371
366
375
389
266
291
345
427
391
535
307
378
431
323
431
346
355
370
479
203
287
283
379
418
443
238
530
467
479
371
311
483
315
514
367
378
399
457
466
279
343
279
411
351
310
455
319
487
447
345
279
235
443
407
255
475
443
363
238
407
519
475
359
373
450
431
495
457
391
315
286
399
503
455
415
430
247
462
343
394
450
285
371
422
374
299
423
379
347
299
522
330
433
539
446
367
359
305
326
407
327
439
415
391
223
327
363
307
367
311
406
507
435
403
407
426
455
271
343
387
378
375
535
363
351
351
518
459
215
394
419
182
351
357
439
295
235
315
303
459
310
439
318
411
363
323
479
367
263
203
391
343
570
402
291
379
375
431
571
411
519
419
375
462
339
251
499
403
303
431
338
427
331
259
438
477
506
299
395
354
215
438
435
335
319
379
455
331
418
390
363
370
359
410
567
426
427
275
263
475
491
306
398
562
527
323
279
411
423
403
387
267
510
386
415
463
367
463
262
446
470
355
397
358
287
283
522
255
355
415
307
426
459
474
447
410
423
443
426
303
351
393
303
398
307
367
450
339
451
355
371
415
527
375
371
354
363
351
343
382
467
315
315
402
446
395
391
419
443
275
363
379
414
427
343
243
338
339
386
343
350
319
363
235
419
431
207
415
407
454
398
407
279
387
491
333
541
375
274
347
343
335
395
471
362
423
386
419
323
242
391
439
322
295
313
327
507
307
367
375
270
403
299
387
423
379
458
479
351
447
355
515
375
351
478
366
399
422
295
266
383
319
327
362
411
407
319
379
434
326
471
331
414
435
479
327
478
490
495
427
462
207
359
465
471
479
459
402
307
535
418
290
279
355
363
391
379
299
466
325
455
427
451
282
326
303
353
323
359
435
450
435
391
393
395
374
391
319
470
427
523
371
475
311
451
234
267
247
410
483
235
459
439
490
363
347
295
374
347
359
518
387
371
363
387
511
479
335
475
475
391
342
379
427
359
506
282
287
485
275
315
215
430
423
345
423
291
310
343
430
482
251
521
357
251
387
371
351
283
399
423
563
214
262
263
367
295
458
387
527
543
146
487
227
611
339
