463
575
527
607
419
555
415
671
327
467
535
611
443
623
503
475
443
647
427
607
423
663
351
619
431
619
367
647
343
519
331
659
263
579
363
487
347
591
455
611
383
531
335
523
387
731
383
555
315
643
391
615
251
555
443
546
259
679
471
719
427
539
475
655
395
587
427
639
363
571
335
651
387
663
415
575
475
551
363
515
575
695
435
559
263
551
323
559
343
635
303
635
403
579
459
771
527
623
479
603
387
627
487
739
463
623
431
603
415
643
343
655
475
695
419
751
323
607
467
631
331
551
259
479
411
527
375
563
399
607
387
751
315
591
483
699
255
507
375
623
299
591
247
639
347
491
371
659
291
615
583
739
559
675
507
654
335
575
419
563
367
615
431
491
535
559
399
627
403
579
367
627
407
539
371
719
323
611
343
451
339
647
287
595
495
459
367
539
323
591
355
663
683
499
359
535
343
539
367
563
459
547
415
587
407
627
311
619
627
603
359
563
318
551
415
631
379
523
483
635
255
563
459
715
379
747
563
711
459
563
203
527
363
603
431
615
327
423
407
683
359
607
395
711
271
571
471
607
419
503
327
623
351
651
399
651
539
551
531
763
426
647
487
499
463
587
603
550
367
675
567
619
267
711
399
803
391
699
339
551
187
623
387
571
391
611
387
687
415
527
315
575
415
835
491
575
279
651
383
667
463
631
383
767
391
611
291
531
427
727
407
679
367
715
479
495
411
679
427
859
383
583
367
635
347
539
563
823
427
511
459
743
371
423
303
547
331
499
455
599
431
683
423
623
419
447
519
627
431
555
299
683
415
407
379
595
475
499
371
695
455
607
431
607
347
779
435
547
447
731
363
743
487
703
299
575
411
559
403
639
223
543
439
627
383
551
487
619
475
635
203
547
359
639
375
727
299
615
339
591
439
739
455
575
355
627
275
555
359
603
315
735
387
579
403
555
227
679
627
515
355
571
527
703
335
683
327
547
299
695
355
671
475
551
483
703
547
691
383
631
387
527
419
667
271
575
467
567
330
655
343
675
411
711
403
647
371
595
523
563
387
599
431
715
471
615
543
711
487
559
407
531
363
755
519
583
427
467
411
783
271
667
503
563
403
623
327
667
179
503
287
679
519
471
479
619
507
451
103
207
99
155
0
483
287
555
491
607
431
547
383
311
407
439
331
223
447
315
323
275
391
195
443
235
275
411
515
327
471
323
379
411
211
391
275
499
439
463
447
411
419
307
523
315
435
307
359
363
447
243
387
343
459
395
423
395
383
275
443
395
519
391
403
419
467
383
527
359
347
347
439
339
375
363
287
339
483
307
435
211
407
347
179
303
315
359
443
427
375
347
431
395
474
255
411
299
323
423
375
439
499
431
411
351
263
411
395
367
359
299
371
367
299
359
487
379
367
355
343
331
543
427
375
479
607
455
471
387
615
435
603
627
619
379
583
403
327
371
483
455
487
555
511
263
391
311
355
295
391
323
303
427
483
303
347
311
319
407
339
371
387
247
355
355
407
331
419
343
435
387
419
495
311
295
367
219
343
479
323
359
359
283
499
119
299
515
411
379
427
455
531
367
347
375
267
311
263
351
395
307
303
315
323
319
343
467
279
263
387
327
307
323
467
375
283
331
527
335
223
351
307
307
307
383
459
327
391
387
479
459
383
259
419
339
479
403
467
271
499
355
435
315
339
315
347
251
199
443
235
203
311
479
511
435
483
355
463
367
375
307
443
411
283
339
331
335
343
395
339
447
287
247
299
395
395
391
315
535
487
275
407
463
471
279
371
239
407
215
503
459
359
259
463
567
507
435
407
235
263
263
431
394
467
263
355
347
435
375
375
303
431
551
307
375
347
323
487
419
407
243
387
303
219
371
379
367
311
311
351
371
439
395
371
430
163
375
447
331
359
255
603
359
407
275
439
299
383
383
411
375
191
451
391
175
411
407
451
327
311
315
255
395
383
351
339
439
443
370
423
343
235
291
427
387
391
295
263
435
391
363
391
379
419
507
307
295
307
343
547
351
271
335
427
331
319
299
471
371
387
471
447
475
307
263
371
335
391
415
487
363
315
347
419
219
395
315
447
207
299
299
327
319
315
319
451
359
499
327
443
383
287
387
403
215
379
363
319
427
407
319
363
319
435
387
343
423
451
415
415
379
335
259
459
443
303
351
407
507
367
435
323
407
527
431
351
339
303
411
379
363
323
407
375
459
315
395
311
303
331
411
411
491
375
283
219
379
363
367
479
227
523
379
463
323
387
403
375
503
343
303
487
291
367
399
351
299
395
511
395
347
279
275
571
351
339
315
363
323
319
27
359
603
527
723
