711
903
535
755
575
883
530
839
506
863
651
919
639
931
687
771
651
931
669
891
663
845
639
811
462
695
571
855
438
891
509
899
555
727
691
870
511
715
571
774
451
807
450
671
507
914
683
813
609
842
626
810
590
867
803
787
579
771
635
759
634
875
611
839
703
870
695
903
615
819
467
782
623
841
651
863
643
827
799
943
686
945
575
995
547
794
631
857
658
807
487
883
710
854
695
883
590
783
719
966
583
902
443
833
639
699
631
771
579
675
582
757
698
923
662
767
607
797
566
799
635
738
567
682
590
787
629
803
770
794
743
838
590
839
583
1026
619
822
806
767
746
767
583
835
626
826
611
851
619
955
557
770
583
775
591
867
619
739
561
715
643
759
678
807
467
783
742
969
482
835
479
855
646
914
571
783
554
797
659
837
575
847
591
903
551
747
591
815
595
833
639
966
515
771
641
827
751
743
547
911
603
779
591
835
651
935
534
871
463
703
686
811
506
743
521
807
602
863
657
807
550
785
665
963
579
798
731
795
731
687
602
858
659
819
542
731
650
755
679
898
639
799
774
787
707
690
751
721
474
833
571
735
722
779
631
899
467
806
631
935
607
835
530
819
635
775
691
807
470
771
567
889
575
811
623
903
618
695
678
795
666
850
523
731
382
859
602
895
511
725
683
763
631
755
726
915
555
791
763
842
567
815
695
923
663
855
735
814
451
726
519
827
625
775
670
669
619
766
566
927
665
839
655
781
626
667
774
802
619
835
689
791
658
739
687
942
697
919
781
849
597
771
675
819
505
787
687
997
475
799
562
865
613
775
542
739
622
821
503
827
567
695
642
799
527
831
615
963
595
699
751
918
753
687
698
935
702
805
683
763
703
799
491
897
687
859
687
999
527
631
563
730
593
923
639
811
491
850
623
782
666
882
571
727
634
933
751
781
629
799
551
815
623
891
731
794
613
839
631
807
714
771
526
691
535
751
575
687
631
795
591
819
630
715
467
887
575
794
597
799
563
799
567
842
583
711
587
959
619
687
643
839
563
730
579
811
519
703
695
791
635
803
575
867
631
807
643
815
615
799
623
870
613
654
667
831
623
899
651
870
523
738
471
931
655
793
714
782
682
751
575
755
503
739
587
739
662
643
247
623
339
467
159
877
487
703
615
919
546
699
507
602
651
583
591
571
607
610
721
643
527
547
395
631
479
415
495
577
551
514
487
519
575
593
494
643
579
675
562
411
619
487
591
631
613
695
647
575
607
522
518
794
523
639
567
425
645
578
482
575
690
635
405
630
703
611
611
551
739
565
602
525
571
495
610
579
458
625
511
691
683
699
550
611
723
530
633
439
661
591
411
613
591
523
674
487
443
531
527
593
711
550
419
523
627
735
539
483
654
590
583
550
538
515
450
515
643
391
578
627
689
598
547
466
579
570
586
483
623
547
513
514
695
582
651
583
642
670
455
543
603
706
627
717
555
631
479
523
567
585
598
571
587
519
519
567
519
630
743
619
783
535
486
635
430
506
717
582
515
531
579
498
631
487
651
599
703
439
526
635
747
563
575
603
623
691
619
479
546
679
735
559
599
541
702
723
635
485
731
455
443
551
643
618
663
623
751
597
574
603
434
515
635
594
487
543
619
723
579
586
491
571
635
579
495
509
599
479
619
559
623
602
595
639
435
498
559
487
515
519
575
518
494
534
455
707
558
519
639
650
690
615
599
691
699
646
650
579
603
589
470
439
591
575
587
607
635
550
483
523
663
482
727
539
494
546
641
447
750
583
615
646
519
579
435
507
559
486
591
595
591
535
711
547
607
583
447
711
654
587
587
555
791
691
526
645
589
619
667
551
549
566
563
706
551
627
639
575
551
459
571
607
545
583
739
535
571
490
525
655
515
511
551
530
534
643
585
611
611
639
687
563
502
543
451
606
398
542
627
611
753
543
690
606
630
707
666
523
662
683
398
499
463
483
733
551
547
535
651
630
611
423
533
502
747
675
606
390
475
739
570
599
519
566
571
503
574
446
503
543
695
491
623
715
635
483
435
490
614
567
603
603
498
639
659
591
543
553
575
597
581
661
575
535
437
575
635
615
603
510
423
610
750
766
579
526
543
551
697
627
727
487
547
691
491
537
646
483
579
567
798
503
543
671
635
591
423
530
490
605
514
547
489
607
579
503
571
503
650
499
751
631
631
671
663
551
631
587
598
579
583
523
539
563
643
767
477
619
495
462
735
343
587
503
583
659
531
471
735
689
599
495
635
602
543
550
631
511
690
546
571
563
530
571
519
555
699
458
647
591
414
551
495
521
598
559
602
659
378
395
0
578
602
682
