447
603
419
599
395
567
275
571
335
511
347
551
375
603
431
571
459
527
371
619
403
595
427
591
347
431
359
503
507
543
383
671
343
643
415
447
523
567
483
547
423
467
407
655
295
539
531
787
435
587
367
415
435
695
335
487
339
579
347
699
287
503
331
619
315
631
423
587
451
671
459
527
451
491
395
719
375
611
435
591
347
607
447
643
351
555
347
647
319
575
399
639
371
495
419
463
423
567
435
503
379
535
391
639
391
587
339
491
467
467
495
459
403
599
403
439
391
643
287
575
423
599
367
659
311
635
303
647
299
531
515
495
283
579
423
479
483
695
427
575
387
519
467
595
395
575
511
447
451
523
387
535
359
599
271
555
311
499
391
639
371
667
499
547
507
643
431
591
391
463
543
555
291
651
339
343
375
471
347
551
359
743
387
655
383
359
379
559
355
471
447
467
339
691
367
543
575
511
499
595
371
579
299
571
475
523
371
603
399
651
347
539
339
515
431
715
307
579
459
515
391
471
483
687
339
591
487
519
511
503
331
671
407
575
395
583
323
635
463
723
399
599
411
707
323
607
383
511
319
475
327
563
411
503
307
711
403
655
519
647
411
515
283
487
423
583
487
595
391
671
487
727
303
651
471
619
427
575
347
783
363
591
295
459
343
511
367
579
559
599
403
627
311
503
375
647
347
347
395
575
435
491
391
531
391
567
331
615
311
591
363
439
399
439
387
511
379
527
187
567
491
627
331
579
451
491
387
479
475
543
343
487
415
515
455
607
571
567
279
711
483
615
359
635
355
523
591
595
547
631
303
683
411
523
463
587
363
599
427
543
503
543
387
411
339
563
419
527
315
551
407
511
431
555
291
623
395
483
391
615
335
539
475
667
559
607
395
667
491
583
327
647
371
619
463
623
271
703
295
639
419
719
403
535
351
663
519
495
311
551
379
595
347
651
363
607
411
703
415
639
371
483
555
531
515
643
423
699
439
527
447
623
463
443
367
579
447
555
527
583
419
579
319
639
427
515
391
655
515
615
327
559
423
623
455
611
359
415
451
655
411
655
387
551
419
659
323
519
419
587
515
639
395
559
331
515
411
659
443
603
523
507
307
659
343
699
351
519
287
555
547
527
251
615
367
603
343
411
103
307
0
291
103
539
431
415
459
571
499
615
307
411
395
427
319
435
383
271
275
315
255
451
359
331
291
343
319
363
579
391
471
307
419
215
251
371
479
347
255
331
431
327
387
351
447
403
519
355
383
267
283
287
455
271
347
379
411
231
411
399
327
347
259
327
407
327
223
311
315
371
351
431
319
435
399
399
327
335
455
291
327
347
279
331
311
239
367
335
311
427
283
455
355
371
443
195
331
355
319
247
371
231
375
387
339
291
415
343
459
331
287
367
403
491
315
175
379
323
455
315
247
387
259
319
339
427
363
331
443
355
419
191
491
447
287
395
371
347
319
375
499
383
355
339
503
291
379
371
359
439
411
299
463
299
383
339
371
419
307
187
411
403
195
287
275
287
311
459
491
371
307
387
403
475
463
315
491
427
379
403
347
351
459
275
559
271
351
403
319
347
343
311
403
211
355
263
339
287
291
375
471
335
335
383
455
371
263
351
387
455
283
347
351
367
407
431
503
315
275
427
427
407
251
451
343
359
263
191
283
335
239
387
391
383
415
447
331
435
363
447
303
339
507
335
379
231
351
251
407
391
343
307
415
483
331
607
379
303
351
299
191
339
319
275
291
379
303
395
403
439
467
231
427
363
399
271
459
359
283
439
319
283
427
295
391
355
359
215
259
275
363
275
331
431
387
263
331
363
267
327
315
375
343
351
355
347
355
263
363
355
347
339
339
375
331
279
471
467
267
399
387
335
511
371
279
363
307
191
351
319
215
311
395
415
387
343
331
271
391
331
399
451
415
255
351
263
371
367
343
343
359
435
323
459
383
367
267
343
411
419
463
383
431
203
335
439
471
383
363
311
347
367
483
331
499
379
267
383
331
267
375
319
459
363
359
411
355
279
371
263
391
259
283
323
351
495
299
275
303
323
411
295
323
279
335
323
363
339
527
399
407
487
419
355
379
339
355
387
359
263
527
211
347
223
527
391
383
363
347
323
299
443
319
451
355
355
303
323
379
379
363
395
275
307
359
411
467
315
475
379
459
219
403
367
279
387
251
371
299
295
399
323
231
335
331
259
367
299
319
299
471
219
515
267
347
391
351
279
343
275
299
379
287
243
359
283
347
339
359
315
331
363
435
283
455
551
327
467
363
131
375
479
195
319
323
343
219
367
411
227
167
383
283
283
459
303
399
343
335
179
519
515
403
771
