455
488
321
570
303
513
275
578
308
507
261
499
235
405
283
498
285
533
253
480
254
530
195
501
244
325
283
582
239
626
291
514
410
539
346
466
387
530
286
415
247
545
335
458
238
449
367
571
286
523
338
604
291
369
239
439
289
508
381
539
342
446
214
546
314
585
338
473
291
539
286
617
306
421
321
475
139
547
211
490
370
485
302
635
116
583
359
469
177
392
207
494
237
519
335
524
318
475
345
572
404
511
400
576
267
401
377
642
306
510
346
455
259
461
290
511
256
527
297
557
362
431
263
389
315
649
192
484
256
641
323
639
139
519
413
481
205
562
139
513
307
426
346
611
274
583
505
366
383
495
383
477
175
557
471
608
237
357
267
591
238
455
359
467
265
493
347
574
427
426
343
334
264
446
135
533
287
447
303
543
378
538
543
492
321
597
347
503
345
423
234
574
279
421
395
562
392
493
279
580
309
315
329
555
279
502
343
561
316
483
367
501
411
519
235
658
252
466
272
579
259
469
345
609
235
503
371
470
263
421
155
538
200
382
282
542
301
635
495
576
283
565
336
575
276
551
230
462
381
506
197
426
286
512
241
653
447
383
389
550
234
463
303
533
395
424
503
628
453
405
476
398
314
629
101
501
404
473
311
578
337
580
386
515
377
507
292
542
327
543
235
584
377
707
201
563
186
535
407
524
280
502
361
414
285
592
522
585
219
582
323
474
368
539
221
537
348
517
179
489
335
475
403
623
330
633
323
585
286
634
362
524
334
519
337
419
287
525
390
507
253
511
235
699
319
575
273
566
238
452
269
481
343
534
399
487
191
544
346
415
264
604
358
690
420
535
366
441
309
551
431
487
221
473
419
507
374
591
209
663
319
533
354
510
222
579
285
512
341
478
301
553
110
417
392
506
267
465
363
574
213
660
393
467
309
559
250
447
405
434
215
549
386
544
187
484
281
681
392
507
354
489
271
467
231
448
516
529
307
424
303
599
259
446
439
315
277
640
334
490
253
530
282
482
354
422
379
475
439
608
328
508
326
365
221
484
424
517
446
556
351
382
350
491
173
545
427
676
347
647
405
410
358
510
238
467
365
488
147
504
297
454
332
633
199
449
275
514
314
653
235
414
284
542
248
394
267
307
37
270
19
143
58
619
287
613
314
488
309
498
373
329
322
279
235
267
290
354
346
327
371
176
118
413
223
247
345
243
411
317
278
279
245
235
231
288
288
116
271
141
385
254
325
279
514
194
260
162
406
193
216
203
171
321
342
149
303
151
312
290
559
326
294
289
398
237
309
157
311
335
211
340
113
307
289
453
326
202
263
325
258
259
245
477
235
323
212
241
298
183
199
309
322
262
261
294
208
297
199
242
366
412
231
236
268
322
323
365
285
381
377
237
303
199
275
142
429
273
357
317
341
261
245
397
249
325
237
325
317
153
445
269
233
229
229
237
337
309
445
245
152
237
375
214
354
259
204
275
378
225
287
365
258
417
338
235
213
346
236
318
319
233
398
348
216
290
267
258
251
258
363
260
334
282
319
246
330
294
250
283
366
182
349
242
224
69
293
210
281
253
239
264
306
339
167
333
406
226
359
239
267
247
273
283
257
225
349
219
219
344
246
250
217
359
263
259
283
357
155
165
279
203
434
384
246
177
211
307
225
238
276
255
175
158
246
339
274
269
196
362
201
289
322
331
333
175
260
384
301
404
246
313
481
227
294
272
332
370
298
205
279
251
275
217
306
429
257
294
456
263
215
443
259
277
355
159
157
394
340
186
282
337
133
299
364
347
320
268
245
215
368
101
505
275
313
202
331
256
397
419
231
333
311
300
351
138
255
323
262
287
331
287
460
195
247
319
310
331
221
215
275
273
292
245
298
274
91
261
330
443
181
291
231
351
224
283
307
359
307
351
235
199
294
337
245
146
306
405
367
211
269
271
338
257
228
294
179
271
370
286
283
274
255
174
262
231
127
332
422
301
383
198
259
242
261
303
250
319
261
282
367
385
252
293
254
187
293
316
260
315
307
209
230
223
439
203
285
334
278
238
310
210
255
301
330
391
350
178
331
251
313
243
317
354
348
199
383
192
247
207
306
365
122
207
303
235
339
311
312
309
349
419
329
295
289
297
205
346
146
204
209
414
347
175
352
347
337
263
474
274
318
249
207
237
130
176
311
301
191
327
377
306
319
375
318
261
203
293
362
249
296
186
401
201
359
411
226
255
171
260
351
243
345
426
423
173
126
272
311
211
183
369
336
304
331
291
202
168
239
163
241
176
281
362
310
338
317
171
356
297
271
209
283
271
185
197
409
217
593
644
768
753
730
891
