495
723
375
483
375
535
423
595
251
575
383
487
455
591
367
527
475
699
499
415
419
651
351
679
407
487
507
727
391
567
451
659
435
663
415
599
451
611
419
639
407
511
551
743
263
579
435
687
451
571
315
739
395
507
559
659
439
655
519
615
459
603
579
663
303
603
403
799
467
699
539
591
375
475
399
539
451
699
407
771
527
695
355
747
403
631
463
623
279
635
307
423
363
535
447
527
379
547
495
703
391
455
347
571
391
623
335
655
483
675
555
579
371
543
415
575
475
575
503
759
483
571
403
711
303
579
523
559
327
679
403
711
503
555
515
635
455
715
355
531
351
655
239
591
415
607
387
659
463
691
403
707
435
611
471
687
323
611
495
759
399
599
383
639
483
643
299
559
339
547
519
463
307
475
511
767
470
515
403
651
387
591
435
503
343
527
435
635
483
583
391
683
371
575
331
707
374
583
451
555
443
555
587
647
315
587
239
587
487
807
391
659
303
759
415
711
375
471
387
731
459
615
483
707
455
635
435
575
411
683
395
595
439
535
375
639
455
715
539
655
423
691
451
579
543
587
315
507
327
567
483
599
459
587
415
807
555
559
503
635
283
583
399
695
343
551
439
611
351
587
467
615
367
731
435
563
447
659
467
687
371
531
379
539
431
603
383
579
431
691
463
587
327
591
419
643
499
607
439
575
391
595
351
751
411
715
407
639
471
575
399
747
443
535
483
519
359
491
567
611
355
507
519
655
383
535
467
531
491
543
359
731
447
551
407
551
531
591
339
547
391
687
255
619
451
587
415
543
431
567
471
491
375
607
423
687
347
639
415
575
347
647
339
671
439
523
415
663
403
623
419
587
443
707
451
667
367
591
363
555
359
531
359
659
515
527
547
735
355
639
347
751
382
487
431
559
435
443
603
683
435
699
331
759
399
687
391
655
323
559
367
735
379
507
411
791
431
619
503
651
455
519
523
527
283
603
383
583
395
639
487
611
283
591
535
651
451
615
435
575
403
603
307
567
515
603
411
575
391
627
527
595
435
491
459
507
431
687
439
627
303
691
435
714
399
419
343
755
491
471
479
403
491
603
319
539
367
563
455
631
467
699
359
731
471
707
395
623
235
671
442
671
439
635
467
683
319
519
47
327
123
339
259
603
359
615
199
583
331
631
343
163
487
475
519
407
299
499
267
291
503
423
431
323
439
275
415
339
379
399
375
327
367
315
351
319
547
267
283
427
519
315
411
395
295
443
387
443
319
427
335
571
527
343
243
375
331
447
387
307
379
367
279
451
427
447
455
347
379
131
291
219
323
395
519
439
411
407
543
307
483
411
483
355
463
267
495
403
431
307
391
183
403
491
471
319
371
427
443
519
319
451
307
371
391
471
371
247
355
523
207
483
359
499
447
299
279
311
275
455
475
323
483
403
451
387
507
343
307
403
355
615
331
243
455
335
419
407
375
399
415
347
359
399
343
443
319
403
447
427
507
271
327
319
355
331
351
311
395
243
459
279
383
391
447
403
279
307
443
367
455
331
523
443
419
367
515
391
239
223
411
539
235
403
287
259
439
379
379
519
215
523
371
415
335
371
443
499
299
539
395
331
387
327
474
435
335
331
427
423
359
394
387
419
467
287
511
343
439
307
303
343
399
243
423
287
443
499
487
323
323
267
399
571
387
315
367
375
407
283
323
435
307
311
439
459
415
375
407
351
491
471
523
467
391
611
363
443
351
295
447
439
523
423
371
359
295
407
435
347
479
351
219
319
439
427
335
399
403
367
467
391
271
311
463
379
455
391
435
515
515
410
479
451
443
447
455
235
487
331
407
359
519
295
347
447
419
359
331
331
311
531
359
443
571
387
511
359
519
403
327
323
431
515
411
347
419
371
375
443
463
463
367
407
371
367
471
399
359
399
351
279
311
387
467
363
347
323
447
455
727
599
351
459
391
507
399
199
431
211
451
459
351
423
451
415
367
375
463
327
367
407
431
271
367
383
435
439
483
399
335
519
287
303
311
347
571
495
462
299
427
439
339
355
275
487
355
443
527
315
423
358
443
359
591
455
303
315
387
427
351
347
523
359
427
359
455
323
251
419
295
519
307
271
523
383
435
447
351
379
335
507
195
415
403
315
375
307
367
391
415
347
419
539
379
358
383
447
379
347
407
187
443
343
431
391
387
347
299
539
375
267
379
267
467
199
387
339
535
335
519
467
427
339
355
367
527
523
403
319
371
307
411
399
351
455
431
223
351
451
459
515
303
439
495
491
471
427
371
399
395
339
467
379
471
431
487
423
455
447
263
291
315
423
347
335
287
411
667
667
455
131
371
839
