1739
1987
1851
2095
1799
1819
1639
1927
1763
2003
1667
1967
1775
1999
1831
1863
1835
1951
1807
2063
1615
2003
1723
2051
1835
1871
1727
2091
1763
2011
1839
2127
1675
1967
1783
1951
1679
1939
1791
2055
1779
1915
1655
1927
1619
1943
1795
1903
1707
2063
1699
1967
1751
1931
1699
1983
1815
1943
1719
1915
1587
2071
1811
2011
1707
1839
1695
1999
1763
1883
1771
2131
1771
1903
1851
1903
1771
1823
1775
2027
1691
2027
1911
2075
1823
1839
1695
2175
1643
1975
1679
2015
1787
1883
1759
2059
1715
1999
1711
1895
1787
2027
1939
2071
1899
2003
1659
1943
1963
1911
1783
2043
1831
1995
1723
1875
1699
1935
1739
1943
1775
2007
1803
1987
1623
1975
1615
1895
1743
2063
1767
1983
1743
1951
1595
2027
1883
1903
1703
2103
1735
1871
1775
1819
1907
1939
1851
1955
1751
1999
1743
1943
1799
2011
1775
1907
1727
1955
1751
1919
1855
2039
1939
1911
1739
2075
1755
2147
1775
1979
1783
1951
1731
1847
1799
2107
1807
2011
1935
1975
1727
1999
1735
1899
1695
1903
1735
1951
1815
2007
1847
1967
1827
1939
1627
1983
1715
1967
1859
1899
1683
1951
1799
1899
1863
1815
1843
1999
1775
1975
1807
2015
1795
1935
1823
1851
1731
2055
1767
1935
1799
2015
1839
1895
1631
1911
1923
1947
1635
1991
1771
1891
1715
1879
1731
1955
1659
1967
1819
1987
1819
1967
1747
1907
1755
2039
1779
1971
1567
1895
1779
2075
1815
1779
1851
1931
1639
1731
1775
1759
1727
1903
1787
1963
1807
1875
1799
2079
1799
1915
1807
1935
1639
2063
1859
1999
1747
1999
1791
1943
1719
1807
1719
1855
1787
1959
1715
1915
1759
1859
1843
2087
1711
1835
1927
1975
1703
1867
1775
1931
1571
1991
1907
1811
1655
1995
1703
1907
1727
2019
1775
1939
1803
1879
1719
1903
1695
1771
1687
1943
1727
2039
1883
1943
1723
1947
1795
1923
1715
1959
1683
1955
1871
1839
1815
2071
1723
2099
1727
1987
1775
1911
1819
1927
1727
1871
1787
2087
1735
1923
1651
1879
1867
1943
1799
2067
1567
1975
1655
1983
1783
1847
1827
2031
1755
2043
1715
1947
1779
1919
1787
1891
1787
1899
1807
1959
1883
1871
1719
2023
1595
1875
1767
2031
1859
1967
1835
2031
1747
1907
1763
2035
1631
1967
1743
1919
1719
2095
1887
1899
1647
1991
1927
2091
1771
2019
1823
2051
1887
1931
1803
1987
1715
1831
1755
1915
1767
1899
1707
2007
1647
1955
1875
1951
1723
2031
1703
1983
1735
2079
1667
2003
1783
1995
1779
1815
1675
2087
1791
2075
1663
1927
1823
2015
1811
1915
1695
1987
1735
1923
1763
2015
1779
1895
1731
1847
1691
1723
1647
1963
1923
1991
1759
1935
1799
1891
1751
2027
1731
1899
1699
1859
1751
1903
1887
2155
1771
1847
1943
1995
1663
2023
1895
1987
1735
1995
1759
1995
1731
1959
1811
2039
1719
1875
1831
1939
1767
1771
1471
1751
1475
1623
1355
2039
1755
2055
1743
1823
1591
1927
1883
1807
1691
1635
1795
1923
1871
1759
1475
1599
1635
1687
1807
1699
1743
1723
1831
1791
1739
1631
1775
1643
1643
1563
1751
1687
1887
1603
1667
1803
1711
1823
1743
1687
1811
1679
1783
1579
1719
1639
1827
1743
1819
1771
1631
1643
1751
1839
1691
1695
1719
1783
1555
1831
1831
1731
1631
1783
1747
1691
1707
1635
1799
1611
1671
1531
1731
1827
1767
1687
1679
1771
1827
1687
1579
1683
1735
1731
1775
1843
1767
1659
1675
1691
1623
1679
1619
1743
1687
1735
1891
1747
1763
1659
1795
1831
1855
1611
1727
1847
1687
1895
1883
1643
1655
1719
1707
1539
1759
1543
1603
1471
1707
1707
1783
1571
1795
1723
1659
1583
1683
1643
1651
1499
1815
1615
1783
1623
1735
1639
1639
1783
1651
1611
1855
1547
1859
1687
1671
1723
1687
1659
1819
1787
1719
1883
1803
1847
1791
1731
1687
1751
1723
1655
1723
1747
1699
1627
1719
1735
1703
1851
1875
1763
1783
1759
1783
1655
1631
1679
1795
1779
1835
1739
1667
1715
1755
1735
1691
1615
1635
1639
1595
1751
1719
1695
1819
1727
1671
1583
1743
1691
1723
1643
1827
1819
1899
1807
1767
1635
1803
1787
1635
1803
1719
1763
1771
1715
1671
1691
1691
1679
1931
1763
1679
1851
1727
1635
1695
1743
1719
1679
1795
1743
1835
1679
1691
1887
1691
1663
1711
1599
1655
1871
1879
1595
1619
1643
1807
1551
1603
1775
1787
1647
1739
1863
1815
1667
1811
1603
1683
1699
1755
1663
1719
1675
1711
1691
1679
1799
1663
1547
1839
1771
1711
1651
1731
1671
1679
1655
1735
1703
1783
1791
1815
1839
1787
1735
1639
1839
1603
1823
1667
1711
1663
1547
1735
1719
1791
1739
1891
1683
1683
1779
1775
1771
1675
1603
1871
1779
1591
1703
1759
1699
1655
1603
1763
1767
1863
1611
1887
1831
1643
1731
1791
1731
1771
1663
1691
1731
1599
1731
1811
1799
1675
1623
1715
1751
1787
1851
1763
1843
1783
1639
1835
1923
1595
1755
1695
1687
1839
1683
1939
1703
1675
1667
1827
1751
1739
1683
1643
1667
1851
1655
1803
1787
1755
1691
1835
1787
1731
1731
1631
1599
1699
1759
1767
1711
1819
1847
1851
1803
1711
1675
1739
1779
1639
1671
1679
1631
1771
1739
1775
1619
1795
1703
1763
1691
1823
1607
1767
1775
1723
1759
1875
1735
1703
1871
1811
1631
1787
1775
1683
1659
1783
1659
1827
1691
1835
1615
1659
1723
1695
1723
1739
1723
1811
1851
1667
1823
1779
1723
1727
1695
1723
1807
1635
1587
1699
1743
1571
1615
1699
1803
1823
1823
1743
1751
1615
1695
1683
1771
1827
1671
1707
1767
1659
1579
1827
1651
1779
1739
1895
1771
1687
1799
1783
1719
1619
1583
1759
1715
1791
1795
1707
1615
1823
1783
1807
1731
1875
1787
1659
1687
1647
1699
1731
1847
1767
1755
1731
1831
1771
1807
1779
1787
1667
1767
1767
1607
1815
1811
1663
1575
1855
1711
1659
1627
1775
1719
1779
1779
1703
1683
1639
1735
1819
1663
1511
1551
1735
1615
0
1643
