1923
2099
1854
1999
1906
1918
1758
2039
1839
1783
1763
1946
1911
1943
1867
2001
1895
2039
1758
1882
1963
2115
1889
1971
1691
1915
1823
2035
1859
2151
1867
2019
1877
1966
1843
2043
1879
2086
1739
2026
1871
2173
1783
2010
1955
2001
1923
2086
1963
2022
1815
2019
1778
2070
1686
2031
1769
2018
1867
2162
1733
1983
1755
2051
1862
1942
1783
2135
1803
2115
1773
2157
1966
2014
1867
2069
1795
2005
1803
2133
1789
1975
1701
2067
1826
1946
1839
2007
1883
2127
1898
2027
1735
2031
1811
2177
1811
2063
1899
1949
1831
1859
1831
2051
1901
2133
1826
1963
1974
1993
1853
2057
1925
2021
1830
2079
1970
2075
1783
2131
1706
1971
1697
2031
1791
2027
1887
2111
2019
2015
1803
2086
1790
2117
1815
2023
1927
2014
1790
2018
1870
1951
1783
2083
1839
2023
1891
2047
1919
1978
1814
2109
1783
1950
1955
1983
1829
1955
1907
2107
1743
2090
1899
2058
1865
1962
1787
2110
1962
1885
1834
2010
1779
2015
1787
2095
1693
2146
1975
2063
1778
2107
1887
1987
1683
2055
1879
2046
1843
2115
1726
2177
1965
2115
2027
1951
1907
2031
1863
1890
1947
2049
1787
2031
1767
2054
1791
2027
1991
2186
1826
2086
1833
2091
2006
2123
1962
1987
1935
2058
1771
2018
1943
2093
1834
2027
1871
2175
1849
1985
1850
2130
1903
1941
1806
2085
1859
2057
1715
2235
1859
1985
1805
1955
1903
1909
1766
2070
1991
1999
1923
1887
1874
1899
1827
2075
1934
2078
1857
1985
1943
2023
1906
1939
1871
1826
1803
2067
1875
2086
1777
1961
1831
2055
1794
2143
1807
1911
1787
2079
1770
2094
1771
1899
1786
1946
1859
1971
1827
2107
1822
1931
1753
1953
1739
2079
1883
1939
1855
1979
1946
2135
1811
2167
1871
2119
1875
2073
1775
2190
1731
2171
1774
1990
1769
1919
1767
2010
1822
1985
1943
1995
1782
1881
1719
2010
1797
1999
1869
1991
1923
1991
1851
2067
1917
1975
1834
2039
1919
2079
1815
2051
1843
2137
1783
2065
1833
2075
1798
2023
1827
2035
1939
1902
1863
1966
1997
2022
1798
2061
1814
1991
1959
2006
1801
2079
1875
2051
1877
1983
1782
2214
1730
1998
1983
2155
1791
1990
1899
1954
1775
2035
1690
1991
1842
2125
1931
2003
1903
2131
1815
2043
1771
2015
1817
2103
1777
2106
1946
1911
1859
1939
1933
2033
1795
2018
1814
1965
1835
1991
1783
2035
1798
1966
1854
2131
1823
2155
1886
2047
1887
1991
1767
2083
1719
2002
1891
2043
1826
2097
1823
1965
1799
2142
1845
2134
1755
1987
1863
2017
1819
1929
1867
2130
1766
1858
1867
2210
1983
1999
2007
2146
1799
2127
1797
2061
1591
2007
1723
1991
1691
2090
1811
1925
1955
2071
1823
2019
1743
2147
1879
2107
1739
2030
1831
2121
1863
1887
1915
2095
1631
2065
1882
2150
1821
2067
1791
1979
1866
2015
1794
2141
1786
2001
1915
2099
1819
1831
1531
1819
1534
1767
1683
1983
1803
2015
1894
1891
1827
2026
1727
1783
1775
1861
1843
1821
1778
1638
1954
1763
1830
1933
1887
1653
1727
1867
1769
1727
1889
1830
1758
1783
1786
1838
1855
1821
1787
1795
1863
1869
1853
1891
1746
1871
1767
1938
1914
1758
1675
1698
1893
1775
1787
1875
1753
1818
1810
1819
1898
1615
1894
1874
1855
1735
1714
1839
1795
1925
1811
1890
1914
1801
1863
1774
1855
1679
1833
1731
1747
1699
1815
1851
1791
1705
1919
1722
1883
1829
1765
1887
1763
1913
1735
1790
1887
1875
1787
1857
1838
1849
1847
1805
1765
1739
1790
1779
1874
1723
1867
1807
1803
1882
1943
1830
1891
1991
1910
2082
2078
2002
2034
1994
2002
1962
1970
2070
1986
2126
1922
1946
1810
1906
2062
1910
2050
2014
2014
2018
1838
1886
1790
1763
1777
1769
1799
1805
1683
1694
1830
1827
1766
1730
1910
1893
1981
1931
1739
1818
1811
1794
1771
1807
1667
1714
1739
1913
1734
1719
1813
1726
1867
1667
1895
1811
1675
1830
1891
1875
1914
1825
1767
1743
1659
1711
1813
1707
1691
1855
1851
1983
1865
1631
1779
1862
1750
1679
1809
1839
1717
1822
1775
1771
1714
1809
1758
1863
1745
1763
1695
1733
1730
1883
1851
1714
1883
1814
1979
1855
1831
1858
1851
1898
1866
1755
1749
1747
1931
1810
2082
1763
1847
1859
1915
1742
1755
1787
1719
1749
1897
1719
1834
1605
1750
1987
1794
1663
1687
1726
1747
1799
1770
1939
1890
1865
1835
1775
1787
1890
1607
1627
1935
1915
1849
1678
1823
1811
1827
1815
1858
1805
1735
1743
1830
1727
1801
1845
1827
1873
1799
1770
1831
1801
1930
1879
1781
1951
1847
1737
1815
1854
1887
1918
1843
1838
1703
1714
1838
1705
1806
1733
1795
1894
1833
1846
1717
1759
1858
1663
1745
1707
1895
1681
1823
1731
1695
1835
1926
1738
1942
1739
1759
1786
1691
1759
1715
1670
1735
1819
1835
1827
1855
1737
1739
1819
1855
1855
1759
1874
1885
1735
1743
1729
1757
1827
1963
1679
1842
1870
1795
1803
1906
1715
1943
1777
1875
1814
1767
1727
1899
1793
1731
1667
1739
1826
1875
1787
1827
1875
1727
1715
1846
1961
1769
2059
1799
1775
1817
1715
1943
1891
1746
1751
1791
1871
1755
1859
1911
1755
1825
1795
1795
1803
1765
1803
1693
1731
1830
2011
1830
1685
1895
1817
1775
1711
1891
1635
1863
1737
1825
2011
1663
1895
1863
1755
1827
1903
1847
1867
1843
1750
1941
1669
1898
1791
1953
1771
1806
1703
1923
1761
1807
1819
1931
1793
1723
1726
1794
1805
1763
1783
1929
1603
1819
1841
1809
1771
1886
1787
1866
1821
1891
1791
1862
1694
1731
1742
1755
1739
1725
1981
1855
1855
1815
1875
1651
1967
1891
1878
1699
1819
1667
1607
1671
1859
1905
1838
1931
1883
1729
1878
1819
1711
1890
1686
1683
1654
1939
1649
1835
1755
1897
1887
1833
1850
1803
1931
2019
1803
1825
1763
1791
1713
1843
1734
1867
1747
1839
1779
1862
1834
1758
1758
1907
1787
1855
1874
1845
1775
1486
1366
1515
1351
1455
1546
