375
671
403
583
383
531
362
539
355
479
367
559
435
594
411
623
371
515
311
443
451
571
379
450
391
503
327
559
247
539
343
491
339
727
351
630
351
538
291
611
411
610
291
507
307
591
379
511
599
591
363
683
374
582
483
478
399
631
367
499
331
583
331
683
367
623
503
487
331
463
427
523
359
643
395
723
275
411
186
543
439
643
391
507
387
347
355
703
259
635
279
547
311
491
326
615
451
659
371
571
319
551
495
547
331
647
403
679
499
511
283
427
347
551
346
619
539
679
407
511
339
695
378
515
371
483
315
415
431
567
462
675
370
451
431
659
378
674
367
699
474
591
515
578
403
675
319
626
451
635
491
479
399
587
387
611
383
643
407
587
411
663
379
603
415
526
402
663
367
307
331
407
347
523
475
435
491
526
247
663
387
455
367
699
283
487
478
479
327
603
519
531
519
451
371
703
478
598
283
483
331
539
299
475
491
734
675
571
370
603
523
531
495
711
331
615
446
591
287
739
367
506
271
675
427
615
298
663
275
715
319
343
267
690
346
442
387
663
435
599
275
647
419
631
351
519
383
683
242
559
383
530
379
615
355
615
419
662
478
570
302
511
451
535
335
511
451
531
407
491
367
575
367
602
527
551
347
543
467
491
407
515
247
666
411
547
399
735
387
486
318
511
395
390
383
631
367
603
247
663
271
567
531
627
355
519
415
599
275
623
351
635
490
487
435
695
335
554
426
703
426
671
343
534
363
495
423
563
367
559
403
579
343
603
351
575
531
639
419
591
491
614
367
494
323
755
398
603
491
455
327
615
591
463
311
619
455
555
459
603
443
603
367
555
354
583
363
619
387
583
315
527
355
579
359
627
323
623
347
583
303
495
363
527
419
579
414
595
379
682
455
619
367
451
290
423
419
579
363
606
443
671
419
571
454
531
423
607
455
663
339
707
378
615
299
579
359
563
406
503
415
475
447
527
323
614
523
695
475
551
363
719
354
539
439
682
459
475
291
587
375
459
399
598
243
583
378
531
491
567
351
575
323
611
407
478
387
563
419
551
287
519
463
595
371
663
430
611
386
475
290
598
367
627
311
515
319
595
263
671
443
611
398
619
423
559
507
547
422
482
347
643
399
591
427
671
395
434
79
322
0
327
107
587
307
407
359
434
527
479
435
415
339
435
259
262
390
223
226
447
355
291
430
395
279
395
319
303
327
271
387
407
283
359
335
387
419
435
287
431
331
255
343
327
319
395
319
287
347
263
415
303
499
419
351
195
475
259
467
471
463
343
458
279
615
339
375
383
246
267
399
287
351
411
439
307
491
323
455
435
311
335
427
278
279
387
467
498
263
351
278
295
311
259
399
223
539
375
286
375
347
267
447
471
287
398
423
395
503
443
331
295
423
435
359
370
419
415
419
338
431
211
355
299
411
307
487
494
447
327
363
315
350
235
499
426
447
403
323
287
367
275
383
370
231
494
407
479
399
483
359
435
363
379
399
343
362
442
319
451
335
482
362
559
595
294
299
286
335
343
403
207
454
283
263
431
415
375
315
371
350
483
354
395
366
479
411
383
319
383
335
323
479
159
322
323
307
375
331
271
307
427
406
539
367
279
347
367
327
355
307
394
259
311
399
383
315
343
451
435
371
379
399
347
359
483
275
394
458
367
483
455
343
262
391
343
271
411
311
503
407
422
251
295
287
326
279
363
427
274
487
531
367
318
215
283
311
303
287
327
487
418
271
398
411
191
427
479
399
275
287
335
303
295
335
271
251
426
339
315
363
291
391
411
579
307
358
339
451
299
527
363
307
287
383
231
215
226
331
371
471
239
343
339
430
262
295
363
242
403
247
435
355
399
447
455
383
511
343
447
219
354
251
391
331
331
474
387
263
391
294
279
315
407
347
367
403
307
319
319
355
322
199
255
303
299
307
447
407
367
347
307
351
362
475
343
383
450
191
491
399
351
575
499
407
295
334
319
383
359
387
286
306
387
239
371
347
235
491
503
351
367
415
370
463
315
434
287
279
475
375
346
187
351
351
415
446
318
358
383
479
426
283
295
375
295
431
267
398
423
343
330
439
535
507
351
371
379
434
299
475
271
315
311
371
463
366
299
443
339
467
382
282
451
382
231
459
230
323
311
471
275
287
423
226
431
478
251
283
343
450
362
343
415
418
455
359
351
411
186
271
367
583
315
315
323
339
311
487
371
347
307
379
267
423
339
435
303
227
275
307
311
347
426
383
227
239
459
399
299
343
251
275
274
363
243
279
311
391
379
383
227
275
395
339
307
427
295
446
379
275
275
171
391
371
391
387
287
99
335
247
86
562
455
