483
651
575
807
571
723
563
751
535
635
443
711
439
707
487
763
463
695
419
707
639
795
443
599
515
787
439
775
463
831
531
683
655
831
419
691
511
723
463
723
531
763
627
651
527
623
511
815
559
791
599
671
447
831
491
643
399
695
639
711
475
627
523
727
387
835
503
687
575
651
535
691
479
679
395
647
543
703
455
735
623
843
551
655
435
675
519
683
563
671
503
683
487
851
615
643
727
747
451
803
415
671
479
731
487
819
431
719
475
655
383
551
523
651
463
655
515
535
651
827
647
639
503
763
451
627
491
871
467
755
379
695
407
723
483
759
423
559
551
779
431
815
575
791
455
895
447
731
435
615
471
743
471
827
463
623
567
843
535
759
531
715
491
775
607
591
463
607
595
811
459
751
647
699
515
603
435
719
567
791
667
507
303
711
571
667
567
719
439
631
399
839
435
779
507
839
495
763
651
727
523
659
579
659
663
607
515
767
403
671
631
595
487
659
427
831
431
635
443
683
519
671
551
803
383
827
459
759
483
667
431
703
407
659
475
723
491
591
455
855
559
823
567
651
531
691
615
731
439
819
455
719
451
751
403
783
403
739
631
799
467
735
471
835
447
679
531
599
391
563
411
783
603
759
503
655
399
639
511
755
407
783
479
719
579
763
559
711
667
839
511
779
635
779
419
763
559
651
439
799
699
535
583
607
539
707
431
759
671
655
455
839
603
767
547
671
415
903
447
743
491
611
587
739
515
675
507
775
535
687
395
695
463
587
487
911
639
751
459
739
551
663
463
787
447
627
487
743
651
651
507
715
623
719
483
631
659
655
367
815
567
627
455
719
579
711
475
823
555
811
451
767
607
743
587
575
443
679
403
655
375
779
567
743
571
771
627
795
491
807
451
887
419
747
399
867
599
695
575
795
503
727
523
831
523
775
511
767
403
599
479
607
327
675
535
671
467
783
543
635
615
699
539
687
431
727
471
675
435
771
555
875
439
779
555
591
299
691
531
695
567
723
535
719
439
607
487
751
591
687
583
743
487
759
507
703
351
771
411
643
487
647
551
663
567
643
391
695
479
739
639
667
427
587
499
823
527
699
563
791
447
755
595
691
415
695
587
783
391
827
475
691
535
723
523
763
483
631
383
403
291
407
35
751
595
715
667
695
451
743
527
451
551
471
463
503
475
567
495
563
315
447
591
559
447
543
511
543
523
543
519
487
643
623
527
491
531
395
399
463
675
475
419
327
539
515
363
499
371
479
507
299
415
535
483
475
439
527
503
423
555
555
395
539
647
387
471
439
359
471
435
519
579
411
415
427
467
587
431
475
339
503
635
347
431
563
463
539
611
355
427
615
451
523
463
403
575
367
467
431
499
627
567
399
423
551
487
479
563
535
311
395
647
491
507
479
531
591
395
387
451
395
503
403
535
543
575
419
535
499
603
395
483
531
511
351
419
591
435
303
527
363
507
571
363
623
411
563
431
471
511
275
451
427
503
539
567
571
531
559
539
499
503
603
431
475
623
487
423
335
539
459
535
535
475
555
543
527
475
347
551
435
547
399
515
555
499
483
503
539
439
431
407
587
531
415
507
599
567
507
591
439
523
447
439
423
615
467
567
547
627
415
615
507
427
347
571
451
495
391
411
519
447
395
491
583
331
595
423
391
511
455
391
447
427
463
499
495
439
663
559
447
423
411
527
367
271
463
423
459
419
603
443
411
619
575
499
499
319
451
527
495
435
587
299
415
451
435
571
571
507
415
431
467
587
427
395
579
463
355
363
347
571
443
543
447
407
571
427
539
519
423
499
511
583
599
483
399
407
551
563
527
615
367
539
419
515
523
455
371
447
459
395
387
619
487
543
447
407
375
631
571
495
579
483
543
559
475
399
531
435
459
367
575
395
503
607
463
403
579
543
527
655
547
455
483
551
495
511
439
499
607
547
447
603
371
511
487
495
511
615
447
391
379
451
511
551
403
431
443
563
487
547
363
535
535
423
523
319
451
635
635
423
511
463
459
475
403
403
451
395
451
447
343
475
527
379
483
519
367
451
375
435
467
371
479
559
415
647
531
447
527
291
471
427
395
603
475
535
483
459
515
531
567
615
419
503
507
507
631
431
619
475
615
271
507
387
587
547
431
595
291
527
575
539
411
575
487
579
535
431
395
467
515
515
491
471
451
571
583
427
503
631
467
595
563
471
615
523
363
451
503
527
443
379
467
579
459
403
491
519
455
447
447
483
515
675
359
551
567
415
395
347
423
547
315
467
459
527
427
403
379
531
567
415
499
447
463
467
343
311
431
443
339
427
543
631
351
507
183
323
619
475
543
