375
635
435
523
367
631
487
607
411
447
339
431
367
583
415
479
311
559
327
471
366
519
391
563
362
607
235
523
243
495
523
635
363
643
451
519
311
635
455
591
307
527
367
419
475
531
391
491
431
542
359
611
387
571
299
583
283
591
451
391
383
527
331
663
383
559
415
591
286
479
335
563
359
499
319
659
419
515
339
551
491
579
383
483
439
711
307
691
259
511
347
375
343
391
479
339
410
667
495
459
259
535
331
547
307
591
379
439
363
551
375
655
379
655
383
695
347
587
403
595
282
571
367
487
335
415
271
515
371
487
463
555
319
483
447
615
335
515
359
579
399
483
447
463
359
463
407
547
407
651
199
675
327
539
295
655
359
543
203
643
463
603
283
719
327
627
403
519
351
487
351
579
223
643
379
579
479
559
439
531
431
559
387
623
299
439
415
611
435
691
471
483
471
619
327
615
263
643
351
519
351
515
319
631
247
643
251
559
271
467
363
691
263
531
399
467
379
547
299
495
375
487
267
475
243
591
355
703
459
579
275
463
335
403
463
619
419
607
423
555
411
595
451
595
331
531
115
695
391
447
331
507
295
315
359
539
367
631
351
439
255
615
399
571
407
483
363
687
431
511
455
659
519
591
371
503
351
575
379
463
307
459
359
487
475
527
379
619
515
527
371
431
434
567
315
566
387
527
231
511
327
690
243
483
327
611
407
587
291
651
523
431
323
511
291
527
443
559
323
551
343
551
347
567
415
451
403
631
499
499
259
515
235
571
271
547
399
479
483
699
179
491
487
455
275
527
351
587
391
631
487
595
411
623
411
723
335
559
319
570
151
543
294
563
335
543
335
491
451
583
459
615
355
531
483
595
427
499
487
551
395
451
335
611
335
535
243
595
283
499
207
627
195
603
443
483
299
599
227
551
427
623
315
579
255
483
475
523
439
654
223
447
327
535
267
619
363
551
527
643
339
519
331
403
247
495
315
559
583
643
339
467
335
491
323
475
407
519
443
639
279
515
407
667
303
415
339
627
527
575
463
483
467
451
339
575
291
603
323
539
283
599
398
671
339
607
315
699
411
523
375
543
331
619
439
579
255
463
291
591
263
571
207
667
399
659
271
499
271
543
291
679
367
531
347
603
383
243
63
159
59
383
115
519
539
579
527
611
287
591
335
343
263
219
275
183
515
435
411
335
339
303
315
283
423
311
279
295
363
315
315
251
407
323
398
139
342
411
391
311
291
387
579
371
379
391
302
259
359
339
335
543
227
323
255
299
250
247
215
359
419
299
327
207
459
259
359
383
351
199
259
279
311
319
295
463
335
439
435
267
351
319
255
287
223
279
311
343
351
275
459
450
459
299
607
419
355
283
291
439
287
275
327
387
227
259
271
175
427
359
347
383
287
315
467
455
415
303
259
299
343
291
435
335
347
234
423
335
415
331
355
379
231
283
331
239
423
367
451
303
419
447
367
303
367
299
243
223
343
187
247
179
255
343
435
275
319
431
347
203
327
379
255
443
271
423
367
251
263
279
215
315
327
235
247
303
275
423
239
351
203
351
435
187
395
395
255
219
335
435
451
411
307
379
259
239
351
355
447
319
303
355
403
263
359
347
319
199
375
283
311
359
307
219
227
439
367
339
463
371
287
351
379
371
411
323
459
311
422
303
395
247
319
275
315
275
335
451
319
439
435
255
383
371
407
243
435
303
267
431
499
295
435
323
323
407
143
295
415
347
355
323
271
343
331
206
307
207
271
435
459
427
383
287
351
387
387
215
411
187
395
407
347
263
83
259
239
439
391
359
355
251
331
343
439
383
183
291
315
379
519
399
315
323
447
407
347
323
411
423
239
347
227
379
375
203
475
379
431
299
483
351
443
363
191
283
171
307
199
207
395
211
371
299
435
323
439
211
243
295
295
199
275
379
399
387
487
363
275
323
263
179
211
223
355
423
419
375
299
263
323
303
495
391
403
223
435
307
403
251
383
527
359
455
187
179
459
347
471
347
347
183
279
283
211
399
239
219
263
463
339
311
283
379
390
427
287
399
363
375
455
323
343
315
331
207
407
279
239
179
495
235
323
379
319
347
271
279
463
331
555
347
427
407
579
366
515
331
315
339
323
315
411
255
207
347
315
427
235
307
387
259
475
199
415
307
439
271
338
331
379
295
338
371
183
415
455
267
427
315
359
451
359
439
383
451
427
347
355
215
271
319
327
371
483
263
299
323
299
315
259
371
331
467
339
335
275
343
395
275
335
347
331
519
347
359
355
431
459
371
291
267
331
363
323
323
387
319
423
343
387
215
251
395
302
231
315
391
635
539
330
483
559
679
