1713
2041
1786
1923
1807
1959
2014
2127
1763
2071
1799
1970
1851
1994
1831
2037
1829
2067
1822
2127
1774
1893
1811
2033
1755
2075
2026
2037
1935
2039
1705
1978
1891
2039
1698
2179
1943
1915
1927
2026
1635
1931
2022
2127
1739
2011
1897
2127
1882
2179
1799
2111
1743
2095
1894
2047
1834
1943
1909
1970
1797
2029
1859
2106
1850
1875
1866
2047
1927
2015
1794
2007
1875
2051
1774
2087
1802
2050
1651
2113
1759
1951
1849
1973
1741
1935
1763
2054
1943
1910
1882
1974
1801
2054
1778
2107
1830
2023
1831
2147
1851
2057
1911
2119
1770
2110
1870
1919
1883
1982
1831
1923
1778
1995
1735
1921
1729
1967
1787
1983
1847
2091
1829
2022
1686
2106
1827
2215
1807
2038
1935
2051
1883
1951
1871
2035
1730
2033
1919
2149
1799
2003
1839
1939
1806
1915
1871
2123
1811
2083
1831
2114
1882
2109
1830
2062
1823
2097
1707
2155
1794
2079
1834
2053
1811
2099
1691
1989
1835
2123
1767
1871
1789
2062
1790
1923
1714
1994
1767
1986
1747
1974
1803
1990
1771
1950
1915
2087
1798
2086
1767
2155
1835
1941
1862
1979
1802
2206
1790
2095
1607
2051
1725
2042
1827
1979
1891
2021
1923
1962
1849
2107
1951
1986
1651
2077
1715
2081
1745
1894
1939
1973
1819
2011
1809
2039
1806
2106
1833
2067
1710
2114
1723
1917
1722
2007
1843
1987
1777
2071
1882
1983
1858
2067
1811
2054
1901
2099
1858
1955
1647
1883
1734
2003
1874
1955
1939
1950
1795
2170
1927
2003
1703
2199
1775
2043
1795
1989
1879
2043
1847
2091
1803
2025
1799
1991
1827
2166
1903
2118
1867
1879
1763
2015
1738
2130
1833
1891
1863
1993
1811
2071
1743
2041
1703
2083
1717
1945
1707
1999
1875
2010
1885
2079
1831
1975
1923
1963
1779
2062
1839
1902
1819
1945
1919
1909
1717
1871
1862
2047
1815
1979
1923
2071
1911
2039
1711
2086
1863
1915
1907
1994
1887
1991
1943
2133
1947
2099
1946
2006
1903
1942
1859
2027
1851
2002
1807
2075
1774
1958
1739
2127
1715
2079
1851
1935
1727
2026
1669
2011
1889
2019
1862
1967
1803
2010
1763
2095
1783
2047
1663
1946
1774
1985
1839
2111
1674
1986
1791
1939
1798
2051
1707
2098
1691
2013
1722
1810
1831
1958
1797
2019
1859
1867
1806
1994
1773
1999
1838
2169
1659
2027
1751
1947
1923
2015
1758
2101
1739
2113
1767
1963
1850
1982
1773
2115
1855
2054
1875
2138
1665
2087
1787
2063
1805
1982
1845
1955
1783
1973
1958
1986
1767
2086
1789
2150
1715
2050
1874
2223
1743
2083
1761
2061
1706
2107
1966
2054
1877
2038
1819
2047
1909
2011
1785
1902
1735
2042
1767
2001
1767
1997
1987
2119
1862
1870
1815
2118
1871
2070
1758
2111
1691
1959
1911
2097
1650
1903
1743
2002
1762
2111
1713
2007
1883
1971
1899
1969
1754
1978
1926
2039
1783
2118
1779
1931
1755
1857
1506
1749
1421
1689
1551
2139
1813
1862
1763
2019
1702
2047
1847
1895
1911
1947
1859
1639
1806
1690
1843
1674
1803
1863
1895
1695
1785
1822
1847
1887
1739
1855
1719
1871
1797
1886
1762
1735
1831
1795
1795
1894
1891
1731
1775
1781
1787
1877
1690
1891
1923
1723
1687
1727
1787
1706
1790
1797
1778
1795
1717
1709
1847
1819
1666
1895
1799
1723
1713
1847
1817
1633
1639
1763
1857
1843
1870
1693
1846
1683
1922
1779
1803
1722
1743
1843
1731
1853
1887
1691
1831
1843
1915
1847
1806
1763
1835
1714
1867
1619
1671
1751
1821
1918
1714
1710
1803
1815
1743
1897
1805
1735
1822
1846
1765
1811
1755
1759
1643
1874
1866
1838
1918
1994
1730
1858
1982
1914
1994
1930
1830
1906
1958
1890
1870
1954
1982
1842
1842
2058
1966
1898
2002
1814
1914
1770
1819
1734
1675
1785
1821
1646
1691
1859
1819
1845
1658
1699
1813
1971
1775
1726
1925
1655
1758
1781
1879
1887
1731
1751
1765
1750
1842
1927
1783
1954
1799
1739
1755
1759
1859
1777
1818
1631
1783
1794
1731
1865
1983
1839
1851
1866
1743
1650
1635
1807
1783
1727
1826
1641
1769
1953
1815
1806
1750
1759
1834
1666
1705
1829
1862
1769
1718
1715
1810
1927
1839
1783
1835
1766
1755
1731
1955
1871
1863
1727
1725
1723
1743
1783
1709
1771
1855
1765
1675
1725
1786
1609
1870
1765
1827
1771
1963
1811
1807
1806
1691
1727
1963
1779
1793
1799
1855
1771
1787
1803
1838
1783
1807
1822
1817
1710
1802
1819
1755
1721
1817
1827
1735
1898
1823
1735
1727
1863
1651
1806
1735
1773
1766
1739
1699
1779
1815
1707
1725
1807
1783
1851
1859
1791
1687
1823
1845
1771
1711
1735
1885
1683
1767
1827
1803
1827
1771
1791
1693
1735
1958
1693
1826
1846
1695
1779
1907
1803
1787
1729
1813
1815
1791
1803
1917
1787
1734
1706
1701
1889
1811
1775
1727
1759
1847
1622
2037
1814
1870
1649
1858
1813
1793
1923
1739
1871
1850
1719
1843
1779
1703
1894
1799
1867
1967
1735
1895
1739
1778
1795
1687
1711
1867
1810
1699
1778
1798
1955
1851
1783
1830
1901
1863
1695
1814
1843
1846
1889
1717
1727
1707
1681
1795
1743
1775
1779
1763
1699
1831
1777
1775
1767
1795
1806
1978
1763
1702
1709
1875
1835
1815
1618
1874
1947
1775
1846
1871
1867
1690
1791
1818
1754
1715
1811
1931
1869
1807
1765
1997
1806
1742
1883
1655
1679
1881
1803
1806
1631
1731
1767
1798
1779
1738
1897
1919
1801
1690
1827
1801
1785
1970
1687
1698
1867
1673
1767
1791
1742
1711
1647
1877
1863
1890
1791
1805
1763
1667
1627
1819
1818
1758
1687
1729
1734
1885
1683
1835
1857
1795
1799
1793
1814
1889
1670
1767
1731
1835
1831
1623
1735
1755
1711
1731
1823
1763
1662
1866
1658
1882
1813
1671
1777
1702
1827
1911
1775
1887
1879
1863
1734
1847
1814
1811
1770
1874
1761
1811
1869
1885
1677
1806
1938
1955
1731
1778
1709
1850
1817
1975
1839
1781
1827
1735
1687
1899
1569
1555
1787
1793
1759
