1823
2215
1946
2147
1918
2131
1875
2159
1919
1974
2055
2007
1979
2059
1907
2111
2031
2239
1887
2035
1883
2167
1927
1991
1875
2119
1891
2115
1955
2043
1855
2107
2007
2223
1983
2107
2003
2107
2103
2111
2015
2123
2083
1915
1947
2091
2019
2079
1927
2063
1935
2135
1979
2147
1955
2127
1883
2051
1883
2059
1979
2127
1967
2154
2015
2135
2007
2151
1819
1987
1839
2231
1835
2111
1967
2195
1939
2095
1967
2259
1827
1942
2035
2119
1979
2023
1847
2071
1879
2155
1791
2119
1895
2179
1855
2183
1891
2195
1847
2187
1855
2051
1955
2027
1999
2123
1911
2003
1843
1899
1959
2027
1947
2211
2091
2239
1927
2059
1894
2151
1927
2187
1899
2103
1947
1967
1939
2155
2063
2079
1967
2079
1727
2159
1903
2158
1883
2107
1839
2143
1851
2167
1847
2171
1875
2062
1747
2083
1939
1991
1919
2023
1886
2103
1987
2207
1999
2215
1899
2047
2075
2239
1991
2107
1907
2011
2031
2202
1875
2179
1886
2015
1919
2051
1923
2127
2011
2055
1999
2146
1867
2059
2047
2171
1875
2183
1895
2035
1943
1951
1899
2171
2027
2050
1951
2190
1827
2087
1947
2151
1875
2147
1971
2195
1827
2095
1979
2099
1998
2083
1923
2143
1875
2099
1859
2159
1903
2063
1795
2126
2071
2115
1903
2119
1943
2103
1895
2019
1899
2255
1883
2095
1887
1971
2003
2027
1847
2123
1947
2075
1943
2243
1907
2151
1927
2195
1935
2079
1975
2063
1891
2063
1967
2159
1879
2271
1759
2211
2007
2171
2043
2051
1871
2071
1883
2115
2059
2027
1971
2179
1827
2135
1915
1983
1951
2211
1915
2291
1914
2051
1759
2095
1915
2051
1966
2115
1931
2075
1935
2163
1970
2003
2046
2123
1947
2167
1863
1979
1835
2055
1847
2167
2031
2271
1891
1963
2063
2311
2099
2251
1947
2227
2111
2179
1951
2123
1931
2071
1943
2111
1859
2211
1835
2051
1915
2123
1835
2155
1891
2195
1967
2175
1983
2123
1963
2239
1831
2127
1899
2175
2051
2051
1791
2127
2003
2027
2023
2059
1907
2022
1975
2259
1995
2115
2043
2227
2027
1991
1986
2171
1871
2059
1890
2151
1891
2139
1935
2071
1855
2219
1995
2243
1839
1963
1943
2170
1867
2099
1963
2030
1971
2063
1959
2167
1883
2171
1827
2127
1799
1895
1959
2095
1943
2063
2007
2223
1907
2071
1991
2087
1915
2247
1951
2058
1795
2055
1903
2167
1911
2111
2027
2003
1915
2135
1967
2071
1839
2131
1887
2243
1975
2179
1923
2191
2067
2143
1943
2147
1907
2067
2051
2031
2059
2271
1871
2127
2039
2083
2019
2275
1995
2195
1927
2231
1851
2074
1979
2095
1931
2143
1935
2131
1843
2011
1867
2103
1895
2231
1847
2186
2031
2155
1815
2159
1875
2143
1959
2111
1971
2207
1991
2119
1983
2031
2019
2011
1943
2183
1963
2263
1939
2375
1923
2175
1979
2115
1943
2171
1911
2219
1878
2071
1947
2083
1911
2023
1927
2019
1683
1975
1599
1907
1795
2187
1987
2251
1719
2027
1947
2079
1959
1855
1907
1907
1942
2003
1999
1943
1883
1939
1875
1987
1806
1847
1851
2007
1879
1783
1955
2015
1947
1879
2003
1979
1915
1875
1983
1911
1887
1827
1899
1859
1959
1907
1919
1879
1979
1887
1871
1955
2023
1959
1779
1831
1887
1983
1911
1951
1915
1891
1955
1871
1895
1895
2015
1851
1907
1891
1851
1795
1959
1946
1831
1923
1923
1859
1891
1907
1955
1735
1930
1927
1959
1867
2002
1919
2083
1891
1939
1883
1863
1899
1967
1935
1899
1919
1787
1883
1883
1979
1931
1863
1971
1843
2255
1975
1891
1779
1859
1943
1930
1887
1879
2011
1967
1843
1919
1783
1903
1771
1966
1899
1831
1911
2019
1935
1963
1747
1915
1959
1783
1983
1991
1858
2023
1907
1727
1955
1999
1971
1911
1915
1807
1871
1907
1918
1907
1987
2007
1835
1927
1951
1999
1863
2071
1810
2035
1815
1947
1823
1931
1887
1739
1827
1915
1931
1919
1935
1951
1959
1955
1831
1991
1847
2014
1903
1855
2063
1919
1871
1875
1863
1963
2027
1971
1971
2039
1955
2071
1787
1879
1987
1890
1899
1954
1907
1911
1875
2003
1771
1979
1831
1911
1935
1967
2055
2003
1791
1899
1931
1855
1771
1931
1999
1866
1951
1931
1891
1947
1739
1851
1891
1959
1811
1971
1855
1867
1751
1915
1887
1887
1887
1887
1919
1875
1859
1935
1875
1935
2015
1899
1819
1983
2042
1955
1835
1835
1979
1959
1935
1887
1851
1939
1795
1763
1914
1923
1871
1895
1838
1911
1751
1979
1739
1911
1911
1987
1891
2031
1943
1935
1919
1971
1839
1915
1771
1831
1867
1991
1899
1907
2095
1895
1839
1975
1862
1775
1931
1871
1919
1747
2015
1798
1911
1823
1899
2003
1975
1831
1939
1875
1939
1999
1815
1859
2003
1923
1851
1867
1939
1747
1915
1935
1935
1775
1999
1971
1886
1907
1847
1859
1955
1923
1726
2043
1899
2050
1955
2023
1887
2071
1815
1871
1795
1931
1915
1927
1907
1919
1891
1910
1867
1935
1863
1991
1863
1967
1918
2039
1898
1915
1903
1911
1823
1803
1919
1866
1839
1911
1911
1863
1879
1951
1891
1883
1795
1899
1803
1903
1887
1967
1907
1823
1867
1843
1862
2023
1947
1891
1875
1986
1923
1935
1927
2019
1791
1815
1835
1867
1951
1911
1783
1875
1951
1939
1963
1855
1979
1983
1911
1899
1867
1923
1887
1787
1947
1847
1875
2031
1887
1871
1983
1927
1867
1987
1958
1923
1903
2007
1871
1762
1923
1955
1855
1963
2047
1879
1875
1923
1875
1927
2067
1891
1907
1875
1779
1939
1827
1895
1910
1899
1867
1851
1943
1843
1863
1903
1835
1875
2023
1855
1723
1887
1871
1963
1919
1867
1835
1959
1854
2027
2003
1919
1951
2003
1815
1851
1938
1927
1899
2031
1943
2086
1931
1823
1963
1835
1911
1850
1959
1786
1831
1970
1999
1894
1967
1883
1883
1963
1919
2075
2007
1903
1907
1851
1743
2003
1911
1803
1859
1967
1903
1815
1783
1795
1943
1887
1799
1955
1943
1899
1811
1739
1846
1987
2078
1839
1711
1926
1859
1911
1647
1767
1779
