255
511
363
541
339
453
465
589
375
541
239
439
333
495
327
479
270
571
327
507
191
410
339
323
427
359
274
595
259
501
235
587
443
642
103
594
203
551
355
441
343
522
327
527
239
487
279
423
311
418
227
487
407
503
374
435
267
471
370
615
375
574
362
551
397
595
371
591
473
571
302
605
303
449
290
607
309
531
251
399
347
541
275
431
186
629
239
507
358
497
206
511
219
581
347
495
342
494
358
558
401
443
307
474
295
459
235
495
287
451
289
594
318
569
389
578
235
546
315
443
275
666
255
511
219
371
381
647
495
491
378
419
325
559
299
450
466
543
318
467
211
466
265
626
279
423
335
639
211
433
293
439
306
507
311
611
273
543
199
542
325
555
275
587
298
547
243
527
315
643
335
511
171
655
339
603
262
458
399
407
274
582
298
522
167
482
273
407
253
397
427
511
402
545
291
546
362
387
303
499
371
453
375
578
387
478
371
506
266
557
357
635
311
578
331
554
229
493
287
374
331
574
389
433
379
518
347
702
243
503
386
547
150
550
293
503
378
431
462
479
526
535
394
423
429
567
242
603
370
494
159
335
363
486
226
566
399
559
391
595
322
499
283
543
239
494
373
587
255
515
455
502
453
531
199
550
403
475
275
601
210
510
253
495
258
438
339
591
331
503
195
399
230
525
259
537
339
427
375
511
263
539
383
757
346
522
267
538
235
403
387
582
274
517
403
723
387
403
355
630
350
437
475
585
387
351
445
607
361
599
281
447
267
523
401
527
354
559
343
619
290
441
427
485
235
391
341
559
363
511
386
506
379
547
471
475
326
443
139
459
166
571
197
535
307
482
219
567
266
635
399
599
195
479
302
501
315
369
267
599
207
463
327
486
487
423
357
635
351
343
303
319
231
554
221
385
366
454
299
647
309
471
323
542
421
450
175
551
409
527
283
595
489
483
303
526
293
505
429
575
310
751
234
387
467
391
367
514
235
391
399
503
303
595
267
406
315
418
382
607
411
339
303
499
315
523
322
521
315
558
389
378
387
491
303
571
121
546
427
507
366
403
355
451
305
523
294
550
279
515
367
515
234
598
459
439
327
559
414
419
266
575
183
527
391
479
390
457
298
495
371
410
395
551
375
637
250
379
54
343
55
153
203
535
287
630
346
443
394
289
254
317
243
230
335
359
161
178
67
315
318
217
347
167
282
263
202
294
371
293
343
247
409
225
283
349
143
175
361
245
254
162
315
158
278
335
435
279
358
250
287
307
302
358
209
190
211
307
327
255
374
293
371
267
206
327
425
179
390
253
275
151
378
315
327
191
378
210
315
394
407
345
445
275
255
135
257
399
326
251
307
338
343
365
147
371
302
269
162
263
239
223
315
133
347
234
247
347
431
251
315
235
419
298
158
313
310
302
326
222
326
314
314
350
298
206
262
286
366
338
342
174
446
386
258
314
294
314
386
258
342
355
278
275
362
311
419
229
251
223
337
193
271
243
345
221
299
255
286
279
230
339
497
153
415
247
355
238
342
275
395
367
331
295
310
294
370
283
301
287
271
393
331
282
283
407
266
350
431
273
369
63
331
335
237
247
254
287
347
214
386
223
395
274
431
299
315
335
351
410
275
261
199
227
306
173
351
341
243
286
339
299
454
349
289
143
291
243
406
170
397
174
75
311
359
315
355
347
163
317
337
451
215
267
362
203
437
102
291
395
323
275
331
346
310
259
245
242
274
285
242
155
239
275
306
238
99
234
389
290
281
217
343
242
334
303
343
247
275
115
355
369
383
235
194
198
231
315
503
349
227
289
307
250
301
386
391
327
301
162
321
195
169
461
311
383
343
255
375
403
153
171
187
347
326
295
115
255
251
171
279
319
421
218
306
362
299
347
286
263
218
185
319
383
215
111
199
246
313
259
241
315
229
259
262
98
226
307
442
294
271
170
335
303
319
278
310
239
394
170
410
313
326
235
335
419
390
277
298
235
171
234
195
399
375
319
314
350
455
217
359
286
325
186
423
323
365
270
315
230
347
378
350
245
219
267
323
319
347
463
323
227
326
235
295
303
306
274
323
347
267
186
419
383
263
390
366
127
290
371
306
311
418
303
351
230
362
449
242
339
230
263
422
263
293
258
535
85
275
211
374
331
327
207
267
222
327
186
343
283
195
307
209
367
131
287
323
366
259
138
294
443
378
147
301
221
223
346
275
147
355
303
242
239
322
307
381
335
335
239
391
250
395
222
422
235
257
159
403
247
266
221
447
263
391
359
391
214
329
207
342
263
211
267
157
263
262
317
355
307
295
170
163
302
258
273
246
343
655
342
102
403
717
433
