1678
1845
1551
1961
1795
1909
1490
1731
1502
1823
1695
1723
1579
1883
1449
1782
1619
1845
1617
1723
1475
1939
1543
1658
1571
1846
1747
1937
1543
1835
1651
1807
1579
1890
1609
1886
1422
1785
1647
1846
1454
1831
1563
1835
1651
1798
1643
1895
1577
1915
1486
1767
1627
1879
1667
1798
1673
1859
1483
1819
1675
1735
1587
1846
1575
1942
1554
1891
1599
1791
1675
1755
1661
1763
1670
1771
1643
1885
1601
1766
1735
1839
1667
1770
1634
1755
1682
1629
1542
1693
1603
1733
1645
1761
1701
1783
1610
1922
1489
1939
1649
1778
1610
1751
1598
1934
1629
1658
1531
1697
1473
1703
1565
1783
1603
1722
1551
1651
1607
1791
1605
1798
1591
1865
1510
1742
1575
1741
1578
1759
1482
1763
1529
1889
1599
1722
1578
1843
1573
1759
1606
1827
1546
1903
1543
1811
1547
1767
1687
1687
1539
1797
1709
1718
1622
1881
1687
1878
1647
1735
1519
1794
1650
1767
1567
1803
1587
1779
1495
1789
1525
1789
1634
1797
1617
1947
1607
1703
1691
1694
1563
1821
1567
1749
1739
1715
1646
1735
1675
1737
1525
1895
1559
1893
1483
1911
1511
1835
1491
1787
1451
1866
1670
1803
1597
1730
1571
1779
1611
1815
1547
1786
1623
1794
1519
1731
1623
1802
1499
1885
1703
1791
1650
1717
1586
1785
1595
1835
1598
2002
1505
1745
1686
1786
1638
1905
1569
1718
1646
1766
1567
1790
1593
1663
1599
1667
1751
1729
1581
1610
1575
1635
1609
1739
1635
1725
1695
1863
1605
1801
1659
1813
1691
1769
1487
1927
1551
1821
1631
1823
1543
1779
1626
1815
1703
1911
1499
1919
1535
1758
1541
1761
1511
1854
1590
1847
1750
1871
1607
1710
1691
1671
1739
1899
1599
1702
1575
1891
1671
1863
1487
1715
1549
1741
1601
1886
1491
1753
1682
1701
1535
1807
1637
1770
1575
1887
1503
1611
1567
1822
1531
1838
1562
1797
1735
1755
1667
1870
1555
1907
1657
1806
1711
1970
1675
1751
1430
1787
1683
1795
1622
1714
1758
1678
1585
1855
1599
1746
1674
1775
1591
1803
1583
1931
1623
1919
1707
1754
1621
1870
1675
1653
1691
1766
1675
1719
1667
1763
1663
1931
1545
1871
1623
1831
1787
1731
1483
1810
1773
1813
1623
1729
1691
1787
1594
1851
1654
1833
1614
1849
1603
1775
1679
1819
1587
1847
1515
1743
1711
1862
1653
1873
1469
1811
1587
1855
1859
1863
1517
1801
1670
1835
1613
1875
1675
1834
1671
1754
1595
1783
1514
1726
1639
1622
1683
1937
1497
1778
1585
1809
1534
1787
1678
1738
1755
1975
1691
1721
1530
1767
1527
1810
1567
1819
1551
1903
1663
1682
1510
1739
1770
1885
1683
1951
1494
1703
1506
1855
1499
1677
1575
1713
1691
1819
1702
1786
1634
1839
1702
1918
1623
1855
1658
1758
1478
1902
1591
1725
1535
1823
1607
1807
1589
1693
1451
1691
1654
1722
1503
1763
1699
1703
1587
1731
1619
1815
1583
1685
1346
1525
1283
1462
1310
1837
1663
1679
1575
1775
1567
1803
1647
1498
1658
1606
1541
1626
1545
1630
1591
1409
1531
1615
1661
1595
1539
1529
1395
1499
1705
1643
1658
1661
1479
1417
1607
1527
1582
1569
1551
1607
1590
1547
1603
1615
1587
1578
1651
1469
1679
1599
1403
1615
1681
1534
1647
1479
1535
1639
1554
1554
1511
1635
1438
1541
1511
1631
1582
1635
1682
1635
1603
1427
1547
1502
1543
1535
1638
1663
1622
1609
1511
1443
1473
1539
1562
1554
1650
1427
1363
1661
1506
1633
1619
1635
1689
1615
1599
1515
1446
1475
1559
1579
1439
1711
1583
1621
1485
1625
1587
1546
1578
1675
1643
1377
1655
1383
1587
1579
1418
1626
1403
1555
1533
1683
1531
1519
1499
1662
1619
1635
1695
1587
1577
1611
1554
1427
1629
1539
1539
1453
1531
1539
1606
1510
1638
1578
1534
1598
1471
1589
1511
1459
1510
1429
1607
1539
1567
1511
1559
1411
1573
1685
1555
1482
1507
1679
1557
1567
1519
1547
1555
1698
1571
1579
1719
1483
1563
1558
1699
1538
1595
1494
1559
1463
1398
1603
1573
1603
1602
1659
1659
1591
1591
1535
1473
1613
1531
1503
1603
1571
1594
1611
1547
1458
1543
1582
1699
1439
1627
1403
1663
1547
1583
1515
1494
1679
1411
1715
1586
1511
1546
1486
1585
1542
1547
1645
1569
1589
1741
1571
1539
1607
1635
1582
1667
1623
1753
1606
1547
1538
1795
1711
1603
1506
1615
1634
1623
1486
1519
1647
1587
1551
1578
1574
1643
1589
1767
1685
1610
1599
1673
1626
1511
1495
1535
1575
1566
1575
1662
1526
1501
1571
1695
1558
1609
1563
1562
1473
1601
1483
1551
1561
1571
1627
1567
1531
1611
1615
1611
1567
1646
1559
1431
1443
1507
1554
1633
1438
1625
1506
1673
1611
1483
1462
1483
1559
1633
1482
1463
1487
1589
1703
1543
1531
1559
1455
1511
1635
1523
1585
1499
1423
1467
1603
1655
1651
1679
1531
1543
1619
1671
1431
1526
1641
1726
1567
1579
1579
1497
1514
1579
1338
1631
1659
1513
1487
1643
1655
1589
1555
1566
1371
1587
1406
1435
1683
1749
1650
1515
1462
1453
1671
1655
1531
1562
1509
1473
1695
1682
1535
1619
1578
1599
1537
1507
1603
1481
1539
1611
1463
1537
1554
1570
1599
1487
1538
1607
1553
1525
1487
1555
1503
1730
1699
1613
1618
1715
1486
1467
1522
1511
1490
1539
1559
1569
1669
1603
1663
1611
1486
1659
1593
1666
1639
1582
1498
1566
1739
1654
1615
1735
1595
1573
1501
1519
1611
1483
1622
1594
1610
1595
1399
1551
1517
1534
1619
1447
1493
1573
1529
1583
1647
1483
1615
1687
1641
1646
1647
1613
1553
1671
1670
1642
1558
1579
1663
1555
1562
1614
1582
1482
1667
1695
1653
1679
1663
1623
1513
1719
1437
1567
1790
1570
1489
1594
1543
1575
1731
1585
1531
1623
1675
1551
1483
1541
1502
1503
1639
1615
1635
1654
1503
1559
1605
1691
1577
1515
1655
1623
1541
1518
1750
1511
1515
1434
1662
1549
1647
1539
1454
1529
1699
1507
1495
1518
1529
1535
1475
1846
1939
1839
2031
0
1755
