378
646
534
627
455
763
411
598
335
651
310
470
575
657
355
563
419
415
503
623
455
522
443
618
387
633
359
655
519
706
382
622
494
743
403
511
399
487
335
667
503
818
566
707
442
647
414
483
519
543
367
662
523
479
371
639
366
718
511
531
346
695
503
675
443
707
423
635
566
554
439
519
438
783
467
615
374
647
507
611
355
631
514
642
539
563
475
654
382
598
547
483
602
671
415
654
391
602
326
547
367
595
415
570
471
559
503
651
287
571
555
606
394
614
483
579
695
627
439
739
515
555
438
739
399
711
547
670
471
511
495
574
465
471
423
610
391
643
346
666
523
643
575
626
463
631
418
651
511
642
567
638
426
627
407
531
415
675
443
607
505
619
603
570
347
722
586
567
291
621
331
587
567
555
462
587
558
607
511
607
383
642
215
707
459
677
427
583
371
635
379
658
425
643
290
503
407
599
354
570
371
635
346
667
307
607
419
519
331
727
343
739
451
706
518
639
535
627
386
571
367
705
447
747
359
647
475
579
531
615
383
694
362
583
367
757
515
554
463
654
415
574
467
687
378
618
519
630
294
639
431
535
270
643
435
686
467
522
430
655
303
575
455
659
303
755
415
643
491
635
571
671
463
599
411
591
507
675
350
495
454
583
562
647
531
563
566
653
579
619
447
650
387
819
359
577
479
627
491
690
410
707
387
687
235
595
395
567
399
667
475
711
511
543
379
671
362
698
395
591
498
678
483
719
335
606
475
779
311
571
466
758
457
723
454
691
446
715
422
663
310
511
403
542
327
538
463
671
462
643
527
602
339
671
379
598
442
567
407
694
331
723
307
543
333
727
399
535
415
631
471
679
451
771
451
782
479
531
487
595
387
705
430
522
442
575
547
747
394
767
387
402
255
530
438
659
527
771
259
823
462
670
579
703
383
602
363
583
303
574
415
679
423
539
431
707
459
674
247
623
435
671
418
751
371
599
390
599
406
579
491
703
479
698
535
563
471
727
434
663
503
619
375
630
435
679
383
687
387
678
335
715
419
546
473
623
347
635
423
710
422
538
506
770
426
595
379
423
403
679
503
598
383
619
399
663
370
650
503
719
523
670
499
654
531
459
455
651
575
623
342
671
391
615
314
530
382
634
151
365
199
367
119
583
297
471
333
643
311
563
391
370
315
518
465
517
358
558
399
267
551
359
339
531
362
347
374
510
526
387
403
511
450
530
447
543
377
531
395
310
475
389
458
387
478
399
658
427
455
426
495
306
362
397
575
370
403
415
435
427
355
318
443
463
351
338
403
411
539
453
406
459
514
366
383
471
355
323
619
331
411
503
423
377
419
402
566
351
354
442
391
399
331
515
511
437
374
403
310
375
263
395
419
443
382
555
343
318
487
335
475
390
522
487
371
342
346
259
483
367
471
371
347
463
470
394
391
338
507
543
511
295
447
259
435
387
215
378
471
358
371
407
607
471
458
359
343
535
407
411
530
423
502
363
363
371
471
415
571
354
506
439
434
482
391
327
379
426
315
351
343
503
395
479
427
279
486
491
467
518
547
463
223
355
455
467
442
563
511
330
399
418
435
455
407
398
371
263
395
471
403
418
491
274
583
363
391
499
482
427
479
351
475
643
319
458
543
359
442
303
467
367
487
427
439
410
395
295
471
467
391
359
374
346
319
423
471
326
399
510
414
491
450
427
354
238
359
391
503
583
391
467
543
437
417
282
462
495
427
446
403
458
249
357
486
475
499
383
447
406
407
427
429
435
262
366
463
315
390
523
391
383
425
366
410
359
439
395
639
358
503
258
355
339
323
423
342
267
439
275
403
402
579
358
403
413
447
350
410
471
471
371
359
287
379
542
483
399
447
430
367
339
387
399
519
438
379
394
438
375
431
255
399
415
375
419
283
323
274
343
271
430
359
343
407
299
387
433
450
191
410
271
387
454
370
435
335
482
426
323
383
463
307
387
470
383
463
383
471
335
366
307
395
494
391
263
295
335
395
399
410
423
407
327
547
395
355
423
467
251
415
399
379
403
363
435
375
407
426
353
511
354
258
383
503
342
431
410
362
459
338
267
367
402
419
519
439
395
277
290
510
483
358
447
407
407
310
542
435
579
470
355
419
435
367
314
427
415
338
355
331
335
479
399
431
359
527
291
471
542
475
279
363
229
423
379
415
503
418
362
567
475
351
389
458
243
191
323
394
374
331
479
354
255
491
355
355
451
450
343
307
407
498
379
462
338
403
454
467
323
403
363
275
487
450
406
546
346
367
435
463
363
451
427
387
259
319
417
471
455
419
370
315
335
201
299
403
379
0
483
131
439
263
763
