1907
1915
1863
2014
1838
1987
1847
2083
1739
2099
1883
1991
1803
1979
1746
2043
1859
2135
1887
2123
1663
2010
1823
2159
1827
2071
1807
2199
1759
2019
1907
2111
1799
2059
1827
2087
1799
2042
1939
1954
1823
2067
1883
2042
1775
1983
1819
2039
1819
1919
1895
2083
1911
2051
1823
2130
1918
1963
1799
1963
1811
2035
1883
1963
1931
2119
1971
2159
1827
2051
1899
2063
1839
2011
1867
2083
1903
2115
1839
2115
1871
1950
1795
2086
1755
2099
1811
2059
1819
1983
1867
2179
1819
2095
1843
2119
1807
2039
1863
2111
1831
2007
1907
2043
1831
1999
2039
2047
1735
2190
1823
1975
1746
2043
1875
2083
1903
1959
1850
1983
1762
2075
1735
2119
1811
1987
1847
2155
1879
2107
1843
1943
1891
1959
1855
1967
1683
2055
1755
2027
1871
1959
1911
2126
1791
2031
1983
1983
1803
2119
1827
1911
1835
2155
2003
1983
1931
2059
1903
2047
1898
2127
1883
1983
1875
2143
1907
1979
1803
2106
1827
2059
1759
2163
1871
1959
2023
2159
1947
2063
1859
2059
1895
1971
1839
2007
1963
2003
1767
2022
1879
2051
1915
2239
1883
2079
1955
1947
1823
1995
1899
1919
1915
1939
1843
1971
1827
1927
1767
2114
1827
2083
1875
2051
1743
1963
1954
2099
1887
2019
1819
2071
1927
2203
1879
2067
1819
2055
1771
2051
1747
2007
1783
1967
1890
2135
1887
1995
1767
2211
1891
2051
1831
2007
1867
2035
1859
2007
1811
1891
1791
2047
1811
1958
1923
2119
1935
2111
1879
2059
1855
2003
1875
2127
1899
2135
1983
2007
1907
1967
1835
2043
1835
2039
1751
1959
1815
1991
1839
2091
1895
2171
1895
2015
1803
2059
1943
2003
1863
2107
1887
2015
2019
2039
1827
2035
1819
2043
1779
2075
1771
2019
1891
2203
1723
2183
1891
2051
1983
2183
1799
2055
1963
2047
1842
2103
1943
1983
1867
2071
1879
2159
1971
2143
1850
2135
1943
2063
1855
2087
1806
2107
1791
2239
1918
2067
1919
2119
1975
2075
1823
2015
1971
2083
1999
2107
1987
2063
1919
2011
2099
1991
1939
2055
2007
2035
1875
2087
1915
2147
1971
2019
1783
2047
1755
1915
1866
2059
1970
1855
1931
1959
1779
1951
1830
2107
1855
2043
1783
2035
1803
2071
1911
2167
1875
2143
1775
2022
1903
2023
1871
2043
1955
1975
1863
2071
1991
2155
1819
2039
1947
2055
1955
2035
1799
1975
1879
2071
1811
2031
1867
1959
1859
2067
1883
2091
1951
2043
2059
2115
1975
2083
1847
2003
1879
2059
1891
2079
1991
2115
1903
2019
1839
2123
1831
2023
1827
1991
1843
1991
1919
2095
1863
2039
1851
2191
1987
2087
1927
2047
1846
2123
1851
2047
1879
2075
1875
2239
1819
2191
1915
2035
1887
2135
1939
2059
1839
2015
1943
2131
1939
2183
1855
2167
1807
2075
1839
1971
1911
2083
1959
2067
1899
2143
1863
1907
1763
1915
1911
1979
1891
2071
1723
1943
2018
2071
1719
1894
1631
1883
1583
1891
1583
2075
1867
1987
1835
1995
1859
1967
1887
1851
1819
1927
1831
1911
1787
1803
1883
1863
1939
1803
1843
1871
1775
1767
1843
1803
1835
1919
1719
1891
1783
1887
1859
1695
1782
1827
1947
1783
1807
1903
1879
1783
1855
1879
1871
1843
1891
1859
1783
1851
1851
1747
1723
1855
1819
1771
1987
1779
1763
1810
1907
1907
1883
1859
1799
1987
1895
1659
1875
1854
1894
1755
1779
1839
1847
1783
1743
1707
1731
1871
1851
1927
1922
1759
1870
1803
1935
1687
1827
1839
1839
1883
1675
1759
1687
1766
1775
1835
1815
1815
1775
1859
1975
1927
1851
1846
1847
1867
1839
1783
1839
1914
1734
1946
1863
1843
1858
1819
1747
1843
1802
1803
2051
1883
1807
1903
1955
1751
1743
1823
1971
1803
1759
1819
1891
1779
1895
1959
1887
1791
1815
1715
1927
1867
1863
1863
1919
1783
1991
1786
1831
1859
1895
1843
1863
1739
1859
1899
1959
1827
1763
1843
1963
1903
1831
1782
1903
1719
1835
1743
1823
1919
1883
1827
1779
1807
1927
1791
1799
1771
1791
1795
1871
1795
1671
1899
1859
1811
1939
1699
1803
1847
1791
1763
1875
1719
1883
1783
1827
1807
1771
1914
1803
1715
1875
1999
1911
1975
1943
1734
1775
1891
1799
1915
1975
1803
1815
1875
1911
1819
1867
1779
1755
1894
1839
1887
1875
1675
1859
1783
1955
1879
1799
1931
1879
1915
1935
1891
1978
1863
1747
1791
1775
1875
1867
1895
1747
1791
1887
1699
1827
1759
1802
1843
1767
1895
1854
1767
1819
1851
1999
1919
1847
1735
1795
1659
1903
1847
1879
1879
1859
1967
1730
1886
1979
1967
1807
1839
1891
1775
1863
1855
1791
1871
1883
1863
1811
1879
1923
1943
1779
1699
1787
1847
1911
1763
1755
1831
1807
1827
1902
1787
1883
1735
1895
1854
1775
1871
1847
1895
1799
1939
1899
1755
1739
1707
1855
1827
1783
1795
1775
1855
1671
1827
1891
1715
1791
1787
1823
1831
1879
1819
1847
1843
1747
1847
1735
1815
1882
1883
1887
1739
1827
1855
1935
1787
1879
1703
1783
1783
1823
1911
1871
1795
1679
1815
1783
1767
1807
1827
1811
1775
1859
1819
1855
1747
1782
1927
1731
1731
1787
1871
1735
1763
1651
1850
1859
1847
1883
1718
1967
2035
1927
1735
1847
1699
1863
1723
1871
1823
1807
1799
1859
1847
1711
1899
1775
1935
1791
1827
1795
1727
1763
1831
1803
1855
1883
1831
1807
1767
1879
1739
1967
1967
1883
1835
1719
1855
1839
1743
1767
1855
1795
1695
1815
1710
1871
1891
1835
1987
1939
1851
1835
1951
1867
1851
1903
1779
1879
1834
1895
1935
1775
1867
1707
1683
1875
1751
1767
1763
1923
1746
1907
1627
1795
1815
1859
1706
1963
1855
1898
1755
1795
1755
1766
1634
1839
1903
1811
2039
1935
1755
1755
1767
1715
1991
1723
1751
1775
1815
1887
1803
1831
1867
1827
1803
1683
1755
1875
1774
1843
1799
1759
1871
1843
1739
1775
1815
1895
1787
1762
1846
1927
1779
1803
1767
1887
1783
1795
1807
1991
1815
1823
1863
1751
1783
1775
1823
1727
1831
0
1803
