#
# param_Countermap
#
#       DetID
#                1      Fiber
#                2      T0
#
#	AorT	0: ADC		1: TDC
#	UorD	0: Up(Left)	1: Down(Right)
##
# -------------------------------------------------------------------
#       C       N       A     DetId   PlID   SegID  UorD
# -------------------------------------------------------------------
# T0 (DRS4)
# -------------------------------------------------------------------
        1       2       0       2      0      0      0
        1       2       1       2      0      1      0
        1       2       2       2      0      2      0
        1       2       3       2      0      3      0
        1       2       4       2      0      4      0
        1       2       5       2      0      5      0
        1       2       6       2      0      6      0
        1       2       7       2      0      7      0
        1       2       8       2      0      8      0
        1       2       9       2      0      9      0
        1       2      10       2      0     10      0
        1       2      11       2      0     11      0
        1       2      12       2      0     12      0
        1       2      13       2      0     13      0
        1       2      14       2      0     14      0
        1       2      15       2      0     15      0
# -------------------------------------------------------------------
#       C       N       A     DetId   PlID   SegID  UorD
# -------------------------------------------------------------------
# T0 (HR-TDC)
# -------------------------------------------------------------------
        1       3       0       3      0      0      0
        1       3       1       3      0      1      0
        1       3       2       3      0      2      0
        1       3       3       3      0      3      0
        1       3       4       3      0      4      0
        1       3       5       3      0      5      0
        1       3       6       3      0      6      0
        1       3       7       3      0      7      0
        1       3       8       3      0      8      0
        1       3       9       3      0      9      0
        1       3      10       3      0     10      0
        1       3      11       3      0     11      0
        1       3      12       3      0     12      0
        1       3      13       3      0     13      0
        1       3      14       3      0     14      0
        1       3      15       3      0     15      0
#
        1       3      16       3      0     16      0
        1       3      17       3      0     17      0
        1       3      18       3      0     18      0
        1       3      19       3      0     19      0
        1       3      20       3      0     20      0
        1       3      21       3      0     21      0
        1       3      22       3      0     22      0
        1       3      23       3      0     23      0
        1       3      24       3      0     24      0
        1       3      25       3      0     25      0
        1       3      26       3      0     26      0
        1       3      27       3      0     27      0
        1       3      28       3      0     28      0
        1       3      29       3      0     29      0
        1       3      30       3      0     30      0
        1       3      31       3      0     31      0
#
        1       3      32       3      0     32      0
        1       3      33       3      0     33      0
        1       3      34       3      0     34      0
        1       3      35       3      0     35      0
        1       3      36       3      0     36      0
        1       3      37       3      0     37      0
        1       3      38       3      0     38      0
        1       3      39       3      0     39      0
        1       3      40       3      0     40      0
        1       3      41       3      0     41      0
        1       3      42       3      0     42      0
        1       3      43       3      0     43      0
        1       3      44       3      0     44      0
        1       3      45       3      0     45      0
        1       3      46       3      0     46      0
        1       3      47       3      0     47      0
#					       
        1       3      48       3      0     48      0
        1       3      49       3      0     49      0
        1       3      50       3      0     50      0
        1       3      51       3      0     51      0
        1       3      52       3      0     52      0
        1       3      53       3      0     53      0
        1       3      54       3      0     54      0
        1       3      55       3      0     55      0
        1       3      56       3      0     56      0
        1       3      57       3      0     57      0
        1       3      58       3      0     58      0
        1       3      59       3      0     59      0
        1       3      60       3      0     60      0
        1       3      61       3      0     61      0
        1       3      62       3      0     62      0
        1       3      63       3      0     63      0
#
