#
# param_Countermap
#
#       DetID
#                1      Fiber
#                2      T0
#
#	AorT	0: ADC		1: TDC
#	UorD	0: Up(Left)	1: Down(Right)
##
# -------------------------------------------------------------------
#       C       N       A     DetId   PlID   SegID  UorD
# -------------------------------------------------------------------
# T0 (DRS4)
# -------------------------------------------------------------------
        1       2       0       2      0      0      0
        1       2       1       2      0      1      0
        1       2       2       2      0      2      0
        1       2       3       2      0      3      0
        1       2       4       2      0      4      0
        1       2       5       2      0      5      0
        1       2       6       2      0      6      0
        1       2       7       2      0      7      0
        1       2       8       2      0      8      0
        1       2       9       2      0      9      0
        1       2      10       2      0     10      0
        1       2      11       2      0     11      0
        1       2      12       2      0     12      0
        1       2      13       2      0     13      0
        1       2      14       2      0     14      0
        1       2      15       2      0     15      0
# -------------------------------------------------------------------
#       C       N       A     DetId   PlID   SegID  UorD
# -------------------------------------------------------------------
# T0 (HR-TDC1)
# -------------------------------------------------------------------
        1       3       0       3      0      0      0
        1       3       1       3      0      1      0
        1       3       2       3      0      2      0
        1       3       3       3      0      3      0
        1       3       4       3      0      4      0
        1       3       5       3      0      5      0
        1       3       6       3      0      6      0
        1       3       7       3      0      7      0
        1       3       8       3      0      8      0
        1       3       9       3      0      9      0
        1       3      10       3      0     10      0
        1       3      11       3      0     11      0
        1       3      12       3      0     12      0
        1       3      13       3      0     13      0
        1       3      14       3      0     14      0
        1       3      15       3      0     15      0
#
        1       3      16       3      0     16      0
        1       3      17       3      0     17      0
        1       3      18       3      0     18      0
        1       3      19       3      0     19      0
        1       3      20       3      0     20      0
        1       3      21       3      0     21      0
        1       3      22       3      0     22      0
        1       3      23       3      0     23      0
        1       3      24       3      0     24      0
        1       3      25       3      0     25      0
        1       3      26       3      0     26      0
        1       3      27       3      0     27      0
        1       3      28       3      0     28      0
        1       3      29       3      0     29      0
        1       3      30       3      0     30      0
        1       3      31       3      0     31      0
#
        1       3      32       3      0     32      0
        1       3      33       3      0     33      0
        1       3      34       3      0     34      0
        1       3      35       3      0     35      0
        1       3      36       3      0     36      0
        1       3      37       3      0     37      0
        1       3      38       3      0     38      0
        1       3      39       3      0     39      0
        1       3      40       3      0     40      0
        1       3      41       3      0     41      0
        1       3      42       3      0     42      0
        1       3      43       3      0     43      0
        1       3      44       3      0     44      0
        1       3      45       3      0     45      0
        1       3      46       3      0     46      0
        1       3      47       3      0     47      0
#					       
        1       3      48       3      0     48      0
        1       3      49       3      0     49      0
        1       3      50       3      0     50      0
        1       3      51       3      0     51      0
        1       3      52       3      0     52      0
        1       3      53       3      0     53      0
        1       3      54       3      0     54      0
        1       3      55       3      0     55      0
        1       3      56       3      0     56      0
        1       3      57       3      0     57      0
        1       3      58       3      0     58      0
        1       3      59       3      0     59      0
        1       3      60       3      0     60      0
        1       3      61       3      0     61      0
        1       3      62       3      0     62      0
        1       3      63       3      0     63      0
#
# T0 (HR-TDC2)
# -------------------------------------------------------------------
        1       4       0       4      1      0      0
        1       4       1       4      1      1      0
        1       4       2       4      1      2      0
        1       4       3       4      1      3      0
        1       4       4       4      1      4      0
        1       4       5       4      1      5      0
        1       4       6       4      1      6      0
        1       4       7       4      1      7      0
        1       4       8       4      1      8      0
        1       4       9       4      1      9      0
        1       4      10       4      1     10      0
        1       4      11       4      1     11      0
        1       4      12       4      1     12      0
        1       4      13       4      1     13      0
        1       4      14       4      1     14      0
        1       4      15       4      1     15      0
#
        1       4      16       4      1     16      0
        1       4      17       4      1     17      0
        1       4      18       4      1     18      0
        1       4      19       4      1     19      0
        1       4      20       4      1     20      0
        1       4      21       4      1     21      0
        1       4      22       4      1     22      0
        1       4      23       4      1     23      0
        1       4      24       4      1     24      0
        1       4      25       4      1     25      0
        1       4      26       4      1     26      0
        1       4      27       4      1     27      0
        1       4      28       4      1     28      0
        1       4      29       4      1     29      0
        1       4      30       4      1     30      0
        1       4      31       4      1     31      0
#
        1       4      32       4      1     32      0
        1       4      33       4      1     33      0
        1       4      34       4      1     34      0
        1       4      35       4      1     35      0
        1       4      36       4      1     36      0
        1       4      37       4      1     37      0
        1       4      38       4      1     38      0
        1       4      39       4      1     39      0
        1       4      40       4      1     40      0
        1       4      41       4      1     41      0
        1       4      42       4      1     42      0
        1       4      43       4      1     43      0
        1       4      44       4      1     44      0
        1       4      45       4      1     45      0
        1       4      46       4      1     46      0
        1       4      47       4      1     47      0
#					       
        1       4      48       4      1     48      0
        1       4      49       4      1     49      0
        1       4      50       4      1     50      0
        1       4      51       4      1     51      0
        1       4      52       4      1     52      0
        1       4      53       4      1     53      0
        1       4      54       4      1     54      0
        1       4      55       4      1     55      0
        1       4      56       4      1     56      0
        1       4      57       4      1     57      0
        1       4      58       4      1     58      0
        1       4      59       4      1     59      0
        1       4      60       4      1     60      0
        1       4      61       4      1     61      0
        1       4      62       4      1     62      0
        1       4      63       4      1     63      0
#
# T0 (HR-TDC3)
# -------------------------------------------------------------------
        1       5       0       5      2      0      0
        1       5       1       5      2      1      0
        1       5       2       5      2      2      0
        1       5       3       5      2      3      0
        1       5       4       5      2      4      0
        1       5       5       5      2      5      0
        1       5       6       5      2      6      0
        1       5       7       5      2      7      0
        1       5       8       5      2      8      0
        1       5       9       5      2      9      0
        1       5      10       5      2     10      0
        1       5      11       5      2     11      0
        1       5      12       5      2     12      0
        1       5      13       5      2     13      0
        1       5      14       5      2     14      0
        1       5      15       5      2     15      0
#
        1       5      16       5      2     16      0
        1       5      17       5      2     17      0
        1       5      18       5      2     18      0
        1       5      19       5      2     19      0
        1       5      20       5      2     20      0
        1       5      21       5      2     21      0
        1       5      22       5      2     22      0
        1       5      23       5      2     23      0
        1       5      24       5      2     24      0
        1       5      25       5      2     25      0
        1       5      26       5      2     26      0
        1       5      27       5      2     27      0
        1       5      28       5      2     28      0
        1       5      29       5      2     29      0
        1       5      30       5      2     30      0
        1       5      31       5      2     31      0
#
        1       5      32       5      2     32      0
        1       5      33       5      2     33      0
        1       5      34       5      2     34      0
        1       5      35       5      2     35      0
        1       5      36       5      2     36      0
        1       5      37       5      2     37      0
        1       5      38       5      2     38      0
        1       5      39       5      2     39      0
        1       5      40       5      2     40      0
        1       5      41       5      2     41      0
        1       5      42       5      2     42      0
        1       5      43       5      2     43      0
        1       5      44       5      2     44      0
        1       5      45       5      2     45      0
        1       5      46       5      2     46      0
        1       5      47       5      2     47      0
#					       
        1       5      48       5      2     48      0
        1       5      49       5      2     49      0
        1       5      50       5      2     50      0
        1       5      51       5      2     51      0
        1       5      52       5      2     52      0
        1       5      53       5      2     53      0
        1       5      54       5      2     54      0
        1       5      55       5      2     55      0
        1       5      56       5      2     56      0
        1       5      57       5      2     57      0
        1       5      58       5      2     58      0
        1       5      59       5      2     59      0
        1       5      60       5      2     60      0
        1       5      61       5      2     61      0
        1       5      62       5      2     62      0
        1       5      63       5      2     63      0
