326
327
326
329
330
327
327
326
326
327
327
327
327
328
326
327
327
327
327
327
326
329
327
327
327
327
329
327
327
326
327
327
326
329
329
326
326
326
327
327
327
327
327
329
326
327
327
329
327
327
327
326
329
327
328
327
329
327
327
326
329
328
327
329
327
327
328
329
327
327
327
326
329
327
327
327
325
326
326
326
329
327
325
326
327
327
327
330
327
329
329
329
326
330
327
327
327
327
325
328
327
326
330
327
329
326
327
327
326
327
328
329
327
327
327
326
326
326
327
327
326
327
327
326
327
327
326
327
327
327
326
326
329
327
326
327
329
327
329
327
327
326
327
326
327
329
326
327
327
329
327
327
329
327
329
327
326
327
329
329
325
329
329
330
326
328
327
326
325
329
326
327
326
326
326
327
329
326
326
326
329
327
326
327
327
326
327
327
326
326
329
329
328
327
329
328
329
326
326
329
329
329
327
327
329
325
327
327
326
327
327
327
326
329
326
327
329
327
327
327
327
329
327
329
329
327
327
327
330
329
326
325
326
327
328
327
325
327
326
326
326
327
329
330
329
326
326
327
327
327
327
325
327
326
327
329
329
327
327
326
326
326
327
329
327
327
329
326
325
328
329
326
326
327
326
326
327
326
326
326
327
327
327
327
329
328
327
326
329
326
326
326
329
328
327
326
326
327
330
327
327
327
329
327
329
327
326
327
327
326
327
326
326
327
326
329
329
329
327
326
327
328
326
329
330
327
329
327
326
327
328
329
327
327
327
327
326
326
325
325
327
325
326
325
328
327
326
327
327
327
325
326
329
327
327
327
325
326
327
327
327
327
327
327
329
327
327
327
327
326
327
327
329
329
327
327
326
326
326
326
325
327
327
326
327
327
326
327
326
327
329
327
326
327
326
331
327
326
326
327
327
327
327
326
327
329
327
329
326
329
327
326
327
326
326
327
329
330
327
327
326
326
327
327
327
326
328
327
326
327
327
329
328
327
327
327
327
327
329
327
326
326
327
327
326
325
326
329
330
327
327
327
327
326
329
327
327
327
327
328
330
327
330
325
329
327
327
326
327
325
326
329
327
327
327
329
327
326
328
329
327
326
326
327
327
326
329
326
325
328
327
327
326
327
327
326
329
327
325
328
329
325
329
327
326
329
327
327
327
327
327
330
326
326
329
327
327
328
327
329
325
329
326
327
328
327
327
329
327
327
327
327
327
329
326
330
327
327
327
326
326
329
329
325
328
326
325
327
327
327
326
328
330
327
326
326
329
330
329
326
325
326
327
326
326
326
326
327
325
325
326
326
327
327
327
326
329
329
328
325
327
329
327
329
327
323
328
327
326
327
327
324
326
329
329
327
327
327
327
327
327
327
330
325
327
327
326
330
326
327
326
327
327
327
328
326
330
306
318
326
326
322
318
334
330
314
330
318
322
326
322
334
330
322
326
330
326
330
318
330
322
327
327
329
326
325
327
326
328
329
327
326
329
327
327
325
327
327
327
327
327
325
330
328
327
325
330
328
329
327
327
327
330
329
329
329
329
329
326
325
327
327
325
325
327
326
328
326
327
327
328
326
325
326
327
329
327
326
327
327
327
327
327
325
327
329
327
326
327
325
325
325
327
327
326
325
327
327
327
328
329
327
328
326
327
325
329
327
327
329
329
327
329
326
327
327
325
327
325
325
327
326
326
328
327
329
327
326
325
325
325
327
327
329
326
329
329
327
326
326
326
327
326
329
329
327
326
327
327
326
329
326
329
329
327
325
326
326
327
326
327
327
327
327
328
327
326
326
327
329
327
326
329
326
327
327
329
325
326
326
328
327
329
326
327
327
327
327
327
327
327
326
326
324
327
329
327
329
327
327
326
326
326
327
326
327
327
326
327
326
326
326
329
327
326
326
326
330
328
326
327
329
327
328
329
326
330
327
327
329
329
326
329
327
327
325
326
327
327
327
327
327
326
326
327
327
326
326
329
327
326
327
327
325
327
327
326
326
326
326
327
327
327
327
327
329
327
328
326
329
327
327
326
327
328
329
327
326
326
329
328
326
326
325
327
326
327
327
327
326
329
327
326
326
329
327
326
329
327
329
327
326
330
325
328
328
326
327
325
327
326
327
326
326
326
325
327
327
327
326
329
327
325
329
327
327
329
327
327
327
327
326
326
327
327
327
326
327
326
328
327
327
327
327
327
327
326
327
327
327
329
328
329
327
327
326
328
329
326
328
329
327
329
329
327
327
327
327
329
329
326
326
326
327
327
327
328
325
325
326
325
329
328
329
328
327
329
329
328
327
329
326
326
327
327
327
326
328
454
383
652
251
271
429
