558
563
565
563
559
563
563
557
562
566
559
571
566
565
567
562
557
566
563
558
557
563
559
563
563
559
559
559
562
559
567
559
562
558
561
567
561
554
559
559
561
566
563
563
565
563
563
563
563
566
550
567
563
567
563
563
563
561
567
563
559
569
565
565
562
561
559
559
562
559
563
563
563
567
563
567
563
562
562
561
558
567
565
563
567
563
563
563
563
563
565
559
566
563
563
566
562
566
562
563
563
563
559
566
559
563
559
563
561
563
559
563
559
567
567
559
562
559
567
561
562
563
559
558
563
559
563
563
566
570
563
566
561
563
563
559
559
563
563
559
567
563
563
563
566
566
565
562
567
567
563
562
563
559
565
561
566
567
557
562
563
567
562
559
557
563
567
563
563
567
563
562
567
567
559
565
567
562
567
562
566
570
563
559
558
565
563
555
559
566
563
563
567
567
559
563
562
559
567
567
562
566
563
563
565
559
567
561
562
558
559
559
563
567
563
566
566
563
562
561
567
567
555
563
563
559
566
562
567
563
562
563
555
566
563
555
563
551
563
561
559
567
563
565
563
562
569
567
563
559
563
561
559
567
563
563
566
566
559
565
563
563
562
563
559
563
563
559
557
555
558
566
562
557
561
562
569
563
563
562
559
567
559
563
559
562
566
566
565
558
563
562
563
567
563
563
559
561
563
558
559
567
562
567
561
562
571
570
563
562
563
569
566
567
561
551
555
566
558
559
567
555
559
567
566
559
563
562
559
559
563
567
563
562
563
563
558
563
563
570
567
559
558
559
563
566
559
558
563
565
566
562
570
563
571
559
559
563
566
561
562
558
562
562
562
559
555
555
562
563
567
563
561
566
561
559
567
563
567
565
559
567
563
570
563
566
567
559
563
565
563
567
567
563
561
562
563
561
566
559
563
563
559
566
559
566
570
561
559
563
567
565
559
562
563
566
565
558
562
566
565
561
563
563
563
555
563
579
562
555
563
562
575
562
558
559
555
553
555
558
557
551
551
555
555
563
563
566
559
557
559
559
570
561
567
563
563
566
563
566
559
559
557
559
559
566
561
565
566
570
571
559
563
569
563
558
559
555
562
559
562
553
558
557
574
563
555
571
563
566
559
555
563
558
571
571
571
571
579
574
567
563
563
566
562
563
559
557
566
555
563
558
563
561
563
566
571
563
587
575
563
557
557
563
526
563
587
559
559
571
563
567
549
567
559
555
554
571
561
563
563
570
651
563
573
563
559
575
567
553
559
559
559
578
566
555
555
559
555
553
563
562
553
566
566
573
571
558
559
578
562
559
559
566
567
583
603
431
614
575
571
547
543
570
535
571
623
535
1111
565
547
578
399
585
567
559
555
569
551
555
543
567
566
575
571
590
555
530
578
547
546
562
559
489
577
547
558
534
618
590
550
522
550
638
602
538
458
526
590
518
470
530
562
474
422
506
510
534
562
626
730
575
659
587
559
550
547
553
563
566
547
554
601
566
554
565
551
535
559
558
562
567
561
551
567
0
135
635
562
555
559
551
558
543
577
551
559
555
571
567
587
567
531
598
567
543
551
561
561
561
543
559
926
554
557
557
562
563
655
526
578
561
561
558
551
551
559
566
561
566
558
555
561
551
567
558
559
563
563
555
562
563
575
603
571
567
567
569
559
567
569
563
567
566
559
558
561
557
563
554
559
567
559
567
562
551
563
570
562
567
571
571
558
561
555
567
571
582
554
559
567
557
562
551
562
567
563
561
575
562
562
561
566
566
475
559
558
558
571
563
563
559
559
563
559
561
559
566
554
561
563
559
563
563
566
566
555
567
571
566
555
563
562
563
555
563
559
559
567
574
555
571
558
551
562
563
559
571
563
551
563
561
563
567
562
573
567
569
563
573
563
563
570
567
559
563
559
559
567
562
567
559
563
562
559
562
551
551
562
563
566
566
562
561
561
563
559
563
561
563
567
566
562
558
562
559
559
559
563
565
566
561
563
555
567
558
563
575
558
575
566
563
563
563
562
563
567
567
566
559
563
566
559
567
563
567
561
563
559
559
561
557
563
562
567
563
565
566
562
563
562
563
563
566
563
567
559
563
563
563
565
563
562
561
563
563
561
569
563
559
558
562
563
565
565
559
567
565
563
555
563
566
563
563
563
561
563
559
566
574
563
561
567
566
559
566
562
569
567
562
569
562
562
562
562
566
567
561
563
563
563
559
567
563
559
569
562
566
559
569
561
559
562
566
559
562
558
558
563
567
563
559
563
559
562
567
563
566
563
566
567
559
563
566
563
563
563
563
561
559
566
566
567
569
563
563
559
562
437
506
387
443
583
431
