555
559
563
559
563
567
562
559
561
566
559
559
551
558
559
563
554
561
566
567
563
563
562
559
555
562
562
562
562
563
566
562
559
563
563
558
561
561
563
567
559
559
563
562
563
563
563
563
562
562
563
566
559
562
567
563
559
563
569
558
559
567
559
559
567
555
569
559
559
569
563
559
565
563
567
559
559
567
563
567
575
566
557
565
563
558
559
559
567
567
555
565
569
559
559
559
558
559
563
555
563
561
563
554
563
563
567
559
559
558
567
559
565
566
559
563
562
563
563
555
563
559
559
555
555
571
565
563
563
566
559
563
555
563
563
563
566
563
555
561
563
561
563
562
567
561
559
561
562
561
567
565
559
562
562
563
566
561
561
567
567
562
563
563
559
559
559
563
571
562
562
566
562
563
563
558
558
563
561
562
562
561
563
563
558
563
563
562
563
557
561
563
559
561
561
561
562
565
555
566
559
561
562
565
559
565
566
563
563
563
567
559
558
565
565
567
555
561
567
562
562
559
562
563
559
566
563
562
562
559
559
559
563
567
559
562
567
563
562
561
565
557
562
559
563
563
561
559
559
561
554
563
561
559
562
563
563
563
563
563
563
563
563
562
567
563
563
567
563
563
561
559
559
563
563
566
561
563
555
562
559
559
561
567
562
559
561
563
563
563
555
561
565
557
563
563
559
565
563
554
557
558
559
571
562
563
563
563
559
566
562
563
561
563
555
562
559
565
555
563
562
559
562
559
559
563
562
563
562
563
559
559
561
562
563
567
561
565
559
563
562
563
563
563
559
559
562
563
559
570
563
558
563
563
562
566
562
562
563
563
559
563
559
563
561
563
561
559
562
562
561
555
559
559
566
566
563
563
563
562
565
563
563
563
563
559
563
562
565
567
563
562
566
559
563
559
561
559
563
562
559
562
562
561
561
563
559
562
567
558
562
562
561
565
563
561
562
563
557
567
559
562
555
563
563
563
562
557
559
565
559
559
555
563
555
567
563
559
563
562
562
559
562
562
567
562
555
563
562
559
559
559
566
562
559
563
559
562
562
563
563
559
562
559
562
559
562
563
559
561
561
563
559
562
555
563
562
559
562
562
563
559
555
566
563
559
559
563
567
561
559
562
559
563
562
559
562
559
559
561
559
562
563
566
563
565
563
563
563
559
559
559
559
561
562
563
562
562
563
559
563
562
563
567
567
563
563
559
563
566
565
559
559
559
561
563
559
558
555
559
559
561
561
562
559
563
562
559
567
559
563
563
563
559
562
563
558
561
559
559
563
563
563
559
563
563
562
563
559
561
559
559
563
562
561
563
559
561
559
559
559
563
558
563
562
561
559
563
565
562
562
562
562
559
559
559
563
562
563
562
562
558
559
562
565
559
563
565
562
566
561
563
559
559
563
562
563
566
558
559
563
566
559
559
562
563
559
559
561
559
562
566
562
559
565
566
558
561
562
559
563
563
559
559
563
567
562
559
562
563
566
559
559
558
561
563
563
562
559
562
561
569
562
563
563
563
565
559
558
558
563
563
562
555
563
559
558
559
561
563
559
562
559
562
566
563
563
559
562
565
559
562
563
566
567
563
561
563
558
566
563
563
562
559
563
561
559
563
561
559
559
562
563
561
559
563
562
566
563
559
562
559
563
563
563
562
559
561
565
559
559
562
559
563
562
563
559
555
563
559
562
561
563
559
559
563
563
559
559
558
562
563
562
565
562
562
563
559
563
563
563
563
559
562
563
562
562
562
561
562
566
562
562
562
563
563
559
565
565
562
563
563
563
562
559
563
561
563
559
562
559
563
567
563
557
557
559
555
563
561
562
562
565
559
557
566
563
561
559
561
559
563
563
565
559
562
563
567
565
566
559
559
557
561
559
563
563
563
555
563
562
563
562
559
567
563
559
561
567
563
561
561
563
561
562
563
567
559
563
555
558
563
559
555
559
565
562
559
559
563
566
563
562
563
562
562
566
562
565
559
562
563
563
557
561
563
555
567
559
563
562
559
559
563
562
562
562
563
559
563
563
563
563
562
558
562
566
563
561
563
563
563
559
561
566
563
563
561
566
566
559
559
559
563
559
563
558
559
559
563
559
566
563
563
559
562
563
566
559
563
563
559
558
563
565
561
561
562
559
557
562
555
559
559
566
565
559
563
559
563
559
559
563
563
563
559
555
561
562
562
561
559
559
562
559
562
561
566
559
559
563
559
555
563
563
559
559
563
563
559
562
563
559
561
563
561
559
561
559
558
567
559
559
563
561
559
562
561
562
562
565
559
562
559
561
559
562
567
563
563
559
563
563
559
563
563
561
563
683
622
743
679
535
693
