218
217
219
218
220
218
220
218
219
219
218
219
219
221
220
218
219
218
217
218
219
219
219
222
218
217
221
221
217
219
218
221
219
219
217
218
221
222
219
221
219
218
219
219
222
219
218
219
221
219
221
219
221
220
222
219
219
219
219
222
220
218
218
222
221
221
221
221
221
222
219
219
218
219
219
218
219
218
219
219
222
222
219
221
219
219
219
219
220
218
221
219
218
219
221
220
221
219
218
218
219
220
219
220
218
219
221
219
221
219
218
219
219
221
219
219
221
222
221
222
218
219
218
221
221
219
219
221
219
218
221
221
221
221
221
220
221
218
222
218
218
219
219
219
218
221
219
219
220
218
219
219
221
218
220
218
217
219
221
219
218
221
221
220
219
221
218
220
218
221
218
218
218
221
219
221
219
220
219
218
217
220
219
219
220
221
218
219
219
221
218
218
218
218
219
222
219
218
220
220
220
221
220
219
218
221
220
220
218
221
221
218
218
221
218
219
221
219
221
218
219
221
218
219
219
222
221
219
220
220
221
221
221
221
218
222
217
219
217
219
218
219
218
220
218
221
219
219
219
219
221
222
218
218
221
221
222
219
219
219
221
221
220
219
217
220
219
221
218
219
221
219
221
220
217
219
219
220
219
219
218
219
219
222
220
221
219
219
220
221
219
219
218
217
219
218
220
222
218
221
218
221
220
219
222
221
219
221
219
221
219
221
221
217
222
219
219
222
220
221
219
219
219
219
221
219
219
220
219
221
218
221
219
221
218
221
218
218
219
219
220
222
218
219
220
219
218
221
221
218
219
221
221
219
219
221
219
218
219
222
219
219
221
218
219
219
221
219
221
221
218
221
219
220
218
221
222
222
219
221
219
219
220
219
220
218
219
220
220
221
219
219
218
221
221
221
218
221
221
219
219
219
221
221
220
221
220
221
217
219
218
219
219
219
218
218
222
222
220
221
219
222
219
219
221
220
220
219
221
221
219
218
219
218
218
219
218
219
219
220
219
218
220
221
221
218
218
221
218
219
221
221
218
219
220
219
219
220
218
222
219
219
219
219
218
219
219
222
219
221
219
219
219
219
218
219
219
219
219
219
218
219
221
221
220
217
219
219
219
219
221
218
218
219
219
219
219
219
219
220
219
219
215
219
218
220
219
219
221
219
221
217
219
219
219
221
218
218
219
218
221
219
220
219
219
221
221
220
221
222
218
218
219
219
217
218
219
221
219
219
219
218
221
221
219
218
218
221
218
222
221
219
220
219
221
221
218
219
219
221
222
218
219
219
220
222
221
219
219
222
218
221
222
219
219
219
218
221
218
218
220
219
219
218
219
221
221
220
221
218
217
218
218
220
217
218
217
219
219
219
220
218
219
218
219
220
219
217
220
218
221
219
219
221
219
219
215
220
221
205
229
217
233
209
213
229
213
221
213
213
221
221
217
213
225
225
225
205
217
217
229
201
209
222
217
218
217
218
219
218
219
221
218
218
220
219
218
219
219
219
220
219
221
219
219
219
222
218
222
221
221
222
220
219
221
220
218
218
219
219
218
222
221
219
219
218
220
220
220
220
218
218
219
221
218
221
221
221
218
222
221
221
220
221
218
218
219
221
221
221
221
219
220
218
219
219
219
218
221
218
220
219
220
219
218
218
221
219
218
219
219
219
219
220
221
218
219
219
221
221
221
222
218
219
217
219
221
217
219
218
219
219
221
221
218
217
218
221
218
220
218
221
219
220
219
219
219
220
221
219
221
220
219
219
221
221
218
222
221
218
219
218
219
218
219
221
218
219
217
218
219
217
219
219
221
221
219
219
221
219
219
219
221
218
221
218
221
219
219
219
218
221
217
218
219
219
219
221
218
218
218
221
220
219
218
219
219
219
221
219
219
219
219
220
219
219
220
220
219
219
219
220
221
219
219
219
219
218
218
221
219
218
221
219
219
219
218
219
219
220
219
218
218
219
218
218
221
219
221
219
219
218
220
219
219
218
218
220
219
219
220
219
220
218
222
219
218
219
220
219
220
219
219
221
221
219
218
219
220
219
222
219
219
218
219
218
220
222
219
219
219
219
220
221
221
219
219
219
221
219
221
219
219
221
219
221
220
221
221
220
220
219
220
219
218
218
218
221
220
218
220
218
219
219
221
221
221
219
217
219
221
220
221
222
221
219
221
218
221
220
221
221
218
221
219
220
221
220
217
219
219
218
217
220
219
222
219
219
221
218
219
222
219
219
222
221
220
217
220
219
219
218
219
219
219
218
221
219
218
219
218
219
219
218
219
218
219
220
218
218
221
218
220
222
220
219
220
221
106
0
186
375
270
179
