469
770
566
903
631
723
567
739
591
735
706
802
567
707
575
831
458
773
531
859
594
721
630
673
723
769
526
730
561
703
606
699
619
831
671
643
531
794
603
763
523
646
633
815
667
647
515
826
491
779
605
825
655
826
503
743
647
847
435
791
618
830
635
811
575
803
547
787
595
675
610
878
543
723
603
663
667
702
498
686
570
731
606
766
603
717
459
909
606
810
671
591
578
815
539
799
706
906
415
843
431
787
514
751
410
845
637
701
414
794
451
742
693
763
675
859
582
721
562
763
514
799
569
915
661
753
659
870
469
799
707
803
721
726
523
690
490
798
546
775
553
822
523
807
659
739
566
815
546
761
535
799
611
639
550
834
527
722
582
826
497
813
595
762
690
715
651
841
565
843
543
662
627
771
687
874
585
975
571
853
511
846
511
891
651
867
591
662
650
770
483
795
561
723
534
823
490
782
641
725
587
743
557
787
647
867
627
675
566
911
609
615
683
839
569
822
599
721
567
839
699
754
495
730
547
775
646
825
510
799
510
641
511
583
575
733
579
699
575
955
659
731
699
755
617
799
673
915
559
679
579
754
503
751
531
823
674
858
607
647
627
810
339
923
511
699
593
763
521
903
433
807
567
911
415
743
539
850
699
779
503
809
609
719
623
761
463
786
562
731
578
879
431
881
497
903
499
809
467
714
610
735
463
738
659
799
599
743
502
723
469
839
594
843
578
771
587
631
523
851
643
834
641
879
479
653
459
795
619
771
558
723
519
698
658
831
585
729
553
790
355
783
547
746
515
679
441
786
546
818
655
683
723
563
583
795
563
782
451
833
575
763
567
763
658
747
546
822
599
738
558
774
738
783
533
819
611
795
475
751
527
715
607
751
577
935
699
758
666
697
587
769
539
749
747
782
630
733
659
863
685
727
514
839
463
882
679
747
485
781
627
871
686
723
787
595
523
703
535
822
527
842
555
883
502
818
526
751
535
858
531
778
475
742
569
775
666
711
463
847
719
802
583
703
715
867
638
747
655
843
602
714
599
695
617
877
639
579
542
727
602
723
511
682
569
649
567
778
533
823
558
923
519
778
649
771
317
711
389
689
547
729
505
987
613
663
499
815
585
646
463
722
619
734
467
843
675
559
459
502
341
523
313
687
510
819
555
631
603
761
490
509
573
611
638
563
594
435
629
555
667
479
375
623
538
503
499
459
495
567
653
434
558
507
547
475
543
514
695
599
571
447
710
545
546
530
691
595
838
635
511
525
463
449
546
426
367
407
523
515
615
455
511
621
539
577
503
662
558
570
417
459
575
538
495
513
567
463
523
466
414
506
563
527
443
542
554
619
547
538
559
431
559
523
563
533
431
574
539
711
582
478
662
483
567
559
587
614
639
642
539
683
543
667
630
590
590
590
590
590
590
590
590
590
590
590
590
590
590
590
590
590
590
590
590
590
590
590
590
590
355
586
631
394
547
561
611
583
567
557
570
475
603
603
486
547
541
431
563
679
429
519
607
415
447
471
515
507
493
543
627
494
571
393
618
567
457
575
411
713
450
639
629
467
490
619
555
563
614
674
513
511
559
639
783
503
641
531
683
517
683
615
558
503
587
531
537
515
653
530
599
658
649
551
599
489
459
545
454
615
483
505
574
519
827
613
466
651
418
634
483
631
675
579
594
494
531
437
491
563
535
579
665
571
562
466
619
454
626
463
622
523
521
545
719
539
467
639
663
498
558
446
582
619
419
491
519
530
583
439
643
674
547
587
546
459
465
590
487
587
675
623
503
491
530
607
475
485
614
479
518
551
571
479
414
663
482
419
475
599
459
433
505
575
719
482
738
539
651
525
626
515
639
459
570
490
734
567
415
606
490
571
506
531
343
515
577
606
517
477
571
615
669
653
586
547
559
583
749
491
409
482
519
575
615
566
463
491
515
546
722
551
345
571
539
494
539
546
637
523
555
586
603
547
522
603
451
531
523
675
603
567
691
503
455
430
439
571
471
686
674
603
553
398
818
522
583
447
411
447
635
655
662
455
398
698
567
691
491
467
531
449
403
603
475
575
643
543
587
567
442
563
549
665
599
623
474
674
551
545
458
526
551
450
571
631
539
591
599
551
459
523
562
502
555
491
459
387
519
463
634
514
523
446
499
497
598
698
551
595
522
386
594
543
398
513
662
442
342
570
591
517
595
515
551
721
562
631
535
525
563
507
533
586
463
594
481
431
575
598
571
615
431
526
745
547
547
631
543
453
657
538
439
530
595
521
503
531
595
445
511
367
742
519
578
627
515
447
539
655
539
498
439
507
401
681
579
403
269
323
423
321
502
685
