327
559
442
619
399
691
446
730
374
703
567
631
378
671
347
499
459
571
395
675
351
727
454
443
482
655
463
547
259
659
354
719
431
658
554
682
491
503
391
551
459
591
363
551
363
651
471
599
475
591
554
587
458
719
435
531
411
599
426
646
386
610
463
655
435
695
631
631
447
635
411
631
455
599
435
483
619
531
366
567
459
615
495
474
563
643
435
638
483
639
427
623
419
715
315
699
411
567
362
755
423
658
467
734
355
599
290
563
442
731
430
579
535
663
314
595
527
642
471
587
458
587
475
722
451
579
399
655
419
703
447
711
387
587
442
682
451
635
435
747
430
783
383
603
483
707
451
767
387
507
463
527
339
443
411
575
530
626
418
627
614
858
483
663
511
639
535
639
463
595
483
651
434
599
583
627
427
779
343
742
414
543
227
571
523
799
543
582
463
606
455
595
531
666
518
595
443
667
563
735
322
647
451
582
467
695
367
623
359
667
435
719
434
671
363
527
383
587
395
659
411
711
439
754
511
619
395
614
423
634
306
515
483
475
431
626
447
435
491
770
415
571
575
555
271
511
523
587
487
707
439
642
562
498
546
847
387
699
495
635
343
435
403
459
483
590
487
606
407
647
339
595
479
667
543
562
291
542
391
607
375
622
451
627
491
727
547
559
482
727
423
511
451
711
455
611
519
667
523
623
271
671
355
714
431
507
531
671
426
503
430
807
490
723
431
570
431
591
471
675
399
647
383
623
458
778
327
726
403
686
455
567
443
638
531
695
443
651
515
619
391
555
467
691
511
563
423
635
367
567
395
651
303
715
495
663
374
619
499
651
407
638
355
678
319
647
491
579
647
639
459
683
659
639
507
647
526
607
439
523
431
554
379
831
451
683
371
723
399
695
359
575
518
683
414
663
555
623
515
683
307
659
494
639
499
667
331
659
487
551
467
739
343
555
406
803
479
643
543
763
427
551
547
715
562
519
459
535
342
714
347
426
347
595
483
643
367
655
418
726
454
571
531
694
467
715
383
738
423
611
551
595
507
891
547
707
431
459
495
611
454
575
526
623
579
751
642
755
391
499
571
699
331
679
367
703
322
671
587
671
431
635
343
563
531
663
491
615
414
667
570
731
322
622
427
547
422
495
39
258
282
318
123
679
419
647
306
550
375
603
471
427
415
295
418
515
446
423
511
430
426
362
603
515
383
255
419
351
463
371
334
403
407
419
579
451
390
355
351
291
439
439
570
450
507
331
447
587
371
415
526
315
403
407
523
490
462
451
383
447
415
386
394
251
523
347
267
307
366
455
463
322
430
483
427
479
559
527
466
402
407
454
499
443
323
439
519
534
402
395
522
430
423
479
451
423
551
347
383
391
430
543
495
251
387
519
435
351
503
351
618
359
419
347
323
479
411
391
319
351
475
499
346
438
435
379
251
319
458
415
603
291
487
407
403
266
446
323
579
547
367
479
398
319
335
494
471
407
498
367
374
371
371
451
563
403
391
398
539
223
563
403
410
499
443
418
479
438
390
354
439
379
471
463
331
482
526
362
387
491
474
399
395
334
470
511
475
535
334
359
415
395
538
443
354
431
435
347
439
267
407
511
607
363
523
511
427
406
399
415
467
391
427
327
407
438
387
523
459
470
355
463
511
391
483
351
399
483
379
523
410
259
603
323
571
395
618
495
463
399
451
403
555
486
383
403
439
371
351
383
410
519
391
527
302
527
531
483
479
187
383
327
399
407
463
491
331
587
423
366
483
403
455
355
491
547
442
390
451
291
359
399
403
359
479
371
387
362
434
443
566
327
527
374
395
455
367
543
523
370
359
403
403
439
538
371
527
403
379
499
391
335
263
391
422
315
475
391
491
439
314
366
343
510
439
487
391
442
487
343
375
375
563
395
467
435
511
503
363
351
391
410
431
451
550
435
403
443
571
471
411
419
523
423
395
518
334
439
459
375
391
398
546
379
427
379
354
395
595
355
303
383
443
354
347
299
459
435
511
367
447
419
243
327
471
483
554
286
410
474
439
338
487
395
439
435
455
455
430
439
527
315
387
299
311
515
379
339
359
282
411
374
491
407
470
463
443
350
427
371
527
431
451
363
263
407
343
414
442
383
347
379
359
495
315
323
335
327
367
447
375
415
419
366
247
439
495
343
574
383
419
335
391
482
331
406
391
319
451
411
494
419
447
303
459
426
483
471
395
414
519
359
439
378
514
499
422
351
491
471
415
551
463
331
447
471
543
475
402
338
451
414
458
299
383
354
390
427
354
311
267
370
443
298
411
338
355
370
451
414
415
186
279
247
379
255
490
282
371
363
299
267
391
611
