415
726
340
764
543
594
463
726
472
581
453
591
502
658
544
738
432
654
535
703
476
764
439
691
636
826
528
719
456
748
498
688
520
625
535
595
443
795
517
669
445
731
531
743
345
827
440
742
433
615
469
771
538
699
506
741
407
597
401
600
522
685
395
716
526
731
379
658
469
748
439
690
553
558
555
655
479
707
597
666
557
673
464
724
498
684
441
762
557
629
528
674
319
625
491
725
565
753
455
730
514
648
439
590
484
586
551
670
455
771
413
641
371
804
407
648
455
648
529
758
584
687
521
558
452
580
553
700
453
735
634
633
504
772
500
714
494
619
510
755
531
720
586
569
397
628
509
619
411
686
562
738
566
645
436
688
339
817
560
905
565
720
491
654
469
707
385
648
476
766
470
691
544
653
473
660
464
716
598
854
423
784
420
851
547
669
534
634
450
643
449
713
510
841
631
867
574
795
621
660
385
622
476
704
606
515
512
563
556
590
430
729
482
687
434
782
567
633
467
763
432
680
514
736
450
678
387
764
562
700
492
599
291
606
509
502
386
633
479
677
423
566
495
687
534
780
457
563
503
753
599
747
546
774
591
737
479
781
567
793
395
725
543
681
507
795
494
739
547
815
343
672
546
638
362
752
350
598
573
762
477
702
539
680
467
717
620
621
477
697
489
694
373
715
493
696
428
671
467
720
416
586
508
855
468
747
426
666
484
860
492
818
439
627
509
657
369
657
689
651
385
823
424
709
384
660
585
805
669
796
434
788
480
823
601
739
403
703
406
691
527
833
479
692
567
611
574
708
575
690
383
848
533
654
545
767
447
879
559
659
543
609
476
676
667
840
424
808
491
751
492
755
522
597
374
608
548
790
356
776
408
827
367
716
494
679
468
625
426
789
540
622
461
543
424
644
489
665
508
724
525
746
534
750
462
629
547
753
275
858
511
515
472
737
484
824
538
654
477
789
509
790
467
585
567
571
507
771
399
707
479
720
414
815
437
515
527
637
377
695
596
603
382
661
517
551
595
586
458
769
357
639
575
737
483
636
568
717
605
759
571
755
523
671
620
672
589
695
355
691
623
894
663
726
434
659
543
679
408
589
386
762
477
732
359
719
424
663
542
672
417
688
519
594
538
677
419
611
274
366
237
426
0
685
529
481
403
673
484
568
511
505
326
504
420
330
388
404
589
467
512
349
345
394
533
373
477
513
477
471
382
485
476
414
536
447
307
462
506
375
493
396
515
435
557
575
440
333
599
355
290
535
439
358
499
351
432
478
477
613
519
544
443
590
556
583
550
525
485
395
320
376
440
371
447
514
390
399
507
477
566
434
539
500
555
442
446
399
423
498
468
577
424
406
387
414
506
513
556
458
503
561
454
408
484
490
494
385
388
486
485
586
529
483
441
440
440
440
440
440
440
440
440
440
440
440
440
440
440
440
440
440
440
440
440
440
440
440
440
440
267
338
497
511
413
448
412
423
478
217
410
281
551
405
546
552
494
479
435
537
466
444
612
415
474
337
451
482
392
513
355
449
449
451
477
458
415
464
588
429
522
539
538
313
411
380
506
485
359
551
273
547
522
546
419
389
480
451
419
279
462
517
484
344
474
496
403
424
485
503
565
429
370
540
350
512
407
566
431
376
592
539
516
436
334
515
571
582
535
418
453
495
385
494
440
304
486
410
458
379
534
450
515
419
469
578
549
480
433
434
410
432
516
494
522
375
431
541
442
382
206
456
292
356
430
446
326
542
539
433
507
428
393
425
390
637
456
413
311
521
608
491
528
616
464
553
428
523
364
425
367
460
467
359
548
405
559
496
406
479
449
517
600
417
435
536
496
451
550
533
478
367
518
531
547
436
386
419
551
521
443
382
424
398
540
430
395
389
596
427
427
638
643
436
599
434
532
409
428
439
391
413
514
486
421
347
494
537
472
450
522
405
486
337
474
470
446
435
345
429
446
503
616
387
513
431
573
525
395
476
499
380
434
351
402
457
361
474
556
423
441
550
580
424
256
462
531
486
396
467
428
429
400
571
485
419
559
462
351
666
473
487
387
351
493
541
287
348
471
429
528
491
461
643
457
334
447
525
455
399
608
477
420
441
371
440
401
418
591
554
438
523
565
531
595
485
502
471
427
373
563
471
486
383
543
462
583
553
523
480
476
511
451
371
476
451
622
463
590
453
501
408
429
376
476
465
699
503
332
539
478
354
737
303
485
435
480
530
585
341
531
520
440
359
413
447
344
489
504
496
564
552
451
339
506
494
475
481
326
347
383
409
300
562
436
610
357
323
433
689
375
509
474
555
595
473
403
466
499
472
486
446
446
788
