447
607
419
599
399
571
275
571
338
515
347
559
375
607
435
571
462
530
375
623
403
599
434
595
347
434
359
510
514
543
383
675
343
643
422
447
527
567
491
554
423
470
414
655
298
543
538
787
438
590
371
419
439
695
338
490
343
579
351
706
290
506
331
619
319
631
423
587
455
675
462
527
451
495
395
722
375
615
435
591
350
611
451
643
351
555
347
651
319
579
399
643
374
498
419
466
423
571
435
510
383
538
391
643
391
594
339
491
470
467
499
459
407
603
407
443
395
643
287
575
431
599
367
659
315
635
303
651
302
535
523
495
283
579
423
479
483
699
431
575
390
522
470
595
398
578
514
454
451
523
387
538
362
599
271
555
314
506
398
646
374
667
499
555
507
647
439
591
391
463
542
555
291
655
343
343
375
471
354
555
359
746
387
655
383
363
379
559
355
478
451
470
343
695
371
543
582
518
499
599
378
579
303
574
482
527
371
603
399
654
347
539
343
515
435
715
307
579
459
515
391
471
483
690
342
591
491
519
514
511
335
675
407
575
398
587
331
638
463
731
403
599
419
707
323
614
386
514
319
475
327
562
411
506
307
715
403
655
519
647
411
515
287
491
427
583
487
598
395
674
494
735
306
658
471
623
430
582
354
783
370
599
295
459
347
514
367
583
563
599
403
634
311
503
375
647
347
355
395
575
435
494
395
531
391
567
335
615
315
591
367
439
403
443
387
511
383
531
190
570
499
627
335
586
459
494
391
487
482
543
343
490
415
519
455
607
571
570
286
714
490
622
362
635
355
531
591
599
551
635
303
687
415
527
471
587
363
599
427
543
503
550
394
411
343
563
422
530
315
555
407
518
431
555
291
627
395
487
391
615
334
546
482
675
559
611
395
667
498
587
327
647
371
619
471
623
278
707
299
639
423
723
403
535
355
663
519
499
315
554
386
595
347
651
366
607
414
707
422
639
375
486
555
538
522
647
427
699
443
531
451
623
467
446
371
579
451
562
531
586
419
583
319
639
427
515
395
659
519
615
334
562
423
626
455
611
363
415
455
659
411
659
391
551
419
663
323
519
423
594
515
647
395
559
331
518
411
663
450
610
523
507
311
658
346
703
351
522
291
559
547
527
251
619
371
607
347
411
107
311
0
291
102
539
438
415
459
574
499
615
311
415
399
431
323
435
383
275
278
318
255
454
363
331
291
347
322
367
579
395
471
307
419
218
251
371
487
347
255
335
435
331
390
351
447
407
526
355
387
271
283
287
458
275
354
379
411
239
415
403
327
351
259
330
414
327
223
314
322
375
351
431
319
438
399
402
335
339
462
291
330
347
279
334
318
239
367
339
319
430
283
463
355
375
447
198
331
358
319
254
371
231
379
387
339
295
415
343
459
335
283
367
403
495
319
175
383
331
455
311
251
391
259
319
339
431
363
331
447
363
419
187
491
454
294
398
371
351
311
371
506
387
355
339
507
295
383
375
359
439
415
299
466
302
387
343
371
419
315
191
415
407
199
291
279
291
314
462
494
375
311
390
403
479
471
315
495
431
383
403
351
351
459
278
567
275
351
406
323
350
343
314
406
215
355
270
342
290
295
378
474
335
335
383
459
371
267
355
390
455
287
347
355
371
407
435
511
315
278
430
427
407
255
455
343
362
270
195
286
335
239
391
395
383
418
450
334
439
363
451
307
343
507
335
383
235
351
251
410
394
347
311
419
487
335
615
379
306
351
303
194
342
322
279
291
382
307
399
403
443
467
234
431
367
406
271
459
363
283
442
319
287
427
303
391
359
359
219
262
275
363
279
331
434
391
267
335
363
270
331
318
379
351
355
359
347
359
263
363
355
351
339
342
375
331
279
471
470
267
399
386
339
515
371
279
363
311
195
355
319
215
315
395
418
391
347
331
275
394
331
399
451
419
255
355
267
371
367
347
347
363
435
323
459
387
371
267
347
415
422
466
386
435
207
335
447
475
386
363
315
351
367
487
334
499
383
274
383
335
267
375
319
459
363
363
411
355
279
371
267
395
263
287
323
355
495
303
275
303
323
414
295
330
279
335
323
363
339
527
402
411
491
422
355
386
343
359
387
359
267
534
214
351
219
531
391
379
366
350
327
303
447
318
451
355
355
307
323
379
379
367
399
278
311
362
411
467
315
475
379
459
222
407
367
279
387
251
371
299
299
403
323
234
339
334
259
371
303
319
302
475
219
515
267
347
390
355
279
343
278
303
379
287
243
363
287
354
343
363
315
335
366
435
287
455
554
331
470
367
135
378
486
195
323
323
346
219
367
414
231
170
383
286
287
463
306
399
343
359
275
411
398
402
695
