681
819
814
815
589
854
676
881
569
962
873
721
647
959
631
809
548
775
708
823
563
949
666
801
627
783
676
898
691
969
655
818
541
865
848
805
639
1020
731
852
614
827
649
838
537
859
507
987
575
807
683
832
679
763
645
966
627
763
551
779
808
833
807
843
647
779
735
917
723
900
724
799
704
750
667
922
693
789
611
771
511
838
667
856
689
830
757
930
667
791
729
937
472
875
662
851
571
833
749
934
675
838
541
850
777
772
598
866
725
900
678
870
677
824
655
967
595
958
625
1059
682
839
701
979
723
823
722
821
781
971
714
853
735
796
609
840
626
859
799
961
695
951
711
854
691
774
657
935
811
871
624
755
794
758
528
715
462
875
682
819
780
802
727
951
677
787
527
912
571
971
745
819
687
838
631
842
734
869
586
870
551
885
702
819
737
973
671
848
673
752
651
915
683
851
724
852
659
823
612
947
608
857
790
810
571
789
659
824
718
943
685
996
633
903
655
675
705
952
789
761
667
851
682
767
642
827
743
921
659
814
754
838
635
749
663
849
546
975
623
911
695
700
803
831
746
970
455
966
509
703
663
765
778
699
621
902
798
879
722
830
849
815
683
851
637
817
814
882
750
791
746
1018
553
805
728
830
623
945
745
881
636
725
566
890
601
904
575
899
703
851
682
792
783
816
723
800
610
883
721
794
533
862
738
1037
608
886
669
867
630
945
695
955
687
720
666
1046
637
872
637
1031
731
694
583
855
674
787
705
738
791
917
638
790
645
925
839
894
680
761
635
819
677
914
787
847
750
741
686
869
623
827
775
879
627
963
711
910
683
899
396
931
635
778
684
994
689
820
621
919
740
875
703
923
820
908
650
775
598
799
731
779
809
800
720
891
735
851
771
974
655
970
718
943
778
818
687
959
688
814
650
939
707
890
771
808
683
910
831
881
735
814
639
775
646
719
778
799
612
787
546
858
725
846
697
931
612
845
771
927
767
855
871
909
566
876
571
864
710
813
699
953
577
961
774
861
645
730
607
959
594
951
772
939
696
920
646
871
686
882
681
832
853
790
534
826
540
827
757
923
453
845
755
908
782
870
725
856
543
893
675
920
686
810
688
805
506
827
670
992
686
832
686
746
511
885
736
939
717
613
382
651
298
511
475
867
673
835
755
820
711
777
693
465
640
599
803
604
703
574
594
703
701
543
607
491
738
797
680
667
770
660
603
579
591
715
685
576
610
689
806
704
513
685
742
653
642
631
670
623
675
694
678
587
731
686
683
545
481
542
606
725
558
566
684
615
605
566
607
672
651
683
583
709
654
575
506
599
621
498
726
549
706
562
671
507
565
623
563
663
685
636
633
672
511
605
819
612
722
506
535
587
742
751
707
672
685
706
673
601
594
738
605
693
558
575
603
587
587
587
587
587
587
587
587
587
587
587
587
587
587
587
587
587
587
587
587
587
587
587
587
587
587
729
605
495
645
743
702
461
609
767
758
587
653
727
613
700
735
647
599
609
738
622
717
730
751
619
639
619
672
631
688
637
816
717
631
681
740
436
747
644
640
443
595
710
573
822
507
727
643
549
674
650
656
600
579
675
630
597
642
494
651
450
774
601
837
635
613
571
660
726
554
613
691
635
744
724
671
594
723
751
851
534
531
523
786
679
701
675
546
491
707
658
678
728
614
707
731
753
634
651
614
631
622
604
606
677
659
685
536
698
681
669
588
673
606
678
766
635
621
615
581
542
529
510
687
682
551
659
632
803
697
740
579
674
699
578
611
575
450
569
642
558
665
689
645
698
725
552
654
728
565
549
699
671
609
612
613
761
655
538
705
588
733
658
617
635
529
614
471
705
546
641
682
641
693
629
647
606
711
633
687
718
755
617
753
629
586
647
633
582
642
631
674
634
743
614
623
523
703
803
561
535
608
666
826
497
759
553
769
607
767
589
688
671
712
603
736
527
764
791
727
687
717
599
649
672
799
655
600
671
651
674
759
591
675
743
643
678
739
585
734
547
646
579
519
635
743
447
519
563
703
562
595
547
483
742
606
616
694
641
716
625
758
745
451
777
713
646
659
594
611
751
696
639
667
697
579
631
689
666
602
693
674
721
722
570
699
721
663
629
751
607
563
713
547
729
655
685
709
646
743
575
663
676
657
658
623
603
599
735
742
727
573
447
559
599
604
745
640
569
667
681
589
630
742
749
603
493
597
662
627
507
583
579
561
711
695
615
733
699
719
638
722
651
796
649
749
638
618
815
688
643
607
566
667
500
671
732
540
394
763
671
591
537
605
609
611
795
665
503
579
497
550
564
642
639
729
504
525
450
446
461
575
767
