471
411
286
391
162
731
422
543
163
555
195
374
331
486
371
427
302
410
239
607
346
578
298
558
282
438
415
545
315
467
347
549
363
559
503
507
363
505
359
475
327
555
391
475
234
429
338
595
315
575
315
679
338
571
419
507
247
546
174
511
311
487
394
534
403
586
378
595
407
494
491
495
323
646
315
487
303
614
267
451
491
491
199
467
371
566
379
627
359
535
299
567
447
507
403
479
303
522
326
459
299
462
379
518
537
554
521
535
451
485
299
634
311
614
215
647
431
499
378
455
443
519
307
546
294
595
265
707
231
631
338
566
311
401
419
431
355
410
222
577
318
683
478
479
275
443
255
715
354
514
407
575
347
639
255
543
435
635
367
463
395
459
385
611
483
494
383
447
282
506
375
659
434
474
307
343
390
431
385
563
467
615
343
454
259
434
282
567
411
607
355
666
366
583
251
530
387
563
331
579
151
403
307
435
275
579
322
535
505
511
274
499
385
454
258
543
409
619
323
666
291
518
367
554
337
547
339
298
383
547
411
421
193
519
331
458
226
374
374
591
295
539
342
518
295
546
235
435
173
543
303
437
287
399
301
631
187
474
475
451
387
435
239
399
315
514
335
411
379
635
346
487
327
471
367
590
462
614
391
547
307
555
415
487
407
471
238
403
378
487
267
538
355
571
347
586
313
431
295
591
374
491
327
507
338
611
223
462
359
531
422
515
399
531
298
623
463
539
442
559
334
515
343
439
253
503
271
341
339
547
451
586
199
527
391
450
371
531
339
451
371
491
419
518
234
499
283
503
511
415
450
535
386
382
335
447
339
481
399
515
339
547
431
310
295
567
466
471
350
622
379
654
299
563
427
683
319
423
359
546
239
435
470
610
237
635
318
607
431
619
351
591
395
562
355
534
347
575
347
583
450
515
387
442
411
507
215
513
479
590
259
674
382
595
519
555
382
503
451
407
339
603
303
559
355
523
339
455
231
463
453
455
467
527
259
459
390
586
251
463
383
526
361
531
526
541
390
515
338
633
315
651
427
483
383
435
411
551
283
511
334
487
318
502
335
462
363
459
219
407
299
602
263
565
346
543
285
539
351
509
395
527
435
575
386
443
219
434
387
471
351
475
219
415
343
555
390
290
67
307
3
195
199
514
325
442
315
459
207
583
147
335
307
267
335
243
302
142
338
247
267
377
203
319
415
311
282
287
207
299
351
334
322
302
355
198
183
323
347
239
371
434
483
299
303
355
374
263
303
371
231
294
447
367
443
363
199
315
327
197
359
322
191
395
471
387
323
347
357
447
290
283
217
322
447
286
383
290
251
207
307
294
343
335
339
383
307
371
446
295
297
397
402
262
275
214
223
255
235
323
258
330
418
295
418
338
351
321
287
191
243
363
343
255
334
430
374
370
314
278
298
327
95
315
251
418
235
254
313
307
367
330
390
295
379
223
299
207
315
323
330
399
419
281
310
343
511
291
465
314
410
251
402
490
223
370
483
323
279
351
451
231
334
213
350
362
390
423
495
290
219
255
355
450
398
311
355
291
331
310
223
151
311
255
287
394
374
231
319
375
247
363
207
233
294
250
255
243
394
263
209
363
355
163
371
251
297
298
271
239
431
359
335
170
283
255
323
162
191
211
347
370
195
315
319
155
137
419
423
279
187
331
382
538
206
310
275
275
243
311
311
403
321
327
311
379
191
323
331
275
314
351
451
291
311
291
395
411
383
258
473
389
167
163
339
331
314
426
263
346
362
322
226
263
335
199
355
266
299
83
270
318
347
363
226
326
391
330
455
507
195
195
367
355
433
27
295
214
343
139
455
219
318
283
411
382
250
298
347
290
317
374
279
386
295
407
463
254
295
250
399
318
371
298
186
139
247
119
279
275
287
347
335
286
274
387
283
329
363
258
350
223
134
238
299
351
243
174
278
211
459
247
246
247
243
322
266
279
327
186
395
335
235
279
227
353
339
307
267
283
367
250
351
355
303
271
274
159
198
403
451
363
387
310
171
343
447
254
289
275
257
243
226
387
363
267
291
255
307
323
395
490
383
279
315
383
286
319
235
371
422
247
283
233
331
306
175
247
318
282
226
307
285
271
330
307
239
315
347
235
247
331
391
366
203
287
263
310
422
266
275
295
307
331
359
255
414
301
230
359
215
299
383
358
383
255
297
170
363
378
331
318
435
291
191
314
271
343
287
246
298
237
475
363
285
439
295
354
223
251
287
282
394
386
171
347
377
255
171
387
291
375
311
267
335
379
407
343
363
255
227
391
227
262
319
411
411
339
399
267
274
303
347
206
319
243
255
170
287
343
379
374
267
563
