323
578
379
467
311
575
435
551
359
391
291
382
313
527
361
423
254
503
278
415
314
463
335
507
310
551
179
470
187
439
467
579
307
590
395
463
258
579
406
539
254
471
311
363
419
478
335
435
375
487
310
562
335
519
243
534
227
535
395
338
327
475
278
607
327
510
359
539
234
427
279
507
306
443
263
603
366
462
283
502
435
523
327
427
383
655
251
635
210
459
291
319
287
335
423
290
358
611
439
403
203
483
275
491
251
535
323
387
307
495
319
602
331
602
335
639
291
534
347
543
230
515
311
438
279
362
215
463
315
431
403
499
263
427
394
559
279
462
303
530
343
427
391
413
303
414
350
495
351
595
147
619
274
483
239
605
310
491
147
587
407
555
231
662
271
571
347
463
295
431
295
523
174
587
323
523
426
507
383
478
375
505
335
570
246
386
359
562
378
637
418
431
418
571
278
559
207
587
295
466
295
462
266
575
191
587
195
503
215
411
307
638
214
479
343
415
323
491
242
446
323
431
211
419
187
535
301
646
403
523
219
407
279
347
407
563
363
551
367
499
357
542
402
543
279
479
59
639
335
395
275
451
239
259
305
487
311
579
295
383
199
559
347
515
351
431
307
631
375
455
406
606
463
535
319
447
302
519
327
407
251
411
306
431
423
471
323
563
459
471
317
378
382
518
266
511
331
478
179
463
278
634
187
427
271
551
350
531
235
595
467
375
267
455
235
471
387
503
267
502
294
495
291
515
359
403
347
575
446
443
210
466
183
515
215
491
343
423
427
643
127
435
431
399
219
478
295
531
335
575
430
539
355
567
359
666
279
502
271
519
95
487
238
510
282
494
286
435
395
534
403
563
307
479
427
539
371
443
435
498
339
395
278
562
279
479
191
539
231
446
151
571
139
550
387
427
243
550
171
495
371
567
263
523
199
434
419
467
383
598
167
391
271
483
214
563
314
497
475
587
287
470
278
347
191
442
259
503
527
595
286
414
283
435
274
422
358
463
387
583
223
459
351
611
247
359
290
578
471
519
407
430
419
395
283
519
242
554
270
491
231
550
346
615
286
554
259
643
355
467
326
490
282
563
383
523
203
415
235
535
211
515
155
611
343
610
214
450
215
494
235
623
310
475
294
550
330
191
7
106
0
327
59
463
486
523
471
555
231
538
283
290
207
163
222
134
462
379
355
279
290
247
259
227
367
255
226
242
307
259
259
195
351
267
347
83
291
355
338
262
235
331
523
319
323
335
246
203
303
283
279
487
179
267
199
246
195
191
163
303
366
243
271
151
403
202
310
327
295
150
210
226
255
262
239
407
282
383
383
211
299
267
199
231
174
223
255
287
295
219
406
395
407
247
551
363
299
231
238
383
235
219
271
331
171
210
219
123
367
303
291
327
234
259
410
403
359
250
203
250
291
235
379
279
291
179
367
287
362
279
299
323
179
230
279
183
369
314
395
247
363
391
311
247
311
243
187
167
287
131
194
123
206
287
387
222
263
375
291
154
271
330
199
387
218
367
311
198
207
227
163
259
271
179
191
246
219
367
182
298
147
302
379
131
339
342
199
170
282
383
395
358
251
326
209
183
295
299
391
267
255
299
347
211
303
291
263
143
319
226
255
307
255
170
171
390
311
286
414
315
231
295
326
315
358
267
407
259
367
247
339
190
266
219
255
222
279
398
270
383
379
199
327
318
351
187
383
247
211
382
443
239
386
267
267
358
94
242
359
291
303
266
222
287
275
155
258
151
215
383
403
371
327
238
299
335
331
163
354
131
339
359
291
207
30
203
190
382
335
303
299
195
275
287
390
327
127
235
259
327
463
347
259
271
391
355
291
267
355
367
183
298
175
329
322
147
419
323
375
243
427
295
387
307
139
233
115
254
147
154
342
155
315
243
379
275
383
155
187
239
239
142
219
327
343
331
434
307
227
267
207
130
155
170
307
367
363
319
245
214
267
247
439
335
347
167
379
258
347
195
327
471
303
399
134
123
403
298
419
295
291
127
226
234
155
347
183
163
207
407
283
255
230
323
339
371
231
350
310
319
402
267
287
259
275
151
351
230
183
126
439
179
271
326
263
291
215
223
407
275
503
291
371
351
523
311
459
283
262
286
267
259
358
199
151
298
259
371
183
251
331
203
419
143
362
251
383
217
286
275
323
239
283
319
127
359
402
219
371
262
307
395
307
387
331
395
375
291
299
166
215
263
270
322
430
211
247
271
243
259
203
315
275
411
283
283
219
287
339
219
279
295
275
463
291
303
299
374
403
315
235
211
275
310
267
267
331
263
374
294
331
159
195
339
247
175
259
335
467
310
323
411
382
543
