359
430
323
747
467
599
458
563
479
679
474
567
439
747
459
667
311
635
438
615
515
655
451
751
495
623
502
666
403
587
387
847
547
538
395
574
411
571
426
663
439
682
563
558
434
663
395
559
466
531
430
751
423
570
391
710
499
587
479
579
423
595
511
730
423
811
511
554
559
578
607
659
510
535
499
746
431
651
527
639
455
595
523
651
426
511
439
563
451
631
439
702
303
567
442
655
467
542
390
639
463
626
387
599
431
627
255
731
439
615
378
591
474
731
482
683
531
594
327
647
571
451
483
723
438
671
331
667
539
755
447
575
435
735
335
783
542
635
399
498
327
639
291
787
551
591
415
715
571
595
515
523
411
567
431
735
511
595
355
651
386
703
386
554
407
578
474
623
591
759
403
674
431
619
379
563
399
595
447
627
534
642
486
630
507
555
399
707
463
587
423
495
542
579
523
647
506
619
387
587
559
615
467
727
487
815
503
699
483
571
495
623
374
555
475
522
487
619
531
475
271
515
567
631
455
639
435
635
363
759
358
619
263
571
491
730
471
599
422
583
587
662
411
779
394
675
342
622
471
575
471
555
439
699
431
567
499
611
518
658
559
750
603
611
443
623
563
583
435
623
395
623
390
675
518
479
494
675
455
754
435
583
515
687
443
715
351
743
391
762
483
699
555
554
491
587
323
607
406
622
355
639
411
635
378
743
383
687
527
622
386
707
443
679
434
507
439
583
395
631
426
739
475
615
423
547
427
571
451
659
467
523
434
615
582
642
331
711
423
763
534
615
474
667
386
647
531
591
591
663
486
663
463
538
395
670
439
634
442
743
430
623
523
783
530
703
339
642
391
455
522
647
399
735
427
630
443
491
395
678
303
726
567
563
599
735
490
723
379
662
506
683
347
546
363
731
275
671
523
806
503
662
435
531
482
695
470
651
422
803
443
715
379
563
446
679
471
771
375
691
475
447
463
651
359
635
579
787
411
583
535
610
570
703
462
591
479
691
518
715
331
571
527
566
507
631
443
818
559
687
514
539
398
659
399
646
383
555
475
571
503
643
519
643
527
519
434
703
439
707
407
771
487
731
351
838
395
527
459
702
531
747
475
478
471
651
415
515
494
747
463
691
434
623
459
558
383
511
247
267
147
243
351
619
455
619
379
539
406
623
550
359
395
535
363
299
454
395
271
434
311
375
390
459
451
391
439
455
531
431
535
390
451
258
359
363
371
435
443
591
426
439
518
258
319
483
459
347
523
283
415
403
591
439
343
307
339
406
435
606
335
515
447
407
495
347
311
427
483
427
495
463
438
442
451
470
435
235
483
419
343
471
338
307
419
535
311
343
379
330
379
211
531
382
342
535
343
423
227
422
342
435
391
383
455
427
319
355
475
406
347
539
383
311
455
387
546
395
503
535
371
379
459
403
659
386
391
507
319
347
370
543
331
458
383
291
435
387
403
427
450
374
463
543
391
347
383
434
387
371
459
427
398
455
395
475
395
358
439
339
527
543
419
447
311
362
359
427
375
418
434
474
483
491
303
411
483
439
431
370
499
267
506
303
363
491
399
455
266
227
446
379
339
399
414
307
459
303
495
395
343
415
430
351
475
423
494
506
447
479
403
387
458
383
435
287
390
415
407
479
523
415
490
427
314
507
487
363
278
355
411
354
467
322
379
375
494
427
310
474
375
366
455
343
375
423
439
330
431
279
607
406
519
515
447
458
435
431
323
423
395
347
439
443
339
371
267
394
655
419
390
371
379
406
306
347
435
459
363
379
471
555
495
427
295
343
399
439
515
487
471
487
338
339
615
511
515
371
427
359
531
479
439
543
431
418
459
531
427
547
519
450
435
407
394
259
471
435
322
339
339
258
355
475
363
423
431
363
363
339
475
259
559
391
507
415
379
359
575
515
347
362
366
515
290
418
423
391
487
555
307
415
491
307
379
566
507
387
423
303
623
459
386
414
435
431
371
419
311
511
271
387
487
411
523
443
547
450
483
458
363
275
455
314
447
426
318
383
495
287
391
443
434
391
447
331
483
299
415
478
459
542
335
471
435
419
375
423
455
435
443
535
455
495
403
391
314
403
411
371
483
471
410
495
471
391
571
382
442
471
330
439
331
423
279
478
455
487
339
483
279
387
363
391
519
379
415
435
483
391
438
347
383
427
282
367
415
491
323
303
326
382
263
366
463
427
427
499
482
239
175
427
475
499
395
431
423
439
387
335
423
375
355
459
367
455
427
383
471
315
291
378
347
323
510
243
338
458
531
439
475
379
419
491
406
479
415
319
359
442
554
135
519
455
419
543
338
291
331
479
367
523
362
603
