639
819
571
715
619
631
475
755
559
499
479
663
627
655
583
719
611
755
475
599
679
831
603
691
411
631
543
751
579
867
583
735
595
679
563
759
595
803
459
743
591
887
503
727
671
719
639
803
679
735
535
735
495
787
403
747
487
735
583
879
451
699
471
771
579
655
495
847
519
831
491
871
683
731
587
783
511
723
523
847
507
691
419
783
543
663
555
727
599
843
615
747
451
747
527
891
527
779
619
667
551
579
547
767
619
851
543
679
691
707
571
771
639
739
547
791
687
795
499
851
423
687
415
747
507
743
607
827
731
731
523
803
507
835
531
735
639
727
507
735
587
667
499
799
555
739
611
763
635
695
531
827
495
667
667
699
547
671
627
823
459
807
619
775
583
679
503
827
679
603
551
727
495
731
503
811
411
863
691
779
495
823
603
703
403
767
595
763
559
831
443
891
683
827
743
667
623
747
579
607
663
767
503
747
479
771
511
743
707
903
543
803
551
807
723
839
675
699
651
775
487
735
659
807
551
747
591
891
567
699
567
847
619
655
523
799
579
775
435
951
575
703
523
671
619
627
483
787
707
719
643
607
591
615
551
791
651
795
575
703
659
739
623
655
587
547
519
783
595
803
495
679
547
771
511
859
527
627
499
795
487
811
491
619
503
663
575
687
547
823
539
647
471
671
455
795
599
659
571
695
663
847
527
879
587
835
591
787
491
903
447
887
491
707
483
635
483
727
539
703
659
711
499
599
435
727
515
715
583
711
639
703
567
787
635
691
551
755
635
795
531
767
563
851
503
783
551
787
515
739
547
747
655
619
583
683
711
739
515
779
531
707
679
723
519
795
591
767
595
699
499
931
447
715
699
875
507
707
615
667
491
755
407
711
559
843
647
719
619
847
531
759
491
731
535
819
491
823
663
627
583
659
651
747
511
735
531
683
551
703
499
755
515
679
571
851
543
871
603
759
603
707
483
799
435
719
611
759
543
815
539
683
519
859
563
851
471
703
579
735
531
643
583
843
483
575
583
927
699
715
723
863
515
843
515
779
307
727
439
703
411
807
527
643
667
787
543
731
459
863
595
823
455
747
551
839
583
603
631
811
347
783
599
867
539
783
507
695
583
731
511
855
503
715
631
815
535
551
251
535
251
483
399
699
519
731
611
611
543
743
443
503
495
579
559
535
495
355
667
479
543
651
607
371
447
583
487
443
607
547
475
503
503
555
575
539
499
511
583
587
567
611
463
583
483
655
631
475
395
415
611
495
503
591
467
535
527
531
615
327
611
591
571
451
431
555
511
643
527
607
631
519
583
491
575
395
551
451
467
415
531
571
507
423
639
439
599
547
483
603
479
631
451
507
603
591
503
575
555
567
567
523
479
459
507
495
591
439
587
523
519
599
655
551
607
523
523
523
523
523
523
523
523
523
523
523
523
523
523
523
523
523
523
523
523
523
523
523
523
523
667
479
495
487
515
523
403
411
551
543
483
443
627
611
699
651
459
535
527
511
491
527
387
431
459
631
451
443
531
443
587
387
607
531
395
547
611
595
631
543
483
455
375
431
531
423
407
571
571
703
583
343
495
579
467
395
527
559
435
535
491
487
431
527
475
579
463
475
415
451
443
599
571
431
603
531
695
579
547
575
567
615
583
475
467
463
647
527
799
483
563
575
631
459
479
507
435
463
615
435
555
323
467
703
511
379
407
443
463
519
487
655
607
583
551
487
503
607
319
343
651
635
567
395
539
527
547
531
575
523
451
459
547
443
519
559
543
591
515
487
551
515
643
595
499
663
563
455
531
571
603
635
559
555
419
431
555
423
523
451
511
611
551
563
435
479
575
379
463
427
615
399
539
447
415
551
639
455
655
455
471
503
407
475
431
383
451
535
551
543
571
451
455
535
571
567
475
591
603
451
455
447
471
543
679
395
559
587
511
523
623
435
655
495
591
531
483
443
611
511
447
383
455
543
591
507
547
591
443
431
563
675
487
775
515
495
535
431
659
607
463
471
511
591
467
575
631
471
543
507
511
519
479
523
411
451
547
727
547
403
611
535
491
431
611
351
583
455
543
727
379
611
583
475
547
619
563
583
563
467
659
387
615
507
667
487
523
415
639
475
523
535
647
511
443
443
511
523
479
499
647
319
535
555
527
491
603
503
583
539
611
507
579
411
447
459
471
459
443
699
575
571
535
591
367
683
611
595
415
535
383
323
387
579
623
555
647
599
447
595
535
427
607
403
399
371
655
367
555
471
615
603
547
567
523
647
735
519
543
483
511
431
559
451
587
463
559
495
579
551
475
475
623
503
571
591
563
495
323
275
343
295
347
511
