439
471
307
555
286
499
259
563
291
494
247
486
223
391
267
483
267
519
235
467
239
515
179
487
227
311
271
567
222
614
275
499
394
522
331
451
370
515
271
402
234
531
319
446
226
435
347
555
274
507
323
591
274
355
226
427
275
495
367
523
327
431
199
531
299
571
326
459
275
519
271
603
291
407
307
459
127
535
195
478
355
471
287
623
103
567
347
455
163
379
194
479
223
507
319
507
303
455
331
559
391
498
387
563
251
387
363
627
294
495
331
443
243
447
278
494
243
515
283
543
347
414
247
375
303
635
175
471
239
627
307
623
123
506
399
467
191
547
123
499
287
411
327
595
263
567
491
351
370
479
371
459
159
543
455
591
223
339
255
574
223
439
343
451
251
483
331
559
411
411
327
319
251
434
122
519
271
431
287
530
363
523
526
475
307
582
334
487
331
411
223
559
263
407
379
551
379
479
262
567
295
298
315
542
263
490
330
547
299
470
354
487
395
502
219
643
239
451
259
567
243
451
331
591
219
491
355
458
250
407
143
523
186
367
267
527
287
623
479
563
266
551
319
559
263
534
215
447
367
491
183
411
271
495
227
639
431
366
375
535
219
447
287
519
379
411
487
615
439
387
463
379
299
615
87
487
387
459
294
563
323
566
375
502
363
491
279
527
311
530
219
571
363
690
187
543
171
518
394
503
267
490
347
402
271
578
507
571
203
567
311
459
351
523
203
519
335
503
163
475
319
463
391
607
319
619
307
571
271
622
347
511
319
507
323
407
275
511
375
490
239
498
219
687
306
559
259
551
223
435
255
467
326
519
382
471
175
531
334
402
251
591
346
675
403
523
351
427
295
534
415
470
207
459
399
491
359
579
195
647
302
519
339
495
207
562
271
499
327
463
283
539
98
403
379
491
251
451
347
559
199
643
379
451
295
542
238
430
391
419
198
535
371
531
175
471
267
663
375
491
339
475
255
450
215
435
503
515
291
407
291
582
247
430
423
302
263
631
319
471
239
515
270
467
342
407
367
459
427
591
311
491
311
351
207
471
411
503
431
543
335
367
335
478
159
527
415
663
335
634
391
398
343
495
223
450
351
475
134
487
283
442
319
619
183
435
258
499
299
639
219
399
267
527
231
379
251
294
23
259
0
127
43
603
267
599
302
471
295
483
359
315
310
267
223
254
275
339
331
314
355
163
103
399
207
235
327
227
398
299
263
263
227
218
219
271
271
99
259
123
371
239
311
263
499
182
243
147
391
175
203
186
158
303
327
135
287
135
299
275
543
311
279
274
383
223
295
143
294
319
199
327
99
291
275
439
311
190
251
311
243
242
231
463
223
310
199
227
283
167
183
295
307
250
247
279
195
279
186
227
351
395
215
223
255
307
307
343
267
367
359
219
283
187
259
127
127
127
127
127
127
127
127
127
127
127
127
127
127
127
127
127
127
127
127
127
127
127
127
127
363
222
363
199
339
243
190
259
363
214
271
354
243
399
326
223
203
335
223
306
303
218
383
335
203
279
251
246
239
246
347
243
318
267
307
234
319
282
239
267
355
167
335
231
211
51
279
199
263
242
223
247
291
327
151
319
394
211
347
223
255
231
259
267
243
215
338
207
203
331
235
235
199
343
247
243
271
343
139
151
263
191
423
371
234
163
195
294
211
223
259
242
159
146
234
323
263
255
179
347
187
275
307
315
319
162
243
371
287
387
231
295
467
215
279
259
319
358
282
191
267
238
258
203
291
415
243
279
443
250
202
430
247
263
342
143
143
382
327
171
267
323
119
283
347
334
303
255
231
199
355
87
491
259
299
191
315
242
383
403
219
319
298
287
335
126
242
311
246
271
315
271
443
182
230
303
295
318
207
202
263
259
279
231
283
259
71
242
315
427
167
275
218
339
207
271
290
343
294
339
218
186
279
323
231
131
291
387
355
199
255
258
323
243
215
279
166
258
355
275
267
259
239
159
247
215
111
319
407
287
367
183
243
227
247
287
235
302
243
267
355
371
239
283
239
171
279
303
247
299
291
195
215
211
427
187
271
322
263
227
295
195
243
287
318
379
335
166
319
239
299
231
303
342
331
186
367
179
234
195
291
347
107
194
290
219
327
299
299
295
335
407
315
283
275
283
191
331
131
187
195
399
331
163
339
334
323
246
459
262
303
235
195
223
115
163
295
287
171
314
363
291
307
359
302
247
187
279
347
235
279
171
387
187
343
395
211
238
155
243
335
231
327
411
407
159
111
255
299
199
163
359
323
291
318
278
187
150
223
147
227
159
267
347
295
323
303
159
339
283
258
195
270
255
171
183
395
203
415
419
510
494
471
682
