371
543
446
571
578
830
407
739
374
531
335
595
515
559
435
711
443
647
379
587
454
791
563
811
635
623
487
771
427
551
359
635
479
675
423
670
583
542
491
683
451
751
327
747
483
559
467
559
443
795
487
610
391
515
443
671
395
695
399
583
531
451
387
671
523
743
407
746
431
627
391
838
455
742
507
779
515
615
543
594
383
671
547
527
451
531
443
618
411
763
363
719
498
659
375
726
591
607
519
739
415
663
486
679
399
546
299
615
506
627
515
695
563
567
527
563
367
763
435
687
311
566
467
819
343
655
338
695
615
735
563
702
619
711
395
658
531
619
427
631
359
635
506
727
479
643
403
775
299
607
539
723
371
727
515
658
294
679
447
611
410
647
607
563
415
583
331
682
494
615
507
623
451
775
487
851
459
715
534
563
371
703
463
647
539
859
291
687
451
586
418
654
475
670
327
583
383
543
507
579
435
735
507
583
543
703
279
659
379
695
511
722
435
595
475
651
459
690
355
463
407
603
390
575
467
695
439
679
315
599
474
763
419
627
467
599
426
579
511
835
483
843
367
631
290
654
515
639
395
686
419
679
491
667
391
643
427
719
427
627
426
631
503
791
515
558
447
635
495
675
555
571
451
555
486
755
431
775
371
783
538
611
503
743
391
579
535
635
563
619
515
730
319
587
415
762
407
643
583
703
322
635
374
579
395
623
435
587
526
751
451
571
523
619
395
539
435
699
335
519
503
891
315
651
415
655
423
747
435
770
495
527
443
503
623
555
443
663
555
703
583
699
426
699
263
619
399
819
439
719
327
875
435
719
415
703
439
567
419
579
523
535
502
679
503
659
495
755
391
563
439
639
431
495
423
611
406
507
386
675
483
623
551
703
547
619
411
811
431
671
287
627
495
723
455
727
503
595
503
675
359
650
503
510
259
687
499
523
507
695
339
807
554
715
423
647
347
627
387
643
507
675
435
643
471
795
503
667
387
643
579
663
491
679
439
695
391
743
635
543
447
479
411
735
474
755
531
595
391
571
399
683
543
779
463
683
419
527
559
695
494
675
563
687
451
699
446
667
399
751
439
731
539
639
551
567
367
603
411
747
423
899
599
599
431
571
407
750
315
699
371
599
386
471
527
599
491
543
163
443
159
327
151
807
319
531
259
559
503
587
487
458
547
462
463
487
527
391
331
335
427
487
243
339
583
587
195
387
547
311
355
455
531
515
471
387
410
391
527
323
455
363
431
351
495
339
331
323
479
363
527
395
459
355
443
479
467
543
491
403
459
391
503
471
487
323
502
294
503
363
387
219
419
383
435
567
398
415
411
479
419
495
410
347
463
547
443
419
531
455
315
311
471
439
475
499
359
303
255
519
411
435
527
247
479
451
419
359
383
415
415
247
399
347
383
495
495
495
495
495
495
495
495
495
495
495
495
495
495
495
495
495
495
495
495
495
495
495
495
495
495
463
403
363
306
311
375
243
399
395
519
426
387
427
471
431
571
491
247
327
335
403
403
431
263
462
314
263
399
259
327
347
379
363
379
550
419
335
462
551
358
291
346
415
431
383
359
395
427
495
503
243
447
422
451
471
419
351
335
347
290
319
519
395
523
515
283
499
531
295
535
299
411
395
411
335
499
407
435
407
415
407
447
327
447
507
443
427
519
202
414
303
510
303
267
311
515
419
439
327
295
451
378
435
239
543
291
335
383
435
431
379
379
515
447
395
475
387
359
315
379
339
475
387
351
307
591
563
387
499
535
227
459
379
435
454
519
363
411
363
387
239
515
407
423
447
426
271
475
487
415
363
479
451
386
335
559
331
431
407
483
363
559
555
471
335
347
339
499
323
303
323
471
371
426
355
551
303
439
303
483
379
331
435
383
467
618
303
403
455
463
294
543
379
367
499
431
567
387
391
279
447
427
507
451
375
371
359
519
335
383
446
427
387
439
371
391
435
351
419
319
331
347
435
595
391
386
494
355
483
379
475
347
331
487
527
471
342
431
247
363
283
479
379
515
315
479
327
314
327
443
199
483
463
543
331
287
191
415
351
455
319
439
347
559
527
363
295
479
494
587
327
487
415
603
447
447
367
495
267
435
375
291
339
487
414
454
351
418
627
511
455
327
535
395
382
443
423
547
467
391
455
451
607
419
347
543
411
283
395
423
474
579
423
563
419
515
367
507
379
262
267
379
403
439
451
398
427
339
379
555
379
511
379
527
447
411
351
539
447
411
554
527
287
395
499
494
447
442
467
403
387
475
379
359
375
315
551
454
587
427
331
311
399
403
507
330
419
523
251
475
275
447
414
391
403
303
395
491
367
503
279
347
743
