390
635
499
742
443
466
283
574
407
651
314
618
419
643
479
515
483
598
451
707
262
647
370
701
479
515
371
742
410
655
483
771
323
611
431
595
323
590
435
699
426
559
303
571
270
587
442
547
351
710
343
611
398
575
345
627
459
587
363
559
234
715
455
662
351
491
346
647
411
527
415
775
415
547
499
547
415
474
419
674
335
675
555
722
471
483
346
819
287
619
323
659
431
527
403
703
359
650
358
539
435
678
583
719
543
651
307
587
615
555
431
691
478
639
370
522
343
579
387
589
419
658
451
631
271
619
266
538
387
711
414
627
391
595
243
678
530
546
347
750
379
518
422
467
555
590
498
599
395
643
391
587
443
662
419
555
375
602
399
566
503
683
583
555
387
722
401
791
421
623
431
595
375
491
443
754
451
662
586
622
374
647
383
546
339
551
379
595
459
651
491
614
475
583
278
631
359
611
503
543
330
591
443
543
507
459
487
647
419
622
451
659
439
582
474
502
379
701
414
579
443
659
483
542
271
562
569
593
286
638
418
542
366
527
375
599
309
618
471
630
463
611
395
555
399
686
423
615
214
539
423
719
459
427
498
575
290
375
419
403
371
547
435
610
454
519
447
725
451
559
457
582
283
707
510
643
398
643
439
590
371
455
366
506
431
603
359
559
410
507
491
734
355
483
571
627
347
511
427
581
218
642
558
459
299
643
347
554
375
659
422
586
450
523
367
551
341
415
331
594
373
683
527
591
371
595
442
575
362
603
327
599
515
483
467
715
367
746
371
631
422
555
467
575
371
517
431
734
379
570
298
526
515
590
451
711
211
622
299
631
427
495
474
675
399
687
358
591
426
571
433
535
434
543
455
603
529
515
363
667
242
519
411
675
507
611
479
675
391
558
411
682
275
611
387
566
367
743
531
550
295
635
571
739
415
663
471
695
535
575
447
631
363
479
403
566
415
543
355
651
291
603
519
595
369
683
351
627
379
723
314
651
434
647
423
459
326
731
435
719
307
571
466
666
459
566
342
631
383
567
415
666
430
539
375
495
342
370
291
607
567
635
406
583
447
539
402
671
375
550
350
510
399
554
531
799
415
495
587
641
310
670
539
631
379
639
403
639
375
603
458
686
367
523
475
583
414
418
118
398
119
267
0
687
403
699
390
474
235
571
534
451
342
279
441
567
514
403
122
250
279
331
451
350
390
369
479
435
383
275
419
287
291
211
399
335
531
250
311
450
358
467
387
331
458
323
427
230
363
286
475
387
463
421
275
287
398
483
335
339
363
427
207
478
478
379
275
431
395
339
351
287
443
259
317
175
379
474
411
335
327
419
471
331
230
331
383
375
423
493
418
303
322
342
271
327
270
391
334
382
535
394
407
301
439
475
499
255
377
498
331
539
527
290
299
363
363
363
363
363
363
363
363
363
363
363
363
363
363
363
363
363
363
363
363
363
363
363
363
363
363
426
291
259
499
191
507
335
315
371
331
307
463
431
367
530
455
499
435
379
335
398
366
301
373
391
343
274
365
375
351
499
523
410
434
407
427
303
279
327
442
427
479
383
314
359
401
382
339
263
282
287
239
397
363
345
463
371
318
227
391
343
370
290
479
463
546
459
415
283
450
438
282
451
365
410
422
363
318
335
339
322
579
411
326
503
375
286
343
389
371
327
443
391
481
326
335
531
335
307
362
246
302
518
530
242
263
290
451
195
247
423
433
299
390
507
466
314
462
251
327
350
405
310
363
322
355
342
331
447
307
198
486
415
355
302
378
315
323
302
379
347
431
442
459
491
435
385
283
483
247
469
311
358
307
191
379
370
435
383
537
327
333
423
423
415
326
250
515
423
239
351
410
343
299
247
414
411
511
255
531
483
294
375
435
379
419
313
335
377
251
375
458
443
319
274
362
402
435
502
407
489
427
287
479
566
246
399
343
331
483
330
583
347
319
314
471
395
386
327
283
319
498
299
449
431
407
342
479
431
375
377
279
243
343
406
411
358
463
491
495
454
355
319
382
423
285
315
323
278
415
383
419
267
443
351
410
335
471
251
411
419
374
407
519
379
347
515
459
278
435
423
327
311
431
303
474
339
483
266
311
371
339
371
383
374
455
503
311
471
426
367
371
342
367
451
279
238
343
391
215
259
343
447
467
471
391
398
263
343
330
418
474
315
351
415
305
223
475
295
426
387
546
418
331
447
427
363
265
227
410
359
439
439
351
259
467
431
454
382
523
431
306
334
294
343
375
491
411
399
378
475
415
458
423
431
314
414
411
251
459
459
310
226
499
358
303
270
426
367
423
427
354
334
290
379
470
309
247
258
371
327
515
667
