355
559
507
647
379
627
407
655
375
619
418
527
443
639
431
683
459
771
451
766
391
815
499
475
399
690
486
555
387
543
427
771
415
671
435
799
482
619
519
663
587
639
398
722
499
567
463
591
447
603
447
543
382
650
475
495
447
707
555
655
287
591
447
731
507
723
519
691
495
631
471
663
430
599
351
627
535
691
491
771
423
591
479
611
335
871
643
670
535
542
546
795
427
618
463
734
319
582
415
507
611
619
583
587
503
543
391
763
399
763
619
555
463
671
555
579
603
687
379
491
418
663
566
654
543
767
375
719
450
631
359
827
579
678
575
719
419
731
507
706
494
771
539
623
430
699
523
683
491
514
523
711
555
627
551
631
511
683
395
622
479
631
543
714
531
710
387
707
446
694
419
619
563
663
498
675
487
615
566
771
378
670
518
686
498
662
451
774
523
599
363
631
618
563
546
607
531
691
375
691
523
594
319
726
591
783
431
639
399
535
410
695
459
691
543
607
643
591
371
591
263
567
443
727
498
591
374
699
331
635
499
586
435
711
415
703
506
655
551
639
579
674
523
686
499
799
462
643
443
690
507
611
355
807
486
615
387
695
467
667
387
579
375
551
327
575
319
631
495
694
351
799
495
711
595
703
522
651
459
646
475
831
427
635
467
503
299
726
342
814
359
743
511
715
471
703
479
695
551
563
647
531
518
607
451
583
482
642
595
671
347
742
563
635
439
746
346
659
467
838
507
751
579
731
446
719
503
638
515
791
375
659
367
763
403
767
427
555
378
659
614
643
307
587
443
702
363
635
535
655
551
687
518
711
410
542
559
715
543
591
419
731
623
698
482
583
402
630
531
682
431
651
451
667
590
655
487
543
419
647
451
643
303
594
511
611
495
707
450
506
555
691
439
675
286
747
351
691
407
647
423
627
603
671
519
671
499
663
427
663
507
591
471
587
403
667
495
630
475
707
423
683
427
691
323
655
551
743
415
543
511
766
467
595
511
667
458
759
423
675
359
627
319
643
311
690
378
602
375
643
627
763
527
519
434
670
543
667
406
643
375
483
514
739
555
678
547
687
587
583
411
703
523
679
467
679
383
738
451
671
515
723
451
511
566
714
531
582
339
723
418
711
471
595
430
679
502
407
207
467
0
367
223
623
395
667
351
550
459
739
379
582
467
347
466
419
411
398
370
423
415
347
523
367
455
586
375
447
451
563
447
387
522
587
475
395
403
527
547
303
350
403
523
266
427
302
531
315
483
375
310
423
407
451
351
395
475
371
498
319
462
403
483
411
510
415
427
383
283
486
475
162
567
403
387
319
383
547
471
387
523
463
399
323
403
482
415
503
571
399
455
279
499
354
407
490
415
471
555
331
407
339
407
463
195
334
339
394
439
578
379
371
338
387
379
359
303
387
387
387
387
387
387
387
387
387
387
387
387
387
387
387
387
387
387
387
387
387
387
387
387
387
387
359
347
307
403
259
446
315
490
423
375
303
330
423
655
311
395
398
351
438
395
458
391
267
398
279
434
391
379
387
371
315
523
462
563
355
222
358
374
383
479
502
411
411
539
398
503
459
547
419
374
390
315
279
511
418
499
315
399
367
215
479
415
407
231
423
279
447
427
419
395
547
435
499
399
355
442
327
379
426
383
351
454
371
459
482
463
414
275
371
443
343
438
467
211
467
423
299
502
431
359
379
402
515
431
459
571
367
362
335
367
334
390
270
267
347
355
358
354
271
511
303
495
475
443
323
535
251
431
570
439
527
411
635
311
363
266
363
463
319
467
471
439
386
395
419
282
431
419
347
295
374
502
419
431
499
554
247
471
359
530
398
543
463
519
426
395
382
523
354
311
454
390
207
563
435
487
307
379
306
447
515
410
546
390
306
311
511
359
283
323
459
419
319
551
511
447
375
311
483
487
419
475
319
363
514
323
463
375
475
490
319
455
463
414
326
455
306
314
303
410
355
494
458
287
303
478
315
438
347
498
431
454
602
483
423
507
335
431
495
483
403
459
407
491
359
371
347
491
491
355
515
507
191
435
463
495
447
363
383
431
483
427
559
334
403
407
439
470
503
487
379
535
483
366
335
347
470
451
359
231
427
442
331
527
331
454
507
474
459
383
375
415
430
359
335
399
435
355
459
451
502
459
395
498
427
407
395
418
335
455
435
387
387
411
583
367
355
363
491
567
458
471
375
403
547
310
475
439
399
507
463
391
307
443
543
527
539
467
419
399
459
427
443
502
454
418
427
367
359
547
407
579
255
510
379
458
315
299
319
458
403
391
335
443
466
499
378
294
210
299
398
419
378
363
339
422
331
302
335
447
631
