411
626
471
583
446
631
254
734
330
611
474
599
330
627
283
503
307
623
251
675
479
615
483
394
399
675
275
615
407
623
435
563
499
674
475
794
395
651
510
587
502
558
498
587
381
631
459
655
418
683
539
639
483
562
407
567
367
466
411
663
295
622
419
610
487
574
459
635
495
499
467
703
571
615
470
615
395
571
295
647
427
591
499
531
439
638
370
631
363
699
491
535
343
478
443
651
370
651
367
607
326
463
363
581
362
707
535
607
271
583
491
623
479
507
531
702
547
583
578
475
471
631
315
667
434
506
363
558
447
651
419
667
491
483
391
743
439
603
266
615
503
562
329
523
623
663
443
630
479
534
331
659
443
663
387
530
423
707
327
647
351
543
419
610
403
571
350
627
383
607
427
739
431
667
459
719
475
667
427
611
362
575
367
463
359
582
359
651
287
623
547
583
519
611
395
615
507
575
503
570
355
747
355
522
371
591
294
563
458
582
379
607
279
494
355
594
443
511
418
611
315
674
450
603
382
647
451
678
431
491
358
571
435
679
299
567
451
526
327
634
358
567
519
671
455
631
378
539
383
403
363
599
395
511
239
635
478
670
439
643
374
519
383
703
354
607
426
791
375
655
411
715
423
579
495
599
366
775
399
559
423
847
539
499
306
554
363
535
427
686
507
738
403
707
243
691
287
678
366
579
287
647
350
613
183
694
419
611
474
659
314
575
383
635
483
559
403
506
383
615
415
631
459
511
334
627
343
567
495
567
282
678
418
731
403
523
271
559
506
630
539
523
454
547
439
702
363
527
447
627
482
551
519
703
415
630
314
615
403
618
411
523
410
847
255
567
610
606
495
507
575
655
599
678
350
603
407
635
446
646
451
747
315
519
359
651
419
482
411
595
470
607
287
446
366
687
550
499
367
521
423
619
443
603
267
690
539
539
410
582
463
475
375
591
522
539
463
627
434
627
367
623
387
647
346
523
394
635
347
623
399
659
319
507
423
675
543
627
495
587
371
642
434
582
530
611
319
715
315
599
310
731
471
659
383
643
527
606
383
551
295
439
479
702
274
499
443
659
415
603
570
678
435
734
447
690
255
571
431
666
335
783
427
527
495
439
447
591
434
643
551
659
535
587
407
639
467
502
175
426
103
346
279
622
363
543
494
595
311
818
406
395
466
363
442
343
335
451
359
450
282
423
326
339
471
391
415
450
411
266
315
311
387
371
395
378
358
335
411
354
279
447
394
355
427
375
423
399
307
391
391
406
427
431
315
363
423
291
567
299
546
439
478
207
554
470
247
427
279
251
419
303
434
355
379
239
319
375
374
522
343
311
339
411
422
475
406
295
290
295
411
343
311
486
419
319
410
235
287
443
310
343
354
375
491
446
379
359
339
331
463
387
451
375
262
335
351
539
539
539
539
539
539
539
539
539
539
539
539
539
539
539
539
539
539
539
539
539
539
539
539
539
539
574
410
306
405
423
391
287
310
219
383
302
363
243
442
307
443
426
330
467
511
291
355
531
419
403
382
351
519
350
315
451
411
510
503
367
455
222
366
418
199
323
383
447
373
531
387
399
467
327
427
383
391
367
447
379
223
406
479
363
346
350
407
403
362
355
343
307
395
239
415
371
415
407
451
459
503
379
439
427
389
387
263
342
439
411
387
350
327
446
279
407
438
430
494
399
339
383
471
630
342
342
479
487
318
251
318
311
450
291
531
339
295
282
487
455
439
291
354
451
354
467
327
317
391
399
451
511
355
271
331
403
426
431
207
423
222
343
319
459
454
306
379
451
682
423
379
295
486
459
347
291
219
430
391
463
339
394
351
438
407
451
351
303
410
427
370
227
423
319
414
459
331
267
311
383
459
363
442
251
499
243
306
303
311
271
383
318
274
359
410
342
415
298
439
355
478
215
466
395
327
415
259
431
495
382
399
394
371
462
451
439
399
439
323
267
419
379
367
367
455
375
305
503
415
458
394
391
455
255
354
355
331
535
423
342
499
255
343
371
303
379
351
471
486
459
474
298
335
415
375
247
397
410
195
447
275
411
469
423
495
323
383
291
355
391
367
415
370
395
423
507
219
459
439
295
466
459
327
343
519
399
391
323
458
443
463
259
391
258
366
347
359
291
415
359
311
386
367
326
335
471
263
427
463
355
459
403
463
462
430
507
351
295
351
307
439
270
333
271
339
370
410
271
363
270
398
383
427
238
506
299
407
263
371
295
510
443
294
471
383
482
314
235
410
279
313
323
371
439
343
299
423
278
423
363
371
287
483
387
262
407
403
343
439
431
402
267
399
267
535
393
414
338
283
263
362
131
375
390
259
459
