318
578
319
657
247
615
481
541
407
566
450
547
395
655
533
603
266
543
375
449
363
598
279
478
287
611
307
585
430
567
463
477
286
593
422
678
457
489
439
519
554
641
523
643
291
570
302
727
419
582
339
659
311
509
451
707
403
575
398
551
503
623
627
682
459
535
393
631
391
510
425
523
383
595
366
681
411
774
414
559
590
587
267
603
407
647
415
683
422
603
435
607
435
559
427
651
519
547
517
503
325
551
311
442
311
547
431
570
307
598
449
535
475
425
261
526
434
483
447
493
330
586
366
611
445
617
386
479
483
539
487
545
407
479
370
673
319
662
351
571
421
578
351
559
479
451
461
485
523
515
431
491
279
687
310
625
355
467
430
531
503
643
482
519
175
683
314
557
447
498
397
595
346
622
469
595
379
471
402
593
439
547
498
422
331
615
411
617
227
475
423
621
471
615
325
459
491
575
251
638
397
554
367
513
485
597
363
619
321
689
405
546
395
635
311
551
307
483
339
649
358
522
442
501
329
490
451
507
341
446
315
647
427
594
383
566
361
651
406
619
387
447
239
595
435
447
459
438
379
567
306
611
311
533
358
503
465
571
326
479
339
709
463
478
439
511
363
549
499
587
403
734
395
591
401
559
423
423
259
523
379
541
283
615
366
537
331
599
358
703
461
594
299
651
355
523
219
450
259
655
387
595
430
601
298
599
369
650
257
539
475
658
367
521
342
478
555
525
371
565
566
550
430
562
402
615
374
578
275
618
333
550
394
655
499
747
335
539
389
658
414
535
359
519
458
507
411
455
310
631
447
689
466
467
403
699
247
502
283
645
451
515
357
567
239
451
378
554
327
627
579
539
411
501
354
659
515
467
473
591
387
647
655
531
514
483
383
739
345
466
166
598
355
435
327
506
302
711
575
687
207
607
382
639
403
554
445
442
305
562
363
458
357
503
421
574
290
490
339
554
547
419
459
542
486
547
434
593
450
539
415
637
262
555
363
611
330
522
414
503
334
481
423
429
167
571
531
495
555
499
407
635
491
502
235
655
547
567
299
639
315
527
335
621
345
629
399
559
411
629
355
687
379
495
435
431
443
587
355
717
283
547
459
651
423
527
355
566
334
674
213
630
289
551
294
507
249
303
86
366
35
307
41
483
191
511
321
527
435
459
395
334
530
331
361
277
387
422
371
387
275
355
305
315
194
291
391
373
381
475
427
371
347
339
343
201
275
335
366
334
407
311
573
326
327
369
455
203
263
298
371
394
393
411
297
417
483
249
371
267
482
491
442
313
357
306
247
279
339
193
311
238
255
321
331
315
287
463
410
343
485
434
261
363
347
386
327
231
363
486
315
303
303
451
222
410
303
359
359
199
391
279
331
247
355
407
283
295
363
469
403
338
371
371
323
347
335
298
465
199
374
275
430
291
387
375
423
410
347
491
125
282
323
455
339
223
314
354
370
346
367
411
322
311
399
227
502
318
402
255
382
271
346
383
383
254
366
291
399
297
451
215
429
263
461
297
395
394
443
259
481
218
459
427
383
431
383
87
331
255
451
391
323
415
307
503
322
327
418
251
249
197
323
321
489
199
385
311
415
115
275
367
459
310
315
378
506
374
318
455
335
347
337
275
306
378
395
399
335
367
415
185
423
271
415
327
294
405
482
370
267
251
271
279
285
235
287
311
391
367
394
466
603
347
263
333
247
213
395
327
405
369
494
446
475
374
294
165
359
387
439
135
422
242
273
255
267
218
366
494
451
371
407
211
298
403
358
223
371
295
327
357
291
263
469
310
279
409
295
447
306
350
387
430
429
310
275
471
271
363
299
307
406
346
175
450
411
350
495
367
274
279
321
374
163
345
227
450
315
363
211
275
186
539
385
391
471
394
243
362
254
338
375
415
318
351
319
211
287
207
439
455
315
359
483
410
323
274
446
259
466
323
519
318
461
251
302
327
378
335
431
313
467
330
362
389
451
378
247
386
423
318
347
310
295
547
387
339
326
435
311
447
445
295
314
341
175
265
299
426
375
431
395
277
427
307
427
387
359
379
511
311
399
243
329
315
263
267
199
302
386
231
363
430
290
309
287
307
327
379
367
402
226
315
315
337
461
250
290
343
315
230
342
307
445
374
287
327
322
335
374
215
335
255
411
310
383
267
291
387
358
423
410
382
383
307
378
331
223
278
371
287
391
395
443
539
291
263
363
462
403
403
322
381
371
177
435
378
447
490
447
343
369
342
375
371
370
259
215
447
343
355
399
493
447
383
270
299
343
295
327
399
318
227
478
549
245
346
423
395
270
335
347
423
193
314
319
175
167
199
354
143
251
523
