329
566
387
575
527
701
542
597
331
522
693
779
289
786
561
599
430
649
557
715
485
719
419
615
322
758
447
746
467
594
535
654
495
610
385
655
337
599
313
663
386
653
342
595
506
563
502
454
438
598
415
649
261
590
411
514
399
711
591
609
402
570
399
561
506
695
519
718
383
754
355
535
363
667
429
635
555
601
558
741
511
537
283
575
415
559
477
510
535
607
423
486
447
590
523
605
431
623
467
523
515
545
562
622
290
623
285
577
342
670
379
710
491
735
469
490
430
525
542
719
463
561
311
659
625
630
498
703
402
557
457
630
463
679
561
683
271
715
571
647
285
726
367
701
491
595
439
719
485
629
575
739
362
574
342
518
431
595
429
657
513
615
594
750
307
663
461
759
431
523
343
569
462
743
275
575
503
629
473
706
355
663
471
703
435
663
383
687
431
499
370
607
443
731
386
702
579
703
414
627
443
482
451
766
433
794
358
570
415
687
455
631
446
567
523
631
379
593
454
695
467
679
447
674
419
727
425
639
535
625
363
679
470
565
413
691
267
559
439
687
469
707
610
471
301
661
386
598
450
651
539
714
278
551
358
527
459
727
383
675
426
679
307
719
494
663
347
735
399
625
523
639
395
707
371
623
503
654
403
574
531
487
415
778
370
691
327
799
467
735
334
795
465
630
346
614
235
719
470
614
463
678
413
553
514
667
434
775
403
647
519
739
437
474
531
535
366
494
214
747
507
677
418
705
498
563
299
553
579
563
323
650
422
635
343
611
459
702
447
715
371
678
431
622
427
518
603
722
367
785
453
619
499
531
491
702
563
569
311
482
427
594
439
659
405
667
530
667
446
751
309
647
422
535
319
683
471
587
487
679
503
609
355
578
647
749
446
621
571
611
322
563
543
593
431
623
363
587
359
682
454
650
367
737
479
522
393
635
419
622
231
467
379
677
314
725
290
602
415
479
383
507
514
623
443
547
315
582
403
642
473
661
307
662
609
553
614
691
295
763
327
589
398
717
271
551
422
626
605
675
499
651
382
590
421
815
443
607
519
693
467
665
499
615
417
707
477
647
495
707
399
695
377
661
461
579
286
602
509
499
511
601
371
687
647
662
470
559
377
647
377
727
422
646
350
607
563
343
91
398
0
495
91
535
430
602
398
598
426
727
279
346
285
455
367
299
499
527
385
435
387
457
519
370
343
437
371
323
394
459
407
483
418
341
441
421
303
327
310
379
517
414
361
259
483
447
471
286
345
495
273
391
375
298
222
314
519
439
526
523
414
491
498
347
501
431
325
405
589
425
443
350
519
417
287
318
399
537
523
366
429
374
355
531
375
439
519
487
478
563
479
230
301
399
402
203
423
359
343
357
397
462
439
451
326
467
467
411
417
335
486
371
467
271
531
475
569
387
371
415
531
447
341
314
515
503
430
242
399
334
435
375
495
503
459
322
343
438
282
273
431
315
427
461
397
335
367
391
371
438
425
449
446
342
386
427
430
501
467
439
463
423
363
358
550
402
295
295
415
495
355
418
355
319
423
389
542
439
439
365
355
327
431
311
379
371
559
255
223
387
303
366
427
491
430
422
515
315
383
303
451
407
571
339
451
423
438
503
469
439
422
347
371
383
410
483
526
451
467
419
303
438
526
347
526
455
458
382
518
339
387
442
506
305
327
394
279
363
471
427
411
335
569
418
471
315
349
362
322
322
462
375
426
571
406
443
323
522
281
481
407
215
429
319
362
415
479
438
331
566
541
303
459
399
395
362
438
467
495
365
421
370
482
370
355
293
351
315
338
333
407
541
454
323
458
395
439
335
407
354
550
546
281
347
279
401
454
409
435
355
365
326
433
305
498
303
565
455
374
450
511
395
299
378
327
425
379
327
479
455
403
390
346
494
486
237
297
487
403
367
539
415
437
410
531
395
466
483
354
454
371
319
459
335
459
426
193
338
485
283
429
287
445
406
479
387
442
367
378
375
441
339
545
455
427
383
582
465
323
502
343
591
619
579
442
414
329
315
366
321
315
417
506
299
431
435
355
479
335
379
518
427
431
283
434
286
379
295
446
395
443
395
447
531
377
514
493
334
506
551
338
318
471
445
454
541
309
351
387
322
559
389
394
439
394
422
303
403
282
539
602
335
318
358
471
474
461
363
391
451
367
347
386
405
329
403
271
491
345
326
329
461
438
437
403
349
383
281
423
459
423
353
551
398
510
223
511
478
239
511
475
475
429
422
409
518
354
447
338
257
367
307
351
495
421
434
294
299
395
373
429
371
306
355
414
514
417
279
363
474
299
447
273
387
293
310
403
387
531
465
587
583
563
961
