323
587
475
571
403
707
355
543
279
599
255
415
519
603
299
511
363
359
451
571
403
467
391
563
335
579
303
599
463
647
327
567
439
687
343
455
343
431
275
611
447
759
511
651
387
591
359
431
467
487
311
607
471
423
315
583
311
659
455
479
291
643
451
619
387
647
367
579
511
499
383
467
383
727
411
559
319
591
451
555
299
579
459
587
487
507
419
599
327
543
491
427
543
615
359
599
339
547
271
491
311
543
359
515
415
503
447
595
231
515
499
551
339
559
427
523
643
575
383
683
459
499
383
683
343
655
495
619
415
459
443
515
407
419
367
555
335
591
291
607
467
587
523
571
407
579
363
599
455
587
511
583
371
571
351
475
359
623
391
555
451
563
547
511
291
663
527
511
239
563
275
531
511
499
407
531
503
551
459
551
327
583
159
651
407
623
371
531
319
579
323
599
367
587
231
447
351
543
295
515
315
579
291
611
251
551
363
467
275
671
287
683
395
647
463
583
479
571
331
515
311
647
395
691
303
591
423
527
475
559
327
639
307
531
311
699
463
499
407
599
363
515
411
631
323
563
467
575
239
583
375
483
215
587
375
631
415
463
375
603
251
519
399
603
247
699
359
587
435
579
515
619
407
543
355
531
451
619
291
439
399
523
507
591
475
507
511
595
523
563
391
591
331
763
303
523
423
571
435
635
351
655
331
635
179
539
335
511
343
611
423
659
459
487
327
615
307
643
339
535
443
623
431
659
279
551
419
727
255
515
411
699
399
667
395
635
391
663
367
607
251
455
347
487
271
483
407
615
403
587
471
547
283
619
327
543
387
515
355
639
275
671
251
487
279
671
343
479
359
575
415
623
395
715
395
727
427
475
431
539
331
651
375
467
387
519
487
691
339
711
335
347
199
471
383
603
475
719
203
767
403
615
527
651
331
547
307
527
247
519
359
619
371
487
379
651
403
619
191
567
379
615
363
695
315
543
335
543
351
523
435
647
423
643
479
511
415
675
379
607
447
567
319
575
379
623
327
635
331
619
275
663
363
491
415
571
291
579
367
651
367
483
451
715
371
539
323
363
347
623
447
543
331
563
343
607
315
595
451
667
467
615
443
599
475
403
399
595
519
567
287
619
335
559
259
475
327
579
95
311
147
311
63
531
239
419
279
587
255
507
335
315
263
459
407
459
303
499
343
211
495
307
283
475
307
291
319
455
471
331
347
455
395
475
391
487
323
475
343
255
423
335
403
331
423
347
603
371
403
371
443
251
303
343
519
315
351
363
379
375
299
263
387
407
295
283
347
355
487
395
351
403
459
311
331
415
299
271
567
279
355
447
367
323
363
347
511
299
299
387
335
343
279
459
455
379
319
351
255
319
211
339
367
387
327
499
291
263
431
283
423
335
467
431
315
287
291
207
427
315
415
311
291
407
415
339
335
283
451
483
459
239
395
207
379
331
155
323
415
303
319
355
551
419
407
307
287
483
351
355
475
367
447
303
311
315
419
359
515
299
451
383
379
423
331
275
323
371
259
295
287
451
339
427
371
223
431
435
411
463
491
407
167
299
395
411
387
507
455
275
347
359
379
399
351
343
319
207
339
415
347
363
435
219
527
307
339
443
427
375
423
295
419
587
263
403
487
307
387
251
411
315
431
375
387
355
343
239
415
411
335
303
319
291
263
367
415
271
343
455
359
435
391
371
299
179
307
335
443
527
339
415
491
379
363
223
407
439
371
387
347
403
195
303
431
423
447
327
391
351
355
371
375
379
207
311
411
259
335
467
335
327
371
311
355
307
387
343
583
303
447
203
295
283
267
371
287
215
383
219
347
347
523
303
347
359
395
295
355
415
415
315
303
231
323
483
427
343
391
375
315
287
335
343
467
383
323
339
383
323
375
203
347
359
319
367
231
271
219
287
219
375
303
287
351
243
335
379
395
131
355
215
331
399
315
379
283
427
371
271
327
411
251
331
415
327
411
327
419
279
311
255
339
439
339
207
239
279
339
343
355
371
351
275
491
339
299
367
411
195
359
347
327
351
307
383
319
351
371
299
455
299
203
331
451
287
375
355
307
403
283
211
311
347
363
463
387
339
223
235
459
431
299
391
351
351
255
487
379
527
415
299
363
379
311
259
375
359
283
299
275
279
427
347
375
303
471
235
415
483
419
227
307
175
371
327
359
451
363
307
511
419
295
331
403
191
135
267
339
319
275
427
299
199
435
303
299
395
391
287
251
351
439
323
407
283
343
395
411
267
347
307
223
431
395
351
487
291
311
379
407
307
399
371
331
203
263
363
415
403
367
315
259
279
143
243
351
319
131
319
199
319
331
571
