459
546
354
451
387
698
427
555
259
447
578
527
223
679
430
627
442
751
378
515
387
663
351
475
455
743
287
607
383
547
475
743
539
575
355
559
434
530
271
691
303
655
379
583
399
555
287
563
259
646
430
579
274
598
407
647
375
499
431
599
379
607
323
611
343
615
307
607
339
551
423
559
418
643
315
471
335
543
423
723
323
779
546
559
435
523
371
623
523
519
407
431
331
435
391
707
323
511
287
591
370
666
511
623
379
571
375
619
627
371
459
687
351
491
375
727
354
663
391
663
386
615
351
747
351
575
438
726
491
555
231
602
359
563
395
598
279
591
390
658
267
423
378
658
467
662
363
659
463
583
423
571
347
571
271
654
219
611
342
551
347
627
335
498
295
614
387
611
402
494
239
451
375
487
475
587
531
507
451
703
375
567
267
426
230
659
450
523
459
567
287
539
331
758
427
583
283
491
362
675
355
499
431
571
547
643
455
502
327
574
387
650
383
518
203
623
495
583
530
694
398
566
370
438
323
722
311
646
431
791
243
483
386
563
331
663
366
623
443
627
423
578
466
598
343
523
370
634
402
635
539
447
467
586
323
555
423
615
415
559
402
619
455
639
399
527
395
586
311
646
378
658
575
582
319
650
503
583
483
515
335
655
319
643
295
631
382
658
347
655
407
707
131
691
351
647
487
418
439
659
323
655
335
611
430
615
414
651
347
547
455
567
315
618
315
375
271
603
339
627
347
491
407
622
374
727
459
438
235
539
354
607
403
538
434
571
347
478
311
523
459
531
463
587
278
543
331
451
415
455
267
579
251
554
307
559
459
671
407
555
266
495
331
587
463
587
431
727
470
547
323
715
358
403
510
599
347
546
479
415
335
579
390
667
271
643
383
670
435
695
419
555
307
663
455
639
375
547
350
607
463
491
463
547
363
587
471
579
323
659
535
562
403
467
359
499
450
659
490
583
390
439
451
559
342
590
355
567
327
431
415
547
403
655
427
555
311
623
347
655
375
538
423
498
562
491
379
671
427
603
423
699
403
627
518
619
467
659
383
463
447
566
403
579
367
471
407
570
430
547
403
543
343
515
391
490
282
643
431
547
355
535
383
567
375
603
474
595
331
507
366
702
255
658
535
634
375
475
135
199
0
307
31
639
427
478
399
535
351
510
359
346
471
359
286
322
335
395
435
463
231
378
319
443
283
335
367
431
499
311
491
227
275
375
387
295
351
342
239
311
406
319
295
159
463
499
371
459
375
447
370
383
422
223
386
331
375
382
443
319
367
266
239
255
423
379
339
471
390
250
283
363
415
347
295
307
495
206
351
419
371
295
299
271
422
351
383
355
299
363
335
430
415
487
343
351
382
215
423
263
310
411
279
294
163
367
339
331
186
367
435
339
339
378
318
266
394
439
359
307
295
323
391
235
346
414
282
419
267
442
382
387
466
299
255
363
306
431
483
419
370
331
411
319
422
291
495
375
447
347
291
343
362
371
427
311
267
399
398
275
315
411
347
543
431
271
430
355
291
399
415
339
387
583
411
431
342
314
371
390
434
382
355
314
226
439
379
310
399
370
423
347
423
359
462
391
323
286
298
435
431
347
386
315
387
290
287
278
295
247
295
303
474
186
431
359
370
263
247
239
395
287
255
382
339
323
554
371
283
267
271
359
415
243
543
423
307
303
471
279
375
383
251
191
431
255
247
187
475
495
435
387
339
311
399
371
334
159
395
255
327
159
247
399
379
271
375
495
411
411
279
339
491
387
390
411
279
331
359
383
383
294
323
474
202
351
318
323
423
259
307
315
475
383
375
407
351
435
371
479
239
326
415
159
363
283
319
247
182
303
355
219
259
299
375
283
419
355
447
355
515
207
235
455
247
299
219
339
547
346
367
187
423
431
438
370
290
334
319
323
355
430
631
311
479
375
387
251
439
318
307
367
266
335
355
246
415
327
307
375
247
215
355
431
423
407
362
431
258
267
383
311
298
339
299
367
391
426
490
442
422
483
419
431
283
235
339
210
298
307
355
423
295
427
354
463
238
259
355
351
295
186
231
242
291
187
355
343
375
382
371
226
323
223
271
414
398
351
391
359
399
255
366
414
335
411
463
275
351
366
319
399
186
227
267
318
507
359
367
283
391
267
398
315
395
427
334
323
458
323
411
222
435
402
426
271
295
279
231
414
342
407
406
315
327
243
399
399
463
503
391
419
319
454
299
271
455
395
402
319
375
319
327
291
234
383
327
183
295
407
275
383
315
278
303
458
390
366
215
455
519
347
523
382
411
395
347
263
323
351
207
306
355
531
307
219
430
387
407
475
527
391
535
759
