375
703
447
586
463
619
675
787
423
731
455
631
511
651
494
695
490
731
483
790
431
555
474
695
411
735
687
695
599
699
367
635
551
703
359
842
603
575
590
687
299
591
683
787
399
674
558
791
543
839
459
775
399
751
554
707
491
603
571
631
459
691
519
767
511
538
523
710
587
675
451
670
535
714
431
750
459
711
307
775
422
607
511
635
402
595
423
711
603
571
543
635
462
715
435
767
490
679
494
807
514
715
575
782
431
767
527
579
543
639
487
583
435
654
395
583
387
627
447
643
507
751
491
683
343
763
490
875
470
695
595
714
547
611
534
695
387
695
583
811
455
659
503
602
471
575
534
783
471
747
491
771
539
767
487
719
486
759
367
815
451
742
495
715
471
762
351
647
495
786
427
535
451
719
447
579
375
655
423
647
407
631
463
647
434
611
575
750
459
747
427
815
498
603
519
639
463
863
451
755
270
711
386
699
490
639
551
683
587
623
511
767
611
647
311
739
375
743
406
555
599
635
482
671
467
699
463
763
495
723
371
775
383
578
379
667
506
650
439
734
543
643
519
730
471
715
563
755
519
615
307
543
391
663
531
619
595
607
458
827
590
663
363
859
435
703
458
651
543
703
507
754
463
687
462
651
487
831
563
779
527
539
427
678
399
791
491
551
526
655
467
735
403
702
363
739
379
607
366
659
538
671
543
742
491
638
583
627
435
723
502
563
479
607
582
570
378
534
519
710
479
639
583
731
575
699
371
747
526
579
567
651
543
654
606
795
611
755
607
667
567
603
523
690
511
663
467
735
435
619
399
787
375
742
511
598
387
683
331
671
550
679
523
623
466
667
423
758
446
707
323
607
435
647
499
771
335
647
454
602
459
714
367
759
351
675
379
471
491
619
459
682
523
527
467
655
435
663
499
831
319
687
411
607
586
679
418
762
399
771
426
627
511
639
434
775
519
715
535
803
326
747
447
727
466
639
507
619
443
631
615
643
430
743
451
807
375
711
535
886
406
739
422
722
367
767
626
715
538
699
475
710
571
671
443
563
395
703
423
662
423
659
647
783
523
531
475
775
534
731
419
774
354
619
571
755
307
566
403
663
427
771
375
667
543
635
562
630
415
639
583
699
446
779
439
591
415
518
163
411
83
350
214
799
474
522
423
679
359
711
507
555
571
610
515
299
463
354
503
335
467
523
558
355
443
483
503
550
402
515
379
531
458
546
422
391
491
455
455
551
555
391
431
442
450
538
351
555
583
383
347
387
447
367
451
455
439
455
379
371
510
479
327
559
459
386
375
510
479
295
299
419
519
506
531
354
503
343
583
439
466
383
406
506
391
515
546
351
491
503
575
510
467
423
495
375
527
279
331
411
483
574
371
371
459
475
406
558
467
395
479
507
419
467
415
423
306
531
531
531
531
531
531
531
531
531
531
531
531
531
531
531
531
531
531
531
531
531
531
531
531
531
531
435
486
391
338
447
483
307
354
523
479
507
315
359
475
631
439
383
587
318
419
442
543
551
390
415
423
411
503
587
446
611
455
403
415
419
522
435
478
294
446
455
387
527
642
503
511
523
403
307
295
463
446
390
483
303
431
615
478
467
411
415
495
327
367
491
523
431
379
378
467
590
502
447
499
427
411
390
618
531
526
390
387
387
403
446
371
434
518
426
338
387
447
271
531
426
487
431
626
475
467
467
351
387
623
435
454
459
511
434
451
463
499
443
467
483
479
371
463
482
415
382
479
487
398
559
486
395
387
523
307
471
395
435
427
402
363
439
475
367
383
467
443
511
519
451
347
487
507
434
371
391
547
346
430
487
466
491
431
451
355
395
619
355
483
507
355
439
567
463
447
390
475
475
454
463
579
447
395
362
362
551
475
435
383
415
511
283
698
475
527
310
519
474
454
586
399
531
511
379
503
439
363
555
459
523
627
395
551
395
439
459
350
371
527
471
359
439
459
615
514
443
491
563
519
355
475
507
503
551
379
383
367
343
459
403
435
439
427
362
491
439
431
427
451
466
635
423
363
370
538
495
478
279
531
607
438
507
531
527
351
451
479
415
375
471
595
531
467
426
655
467
403
546
315
339
543
463
467
291
387
427
459
442
399
558
582
463
351
487
463
446
627
347
359
530
331
427
454
403
371
307
539
523
550
455
467
426
327
283
482
479
415
347
390
394
547
339
498
518
451
462
454
475
550
330
427
394
495
494
279
395
415
371
394
483
426
319
531
315
543
475
331
439
363
483
571
439
543
539
523
395
507
475
471
431
535
422
471
531
547
339
467
599
618
391
435
367
507
478
635
499
442
487
398
347
486
354
374
419
495
590
