354
639
435
679
354
611
297
667
459
679
362
603
407
646
483
571
310
579
339
547
267
551
330
638
453
755
331
675
327
650
413
702
482
671
395
627
250
618
255
563
359
719
463
631
266
543
499
691
503
615
371
658
479
579
399
659
318
715
379
625
295
555
491
657
447
439
510
643
371
619
382
571
439
666
370
598
370
611
410
718
491
698
318
631
439
702
363
642
513
559
443
675
354
535
495
602
619
541
286
723
487
662
315
782
274
587
363
663
342
606
406
674
523
543
371
563
446
535
355
534
423
679
366
711
211
425
390
867
399
682
350
702
463
550
427
745
287
606
387
607
407
731
329
739
343
655
327
699
259
627
531
590
418
343
550
582
331
471
269
655
239
507
255
551
422
563
494
543
447
490
439
586
295
510
503
679
403
542
438
707
467
467
302
583
195
675
359
702
295
655
562
543
423
607
463
631
219
518
227
610
367
510
397
579
299
711
227
670
415
503
354
734
271
482
555
619
367
543
342
471
435
495
287
602
375
419
490
639
367
663
191
679
371
581
398
587
347
543
447
659
391
579
263
487
295
471
447
751
439
402
499
543
567
555
559
711
411
591
379
669
314
523
347
402
307
615
351
651
295
594
563
615
278
547
435
665
378
626
410
599
529
603
335
535
347
546
406
711
339
511
463
606
450
791
511
611
467
615
287
671
369
587
398
701
355
707
323
511
331
650
371
467
439
539
319
665
251
523
322
663
438
742
494
627
211
463
477
563
307
731
354
459
427
411
445
639
374
434
295
599
322
526
398
727
390
690
455
663
478
586
251
633
343
567
359
683
331
442
431
631
471
671
455
619
399
626
515
447
554
647
547
642
351
581
394
587
539
643
491
558
323
623
323
451
353
579
463
679
431
647
515
551
406
487
539
643
439
498
211
650
338
658
471
515
322
535
378
486
389
667
510
639
426
527
539
571
391
507
367
583
467
499
294
703
439
519
481
707
314
595
251
627
347
766
445
690
393
539
297
795
405
554
475
575
323
670
519
663
342
659
323
610
467
614
402
499
339
579
507
427
454
534
439
671
566
731
470
675
342
599
407
626
351
487
283
633
418
630
545
449
315
547
275
707
387
543
459
622
426
607
466
563
455
707
449
690
403
471
69
343
163
310
75
663
345
463
335
479
419
571
434
459
415
371
447
438
302
251
339
215
494
423
142
299
322
371
399
263
475
242
383
383
405
434
394
326
283
407
395
411
366
571
362
331
310
303
499
459
563
355
499
378
359
379
355
343
390
358
403
303
419
475
539
415
394
527
391
227
435
367
415
291
363
235
219
539
333
359
347
451
462
373
391
399
403
379
431
187
458
475
386
507
422
251
390
267
335
359
358
443
450
234
331
295
487
387
427
339
443
415
355
179
446
417
415
426
383
422
422
255
323
327
463
263
487
379
347
398
331
367
367
295
406
479
507
259
355
335
262
242
219
275
283
313
371
431
346
414
407
451
471
343
367
462
387
395
398
483
262
163
427
391
346
246
387
382
347
266
466
335
403
175
439
419
263
419
291
402
379
407
439
222
435
379
447
427
423
467
315
406
531
523
383
438
463
345
335
526
415
347
523
382
446
339
411
399
314
255
435
283
391
425
506
395
355
426
423
447
351
299
315
358
451
455
407
379
435
239
318
419
259
374
214
439
391
278
459
342
451
339
458
459
455
179
350
295
510
199
381
386
397
419
531
371
359
439
485
375
511
367
295
311
283
323
407
450
431
346
314
375
374
421
262
402
222
391
393
374
427
413
478
515
490
291
335
474
259
391
523
334
337
466
398
451
222
327
391
479
275
307
538
471
454
303
451
354
327
455
483
198
403
450
271
287
430
354
506
523
327
403
450
362
371
303
315
439
491
255
358
342
430
281
287
466
435
382
413
131
374
283
323
354
218
319
335
295
455
263
515
303
403
331
339
287
267
418
351
283
291
289
294
318
359
298
475
390
375
219
287
543
511
327
351
263
363
298
459
374
458
411
473
383
298
527
499
503
343
419
459
315
263
499
307
427
303
223
310
375
451
395
363
279
359
335
430
367
426
471
271
319
246
299
367
386
362
367
391
382
395
383
483
399
350
479
231
386
395
265
483
285
467
383
463
311
395
331
335
467
181
282
346
267
319
279
427
343
383
303
391
393
422
311
383
311
427
419
359
283
327
353
327
583
339
375
243
463
379
411
351
423
235
215
207
431
271
318
319
282
355
523
443
413
439
451
395
367
419
318
443
465
438
363
378
419
439
250
358
271
399
303
298
378
382
335
410
322
379
283
359
467
266
243
375
415
339
451
427
251
347
323
371
399
405
495
