463
671
503
691
463
674
419
739
566
763
439
591
483
583
411
759
562
655
459
803
555
699
455
695
387
807
419
619
511
683
559
715
471
811
515
659
607
630
623
735
499
671
395
655
366
706
510
639
523
631
595
707
583
770
602
750
511
711
575
583
459
639
403
807
595
799
531
679
574
675
399
847
463
859
519
683
527
767
559
611
647
723
454
647
439
799
759
687
475
755
531
786
335
795
535
611
455
727
543
635
523
735
503
827
546
547
547
719
442
603
431
763
487
695
459
627
367
679
571
675
587
591
462
575
575
715
519
722
559
755
535
823
642
819
499
635
527
743
559
767
527
698
579
703
498
819
499
819
471
667
491
747
606
695
379
759
375
599
478
627
507
551
591
755
331
787
475
755
575
579
643
711
579
735
618
711
519
643
451
671
543
631
399
671
591
810
415
695
434
842
471
698
442
655
519
875
543
671
507
707
443
767
686
803
495
707
515
687
522
750
547
714
371
759
595
823
450
695
571
667
463
819
399
715
503
811
411
795
587
719
503
659
563
515
427
815
310
715
623
739
655
739
687
839
342
542
398
751
418
631
446
762
531
663
471
587
439
722
519
731
335
731
579
763
543
591
351
771
519
783
567
803
443
783
595
807
427
647
431
799
543
691
443
663
531
703
487
723
591
847
499
555
571
698
643
779
590
695
627
675
526
699
519
695
519
698
507
658
507
690
583
690
399
835
511
683
567
718
479
715
491
742
515
690
403
691
455
739
770
663
495
619
611
723
487
691
554
670
394
703
379
574
699
815
447
927
446
783
619
631
607
779
479
647
499
642
431
763
579
679
566
571
394
691
551
626
531
843
423
934
615
751
563
723
671
683
491
651
575
599
518
719
490
787
459
715
554
591
595
615
571
635
362
715
631
783
527
751
566
615
483
727
359
743
463
627
491
743
439
871
543
879
455
627
559
943
439
751
467
655
491
666
367
627
678
747
599
686
399
623
558
679
411
771
427
791
619
803
423
759
563
691
555
587
567
647
427
799
443
687
619
711
503
819
467
631
547
643
475
671
543
762
587
646
527
607
511
695
415
519
511
583
478
815
495
743
555
674
486
731
354
711
487
759
607
871
594
614
547
595
607
863
558
855
451
610
558
619
283
467
191
431
183
667
518
755
466
630
514
635
519
459
467
518
639
543
610
495
539
379
427
415
543
406
479
519
559
515
559
411
483
342
402
554
559
483
431
322
355
430
439
482
510
503
534
535
439
395
347
503
591
475
579
450
479
487
483
335
411
479
471
403
431
514
379
502
439
387
607
518
467
543
698
463
583
622
599
459
435
463
627
507
531
363
523
403
567
527
503
359
503
515
583
378
435
531
551
582
411
535
411
299
503
571
371
482
435
483
443
423
579
526
471
383
455
491
411
359
383
359
431
567
279
527
455
611
515
567
531
539
443
419
459
419
359
411
443
459
427
487
499
490
531
567
575
550
575
455
439
571
411
471
535
423
447
515
355
443
475
551
587
539
447
427
431
367
375
591
491
535
499
487
575
415
443
507
451
559
659
363
490
479
419
443
435
475
495
402
542
475
595
430
478
551
303
431
283
407
427
455
534
547
507
467
495
511
563
478
559
539
483
651
455
519
471
503
523
410
358
423
527
583
487
415
543
362
303
495
446
407
439
463
495
443
562
435
407
342
539
507
463
487
539
475
375
375
430
379
559
603
451
511
527
363
579
575
571
543
447
387
367
471
319
447
514
443
630
471
411
463
514
411
535
547
602
467
575
550
419
326
475
443
519
515
563
583
383
538
579
523
427
475
551
439
479
527
515
519
483
375
543
578
334
402
423
575
578
570
443
595
563
455
479
587
579
506
498
631
559
535
499
667
639
371
499
375
443
263
614
347
527
351
631
522
459
447
367
494
407
483
463
371
407
326
479
563
439
495
518
491
502
443
467
607
443
474
467
455
595
330
499
543
539
343
335
555
563
438
455
419
631
382
506
499
407
418
615
591
531
535
367
451
407
427
463
531
335
459
471
471
482
543
407
411
451
467
558
322
547
443
447
511
451
495
451
391
511
538
511
370
435
447
470
487
487
526
538
331
467
362
423
363
431
535
467
387
623
491
467
499
419
479
495
499
566
327
495
507
575
439
483
383
419
491
491
555
475
483
439
346
459
535
398
543
370
390
530
527
407
527
430
515
587
434
471
595
547
463
491
371
547
423
551
483
411
443
411
478
475
471
674
519
435
579
419
399
415
563
538
559
467
599
491
554
519
482
551
599
487
411
343
455
470
442
363
519
547
526
523
423
323
439
607
387
459
543
543
379
254
211
263
251
231
483
