485
654
582
811
579
724
565
751
541
637
450
718
441
707
494
763
465
698
421
712
647
796
445
603
522
790
439
777
470
837
534
687
659
838
422
693
519
725
470
724
532
764
630
659
528
630
514
818
559
795
601
673
451
832
495
646
406
696
640
718
476
629
523
729
389
838
505
688
582
653
539
693
487
686
397
649
544
705
463
738
625
845
553
656
437
679
522
686
564
673
503
685
491
852
619
645
731
752
452
810
417
672
481
732
494
821
438
722
479
663
385
551
530
653
470
662
516
538
652
829
648
641
509
763
452
629
493
871
475
756
386
697
410
725
487
758
424
560
552
786
438
816
577
794
459
902
448
734
437
622
473
747
473
831
464
627
567
844
537
766
535
715
494
776
610
593
464
614
603
812
464
751
654
701
522
605
436
723
569
793
667
509
304
711
573
669
569
723
441
633
401
842
443
783
511
840
503
762
651
729
525
661
579
661
667
615
523
771
406
673
632
597
489
661
429
832
432
637
443
685
520
673
553
809
384
827
463
761
491
674
435
709
414
659
483
730
491
593
456
859
560
827
574
653
534
699
623
732
442
819
457
719
453
755
405
785
404
739
638
800
469
739
478
836
449
679
532
600
391
565
413
786
604
761
503
656
400
640
518
755
413
785
480
720
582
764
567
714
670
841
519
781
642
781
422
764
563
653
443
803
701
536
585
614
542
706
433
760
677
657
455
843
607
769
549
672
422
905
447
746
497
617
589
740
516
679
514
775
535
694
397
695
464
587
491
915
643
753
466
738
551
665
465
787
447
634
489
743
654
659
509
719
625
720
484
633
659
662
369
821
574
627
462
726
585
712
475
824
556
811
454
768
613
746
590
576
445
681
404
656
378
781
570
743
578
773
631
797
497
810
459
889
420
747
402
869
602
695
583
798
507
729
523
832
527
778
510
768
403
601
482
610
334
681
540
673
471
787
546
637
615
702
539
695
432
730
478
679
437
778
557
878
445
785
555
598
300
693
534
697
567
725
538
721
442
609
492
755
593
690
586
746
495
758
508
705
352
776
410
645
491
649
557
670
570
646
391
699
487
742
639
674
429
588
501
830
527
702
567
793
450
755
596
698
415
696
591
787
393
828
482
692
535
725
524
765
485
639
385
403
298
407
36
754
596
718
670
697
459
750
530
453
552
473
467
507
483
567
503
566
316
450
599
563
453
547
511
550
524
545
520
489
646
624
535
498
532
397
399
464
677
478
421
330
543
515
366
502
372
487
510
302
417
537
489
483
442
535
511
423
556
563
397
539
649
387
478
440
363
472
435
522
580
412
417
427
470
593
439
482
341
503
637
348
435
564
469
547
612
361
427
617
453
526
465
403
577
375
470
432
508
632
574
407
430
552
487
479
569
535
312
399
650
494
510
486
531
593
398
388
453
398
506
406
535
545
581
421
536
500
603
395
485
531
512
358
419
596
438
310
530
363
509
576
370
627
417
566
433
471
512
275
459
428
504
540
567
579
533
564
540
501
506
603
434
482
630
495
424
337
538
459
539
541
475
559
546
531
475
353
551
435
550
406
517
557
504
482
506
545
446
439
412
587
531
416
508
599
571
510
597
443
524
451
440
423
617
474
574
554
628
418
617
510
429
349
573
459
499
394
415
526
455
396
495
586
334
598
425
398
511
455
393
448
428
465
500
496
443
667
559
454
427
410
531
368
273
467
423
459
422
611
447
412
620
579
503
500
319
455
529
496
436
589
301
418
456
435
573
572
508
416
438
467
586
431
397
580
466
362
371
351
572
448
547
448
414
574
433
540
519
430
503
517
590
601
483
403
410
553
566
528
616
369
540
421
517
531
458
373
453
461
398
388
626
491
543
454
408
375
633
576
502
580
490
550
559
477
401
538
437
464
368
576
403
504
607
463
411
580
543
531
661
550
455
487
558
497
513
446
507
610
547
454
605
371
515
489
502
519
623
448
393
379
455
513
558
410
437
448
563
493
547
370
535
542
426
523
320
459
635
636
427
513
466
461
476
403
405
452
398
453
448
343
477
532
385
491
523
375
453
380
437
469
375
480
562
416
648
532
451
527
294
472
430
397
605
478
539
485
461
523
538
568
617
420
505
507
511
632
433
622
478
619
271
515
388
589
547
433
596
293
535
578
540
418
577
494
583
542
432
402
470
516
516
490
475
459
573
583
430
506
632
475
596
569
472
616
525
370
459
505
534
451
378
475
579
462
411
495
527
457
449
454
487
516
679
362
555
567
423
401
353
426
548
321
469
464
529
430
405
382
533
567
416
506
454
467
469
343
313
436
450
346
430
551
639
354
505
328
406
535
462
666
