205
455
310
489
291
403
414
535
323
490
186
383
279
443
275
427
217
515
275
455
143
355
287
271
375
307
222
543
207
449
187
535
391
589
51
542
151
503
303
387
290
471
277
475
186
435
231
370
259
370
175
431
355
451
321
383
215
415
319
563
323
523
310
499
343
543
318
539
421
521
250
551
251
398
243
555
258
479
203
347
299
489
223
379
138
575
187
455
303
446
154
462
170
527
295
439
291
442
306
506
347
391
255
419
243
407
186
445
239
403
238
543
266
517
335
525
183
494
263
391
223
614
203
462
167
319
329
595
443
439
326
367
271
507
247
395
411
494
266
415
163
419
213
575
227
371
283
591
163
382
239
387
254
455
262
559
221
491
149
490
271
503
226
538
247
497
194
475
263
591
283
459
123
603
287
551
211
407
347
354
222
526
246
471
118
431
222
357
201
343
375
454
351
493
239
495
306
335
251
446
319
399
325
526
335
427
319
455
214
506
306
583
259
527
278
502
179
442
235
322
281
522
335
379
327
463
299
650
191
453
334
495
94
494
239
451
326
379
410
427
475
479
342
373
377
515
190
551
315
442
111
283
314
434
179
515
346
509
339
545
269
449
231
489
187
443
319
535
203
463
403
451
402
482
151
498
351
423
223
549
158
459
202
443
206
386
289
539
279
447
147
343
177
471
207
486
287
374
323
459
211
487
331
705
295
471
215
483
186
350
337
531
223
466
353
671
334
351
303
579
295
386
423
534
335
299
394
557
309
543
229
395
215
474
347
475
299
507
291
570
239
389
375
434
183
343
287
507
311
459
334
455
327
495
419
423
275
391
87
410
113
519
149
483
255
431
167
511
214
583
350
547
143
427
247
450
263
318
219
547
155
413
275
434
435
371
306
583
302
291
251
263
179
502
169
333
315
403
247
594
258
415
273
491
370
399
123
495
355
478
227
543
438
433
251
475
239
454
377
525
254
699
181
335
415
342
317
462
183
339
351
451
250
543
218
354
263
366
330
557
359
290
251
443
265
471
270
467
263
503
337
325
335
439
251
515
74
495
375
455
318
351
303
399
253
471
242
499
229
463
315
463
182
546
403
383
279
509
361
367
213
519
131
475
339
427
339
406
246
443
322
357
343
499
323
583
199
329
2
291
0
99
151
483
235
578
295
393
343
235
202
265
191
178
283
307
107
130
15
263
266
166
293
115
230
211
154
242
319
241
290
195
357
171
231
297
91
123
307
193
203
106
259
102
225
283
383
227
303
198
235
255
249
302
158
141
161
255
275
203
322
242
319
215
154
278
373
127
343
202
223
99
327
267
275
143
325
158
263
342
358
291
391
223
203
87
206
347
274
202
251
283
291
314
95
319
249
218
109
210
185
166
263
79
295
179
195
295
379
199
263
183
367
243
103
261
261
261
261
261
261
261
261
261
261
261
261
261
261
261
261
261
261
261
261
261
261
261
261
261
261
307
223
226
311
257
369
178
195
175
287
142
219
197
295
171
250
203
235
229
179
290
443
102
363
198
303
185
291
223
343
315
282
246
255
242
318
231
251
237
219
342
283
227
235
351
214
299
382
223
318
13
279
283
186
191
199
235
297
163
334
171
343
223
381
243
263
281
299
359
223
209
151
175
255
123
299
291
191
234
287
249
403
298
238
91
238
193
355
118
346
126
23
259
307
263
305
295
107
265
285
403
163
215
309
151
387
50
242
345
271
223
279
294
258
207
195
187
222
231
190
103
191
223
254
186
50
179
337
238
227
163
293
191
282
249
291
198
226
65
303
315
331
179
147
150
178
263
455
298
175
235
254
198
250
333
338
279
249
110
267
143
115
409
259
335
291
202
326
351
99
122
135
295
274
243
63
202
203
121
227
267
367
163
250
307
247
299
234
211
167
135
271
329
163
59
147
193
259
209
189
263
175
207
210
46
174
255
391
241
219
118
283
251
266
230
257
191
341
118
358
259
275
182
283
367
338
226
246
183
121
182
143
347
323
267
262
298
403
165
306
234
274
138
367
271
314
219
263
178
299
326
299
193
171
217
271
271
295
407
275
171
274
183
243
251
254
222
271
298
215
139
367
330
211
338
314
75
242
319
253
263
363
251
303
178
311
397
190
287
178
210
371
215
239
207
487
31
227
159
322
277
275
159
219
169
279
138
291
231
143
255
155
319
82
239
271
314
207
83
241
391
331
95
249
167
171
294
223
95
303
251
190
187
270
255
330
283
287
191
338
197
339
169
369
183
206
107
351
195
213
169
395
211
338
306
339
162
277
154
290
214
158
218
106
215
210
266
302
255
243
121
115
250
205
219
193
295
386
243
199
246
455
451
