534
663
371
578
394
641
398
519
357
675
461
679
413
729
369
714
349
543
353
695
398
624
529
768
447
710
561
823
458
661
379
774
478
805
640
697
507
735
489
629
458
535
516
717
403
690
371
795
385
484
447
614
353
687
535
607
526
634
519
689
497
743
534
683
486
739
366
667
533
703
327
674
524
779
538
647
444
720
459
651
450
631
381
597
499
637
398
748
502
679
456
688
476
654
489
685
391
717
511
810
367
650
579
693
501
555
515
721
565
713
391
743
447
639
595
768
445
582
439
731
418
714
479
705
503
639
365
659
457
695
489
700
505
763
454
604
613
611
405
631
446
690
535
715
502
679
551
826
438
697
407
773
419
592
431
603
570
659
471
687
366
707
628
681
471
662
383
747
434
679
545
659
538
589
514
723
465
758
567
524
525
914
466
655
556
647
603
547
455
782
487
739
478
596
634
774
395
842
498
677
481
511
506
769
458
571
419
735
384
645
494
638
345
719
318
607
470
619
496
612
456
621
537
769
482
725
550
785
466
782
347
683
350
555
398
899
607
718
491
780
538
662
455
685
511
681
548
637
490
680
354
580
418
634
653
638
458
645
466
733
527
743
383
679
503
620
539
621
633
631
524
757
527
672
421
754
394
609
489
630
483
598
474
650
533
605
441
651
431
511
517
647
523
721
390
648
350
649
455
685
481
685
513
686
495
595
555
666
523
642
542
539
345
650
361
741
338
504
569
670
495
573
471
675
570
694
369
661
451
598
453
738
526
719
397
555
338
599
502
809
595
570
335
773
353
650
402
528
331
551
356
771
622
706
506
571
471
633
522
562
412
693
405
743
353
675
512
743
609
664
589
609
526
799
437
627
375
622
423
567
547
625
525
679
592
769
379
789
387
603
586
602
500
441
327
567
471
801
421
849
360
598
409
701
619
710
525
724
423
708
460
622
387
631
491
733
446
544
283
721
477
687
367
636
303
654
436
718
427
763
351
701
439
625
481
635
334
703
511
655
643
673
449
559
611
754
427
697
606
658
336
691
543
701
301
711
397
622
510
806
451
781
452
589
370
674
526
589
517
598
459
587
505
634
591
758
647
701
541
605
483
660
456
631
506
557
362
615
627
665
447
667
466
678
368
692
617
474
0
396
219
357
190
647
470
685
394
565
291
611
409
277
513
551
478
373
498
498
442
363
591
519
316
563
250
371
551
426
385
551
510
404
452
359
454
326
529
542
484
310
431
454
387
373
485
476
502
438
520
464
467
510
501
425
372
491
535
483
421
402
464
495
413
454
517
561
461
387
361
311
366
391
314
443
488
438
570
386
529
422
471
387
353
373
543
335
435
512
498
429
555
306
490
346
407
524
318
363
388
399
505
466
401
403
562
352
400
338
537
372
521
445
408
446
391
505
389
206
475
481
446
371
610
258
607
327
474
291
583
479
577
435
462
352
443
437
342
403
413
481
320
474
613
360
343
512
351
380
558
345
370
541
475
514
396
335
499
379
552
499
478
317
549
511
491
487
446
372
422
644
438
324
481
475
375
341
344
367
450
445
405
546
420
341
499
345
274
409
358
455
478
491
559
491
431
335
299
366
293
503
454
504
475
370
471
320
427
518
438
487
479
441
531
415
306
259
595
495
399
529
509
341
431
447
511
363
381
353
391
370
507
331
615
355
226
223
377
321
443
581
441
339
406
449
333
387
375
450
497
434
527
536
434
411
506
442
559
423
547
265
625
321
367
427
358
401
395
423
610
322
447
339
627
457
546
555
338
378
435
397
433
466
411
290
452
525
338
375
427
505
327
375
367
503
405
549
381
315
563
525
331
519
390
435
417
525
489
503
577
325
457
258
507
335
465
369
456
477
407
335
461
306
316
481
517
543
317
514
510
507
421
435
622
385
443
390
621
479
489
293
475
325
511
360
484
502
552
437
468
483
431
443
533
570
459
307
463
435
225
418
645
313
342
551
458
465
547
430
443
308
403
357
432
324
429
413
494
435
573
383
595
419
374
323
291
305
479
380
526
334
397
403
567
390
605
443
513
597
451
443
383
535
591
410
423
495
437
415
552
419
518
453
451
514
511
379
425
410
452
523
423
479
439
453
492
474
447
543
619
354
525
409
426
411
555
475
323
353
529
285
450
439
391
402
635
571
402
380
483
573
443
473
343
407
426
417
361
450
395
467
517
511
483
339
451
449
461
277
453
470
458
351
404
363
513
220
460
471
311
458
437
441
373
538
323
417
462
395
397
410
452
406
431
491
498
430
284
383
590
474
463
391
383
599
427
459
554
434
560
465
358
395
397
353
475
374
330
498
654
515
631
581
554
901
