399
495
419
427
347
687
379
563
367
495
447
571
295
559
355
511
415
523
439
591
311
587
359
499
391
471
295
595
423
539
359
671
355
607
379
463
291
403
267
447
319
423
259
575
487
519
379
635
431
555
459
527
351
543
335
623
499
583
339
611
287
519
251
587
439
431
291
519
543
503
187
551
355
719
287
515
367
583
247
659
415
607
423
623
515
655
471
623
307
535
203
587
347
459
435
603
331
599
299
479
315
559
311
403
275
739
295
503
311
491
279
579
371
491
367
491
215
455
383
527
275
543
275
499
339
539
315
611
439
583
415
627
471
715
435
627
327
531
335
531
467
527
415
667
271
627
339
675
335
611
367
423
279
527
407
535
447
503
499
731
327
595
347
327
559
499
343
607
331
567
419
499
399
495
547
583
399
495
243
495
315
443
379
519
379
539
367
635
547
359
335
715
387
515
283
571
491
675
351
499
279
631
555
399
379
495
427
595
367
459
447
503
347
599
411
471
363
567
351
571
287
639
371
527
283
491
463
623
467
627
391
439
319
531
315
555
631
499
395
527
355
419
359
695
231
483
247
535
459
643
427
779
275
503
407
599
411
579
395
667
383
567
271
735
187
475
387
531
411
635
403
563
447
659
403
487
387
559
431
455
391
555
431
519
499
619
367
547
499
447
403
671
403
559
347
447
443
511
319
523
351
651
427
743
375
507
387
683
355
563
351
567
391
579
371
447
407
511
347
667
367
655
439
551
459
667
331
487
355
511
315
535
451
575
427
395
503
659
395
551
387
663
191
659
367
603
299
539
375
495
355
595
375
623
423
599
259
471
323
751
423
547
479
615
419
435
351
479
395
587
419
659
359
691
511
555
343
563
311
739
231
635
431
555
523
659
371
595
475
635
411
495
339
511
271
471
451
507
367
603
375
447
367
515
299
583
295
487
191
495
411
607
379
591
499
523
519
599
435
595
419
599
367
431
339
611
363
399
423
559
355
659
299
519
335
495
367
575
439
607
407
487
215
603
423
567
359
443
407
539
383
667
331
627
319
591
463
571
323
503
375
559
411
535
423
635
435
635
283
499
479
495
471
655
367
703
371
591
383
667
411
687
451
675
379
671
335
559
435
519
383
683
399
471
451
611
335
463
39
311
159
303
0
483
391
543
347
479
331
603
319
199
419
327
323
331
343
219
307
303
399
331
427
299
287
543
387
495
339
407
267
419
455
475
331
331
151
379
279
215
351
343
423
323
407
443
323
339
323
319
323
339
219
243
299
375
343
491
259
327
379
279
379
295
311
319
427
159
239
235
331
367
391
191
483
419
431
319
267
439
267
467
319
327
351
407
419
231
295
231
363
307
263
407
271
439
395
295
231
187
391
355
207
423
395
311
187
359
467
427
307
323
399
379
447
407
343
271
239
347
455
407
363
379
203
415
299
347
403
239
323
375
327
251
375
331
295
247
471
279
387
491
399
315
311
259
275
359
283
387
363
347
175
283
319
259
323
267
359
463
383
355
359
379
407
223
291
335
331
327
487
315
303
303
467
415
171
347
367
131
303
311
387
243
183
267
259
411
263
387
271
359
319
275
431
323
211
151
343
295
523
355
247
331
327
379
527
359
467
371
327
415
291
207
451
359
259
383
287
375
287
215
391
431
459
255
347
307
171
391
387
283
271
335
403
279
371
343
319
323
315
363
515
379
379
227
215
423
443
259
351
515
475
271
231
363
379
355
339
219
463
339
363
415
315
415
215
395
423
311
351
311
243
235
471
207
311
367
259
379
411
427
395
359
375
395
379
255
303
347
255
351
259
319
403
291
403
303
323
367
479
327
323
307
311
303
295
331
419
267
267
355
399
347
343
371
395
231
311
335
367
375
291
199
287
295
339
291
303
271
315
191
367
383
155
367
359
407
351
359
235
335
443
287
495
327
227
299
291
283
347
419
315
371
339
371
279
195
343
391
275
247
267
279
463
263
319
323
223
351
251
339
371
331
411
431
303
399
311
467
323
303
431
315
347
375
247
219
335
267
279
311
363
355
267
331
387
279
427
287
367
387
427
279
431
439
443
379
415
163
315
419
423
431
407
355
259
487
371
243
231
303
315
339
327
251
419
279
403
379
403
235
279
255
303
275
311
387
403
383
343
343
343
327
343
267
423
379
479
323
427
263
403
187
219
199
363
435
183
411
391
443
311
295
247
327
295
311
471
339
323
315
339
463
427
287
427
423
343
295
327
375
311
459
235
239
435
227
271
171
383
371
299
375
243
263
299
383
431
203
475
311
203
339
323
303
231
347
375
515
163
215
211
319
247
411
339
479
307
203
315
247
439
427
