379
675
407
587
387
535
367
543
358
483
371
563
439
602
415
627
378
519
315
447
455
575
383
455
397
507
331
563
251
543
347
499
342
731
355
631
355
543
295
615
415
613
293
511
315
595
383
518
603
595
369
687
379
582
487
482
407
635
370
506
335
587
335
689
374
627
511
491
335
467
435
527
367
647
402
730
279
415
189
547
443
647
395
514
390
351
362
710
263
639
283
551
315
495
330
619
455
670
379
577
326
555
502
551
335
651
405
683
503
517
287
427
354
555
354
623
546
683
411
519
343
701
386
519
375
487
321
419
435
574
470
679
375
455
435
663
379
678
371
707
481
595
518
582
410
679
323
630
459
639
494
483
403
591
391
618
387
646
411
591
414
667
387
610
419
531
410
666
371
311
338
411
351
527
479
441
494
534
251
667
393
459
371
703
287
491
482
483
331
607
527
535
523
455
379
705
483
602
287
486
335
543
303
479
499
738
681
575
375
610
527
538
498
715
335
619
450
595
290
746
371
513
275
679
431
618
301
667
283
718
323
347
271
697
354
450
391
667
439
603
279
651
423
635
354
523
390
690
247
563
387
531
386
619
359
619
422
667
485
571
310
515
455
539
342
515
459
534
411
495
369
579
371
603
531
558
350
546
469
495
411
519
251
667
415
554
403
739
395
493
325
518
399
391
390
635
375
607
255
667
277
571
535
634
359
523
419
603
279
627
359
639
494
490
439
699
339
559
434
707
429
675
347
542
370
499
431
570
371
563
406
583
347
607
355
579
535
643
423
595
495
615
371
499
327
759
406
611
495
459
330
623
598
467
318
623
459
558
463
607
447
607
371
559
361
587
367
623
391
587
319
531
359
583
366
631
327
627
351
587
307
499
367
531
423
582
422
603
386
689
458
623
371
455
291
427
423
583
370
607
446
674
425
575
461
535
427
611
459
663
343
711
379
621
303
583
363
567
414
507
419
479
451
531
327
622
527
699
479
555
367
723
358
543
443
690
462
479
295
590
382
462
407
606
247
587
385
535
494
571
354
579
327
614
415
482
391
567
423
555
291
523
467
602
375
670
434
615
394
479
298
602
371
631
315
519
327
599
266
677
447
615
399
623
430
563
511
554
430
490
351
647
402
594
431
675
399
439
83
331
0
334
110
594
311
411
366
442
530
483
442
419
343
442
263
267
394
227
233
451
358
295
435
402
282
398
323
307
331
275
391
411
287
367
339
391
422
439
291
435
339
259
347
331
323
399
326
291
351
270
419
307
506
427
355
202
478
263
471
475
467
351
462
283
623
343
379
391
250
271
403
291
359
419
449
314
495
331
459
439
315
343
434
283
283
393
471
503
267
355
286
298
315
266
403
227
546
379
287
381
351
271
451
474
291
406
426
399
506
447
335
299
427
442
363
378
422
418
426
346
439
215
359
302
415
311
497
498
451
331
367
323
357
239
503
433
457
410
326
291
371
279
387
378
235
499
411
487
402
487
363
439
367
386
403
347
370
447
325
455
338
489
370
563
598
299
303
291
339
347
407
211
457
287
267
435
422
379
319
375
355
487
355
399
370
483
417
390
326
387
339
327
482
163
329
327
310
379
335
274
315
431
410
543
371
283
351
371
331
359
311
398
263
317
403
387
319
350
455
439
378
385
402
351
363
487
279
399
463
371
487
458
349
269
395
347
275
418
319
507
411
429
255
299
291
334
286
371
431
282
490
535
371
327
219
291
315
306
293
331
495
426
274
405
415
195
431
483
402
281
295
339
307
299
339
275
255
434
343
319
367
295
395
414
583
311
366
343
454
303
531
367
314
294
386
235
218
234
335
375
471
243
350
341
434
267
299
367
250
407
251
439
358
403
455
462
387
518
347
455
223
355
258
398
335
335
481
391
267
395
295
282
323
411
351
375
414
311
323
326
359
327
206
262
310
302
311
451
411
371
351
311
355
367
479
347
390
451
201
499
403
355
583
503
411
299
339
323
387
363
391
294
311
391
243
377
351
239
495
507
355
371
419
371
469
319
434
289
287
483
379
351
191
355
355
417
454
322
355
386
485
430
286
302
379
299
439
271
403
430
346
335
443
539
514
358
382
385
442
306
481
274
322
315
377
467
374
307
446
347
471
387
287
455
387
235
467
237
327
319
474
279
294
430
233
439
483
255
287
347
453
370
346
419
425
459
363
357
415
194
278
371
586
319
319
327
342
315
495
375
351
311
383
271
427
343
443
307
230
279
310
315
351
431
387
230
246
463
403
303
350
255
282
277
367
247
282
315
395
383
387
231
279
399
342
311
431
299
454
387
282
279
175
395
375
395
391
290
195
343
315
235
419
515
