675
811
807
811
583
847
671
875
563
959
867
715
639
951
627
803
543
771
703
819
555
943
659
795
619
779
671
891
683
963
651
815
535
859
843
795
635
1015
723
847
607
823
643
831
531
855
503
983
567
803
675
827
675
755
639
959
619
755
547
771
803
827
803
839
647
771
727
911
715
895
719
795
699
743
659
915
687
783
607
763
507
835
659
847
683
823
751
923
659
779
723
931
467
871
655
847
567
827
743
927
667
831
535
843
771
763
591
863
719
895
671
863
671
819
651
963
591
951
619
1055
675
835
695
975
715
819
715
815
775
971
707
847
727
791
603
835
619
851
791
955
691
943
703
847
683
767
651
931
807
871
619
747
787
751
523
707
455
867
675
815
775
795
719
951
671
783
519
911
567
963
739
815
679
831
627
835
727
863
579
867
547
879
695
815
731
967
663
839
667
747
647
907
679
847
719
843
651
819
607
943
603
851
783
803
563
783
651
819
711
939
679
991
627
899
651
671
699
951
783
755
659
847
675
763
635
823
739
915
655
807
751
831
631
743
655
843
543
971
615
907
691
691
795
827
739
963
451
959
503
695
663
759
771
691
615
895
791
875
715
827
843
815
675
843
631
811
807
879
743
787
739
1011
547
795
723
823
619
939
739
875
631
719
559
883
595
899
567
891
699
847
679
787
775
811
719
795
603
879
715
787
527
855
731
1031
603
883
663
863
623
939
691
951
683
711
659
1039
631
867
631
1027
723
687
575
851
667
783
699
731
787
911
631
783
639
919
835
887
675
755
627
811
671
907
779
847
743
735
679
863
615
823
767
875
619
959
703
907
679
891
391
927
627
771
679
987
683
815
615
915
735
871
695
919
815
903
643
767
591
795
723
767
803
795
715
887
731
847
767
971
651
963
711
939
771
811
679
951
675
807
643
935
699
883
767
803
679
903
823
875
727
807
631
767
639
711
771
791
607
779
539
851
719
839
691
927
607
839
763
923
759
851
867
903
559
871
563
863
703
807
691
947
571
955
767
855
639
723
599
951
587
947
763
935
691
915
639
863
679
879
675
827
847
783
527
819
535
823
751
915
443
839
747
903
775
863
719
847
539
887
667
915
679
803
683
799
499
823
663
987
679
827
679
739
507
879
727
939
711
607
375
651
291
507
471
859
667
835
751
815
703
771
687
459
635
591
799
599
695
567
587
695
695
539
603
487
731
791
671
659
763
655
595
575
583
711
679
571
603
683
803
699
507
679
735
647
635
623
663
623
667
687
671
583
723
679
675
539
475
539
599
719
551
559
671
611
599
559
599
667
643
679
579
703
647
567
499
595
615
495
719
543
699
555
671
503
559
619
559
659
679
631
627
667
503
599
815
607
715
503
531
583
735
747
699
667
679
699
667
595
595
731
599
687
555
575
595
579
755
619
715
707
559
647
575
671
563
607
591
615
723
515
563
687
591
539
727
699
603
699
699
603
771
719
595
487
639
735
695
451
599
759
751
579
647
719
603
687
727
639
591
599
727
611
707
723
743
611
631
611
663
619
679
631
807
707
623
675
731
427
739
635
635
435
587
703
567
815
499
719
635
543
667
643
647
591
571
667
623
591
635
487
647
443
767
595
823
627
607
563
651
719
547
603
683
627
739
715
663
587
719
743
847
527
527
515
779
671
695
671
539
487
699
651
671
719
607
699
723
747
627
647
611
623
615
599
599
671
651
679
531
691
675
663
579
667
599
671
759
627
615
611
575
535
523
503
679
675
543
651
627
799
691
735
571
667
691
571
603
571
443
563
635
551
659
683
639
691
719
547
647
723
559
543
695
667
603
607
607
755
655
531
699
583
727
651
611
627
523
607
463
695
539
635
675
635
683
623
643
607
707
627
683
711
747
615
747
623
579
643
627
575
635
623
667
627
735
607
623
515
695
799
555
531
603
659
819
491
751
547
763
603
759
583
683
667
707
595
731
523
759
783
723
679
711
591
643
667
795
651
599
663
647
667
751
583
667
735
639
671
735
579
727
539
639
575
511
627
735
443
515
559
699
555
587
543
475
735
599
611
687
635
711
619
751
739
447
771
707
639
655
587
603
743
691
635
659
691
571
627
683
659
595
687
667
715
715
563
691
715
659
623
743
599
559
707
539
723
651
679
703
639
735
567
659
671
651
651
619
599
595
727
735
719
567
439
551
591
599
739
631
563
659
675
583
623
735
743
599
487
591
655
623
503
579
575
555
703
687
611
727
691
715
631
715
647
791
643
743
631
611
811
683
639
599
563
663
495
667
723
535
387
755
667
583
531
599
603
603
791
659
499
575
491
543
559
635
635
723
499
391
383
255
339
595
631
