371
631
374
711
303
665
530
595
462
619
503
599
450
707
587
658
319
599
426
503
418
651
331
531
339
666
363
639
485
618
515
531
339
647
475
731
511
543
495
571
607
695
578
695
347
623
355
777
470
635
395
715
367
563
507
763
455
631
451
602
557
678
678
735
511
587
447
683
446
563
479
575
435
651
419
735
462
827
467
614
643
643
319
658
462
703
463
734
475
654
486
658
487
614
483
702
574
595
570
558
379
602
366
495
366
599
483
623
362
651
503
590
530
479
315
579
487
538
499
546
383
639
419
662
499
671
439
530
534
591
543
599
463
531
423
723
375
715
403
623
475
631
403
615
531
502
515
538
575
571
487
547
334
739
363
679
407
523
483
583
555
699
535
571
230
735
367
611
501
551
451
651
399
675
523
646
434
522
455
647
491
603
551
475
383
670
467
674
278
530
479
675
523
670
379
514
542
623
305
691
447
607
423
567
539
650
419
674
375
743
459
599
450
691
363
606
363
539
391
702
411
575
495
555
383
543
503
563
394
502
367
698
479
647
439
619
410
703
459
670
443
499
293
646
491
498
515
491
435
623
359
663
367
587
411
558
519
623
379
531
395
763
518
531
490
562
415
603
553
643
454
787
450
647
455
610
475
474
313
579
431
595
338
671
419
591
383
650
411
755
511
647
355
705
410
574
274
503
315
707
443
651
483
655
351
655
423
703
311
595
531
711
423
575
395
531
610
579
427
619
619
603
483
615
458
670
427
631
327
671
387
602
447
711
554
803
390
595
443
711
467
591
411
570
511
563
463
503
366
687
499
743
519
518
455
754
302
555
334
699
502
570
411
623
290
503
431
607
383
675
634
595
467
555
407
713
570
523
523
642
443
698
706
587
567
535
435
794
399
519
219
651
410
490
383
559
355
766
631
743
266
663
435
695
458
607
499
495
359
611
419
511
410
554
471
627
343
543
395
607
603
474
510
595
539
603
487
647
505
594
467
691
315
611
417
659
383
575
467
555
387
534
475
479
221
627
585
547
609
555
458
686
542
555
287
707
602
623
354
690
367
582
391
675
399
682
454
615
463
683
410
738
434
551
487
482
494
642
406
771
339
599
514
706
474
579
411
619
387
727
267
683
343
602
347
563
303
359
139
419
87
362
95
534
247
563
375
578
486
514
446
387
583
383
415
331
443
475
426
442
331
406
359
367
247
346
443
427
435
527
478
426
399
394
398
255
326
390
419
387
458
363
627
379
382
423
507
255
319
351
427
447
447
467
351
466
534
303
427
319
535
546
495
367
411
359
298
334
390
247
367
291
310
375
386
370
339
517
463
395
539
487
315
418
399
439
378
283
415
539
367
358
355
506
275
466
358
411
410
251
447
331
383
302
410
462
339
349
415
519
455
391
423
423
375
399
387
351
519
251
427
327
483
343
442
427
474
463
399
543
179
335
379
511
394
279
367
407
423
399
423
463
375
367
455
279
555
371
455
307
435
323
399
435
438
307
419
346
451
351
506
267
483
315
515
351
447
447
494
315
535
271
511
483
435
482
438
142
386
311
503
447
378
471
361
555
375
379
471
307
303
251
375
375
543
251
434
363
467
167
331
423
513
363
367
431
559
427
371
510
390
398
391
326
361
431
451
455
387
418
471
239
475
322
467
379
347
459
535
423
319
306
327
338
339
291
342
366
447
423
447
519
654
399
315
387
298
267
449
382
459
423
547
495
529
427
347
219
411
443
491
191
475
295
327
310
322
271
419
547
503
427
462
263
351
459
411
279
427
351
382
411
346
315
523
363
335
463
351
498
359
403
439
483
483
363
330
522
322
415
354
362
459
399
227
503
466
403
547
422
327
335
375
427
218
398
283
503
366
414
262
331
239
590
439
447
523
447
295
414
307
391
430
471
371
406
367
266
339
258
494
507
370
410
538
463
375
327
499
315
519
378
571
371
515
307
355
383
431
391
487
367
523
383
415
443
503
431
299
439
475
371
399
363
351
603
442
395
379
487
367
501
499
351
369
395
227
319
354
479
430
487
450
331
479
363
478
441
415
435
562
367
451
299
383
370
319
319
258
355
439
283
415
483
343
363
342
361
383
431
422
455
279
370
371
391
515
303
343
398
370
283
395
362
495
427
343
379
375
390
427
270
387
311
463
363
438
322
343
443
411
475
463
435
435
362
431
383
275
331
427
339
442
450
495
594
347
315
418
515
459
459
375
434
426
231
487
431
502
543
503
395
423
395
426
427
423
314
271
503
399
411
454
547
499
435
323
354
395
350
382
454
371
283
531
598
299
399
475
443
323
386
403
479
247
367
375
230
0
203
555
91
99
647
