325
558
439
617
399
687
445
726
371
707
566
631
374
670
347
498
457
567
391
673
349
723
451
441
479
651
467
545
257
658
351
718
429
655
551
679
489
506
389
555
458
591
361
555
359
651
471
598
473
589
551
586
454
723
431
527
410
602
423
645
387
607
463
651
435
694
627
627
446
635
410
627
451
603
433
481
619
527
363
565
459
611
493
471
562
639
435
638
481
639
426
623
415
714
315
703
410
566
359
755
422
655
466
731
353
597
287
561
443
729
427
577
533
661
311
593
525
639
474
591
455
583
473
719
449
579
397
655
418
702
447
707
385
587
439
679
450
639
433
743
428
782
379
602
479
706
449
767
386
505
463
524
337
441
410
579
527
627
415
626
611
855
479
667
510
642
539
638
463
593
482
649
431
597
582
625
426
778
341
739
411
543
223
569
523
798
541
579
461
603
453
598
535
667
517
595
442
663
566
733
319
646
454
579
465
698
371
622
363
663
435
719
433
670
362
526
381
585
391
655
409
709
435
751
511
618
393
611
423
635
303
515
481
473
434
623
447
434
495
767
413
567
573
554
269
515
521
586
487
706
437
641
559
495
543
846
387
698
493
633
342
431
401
457
481
587
485
603
406
647
337
591
478
665
542
560
289
541
395
605
374
619
454
625
490
727
546
563
478
726
419
509
455
710
454
615
522
671
522
619
270
670
351
711
430
505
530
670
423
503
427
806
487
723
429
567
431
589
469
671
398
645
379
622
455
779
327
723
399
683
454
563
441
635
530
693
441
651
513
618
390
555
467
691
510
561
422
631
370
567
394
655
303
719
495
663
371
618
498
655
411
635
354
675
319
645
490
578
645
637
458
683
657
643
511
645
525
605
437
519
430
551
382
829
450
682
367
727
395
691
355
574
515
683
411
661
559
627
513
681
306
659
491
636
503
665
329
657
485
551
471
735
342
554
402
802
478
642
541
759
431
549
551
715
563
518
459
539
339
711
343
423
343
599
481
639
366
655
415
723
451
567
533
691
465
718
379
735
421
609
549
598
507
889
546
705
430
459
494
607
451
573
523
622
577
749
639
755
387
498
570
697
331
677
366
702
323
674
587
670
430
631
343
567
535
661
495
614
411
671
567
735
323
618
431
546
419
494
39
254
283
319
122
677
418
646
305
546
375
602
470
425
411
293
415
514
447
421
510
427
427
359
605
519
381
253
423
349
467
375
335
399
403
415
577
450
391
353
349
289
443
439
567
447
507
327
445
586
367
414
523
313
401
403
520
487
459
450
381
447
414
387
391
255
521
346
267
306
365
454
461
319
427
482
425
477
558
527
463
399
405
451
499
441
322
437
523
531
399
391
519
427
423
478
449
419
550
343
382
389
428
541
495
250
385
523
433
350
503
349
615
358
419
345
327
477
408
387
315
349
473
497
346
435
434
375
247
318
455
415
601
291
483
406
403
265
447
321
578
551
363
478
395
323
334
491
471
403
495
363
371
369
371
449
559
401
391
399
543
222
559
399
411
498
441
416
476
435
388
351
439
375
469
459
330
479
523
357
385
491
472
403
399
331
467
509
474
539
331
357
419
395
537
447
351
429
435
345
435
266
411
511
606
359
519
507
426
403
397
414
466
391
426
323
405
435
391
527
459
471
353
462
515
389
481
349
399
483
375
522
407
258
607
322
575
393
615
494
462
399
450
399
553
483
382
399
435
370
349
381
407
515
389
523
299
523
529
483
478
186
381
323
397
403
466
487
329
585
419
363
482
402
455
353
490
545
440
386
451
290
362
398
402
363
477
369
384
359
433
439
565
323
526
371
399
453
366
540
527
367
357
399
406
443
539
367
526
402
377
498
391
334
261
395
423
314
471
389
489
443
311
363
341
507
439
485
389
443
487
342
379
371
561
391
471
431
509
503
361
347
395
407
429
455
547
434
399
439
575
470
410
415
523
419
394
515
331
439
457
371
390
395
543
379
426
375
355
391
596
353
299
382
447
350
347
297
458
434
509
371
445
417
241
325
469
479
551
283
407
471
437
339
485
391
437
431
454
453
429
438
531
313
386
298
311
514
378
335
358
279
411
370
487
403
467
462
441
351
425
374
531
429
447
361
261
403
347
410
439
381
346
378
359
493
319
319
331
323
363
443
373
414
417
367
246
435
499
342
573
379
415
335
390
479
327
403
390
318
449
410
491
418
445
301
459
422
481
475
393
411
518
357
437
379
515
499
419
349
489
469
413
550
463
327
445
469
542
479
399
335
451
411
455
298
381
350
391
427
351
314
265
371
447
295
409
339
353
367
450
411
419
183
277
246
377
253
487
279
389
458
189
142
386
534
