707
900
531
747
573
881
527
827
498
857
643
915
635
922
677
764
647
928
662
889
654
835
630
802
454
691
567
845
427
882
507
897
549
723
687
865
501
706
567
771
447
799
443
661
505
911
673
806
602
839
623
803
583
863
794
783
575
761
625
753
626
863
607
829
693
867
685
894
611
813
463
770
613
835
642
859
639
819
789
937
683
938
571
991
543
787
626
850
655
803
483
877
707
851
689
877
578
773
715
963
579
899
439
822
628
688
625
763
575
666
579
751
695
915
655
758
601
790
559
795
623
731
563
679
587
785
622
793
758
791
734
835
587
835
579
1023
609
818
803
757
743
757
579
831
619
819
602
847
614
951
551
767
579
765
589
863
615
735
554
705
642
754
675
797
459
777
739
963
474
823
475
849
642
907
561
774
546
786
655
830
569
841
582
893
545
743
587
811
591
822
629
954
509
763
633
817
741
733
543
907
599
769
585
830
641
931
531
861
459
693
683
801
503
739
514
798
599
853
655
803
542
774
663
959
576
791
719
787
723
677
599
855
655
814
539
722
647
751
673
891
630
795
771
784
699
687
742
710
471
822
568
731
718
773
624
889
457
798
627
926
601
825
527
813
628
766
687
796
465
764
565
883
565
801
613
901
615
685
675
791
662
847
514
727
379
849
599
892
509
722
677
759
627
750
722
911
552
785
753
830
561
809
685
913
659
846
731
806
442
722
516
823
622
771
662
657
610
763
555
918
663
829
647
770
622
659
766
799
615
831
687
785
651
729
678
939
686
915
775
842
595
762
666
810
503
779
683
990
471
789
555
859
602
764
539
732
619
810
497
818
558
691
639
792
525
821
605
955
591
687
747
906
746
678
695
933
699
794
671
759
693
795
487
886
683
849
678
987
518
625
559
727
581
918
638
801
487
847
613
775
663
879
567
717
631
921
739
779
627
789
541
805
614
882
727
786
610
830
624
797
706
761
523
686
531
748
571
682
623
785
587
810
622
705
463
881
573
792
586
790
559
790
561
839
579
701
578
955
613
684
634
836
559
727
573
807
515
698
683
782
626
794
572
863
627
795
634
804
611
795
613
867
602
651
655
821
614
895
641
867
518
735
462
922
645
781
711
770
678
741
566
751
499
735
581
730
659
643
244
611
335
463
155
871
485
694
611
911
538
695
498
599
646
579
587
567
598
607
714
639
517
538
385
621
475
411
493
566
547
511
483
515
572
583
491
633
570
663
559
402
610
484
583
621
605
685
643
572
603
515
515
785
513
637
561
419
634
575
479
565
686
629
394
627
693
603
601
547
730
558
599
514
567
485
606
573
455
614
507
683
672
689
546
601
719
522
631
429
653
581
399
606
585
517
666
480
433
525
523
587
702
547
409
517
619
725
533
479
651
583
574
545
535
513
447
512
633
381
575
617
682
590
542
463
569
567
579
479
613
543
511
511
690
579
642
573
639
667
449
537
599
703
622
709
552
622
470
518
563
583
595
567
582
511
512
558
510
619
733
609
773
533
474
630
420
503
715
579
505
521
570
495
622
482
641
595
693
429
519
625
737
557
570
594
617
687
609
473
539
672
731
555
598
530
699
715
631
479
720
449
439
541
634
614
653
613
743
595
562
599
431
511
624
591
478
539
615
717
570
579
482
563
625
575
491
498
590
469
616
549
620
591
585
631
425
495
550
483
509
515
566
506
491
527
449
699
549
517
634
647
687
607
597
682
689
642
646
569
594
583
467
430
587
573
577
598
631
547
479
522
653
475
722
535
491
538
634
443
742
579
611
638
515
577
426
498
555
474
586
589
585
530
702
544
602
578
443
707
651
585
581
549
782
683
523
635
578
614
662
541
538
563
557
703
548
621
633
569
541
455
562
603
539
581
729
525
569
486
519
651
513
505
549
527
522
634
582
601
611
633
683
559
495
533
445
603
395
535
623
601
746
534
683
603
627
707
663
514
659
679
395
490
453
479
722
545
538
533
643
627
601
417
531
499
738
671
603
387
469
731
567
587
510
554
567
500
571
443
493
533
690
487
619
705
626
477
426
487
602
565
593
594
495
631
649
582
533
546
571
595
574
659
565
527
426
571
631
611
599
502
414
607
747
754
573
523
534
543
686
621
717
483
544
681
487
531
643
481
577
563
795
495
540
666
626
589
417
527
487
603
511
545
478
597
570
497
562
499
647
489
745
623
625
661
651
547
622
581
595
570
579
513
535
557
633
763
466
607
485
459
725
339
583
497
574
655
528
461
733
682
595
491
625
591
538
547
623
505
687
543
567
553
518
562
510
551
689
455
643
589
407
547
491
514
591
553
598
655
383
402
0
581
607
685
