2503
1895
2231
2995
2743
3539
2123
3087
2151
1351
1863
1579
2383
2159
1975
2399
2595
1715
2155
1607
2655
2007
1531
1731
2338
1635
1659
1767
2415
1971
2503
2499
2467
1799
1815
1442
2155
2635
2551
1451
2031
2503
2371
1507
2035
2559
2051
1743
2259
1779
2511
2303
2371
1587
1843
2563
2571
1699
2303
1719
2559
2615
2331
1611
2027
1991
2278
1699
2199
2695
2239
1843
1987
1627
1983
1299
1975
1911
1631
2711
2347
1763
1587
2671
2415
1819
1903
1583
1927
1471
1727
1606
2055
1519
1563
2755
1846
1851
1959
1795
2339
2507
2443
2707
1595
1783
1823
1898
2279
1235
1759
1899
1835
2559
1711
1414
2043
1903
1891
2415
1935
2615
1779
1647
1931
2883
2295
2503
1811
2471
1671
1655
1703
1606
1707
1599
2175
1807
1806
1567
2251
2455
1883
1843
2267
1663
2370
2587
2479
1899
1662
2587
1962
1463
1930
1891
2519
1831
2519
1711
2191
2347
1571
2750
1859
3251
1615
1523
2343
2503
1827
1607
2279
1679
2335
1367
2495
1847
2526
1767
2035
1831
1691
2671
2119
1807
2091
1855
2043
1691
1966
1819
1799
1751
2271
1603
2227
1743
2307
2351
2199
1463
2138
1491
2403
2763
2243
2527
2031
1751
1875
1743
1991
1670
2299
1907
2011
1719
1859
1715
2231
2015
2651
1927
1831
2447
1823
1823
1783
1651
2227
2471
2515
1571
1887
1887
1999
2495
2454
2471
1702
2719
1983
1687
1695
1471
2526
2695
2015
1783
1999
1771
1927
1563
1695
1771
1619
1767
1419
2607
2495
1631
1983
2599
2007
1643
1951
1647
2263
1695
2039
1879
1930
1475
1786
1607
2019
1771
2267
2467
2199
2431
1811
1687
1899
1650
2651
1759
2171
1895
2359
1811
2015
1827
1931
2151
2435
1703
1871
1647
2207
1947
2255
2435
1810
1707
1903
2551
2315
1819
1863
1567
1758
2719
2215
1743
1827
1499
2171
1679
1639
1686
2399
2359
3379
2315
2515
1931
1915
1919
2498
2495
2455
1895
2546
2907
395
2803
1886
2215
2007
1547
2819
1919
1687
1959
1583
1459
2423
2478
1915
2507
1955
1855
1811
1743
3407
2807
2339
1807
1979
1607
2642
2679
1578
1919
1855
2719
1303
1803
1971
1895
2267
1815
3383
2651
2163
2751
2795
1595
2355
2795
2163
1843
1819
1643
1871
1651
2267
1911
2479
2643
2403
2643
2063
1791
2439
2767
3399
1571
1647
2055
2291
1531
2347
1535
2035
1923
2403
3295
775
1631
2455
1875
2379
1703
2391
2631
2415
2607
2035
1483
1695
1523
1743
1579
1775
2507
2479
1579
1782
1507
2331
2639
3383
1771
1487
2691
2175
2607
2035
1727
1999
1543
1799
1803
2455
1695
2119
1947
2847
1619
1707
1903
43
1699
2254
1599
1443
1575
2347
1795
1803
1711
1719
1807
2331
1907
1959
1723
2371
1847
2467
1670
2242
1735
2171
2659
2379
1791
2091
1515
2567
1787
1895
1679
2059
2539
1763
2563
1963
1843
1854
2771
1803
1715
1687
1923
2031
1747
1579
1491
1791
2243
1751
1539
2411
2490
1763
1811
2499
1531
2555
1547
1599
1859
1755
1695
1855
1519
1607
1371
1667
1791
1855
1899
1659
1574
1479
1263
1447
1471
2007
1631
1763
1915
1551
1979
1819
1811
1683
1811
1699
1770
1479
1659
1611
1583
1591
1967
1427
1659
1655
1507
1647
2059
1339
1743
1755
1659
1895
1495
1803
1607
1663
1611
1783
1727
1631
1495
1675
1883
1543
1659
1615
1959
1363
1739
1770
1683
1631
1775
1787
1891
1467
1311
1443
1935
1927
1902
1515
1691
1771
1627
1858
1595
1747
2007
1627
1715
1795
1435
1679
1463
1747
1511
1615
1590
1647
1447
1679
1939
1803
1699
1763
1719
1583
1795
2119
1575
1767
1434
2011
1511
1663
1591
1974
1467
1691
1683
1911
1519
2127
1827
1599
1755
1683
1655
1471
1711
1807
1647
1571
1675
1771
1559
1638
1675
1771
1547
1831
1535
1607
1683
1439
1775
1627
1899
1571
1867
1471
1583
1523
1551
1743
1879
1795
1819
1999
1686
1835
1735
1759
1475
1607
1939
1595
1991
1691
1842
1619
2007
1287
1623
1455
1627
1363
1403
1695
1495
1663
1491
1615
1703
1719
1791
1759
1639
1875
1391
1563
1923
1795
1791
1855
1966
1651
1807
1490
1871
1819
1759
1367
1859
1887
2003
1643
1571
1795
1578
1779
1727
1783
1603
1499
1599
1803
1591
2563
1642
1843
1967
1763
1887
1691
1607
2591
1815
1723
1619
2543
1835
1751
95
2191
1691
1567
1691
1787
1898
1691
1703
1763
1807
1771
1831
2567
1875
1663
2231
1791
1543
1411
1655
1743
1547
1179
1575
1438
1639
1767
1886
1702
1591
2058
1979
1615
1715
1391
1915
1475
1711
1303
2007
1855
1811
2091
1795
1839
1871
1947
1595
1903
2011
1891
1699
1975
1787
1491
1579
1179
1631
1727
1827
1779
1739
1587
1735
1583
1863
1659
1599
1755
1491
1791
1634
1531
1595
1719
1635
1703
1499
1655
1591
1427
1323
1679
1883
1611
1967
1531
1439
2087
1974
1662
1571
2246
1811
1771
1955
1903
1907
1523
1747
1575
1567
1727
1415
1107
1939
1911
2175
1799
1715
1503
1715
2539
1763
1743
1851
1779
1743
1379
1375
1719
2079
1787
1459
1891
1715
1834
1823
1863
1467
1903
1531
1683
1807
1855
1630
1803
1295
1867
1683
1830
1803
1831
1635
1595
1515
1395
1479
1810
1755
1651
1815
1778
2007
1482
1935
1691
1563
1679
1519
1691
1547
1411
1594
1655
1691
1691
1655
1687
1675
1643
1623
1551
2707
1371
1895
1819
1755
1490
1943
1703
1803
1283
1623
1586
1615
1691
1983
1779
1719
1595
1535
1435
1507
1735
1574
1515
1751
1683
1883
1923
1803
1754
1895
1715
1879
1923
1491
1583
1723
1823
1535
1815
1723
1839
1838
1755
1819
1779
1599
1879
1759
1659
1767
1659
1939
1466
2682
1479
1939
2055
1675
1699
2851
1491
1559
2042
1831
1687
1419
2039
1859
1703
1815
1671
1699
1631
1819
1511
1831
1523
1419
1787
2007
1779
1275
2079
1998
1747
2003
2027
1715
1646
1487
1699
1779
1775
1611
1767
1415
1911
1743
1591
1703
2743
2811
2635
2703
2726
2331
