2291
2279
443
1475
2255
2267
355
1459
2355
2279
2275
2299
1387
2291
2275
2327
499
1243
2322
2271
2295
2383
2275
2114
2339
2275
2275
2263
2271
2179
2258
2279
2267
2211
2251
2275
2263
2275
2359
2279
2343
2267
2263
395
1499
2331
2207
2435
2275
2274
2279
2294
2267
523
991
2263
2271
2303
2295
4759
2271
2275
2303
2287
527
1487
2279
2279
2219
2183
2347
419
2379
2247
2275
2275
2367
2275
2303
2279
2279
2271
2275
2287
2267
2315
2223
2279
2291
2267
2279
2295
2287
2267
2275
2375
363
1487
2275
2135
2155
2347
2275
2287
2103
2271
2303
2303
2279
2267
2463
2107
2335
2351
2299
2239
2271
2055
2375
2335
2363
2287
2291
2187
2271
2287
2275
2315
2246
2219
2131
2219
2355
2287
2259
2275
2290
2095
2283
2355
406
359
1451
2091
2227
2403
2339
2251
2307
363
1487
2127
2267
2271
2103
2271
2275
2131
2371
2287
2271
695
698
827
699
699
695
699
699
722
695
699
2943
695
695
699
702
707
699
739
699
699
695
695
695
695
1483
1471
1823
2275
2271
563
1487
2311
2247
2307
2187
2271
2275
2355
2263
459
1235
2179
2279
2435
2279
2351
2691
2275
2275
2282
2315
2091
2263
2286
379
1487
2275
2275
2407
2318
2243
2355
2303
2271
2239
2271
2271
2375
2275
2275
2211
2235
2247
2363
2343
2347
2282
2275
2351
2271
2295
2247
2291
2239
2331
2295
2263
2307
2271
2267
2271
2259
2271
2283
2271
2467
2335
2275
2299
2259
2255
2275
2267
2307
2259
2275
2467
2279
2271
2271
2335
2283
2291
2347
2259
2259
2311
2231
3883
1623
2291
2275
2275
699
1327
2267
2279
335
1335
2247
2247
2307
2623
2255
2103
2279
2263
2203
2279
2279
2287
2467
2271
2303
2271
2199
2355
2035
2239
2263
2259
2183
2267
2275
2303
2331
2267
2271
2307
2267
2275
2275
2263
2435
2271
2267
2271
4839
2279
2299
2303
2271
2275
2303
2199
327
1479
2219
359
1487
2271
2271
2271
439
1487
2299
2287
2275
2291
495
1519
2271
2307
2275
2279
2279
2275
2555
2247
2279
2523
2259
411
1487
2263
2283
2271
2259
2259
2303
2283
2271
2307
2275
2231
2259
2263
2271
2275
2367
2275
2271
2255
2131
2287
2275
2286
2079
2287
2259
2283
2263
2263
2271
2255
2271
2275
2275
2259
2279
2275
2267
2270
355
1487
2283
2295
2267
2342
2263
2235
319
1487
2283
2387
2267
2259
2287
2283
2267
2279
2231
2539
2271
2283
2291
2527
2279
2279
2291
2279
2003
2322
2279
2275
2286
2275
2311
2279
2271
2295
2411
2255
2075
2267
355
1559
2259
2463
2295
563
1519
2271
2287
2331
2279
2271
2271
2275
2275
2283
2275
2271
2271
2279
2255
2271
2291
2283
547
1487
2279
2271
2287
2279
2275
2271
2303
2291
2351
2319
2283
2287
2299
2295
2275
2275
2259
2271
2275
2275
423
1467
2263
2263
2267
2255
343
1543
2263
2363
383
1483
2283
2251
2051
2267
2275
2287
2279
487
1487
2299
415
1463
2275
2279
2311
2231
2299
423
1415
2195
2355
530
1523
2015
443
1491
2351
2271
2259
2279
2271
2267
2283
2287
2262
2287
2287
555
363
1487
2327
2183
2215
2283
2259
2271
519
1487
2258
2279
2215
2271
431
1534
2271
2279
2299
2299
2323
2267
2287
2270
2271
2275
2279
2311
2175
2299
2271
2287
2315
435
1495
2331
2279
467
1495
2275
2279
2283
2351
2427
491
1483
2283
2279
2275
2351
2343
2374
2323
2223
2363
2287
2291
2255
2279
2175
2203
2271
2259
935
475
1503
2639
2427
2363
2235
2087
2567
2271
1671
1963
1731
0
1323
2003
2111
2247
495
1463
2279
2139
2275
1979
2195
2267
2295
2139
2183
2139
2151
1859
1815
1731
2159
2251
2183
1595
2275
2303
2263
2059
1007
1607
2271
2267
2267
2303
2303
2303
2275
2339
2203
2267
2266
2359
2207
2399
1999
2275
2271
2351
2267
2287
2443
2279
2267
2283
2267
2311
2355
387
1487
2351
2275
2311
531
1483
2235
1867
2267
2279
2447
2239
2299
2127
2311
2370
2275
2271
2351
2271
2275
2271
2195
2271
2271
2323
2271
347
1491
2371
2275
2271
2287
2247
2291
2279
2259
2255
1303
2263
479
1463
2107
2283
2087
2347
2271
643
1475
2291
1463
2451
2275
2279
2267
471
1379
1963
2119
2279
2295
2271
2267
2287
2271
2147
2271
2163
2263
2267
2327
2275
2271
2295
2539
2287
2267
1387
2275
2247
2303
1967
2479
2267
2311
2247
2275
2327
2131
2091
2271
2275
2243
2267
467
1487
2271
2267
2299
2287
2275
2247
2271
2283
1199
1487
1455
2043
543
1487
2283
2211
2239
2291
611
1363
2271
2271
2319
2223
1835
2303
559
1479
2275
2331
2271
627
1487
2271
2303
2247
2271
2255
2275
2271
2279
331
1511
2279
415
1483
2283
2263
2271
2251
2211
2275
2279
2203
2275
2271
2274
2283
2275
2286
2271
2275
2187
2255
2355
2279
2283
2303
387
1571
1995
2279
2275
2271
2115
1979
2123
2191
2275
2282
2279
2271
2183
2267
2267
2383
451
1479
2279
2087
2251
2287
2275
2031
2267
2311
2271
2263
2279
2255
2275
1947
2279
2291
2207
2283
591
1483
2367
2275
2267
2267
2203
2271
2283
2279
2307
2267
2275
2271
2275
2299
2275
2279
2271
2279
2271
2383
2271
2275
2271
2267
2351
2291
2275
2407
2215
2259
2271
2275
2310
347
1487
2271
2271
2275
2271
2267
2274
431
1487
2271
2271
2279
2271
363
1491
2295
2275
2283
2267
2215
2323
443
1487
2267
2271
2267
2335
2275
2267
2307
1971
2315
2279
2271
2011
2291
2275
2263
2331
407
1475
719
2119
2387
2275
2287
2295
2271
2430
2275
2275
2279
2123
2271
2359
2267
1483
2275
2275
2291
2195
2263
2271
2246
2271
2271
2287
2035
2267
2067
2275
2275
1959
2275
399
1491
2275
2271
2271
2283
2307
2271
2259
2271
2275
1891
2263
2315
2279
2415
2331
2295
2275
2215
2275
2275
2271
2091
2279
2323
2279
2263
1479
2315
2275
2291
2271
2275
