375
671
399
583
383
531
359
535
351
479
367
559
435
595
411
623
371
511
311
443
451
567
379
451
391
503
327
559
247
535
339
491
335
727
351
623
351
539
287
607
411
603
287
507
307
591
375
511
599
591
359
679
371
571
483
475
403
627
363
499
327
579
327
679
363
619
503
483
331
463
427
523
363
643
395
719
275
407
179
539
439
643
391
503
379
347
355
703
259
635
275
547
307
491
323
615
447
663
371
567
315
551
495
547
331
643
395
679
499
511
283
419
347
547
347
619
539
679
403
511
335
695
375
511
371
483
311
411
427
563
463
671
367
451
431
659
371
671
367
699
471
591
515
571
403
671
315
623
451
635
491
479
395
587
383
607
379
639
407
587
407
663
379
603
411
523
399
659
363
303
331
407
347
523
475
435
487
527
243
663
383
455
367
699
283
483
475
479
323
599
519
527
515
447
375
699
475
595
279
479
331
535
295
475
491
727
671
571
371
603
523
527
495
711
331
611
443
591
283
735
363
507
271
675
427
611
291
663
279
711
315
343
267
687
347
443
387
659
431
595
275
647
419
627
347
519
383
683
239
559
383
527
379
611
355
615
415
659
479
567
303
511
447
535
335
511
451
531
403
491
363
575
367
595
527
547
343
543
463
487
407
515
247
663
411
547
399
731
387
483
319
515
395
387
383
631
367
603
247
663
267
567
531
623
355
519
415
599
271
623
351
631
483
483
431
691
331
551
427
699
419
667
339
535
363
495
427
563
367
559
399
579
343
603
347
571
531
635
419
587
487
607
363
491
323
755
399
603
487
451
323
615
587
459
311
619
451
555
455
599
443
599
363
551
355
583
363
615
387
579
311
523
355
579
359
627
323
623
343
583
299
491
363
523
419
575
411
595
379
679
455
619
367
451
283
423
419
575
363
599
439
667
415
571
455
531
423
603
455
655
339
703
371
611
299
575
355
559
403
503
415
471
447
527
319
611
523
695
475
551
359
715
351
539
435
683
455
471
291
583
375
455
403
595
243
583
375
527
487
567
347
571
323
611
411
475
387
563
415
551
287
519
463
591
367
663
427
607
383
471
287
591
367
627
307
515
319
591
259
671
443
607
395
619
423
555
507
543
423
479
347
643
395
583
423
671
395
427
79
323
0
323
103
583
307
403
359
435
523
479
435
415
339
435
259
259
383
223
223
447
355
287
427
395
275
395
315
299
327
271
383
407
283
359
331
387
419
435
287
431
335
255
343
323
315
395
315
287
347
263
415
303
499
419
351
191
475
259
467
471
463
343
455
279
619
339
375
379
243
267
399
287
351
411
443
307
491
323
455
435
311
335
427
279
275
383
463
499
259
347
279
291
311
259
395
219
539
375
279
371
343
263
443
467
283
399
419
395
499
435
327
295
423
439
359
367
411
415
419
335
431
207
355
295
407
303
487
491
443
323
363
315
347
231
499
423
451
403
319
287
367
271
379
367
231
491
403
479
395
483
359
431
359
379
399
343
359
439
315
451
331
479
359
555
591
295
299
287
331
343
399
207
451
279
263
427
411
375
311
367
343
483
347
391
359
479
411
379
319
383
335
319
471
159
319
319
303
375
327
267
307
427
403
539
367
275
343
363
327
355
307
387
255
311
399
379
315
339
447
435
367
375
391
347
359
479
275
391
459
367
483
451
339
259
391
339
267
411
311
503
407
423
251
295
283
323
279
363
423
271
483
527
367
315
211
287
307
303
283
327
487
415
267
399
407
187
423
479
395
271
291
335
303
295
335
267
251
427
339
315
359
287
387
407
579
307
359
335
451
299
527
359
307
283
379
231
215
227
331
371
463
239
343
335
423
259
291
363
239
403
243
435
351
399
451
455
379
511
343
451
219
351
251
387
331
331
471
387
263
391
287
275
315
407
347
367
403
307
319
315
355
319
199
251
303
291
307
447
407
363
343
303
351
359
475
339
383
443
191
491
399
347
575
499
407
291
331
319
379
359
387
283
307
383
235
367
343
235
491
499
347
367
411
363
459
311
427
283
279
475
375
343
187
347
351
411
443
311
347
379
479
419
279
291
371
295
431
267
395
423
339
327
435
535
507
351
371
379
435
299
471
263
311
311
367
463
363
299
443
339
463
379
279
451
379
223
463
227
319
315
467
271
287
423
223
431
475
251
283
343
447
359
339
415
415
455
359
347
411
183
271
367
575
315
311
323
331
307
487
371
347
303
379
263
423
339
431
303
223
275
299
307
343
427
383
219
235
455
399
299
343
247
275
267
359
243
275
307
387
379
383
227
275
395
335
307
423
295
447
379
275
271
171
387
371
391
387
283
99
335
243
87
559
455
