1739
1991
1851
2094
1799
1819
1639
1923
1763
2006
1667
1971
1775
1999
1827
1871
1838
1951
1807
2063
1615
2003
1719
2051
1835
1871
1727
2094
1759
2011
1839
2127
1679
1963
1787
1951
1679
1939
1791
2055
1783
1915
1654
1927
1623
1943
1798
1903
1707
2062
1699
1967
1751
1931
1699
1983
1815
1943
1719
1915
1586
2071
1811
2011
1707
1839
1699
2003
1767
1882
1771
2131
1771
1903
1847
1903
1770
1827
1775
2027
1691
2023
1910
2071
1827
1839
1699
2175
1643
1975
1679
2015
1787
1883
1759
2055
1715
2006
1711
1895
1787
2027
1939
2075
1899
2003
1663
1938
1963
1911
1787
2047
1827
1995
1723
1875
1699
1935
1735
1939
1775
2010
1807
1987
1627
1975
1619
1891
1743
2059
1763
1978
1739
1951
1595
2031
1883
1902
1703
2103
1731
1871
1778
1823
1910
1939
1847
1951
1751
1999
1747
1943
1799
2015
1775
1906
1723
1955
1755
1919
1858
2039
1939
1911
1743
2071
1755
2147
1775
1979
1787
1951
1731
1847
1799
2110
1807
2011
1939
1971
1723
1995
1731
1903
1695
1907
1735
1951
1814
2007
1846
1971
1826
1939
1627
1987
1715
1966
1859
1899
1683
1947
1799
1899
1862
1815
1843
1995
1775
1979
1807
2007
1795
1931
1823
1851
1731
2051
1763
1935
1799
2015
1839
1895
1627
1915
1923
1947
1639
1994
1771
1891
1719
1882
1731
1955
1663
1971
1823
1986
1819
1967
1751
1903
1755
2035
1779
1970
1570
1895
1779
2075
1810
1779
1851
1931
1639
1731
1775
1759
1727
1903
1787
1959
1810
1875
1803
2079
1799
1915
1811
1935
1635
2063
1863
1999
1755
1994
1795
1943
1719
1810
1719
1855
1787
1959
1715
1915
1763
1859
1847
2083
1711
1838
1927
1982
1703
1867
1775
1931
1571
1994
1907
1810
1655
1991
1703
1903
1727
2015
1771
1943
1806
1879
1723
1907
1695
1771
1687
1946
1727
2039
1883
1947
1722
1950
1791
1926
1718
1959
1683
1955
1871
1839
1815
2066
1723
2095
1727
1987
1775
1911
1823
1931
1727
1871
1782
2087
1735
1923
1647
1882
1871
1939
1799
2067
1567
1971
1655
1983
1782
1851
1827
2031
1755
2043
1715
1947
1779
1919
1783
1891
1787
1899
1810
1959
1883
1871
1719
2023
1591
1875
1767
2031
1859
1967
1835
2031
1747
1911
1767
2031
1631
1967
1743
1915
1722
2098
1887
1907
1643
1991
1927
2091
1771
2015
1827
2051
1891
1927
1803
1987
1718
1827
1754
1919
1771
1895
1711
2003
1647
1959
1874
1951
1719
2034
1707
1979
1735
2079
1667
2007
1787
1999
1779
1811
1679
2087
1787
2071
1663
1927
1815
2015
1807
1915
1695
1986
1731
1922
1763
2015
1783
1895
1731
1850
1695
1723
1647
1963
1923
1991
1755
1935
1803
1887
1751
2027
1731
1899
1703
1866
1751
1903
1887
2155
1771
1851
1943
1995
1663
2019
1891
1987
1735
1995
1759
1991
1731
1959
1811
2038
1723
1879
1831
1939
1766
1767
1471
1754
1471
1623
1359
2038
1759
2055
1739
1827
1591
1927
1883
1807
1695
1635
1795
1923
1870
1759
1471
1599
1635
1687
1807
1703
1739
1723
1831
1791
1739
1631
1774
1643
1647
1567
1755
1691
1887
1603
1667
1802
1715
1823
1738
1687
1807
1679
1783
1583
1719
1635
1823
1743
1814
1775
1631
1642
1751
1839
1691
1695
1719
1783
1559
1827
1834
1735
1631
1787
1747
1695
1707
1639
1799
1615
1671
1531
1735
1826
1767
1691
1683
1770
1819
1687
1587
1679
1739
1731
1779
1843
1767
1659
1674
1695
1627
1679
1623
1747
1687
1734
1891
1750
1763
1655
1795
1831
1855
1611
1731
1851
1686
1895
1879
1646
1655
1719
1779
1619
1839
1599
1671
1555
1791
1779
1843
1635
1863
1803
1731
1663
1755
1727
1715
1551
1879
1687
1855
1687
1819
1703
1699
1779
1647
1607
1855
1546
1859
1687
1667
1719
1679
1659
1811
1787
1715
1882
1803
1847
1787
1727
1687
1751
1715
1655
1727
1747
1698
1627
1719
1731
1699
1847
1871
1763
1787
1759
1783
1658
1634
1679
1795
1783
1827
1739
1667
1710
1755
1735
1691
1615
1635
1635
1595
1751
1719
1699
1819
1723
1670
1583
1746
1691
1723
1643
1827
1819
1899
1811
1770
1635
1803
1791
1635
1799
1719
1763
1775
1718
1671
1691
1694
1675
1931
1766
1679
1859
1731
1639
1695
1743
1723
1682
1795
1743
1835
1679
1691
1887
1691
1663
1715
1599
1655
1867
1883
1595
1619
1646
1807
1551
1603
1775
1787
1647
1743
1863
1815
1663
1815
1607
1683
1699
1759
1663
1719
1671
1711
1691
1679
1799
1663
1547
1835
1770
1711
1655
1727
1671
1679
1655
1735
1703
1779
1791
1815
1843
1791
1739
1639
1835
1603
1823
1666
1711
1663
1546
1735
1719
1791
1739
1891
1683
1687
1779
1778
1771
1675
1603
1871
1779
1591
1707
1759
1699
1655
1603
1763
1767
1866
1610
1887
1835
1647
1731
1791
1727
1771
1666
1691
1731
1599
1731
1811
1799
1671
1626
1711
1751
1791
1851
1763
1843
1783
1639
1835
1922
1599
1755
1698
1687
1839
1686
1939
1702
1675
1663
1827
1751
1735
1683
1635
1671
1847
1655
1803
1787
1755
1695
1835
1787
1731
1731
1631
1598
1699
1759
1767
1711
1819
1847
1851
1803
1711
1675
1735
1779
1639
1671
1679
1631
1771
1739
1775
1623
1795
1703
1763
1691
1819
1607
1767
1775
1727
1762
1875
1731
1703
1870
1807
1631
1790
1771
1683
1663
1787
1659
1827
1695
1839
1619
1666
1723
1695
1722
1739
1723
1811
1858
1667
1827
1779
1723
1727
1699
1723
1807
1635
1591
1699
1743
1571
1615
1699
1803
1823
1827
1739
1751
1619
1699
1679
1774
1831
1671
1707
1770
1659
1579
1831
1651
1779
1742
1903
1767
1687
1803
1783
1719
1619
1583
1763
1715
1794
1795
1707
1615
1823
1787
1803
1731
1871
1787
1655
1687
1647
1699
1731
1847
1767
1755
1727
1831
1767
1807
1779
1787
1663
1770
1767
1607
1815
1811
1663
1575
1855
1715
1659
1623
1775
1723
1778
1783
1707
1687
1643
1735
1819
1663
1507
1547
1731
1619
0
1642
