1823
2215
1939
2139
1911
2123
1867
2155
1919
1971
2047
2007
1975
2055
1903
2111
2027
2239
1879
2035
1879
2167
1927
1987
1871
2115
1887
2111
1955
2043
1855
2107
2007
2223
1983
2103
2003
2103
2103
2111
2015
2115
2079
1915
1943
2087
2015
2079
1923
2063
1931
2135
1971
2143
1955
2123
1879
2043
1883
2059
1975
2123
1967
2151
2011
2135
2003
2151
1815
1983
1839
2223
1835
2111
1967
2191
1939
2095
1963
2259
1827
1939
2035
2119
1975
2023
1843
2071
1879
2151
1791
2111
1891
2175
1847
2183
1887
2195
1847
2187
1855
2047
1955
2027
1999
2123
1907
2003
1839
1895
1959
2031
1943
2207
2091
2235
1923
2055
1887
2151
1927
2183
1899
2099
1947
1959
1935
2151
2063
2079
1967
2079
1723
2155
1903
2151
1879
2103
1839
2139
1847
2163
1843
2171
1871
2059
1747
2079
1939
1987
1919
2019
1879
2095
1983
2203
1991
2215
1899
2043
2075
2239
1991
2107
1903
2011
2027
2199
1875
2175
1879
2015
1915
2051
1919
2127
2011
2051
1995
2143
1863
2059
2039
2167
1871
2183
1891
2035
1939
1951
1891
2167
2023
2047
1951
2187
1823
2083
1943
2151
1871
2147
1967
2191
1823
2091
1975
2095
1995
2079
1923
2139
1875
2099
1859
2159
1899
2063
1795
2123
2067
2111
1895
2119
1943
2095
1895
2015
1899
2255
1887
2091
1879
1971
1995
2019
1843
2123
1943
2067
1939
2239
1903
2147
1919
2191
1935
2075
1971
2059
1887
2059
1959
2155
1879
2267
1759
2207
2003
2167
2043
2051
1867
2063
1883
2115
2055
2027
1971
2175
1827
2131
1911
1983
1947
2207
1911
2283
1911
2047
1759
2087
1915
2051
1959
2115
1927
2075
1935
2159
1963
1995
2039
2119
1943
2159
1863
1979
1835
2051
1843
2159
2023
2263
1891
1963
2059
2311
2095
2251
1943
2219
2111
2175
1951
2119
1927
2071
1939
2107
1859
2207
1831
2051
1911
2123
1835
2151
1891
2191
1959
2167
1975
2123
1963
2239
1827
2123
1895
2171
2047
2047
1791
2123
1995
2023
2019
2059
1903
2019
1971
2255
1991
2115
2043
2219
2027
1991
1983
2167
1871
2059
1887
2151
1891
2135
1931
2067
1851
2215
1991
2243
1835
1959
1939
2167
1867
2099
1967
2027
1967
2063
1959
2167
1879
2171
1827
2119
1799
1891
1959
2095
1939
2063
2003
2219
1903
2071
1987
2083
1911
2243
1943
2055
1795
2051
1899
2167
1911
2107
2023
1999
1907
2135
1967
2067
1835
2131
1887
2243
1975
2171
1919
2187
2067
2139
1939
2143
1907
2067
2051
2031
2055
2263
1871
2127
2035
2083
2015
2271
1995
2191
1927
2227
1847
2071
1975
2091
1927
2143
1927
2127
1839
2011
1863
2095
1891
2223
1847
2179
2027
2155
1815
2159
1871
2135
1959
2107
1963
2203
1987
2115
1979
2031
2015
2007
1939
2183
1959
2259
1935
2371
1923
2175
1975
2115
1939
2171
1907
2219
1871
2067
1947
2079
1911
2023
1923
2015
1679
1971
1599
1903
1787
2183
1979
2247
1715
2027
1943
2071
1951
1851
1903
1903
1935
1999
1995
1939
1879
1935
1871
1987
1803
1843
1847
2007
1871
1783
1951
2015
1947
1871
1999
1975
1911
1871
1979
1903
1887
1827
1899
1855
1955
1903
1919
1871
1971
1883
1871
1955
2019
1955
1779
1831
1883
1983
1911
1951
1911
1891
1951
1867
1895
1891
2015
1847
1903
1891
1851
1791
1955
1943
1827
1919
1919
1859
1887
1899
1951
1735
1923
1927
1955
1863
1995
1919
2083
1891
1935
1879
1863
1895
1967
1935
1891
1919
1787
1883
1883
1979
1927
1855
1971
1843
2251
1971
1891
1775
1851
1943
1923
1883
1879
2011
1963
1843
1911
1779
1903
1767
1963
1899
1827
1911
2019
1931
1959
1747
1911
1955
1783
1979
1987
1855
2023
1903
1727
1951
1999
1971
1903
1911
1807
1867
1903
1915
1907
1987
2007
1831
1927
1951
1995
1863
2067
1807
2035
1815
1943
1819
1923
1883
1735
1823
1911
1927
1915
1931
1951
1955
1951
1831
1991
1847
2011
1903
1851
2059
1911
1867
1871
1859
1959
2019
1967
1967
2039
1951
2071
1787
1879
1987
1887
1899
1951
1907
1907
1875
2003
1767
1975
1827
1903
1935
1963
2055
2003
1791
1899
1927
1851
1767
1931
1995
1859
1951
1927
1891
1947
1739
1847
1887
1959
1807
1971
1847
1863
1747
1907
1879
1887
1883
1883
1919
1875
1855
1931
1867
1931
2015
1895
1815
1983
2035
1951
1831
1835
1975
1955
1931
1887
1847
1935
1791
1763
1907
1919
1871
1887
1835
1907
1747
1979
1735
1907
1907
1983
1883
2031
1943
1927
1915
1971
1839
1911
1763
1831
1867
1987
1899
1903
2091
1891
1835
1975
1859
1771
1931
1867
1919
1743
2015
1795
1907
1819
1895
2003
1971
1831
1939
1871
1939
1999
1811
1851
2003
1919
1851
1859
1935
1743
1911
1931
1931
1771
1999
1967
1879
1903
1843
1855
1955
1919
1723
2043
1899
2047
1955
2019
1883
2067
1815
1871
1791
1927
1911
1923
1903
1919
1883
1907
1863
1935
1859
1987
1859
1959
1911
2039
1895
1911
1899
1911
1819
1799
1915
1863
1835
1907
1907
1859
1879
1951
1891
1883
1795
1899
1803
1903
1879
1963
1907
1819
1859
1843
1859
2015
1947
1891
1871
1983
1915
1931
1923
2015
1787
1815
1831
1867
1947
1911
1783
1875
1943
1939
1959
1855
1975
1979
1911
1895
1859
1919
1883
1787
1947
1839
1871
2023
1883
1867
1979
1923
1863
1987
1951
1919
1899
2007
1867
1759
1919
1947
1847
1959
2043
1879
1867
1923
1871
1923
2063
1891
1907
1871
1775
1939
1823
1895
1903
1899
1859
1843
1939
1843
1855
1903
1831
1871
2019
1851
1719
1883
1871
1963
1919
1867
1835
1955
1851
2027
2003
1919
1951
1999
1815
1851
1935
1923
1891
2027
1943
2083
1927
1823
1963
1831
1911
1843
1959
1783
1831
1967
1999
1887
1963
1879
1883
1963
1919
2075
2007
1903
1903
1851
1739
1999
1907
1799
1859
1967
1899
1811
1783
1795
1939
1887
1795
1951
1935
1899
1811
1739
1839
1987
2075
1839
1707
1927
1855
1911
1647
1763
1783
