1795
1879
1687
1787
1723
2031
1763
1887
1595
1779
1911
1863
1559
2015
1763
1959
1775
2087
1711
1847
1723
1999
1683
1811
1791
2079
1623
1943
1719
1883
1811
2079
1871
1911
1691
1895
1771
1863
1603
2027
1635
1991
1715
1915
1735
1887
1619
1899
1595
1979
1763
1915
1607
1931
1743
1979
1707
1831
1771
1935
1715
1943
1659
1947
1679
1951
1639
1943
1667
1887
1755
1895
1751
1979
1647
1807
1667
1883
1759
2059
1655
2115
1879
1895
1771
1855
1707
1959
1859
1855
1743
1763
1663
1767
1727
2039
1655
1843
1623
1923
1703
1999
1847
1959
1711
1907
1711
1951
1959
1707
1795
2019
1687
1827
1711
2063
1687
1995
1723
1995
1719
1947
1683
2083
1687
1911
1771
2059
1823
1891
1563
1935
1691
1899
1727
1931
1615
1927
1723
1991
1603
1759
1711
1991
1799
1999
1699
1991
1799
1919
1759
1907
1683
1907
1603
1987
1555
1947
1675
1887
1683
1963
1663
1831
1631
1947
1723
1943
1735
1827
1571
1787
1711
1823
1807
1923
1863
1843
1783
2039
1711
1903
1603
1763
1559
1991
1783
1859
1791
1903
1623
1875
1659
2095
1759
1915
1619
1827
1695
2011
1691
1835
1763
1907
1883
1975
1787
1839
1659
1907
1723
1983
1715
1851
1539
1955
1831
1919
1863
2027
1735
1903
1707
1771
1659
2055
1643
1979
1767
2127
1579
1815
1719
1899
1667
1995
1699
1955
1779
1963
1759
1911
1799
1935
1679
1859
1703
1967
1735
1971
1875
1783
1803
1919
1659
1891
1759
1947
1751
1891
1739
1955
1791
1975
1735
1863
1735
1919
1647
1979
1711
1991
1911
1915
1647
1979
1835
1915
1815
1851
1667
1987
1655
1975
1627
1967
1715
1991
1683
1991
1743
2043
1463
2023
1687
1983
1819
1751
1775
1995
1655
1987
1671
1947
1763
1947
1747
1987
1675
1883
1787
1899
1651
1951
1651
1711
1603
1935
1675
1959
1683
1827
1739
1955
1711
2063
1795
1771
1567
1875
1687
1943
1739
1871
1767
1907
1679
1811
1647
1859
1795
1867
1795
1919
1611
1879
1663
1787
1751
1791
1603
1911
1583
1887
1643
1891
1795
2003
1739
1887
1599
1831
1663
1923
1799
1923
1763
2067
1803
1883
1659
2051
1691
1739
1843
1931
1683
1879
1811
1751
1667
1911
1723
1999
1607
1975
1719
2003
1771
2031
1751
1891
1643
1999
1791
1975
1711
1879
1683
1943
1799
1827
1795
1879
1699
1919
1807
1915
1659
1991
1867
1895
1739
1799
1691
1835
1787
1995
1823
1919
1727
1775
1787
1895
1675
1923
1687
1899
1659
1763
1751
1883
1735
1987
1759
1891
1643
1959
1683
1991
1711
1871
1755
1831
1899
1827
1711
2011
1763
1939
1763
2031
1739
1959
1851
1955
1803
1991
1715
1795
1783
1899
1739
1915
1703
1807
1739
1903
1763
1879
1735
1879
1679
1851
1723
1823
1615
1979
1767
1883
1687
1867
1719
1903
1707
1939
1807
1931
1667
1839
1699
2035
1587
1991
1871
1971
1707
1807
1471
1531
1335
1643
1367
1975
1759
1811
1735
1867
1687
1843
1691
1679
1807
1691
1619
1651
1667
1731
1771
1791
1567
1711
1655
1779
1619
1671
1699
1767
1831
1647
1823
1563
1611
1707
1723
1631
1687
1675
1575
1643
1739
1651
1631
1495
1799
1835
1703
1795
1707
1783
1703
1719
1755
1559
1719
1663
1711
1715
1775
1647
1703
1599
1575
1583
1759
1715
1671
1803
1723
1583
1619
1695
1751
1683
1627
1639
1827
1539
1683
1755
1707
1623
1635
1607
1755
1687
1715
1691
1627
1695
1671
1763
1751
1823
1675
1687
1715
1551
1759
1595
1639
1743
1611
1627
1499
1699
1671
1663
1519
1703
1771
1671
1675
1711
1647
1599
1731
1771
1691
1639
1627
1655
1723
1567
1675
1751
1611
1751
1599
1775
1715
1727
1799
1635
1587
1695
1639
1763
1823
1751
1703
1667
1747
1655
1755
1627
1831
1711
1783
1679
1627
1675
1695
1703
1763
1643
1603
1731
1731
1611
1651
1747
1683
1879
1767
1603
1763
1687
1627
1735
1751
1675
1723
1915
1747
1767
1675
1647
1707
1723
1767
1715
1691
1643
1559
1775
1711
1643
1735
1703
1755
1679
1755
1695
1791
1727
1655
1615
1631
1767
1767
1679
1723
1643
1719
1619
1619
1611
1627
1579
1627
1639
1811
1519
1763
1695
1703
1599
1579
1575
1731
1619
1587
1715
1671
1655
1891
1703
1611
1599
1603
1695
1747
1575
1879
1755
1639
1639
1803
1611
1711
1719
1587
1527
1767
1591
1583
1523
1811
1831
1771
1723
1671
1643
1731
1707
1667
1495
1731
1591
1663
1495
1583
1739
1715
1607
1711
1827
1747
1743
1611
1671
1827
1723
1723
1747
1615
1667
1691
1719
1715
1627
1655
1811
1535
1687
1651
1655
1759
1595
1639
1651
1811
1719
1711
1743
1687
1771
1703
1811
1575
1655
1751
1491
1699
1619
1647
1583
1511
1639
1691
1547
1591
1635
1711
1619
1751
1687
1779
1691
1847
1543
1571
1791
1583
1631
1555
1675
1883
1679
1699
1519
1755
1763
1775
1703
1623
1667
1651
1659
1687
1763
1967
1643
1811
1711
1723
1583
1771
1651
1643
1699
1595
1671
1691
1579
1747
1663
1639
1711
1583
1551
1691
1763
1755
1739
1695
1767
1591
1599
1719
1647
1627
1675
1631
1695
1727
1759
1823
1775
1755
1819
1755
1767
1615
1571
1671
1543
1631
1639
1687
1759
1627
1759
1687
1795
1571
1595
1687
1687
1627
1515
1563
1575
1623
1523
1691
1679
1711
1715
1707
1559
1655
1559
1603
1747
1735
1687
1723
1691
1735
1587
1699
1747
1671
1747
1799
1607
1683
1699
1647
1731
1519
1563
1603
1651
1843
1691
1703
1615
1723
1603
1731
1651
1727
1763
1667
1659
1791
1659
1747
1551
1767
1735
1759
1607
1631
1611
1563
1747
1671
1743
1743
1647
1663
1579
1735
1735
1799
1839
1723
1755
1651
1787
1631
1603
1791
1731
1735
1651
1711
1651
1659
1627
1567
1715
1663
1519
1631
1739
1611
1719
1647
1615
1635
1791
1727
1699
1551
1787
1855
1683
1855
1715
1747
1731
1683
1591
1659
1683
1539
1639
1683
1863
1643
1551
1763
1719
1671
1939
2023
1703
0
1663
