371
627
427
515
359
623
483
599
407
439
338
431
363
575
411
471
303
555
327
463
363
511
387
555
358
599
231
515
235
494
519
627
359
643
447
511
306
631
454
587
302
519
359
411
467
526
387
483
423
539
359
614
387
566
291
583
279
583
443
390
379
523
327
654
375
555
407
587
283
474
327
559
355
491
311
651
415
510
331
550
487
571
375
475
431
703
303
683
259
507
339
371
335
383
471
339
406
659
491
458
251
531
323
539
299
587
378
439
359
543
367
651
378
651
383
687
343
582
395
591
278
563
366
487
331
411
263
507
363
479
454
547
315
475
442
611
327
510
355
579
395
479
439
462
351
462
399
539
399
643
195
667
322
531
294
655
362
539
195
635
455
603
275
710
319
619
399
511
347
479
343
575
226
635
371
575
474
555
435
527
423
555
390
615
295
435
407
610
427
687
466
479
466
622
326
607
255
635
350
511
347
511
315
623
239
639
243
555
263
459
355
687
263
526
395
467
371
543
291
494
371
479
259
471
235
587
347
695
455
571
267
455
327
399
459
611
415
598
419
550
407
587
451
595
331
531
107
687
386
442
323
503
287
311
358
531
363
627
343
431
247
607
402
563
403
483
362
679
423
503
455
655
511
583
370
495
350
570
375
455
299
458
355
483
471
523
371
611
507
519
367
427
430
563
315
558
379
526
231
510
330
683
235
475
318
598
399
579
283
643
515
427
319
510
287
518
439
550
315
551
343
543
339
562
406
450
395
623
494
491
262
514
231
563
263
543
391
471
474
691
179
483
479
451
274
526
343
583
383
623
479
591
403
614
414
715
327
551
319
567
143
539
287
558
331
542
338
483
443
579
451
611
354
523
475
587
419
491
483
547
387
447
327
611
327
527
239
586
283
495
199
619
191
599
435
475
295
599
219
543
419
615
315
571
247
479
467
515
431
647
215
439
319
535
259
611
366
547
523
639
335
518
326
395
239
491
307
551
575
643
335
462
331
483
322
467
407
511
439
635
271
507
399
659
302
411
339
627
519
567
454
475
467
447
335
567
291
607
319
538
279
598
394
662
335
603
307
691
403
515
374
539
334
611
435
571
258
462
287
587
263
563
206
663
391
659
266
498
263
539
287
675
359
523
343
599
379
242
55
155
51
379
107
515
534
571
523
603
279
583
331
342
259
211
274
183
507
427
403
327
342
295
307
274
415
307
275
290
355
307
307
243
403
315
395
131
339
403
386
311
283
383
571
366
371
387
294
251
351
331
327
535
226
315
247
295
243
239
215
351
415
295
319
199
451
250
359
375
343
202
259
275
303
314
287
455
330
431
431
258
347
319
247
279
222
275
303
335
343
271
455
443
459
295
599
415
347
286
287
431
282
271
326
383
223
262
266
175
419
351
339
375
283
307
459
454
407
299
251
302
339
283
426
327
343
226
415
335
411
327
347
371
227
282
334
231
419
363
443
295
415
439
359
295
359
291
235
215
334
179
246
171
258
335
438
274
315
423
339
206
323
379
247
435
267
415
359
246
259
275
215
311
319
227
239
295
267
414
231
346
195
351
431
179
387
390
251
219
331
435
443
410
299
375
263
235
347
347
443
319
303
351
395
263
355
343
311
195
367
275
303
359
307
219
219
438
363
338
463
363
279
343
375
367
407
315
454
307
415
295
387
239
315
267
310
271
327
450
319
435
427
247
375
367
399
239
435
299
259
430
491
294
435
315
315
406
143
291
407
339
358
315
270
335
323
202
310
199
263
431
451
419
375
286
347
390
379
215
403
179
387
406
343
255
82
255
239
431
383
355
347
243
330
335
439
375
179
283
307
375
511
395
311
319
443
406
343
315
403
415
231
346
222
379
374
199
467
370
423
295
475
343
439
355
187
283
163
303
195
203
390
203
363
291
426
326
434
203
235
287
287
191
267
379
391
379
483
355
275
315
255
179
207
218
354
419
411
367
295
263
315
295
487
383
395
215
427
310
399
242
374
519
355
447
179
171
451
343
470
343
339
175
275
282
203
394
235
211
255
459
335
303
279
375
386
419
279
402
359
367
451
315
335
307
327
203
399
279
231
175
491
227
318
374
311
343
263
271
455
323
550
339
419
403
571
359
511
327
314
334
315
311
407
247
199
346
307
419
231
299
379
251
467
191
414
299
431
267
334
323
371
287
331
366
175
407
450
267
419
307
354
447
354
438
383
443
423
339
347
218
263
311
319
370
479
259
295
319
290
307
251
363
323
459
331
334
267
335
387
271
327
342
323
511
339
351
347
423
451
367
283
259
323
359
319
315
379
311
422
339
383
207
243
391
294
223
307
383
630
535
323
479
555
675
