255
507
362
535
343
451
463
587
375
542
238
435
331
494
326
479
267
566
327
507
199
407
342
323
427
359
271
595
259
499
239
587
443
635
103
591
203
555
355
439
342
519
327
525
238
487
283
423
311
423
227
483
407
503
371
434
267
467
371
615
375
574
359
550
395
595
367
591
471
571
302
603
303
447
295
607
309
531
255
399
351
541
275
431
190
630
239
503
357
491
203
511
223
575
347
491
342
491
358
555
399
443
307
470
295
459
231
495
291
451
287
594
318
569
387
578
235
543
315
443
275
666
255
507
219
371
379
646
494
491
378
419
323
559
299
446
455
543
319
467
215
471
263
619
279
423
335
642
214
431
291
439
307
507
314
611
271
543
203
542
323
555
271
587
299
547
243
526
315
642
335
510
179
655
339
603
259
458
399
403
274
578
298
523
169
475
271
406
251
395
427
506
402
539
291
546
358
387
303
499
371
451
377
578
387
478
370
506
263
555
355
635
311
578
330
551
230
494
286
367
331
574
387
427
379
514
350
702
243
503
383
547
147
546
291
503
378
430
463
479
527
530
394
419
427
567
242
603
367
491
162
335
363
486
231
566
399
559
391
595
323
499
283
539
239
495
371
587
255
515
455
502
447
527
203
545
403
475
275
599
209
507
251
495
258
435
335
591
330
498
199
395
229
519
259
539
339
427
375
511
263
539
382
758
343
522
267
535
239
402
387
583
274
511
403
723
386
403
355
631
346
435
475
583
387
351
445
607
359
595
279
447
267
523
401
527
351
559
343
622
290
439
426
483
235
395
339
559
363
511
386
506
379
547
471
475
326
443
139
455
166
571
203
535
307
482
219
563
263
635
403
599
199
478
299
499
315
367
270
599
207
463
327
479
483
423
351
631
354
343
303
315
231
550
219
383
367
454
299
646
310
467
323
543
422
450
174
547
407
527
279
595
487
483
303
527
291
503
427
575
307
751
231
387
467
387
367
511
234
391
403
503
303
594
263
406
315
418
382
607
411
335
303
495
315
523
322
519
315
555
383
375
386
491
303
567
126
547
427
507
370
403
351
450
306
522
289
551
279
515
367
514
234
598
455
435
331
559
414
419
266
571
187
527
391
478
390
455
298
495
375
409
395
551
375
635
250
379
54
343
55
151
203
535
287
623
346
443
394
287
247
315
243
227
331
359
159
182
67
315
318
215
346
167
275
263
206
289
371
291
342
247
407
223
283
347
143
175
359
243
254
158
311
154
271
335
435
279
351
247
287
307
299
354
207
195
211
307
327
255
371
291
371
267
206
327
423
179
395
247
275
151
375
319
327
195
379
207
315
391
411
343
445
275
255
139
258
399
326
255
303
335
343
359
147
371
303
263
159
263
239
219
315
130
347
237
247
347
431
251
315
235
419
299
162
315
291
287
311
219
323
307
299
355
299
195
243
275
347
311
335
167
411
375
239
295
283
299
371
235
323
351
274
275
359
306
419
227
242
226
335
195
271
246
343
219
299
255
283
279
227
339
491
151
407
247
354
235
342
275
394
365
331
295
306
291
366
283
295
286
271
391
331
278
283
402
259
347
431
267
367
63
331
331
235
243
253
287
347
214
383
223
395
274
427
294
311
331
351
410
271
259
202
227
306
178
351
339
243
286
338
299
451
350
287
143
290
243
405
170
399
175
71
311
358
314
355
346
159
315
335
455
214
267
361
203
438
103
295
395
323
275
331
343
307
259
246
239
273
283
235
155
243
275
306
238
103
229
387
290
279
215
339
242
334
302
342
251
278
115
359
367
383
231
198
201
231
315
507
347
227
287
307
247
302
387
391
331
302
163
319
199
171
459
311
387
343
254
378
403
151
175
191
347
326
295
115
255
255
175
279
319
419
215
302
359
299
351
285
262
217
191
322
383
215
111
199
243
311
259
242
315
227
259
262
99
226
307
442
291
271
170
335
303
318
282
310
243
391
171
410
311
327
234
335
419
391
271
295
235
175
233
199
399
375
319
314
347
454
215
359
286
327
194
419
323
363
270
315
223
351
375
351
247
223
267
323
323
346
459
326
223
326
235
295
303
306
271
323
347
267
191
419
382
262
390
366
127
294
371
306
315
415
303
355
230
362
447
242
338
229
262
422
267
291
258
539
83
279
211
374
330
327
211
271
219
331
191
343
283
195
307
207
371
134
291
323
366
259
137
293
442
383
147
303
222
223
346
278
147
355
303
242
239
322
307
379
335
339
243
390
247
390
222
422
235
255
159
403
247
263
222
447
263
390
359
391
214
327
206
342
266
211
270
159
267
262
318
355
307
295
175
166
302
255
271
246
347
655
342
102
403
711
434
