527
659
367
571
387
635
391
515
351
671
455
675
407
723
363
707
343
539
347
691
395
619
523
763
443
703
555
819
451
655
375
771
471
799
631
691
503
731
487
623
451
531
511
711
399
687
363
791
379
479
443
607
347
683
531
599
519
631
515
683
491
739
527
679
479
731
359
663
527
695
323
667
519
775
531
639
439
715
455
643
443
623
375
591
495
631
395
743
499
675
451
683
471
647
483
679
387
711
507
803
363
639
575
687
495
551
507
715
559
707
387
739
435
635
591
763
439
575
435
727
411
707
475
699
499
635
363
655
451
691
483
695
495
759
447
599
607
603
403
627
439
683
531
711
495
675
547
819
431
691
403
767
415
587
427
595
563
651
467
683
359
699
623
675
467
655
379
743
427
675
539
655
535
583
511
715
459
755
563
519
519
907
463
651
551
643
599
543
451
775
483
735
471
591
627
767
391
835
491
671
475
507
503
763
455
567
415
731
379
639
487
631
339
715
315
603
463
611
491
607
451
615
531
763
475
719
543
779
463
775
343
671
347
551
391
895
603
715
487
775
531
655
451
679
503
671
543
635
483
675
351
575
411
627
647
631
451
639
459
727
523
739
379
675
499
615
535
615
631
623
519
751
523
667
415
751
391
603
483
623
479
595
471
647
527
599
435
647
427
507
511
643
519
719
383
643
343
643
451
679
475
679
507
679
491
591
551
663
515
635
535
535
335
643
355
731
331
499
563
663
491
567
467
671
563
691
363
655
447
591
451
731
519
711
391
551
331
595
495
803
591
563
327
767
347
643
399
523
327
543
351
767
615
699
499
567
467
627
515
555
407
687
399
739
347
671
507
739
603
659
583
603
519
795
431
623
367
615
419
563
539
615
519
671
587
763
375
783
383
599
579
599
495
435
323
563
467
795
415
843
355
591
403
695
611
707
519
719
419
703
455
615
379
623
483
727
439
539
279
715
471
683
363
631
299
647
431
711
423
759
343
695
435
619
475
631
331
699
507
651
639
667
443
555
607
747
423
691
599
655
331
687
535
695
295
703
391
619
503
799
447
775
447
583
363
667
519
583
511
591
455
583
499
627
587
751
643
695
535
599
475
655
451
623
503
551
359
607
619
659
443
663
459
671
363
687
611
471
0
391
215
351
183
643
463
679
387
559
287
603
403
271
507
547
471
367
491
491
435
359
587
515
311
559
243
367
547
423
383
547
503
399
447
355
451
323
523
535
479
307
427
451
383
367
479
471
495
431
515
459
463
503
491
419
367
487
527
479
419
395
459
491
407
451
515
555
455
383
355
307
359
387
307
439
483
431
567
379
523
419
467
383
347
367
539
331
431
507
491
423
547
299
483
339
403
519
311
359
383
395
499
459
395
399
559
347
395
331
531
367
515
443
403
439
387
499
383
203
471
475
439
367
603
251
603
323
467
287
575
471
571
431
455
347
439
431
335
399
407
475
315
471
607
355
339
507
347
375
551
347
363
535
467
507
391
331
495
375
547
495
471
311
543
507
483
483
439
367
415
639
431
319
475
471
367
335
339
363
447
439
399
539
415
335
495
339
267
403
351
451
471
487
555
483
427
331
295
359
283
499
447
499
467
367
467
315
423
515
431
483
475
435
527
411
299
255
591
491
395
523
503
335
427
439
507
359
375
347
387
367
499
327
607
351
219
215
371
319
439
575
439
335
403
443
331
383
371
447
487
427
523
531
431
407
499
431
555
419
543
255
619
315
363
423
355
395
391
419
603
319
443
335
619
451
543
551
331
371
431
391
427
459
407
287
447
519
335
371
419
499
323
371
363
495
399
543
375
311
559
519
327
515
383
431
411
519
483
499
571
319
451
251
503
331
459
363
451
471
403
331
455
299
311
475
511
535
311
511
503
503
415
431
615
379
439
379
615
475
483
287
471
319
507
355
479
495
547
435
463
479
427
439
527
563
455
303
459
427
219
411
643
307
335
547
455
459
543
423
439
303
399
351
427
319
423
407
487
431
567
379
591
415
367
319
287
299
475
375
519
327
391
399
559
383
599
439
507
591
447
439
371
527
587
407
419
491
431
411
547
415
511
447
447
507
503
371
419
407
447
519
419
471
431
447
487
467
443
539
611
347
519
403
419
403
551
471
319
347
523
279
443
435
387
395
631
563
395
375
479
567
439
467
339
403
419
411
355
443
391
463
511
507
479
335
447
443
455
271
447
467
451
347
399
359
507
215
455
463
307
451
431
435
367
531
319
411
455
391
387
403
447
399
427
487
491
423
279
379
583
467
459
383
379
591
423
455
547
427
555
459
351
391
391
347
471
367
323
491
775
575
807
695
523
1027
