463
675
519
631
495
679
302
782
379
659
523
647
379
675
331
551
355
678
299
723
527
663
535
443
450
727
323
663
462
671
486
614
550
723
523
843
443
699
558
635
550
606
547
642
431
679
514
703
467
731
590
687
535
610
455
619
415
515
463
711
343
674
467
658
535
623
507
683
546
547
515
751
623
663
519
663
443
619
343
695
475
639
547
579
487
687
419
679
411
747
539
586
394
526
495
702
419
702
419
655
375
511
414
630
411
762
586
655
319
631
539
671
527
558
579
751
595
631
626
523
519
679
366
715
486
555
411
607
495
699
467
715
539
531
446
794
487
651
315
663
551
610
375
574
671
714
491
678
527
582
379
711
491
710
438
578
478
755
379
698
399
591
467
658
451
622
399
675
435
659
475
787
479
714
514
771
523
715
475
659
411
626
415
515
411
631
407
699
339
671
595
635
567
659
450
663
555
623
551
618
406
795
403
571
422
639
343
611
507
631
434
655
330
543
410
643
498
562
467
662
363
726
499
651
431
695
499
727
482
539
407
619
483
727
350
615
499
574
378
686
406
615
571
723
507
686
427
587
435
451
414
650
443
559
287
683
526
719
487
694
423
570
431
751
406
655
474
839
423
707
463
763
471
627
543
647
415
823
451
607
471
895
587
547
355
603
411
583
475
735
555
787
451
755
295
739
339
727
415
634
335
698
398
663
231
743
467
658
523
707
363
630
431
683
535
607
455
555
431
663
463
679
507
559
383
675
391
619
543
615
334
726
467
779
451
574
319
607
551
679
587
571
502
595
490
751
411
575
499
675
531
606
567
751
466
679
363
666
451
667
463
571
459
899
307
615
658
655
543
558
623
703
647
726
399
651
455
683
495
698
499
798
363
567
410
699
471
531
459
643
519
658
335
495
415
735
595
547
415
571
475
667
491
654
315
739
583
587
459
631
511
527
423
643
567
587
511
675
483
678
415
671
442
695
395
571
443
687
395
671
451
707
374
555
475
723
591
675
543
635
419
687
483
627
579
662
370
763
363
647
359
779
519
707
431
690
575
651
435
603
346
487
527
751
323
550
491
707
466
651
618
727
483
783
495
739
303
619
483
714
383
834
475
575
543
487
495
639
483
698
599
707
583
635
455
687
515
551
230
474
151
395
327
671
411
591
543
643
362
867
454
443
515
411
491
391
383
503
407
499
331
474
375
387
519
447
467
499
459
314
363
359
435
419
450
427
406
383
459
402
330
495
443
403
475
423
470
455
355
439
443
458
479
482
363
411
471
339
615
350
598
491
527
262
602
515
295
475
331
306
467
350
483
403
427
291
367
427
423
567
398
363
387
462
471
531
459
343
339
343
463
391
359
538
467
367
459
286
335
495
359
395
402
427
546
495
427
407
387
383
518
435
507
431
311
391
407
590
415
339
615
375
479
595
467
383
415
387
571
371
471
387
555
215
319
371
507
363
599
443
391
543
511
622
459
355
455
470
438
338
358
267
427
347
411
287
487
351
490
475
375
511
559
335
403
578
471
451
427
399
567
395
363
503
463
555
551
415
503
267
411
466
247
371
430
495
419
575
435
443
515
375
475
431
438
415
495
427
275
455
527
418
391
399
454
451
411
403
391
355
443
287
463
423
467
455
503
507
551
427
487
482
439
435
311
394
487
459
439
398
378
495
327
455
487
479
543
451
387
431
519
679
391
391
527
538
367
306
367
359
499
339
579
391
343
331
539
507
487
339
402
503
403
519
379
367
442
451
506
559
403
319
382
458
474
482
255
474
270
395
367
507
502
355
431
503
731
475
427
347
534
511
399
339
267
479
439
515
391
443
399
487
455
503
403
351
459
475
418
275
475
367
463
511
383
319
359
434
507
411
491
299
547
298
355
351
359
322
431
367
323
407
459
391
463
347
487
403
526
266
515
447
375
463
307
479
543
431
450
443
419
511
502
487
447
491
374
315
471
427
415
415
510
422
354
551
463
507
443
439
506
310
403
403
379
583
471
391
543
303
391
423
355
427
399
519
535
511
523
347
387
463
427
302
447
459
243
495
323
459
519
471
543
375
431
343
403
443
415
463
422
446
471
555
267
507
487
343
515
511
375
391
567
450
439
371
507
495
511
311
443
307
415
399
407
343
466
407
362
435
415
375
383
519
311
479
515
407
507
451
514
511
479
555
403
347
406
359
494
319
382
319
387
418
459
323
411
319
447
431
475
290
555
347
455
314
419
350
559
491
343
523
431
531
363
283
459
327
363
371
419
494
394
350
478
327
474
411
426
335
535
435
310
455
451
391
491
479
450
318
451
315
583
443
463
387
331
311
299
0
475
419
187
423
