463
407
279
387
155
723
415
535
159
547
187
367
327
479
367
419
295
403
231
599
339
571
291
551
275
431
411
539
311
463
339
543
359
555
499
503
355
499
351
467
323
547
387
463
227
423
331
587
311
567
311
675
331
567
411
499
243
539
167
507
303
483
387
527
399
579
371
591
399
487
483
491
315
639
307
483
299
611
263
443
487
483
191
459
367
559
375
619
355
527
291
563
443
499
395
471
295
519
319
455
291
455
371
515
531
547
515
527
447
479
291
631
303
607
207
639
423
495
371
447
439
515
303
539
287
587
259
703
227
627
331
559
303
395
415
423
347
403
215
571
311
675
471
471
267
439
247
711
351
507
403
567
339
635
251
539
431
627
363
455
387
455
379
603
475
487
379
439
275
499
371
651
427
467
299
335
383
423
379
555
463
607
335
447
255
427
271
559
407
599
347
659
359
579
243
523
383
559
323
575
147
395
299
431
267
571
315
531
499
503
267
495
379
447
251
539
403
615
315
659
287
511
359
547
331
539
335
291
379
539
403
415
187
515
323
451
219
367
367
587
287
531
335
511
291
539
227
427
167
539
295
431
283
391
295
623
183
467
467
443
379
431
235
391
311
507
327
403
371
631
339
483
319
463
359
583
455
607
383
543
299
547
411
479
403
467
231
399
371
479
263
531
351
567
343
579
303
423
291
587
371
487
319
503
331
603
215
455
355
527
415
507
391
523
291
619
455
535
435
555
327
507
339
435
247
499
267
335
331
543
443
579
195
519
383
443
363
523
335
443
367
483
411
511
227
495
279
495
507
407
443
531
379
375
331
439
331
475
395
511
335
539
427
303
291
563
459
467
343
619
371
647
291
559
419
679
311
419
351
539
231
427
463
603
231
627
311
599
427
611
347
583
391
555
351
527
343
567
343
571
439
511
383
435
407
503
211
507
471
579
251
667
375
591
511
547
375
499
439
399
331
595
295
551
347
519
331
447
223
455
447
451
463
523
251
455
387
579
247
459
379
519
355
523
519
535
383
507
335
627
307
643
419
475
375
431
403
547
275
507
327
479
311
495
331
455
355
455
215
399
291
595
255
555
343
539
275
535
343
503
391
519
431
567
379
439
211
427
383
463
347
471
215
407
335
547
387
279
63
303
0
187
191
507
319
435
307
451
199
575
143
331
299
259
327
235
295
135
331
243
263
371
195
315
407
303
275
283
203
295
347
327
315
295
347
191
175
319
343
231
363
427
475
291
295
351
367
255
299
367
223
287
439
363
435
355
191
307
323
191
351
315
183
391
463
383
319
339
351
439
283
279
211
315
443
279
379
283
247
199
299
287
335
331
331
379
299
367
439
287
291
391
395
255
267
207
219
251
227
319
255
323
415
291
411
331
343
311
279
187
239
359
339
251
327
419
367
359
311
267
291
315
87
315
239
411
227
247
295
299
359
323
383
287
375
211
287
199
307
315
323
391
411
271
299
339
507
283
459
303
403
243
395
483
215
363
475
315
271
343
443
223
323
207
343
355
383
415
491
283
215
251
347
443
391
303
347
283
323
303
215
143
303
247
279
387
367
227
311
367
243
355
199
227
287
243
247
235
387
255
199
355
347
155
363
247
287
287
267
235
423
351
327
163
279
247
315
155
183
207
339
363
187
307
311
147
131
411
415
271
179
323
375
531
199
303
271
267
235
307
307
395
315
319
303
375
183
319
327
271
311
343
443
287
303
283
391
403
379
255
467
383
159
155
335
323
307
423
259
339
355
315
223
259
327
191
347
263
291
75
263
307
339
359
219
319
383
323
447
499
187
191
363
347
427
19
287
207
335
135
447
215
311
279
403
375
243
291
343
283
311
367
275
379
287
399
459
247
291
243
391
315
367
291
179
131
239
115
271
271
279
343
331
283
267
383
279
323
359
255
343
219
131
235
295
347
239
167
271
203
455
239
239
239
239
315
255
275
319
179
387
327
227
271
223
347
331
299
263
279
359
243
343
347
295
267
267
151
191
399
443
359
383
303
163
335
439
247
283
267
247
239
223
379
359
259
283
251
299
319
387
483
375
271
311
375
279
315
227
363
415
243
275
227
323
299
171
239
311
275
223
299
275
263
327
299
231
307
339
227
239
323
387
359
199
279
259
303
415
259
267
291
303
327
351
247
411
295
223
351
211
295
379
351
379
247
291
163
355
371
327
311
427
283
187
311
263
335
283
239
291
231
467
355
279
431
287
347
215
243
279
275
387
379
167
343
375
247
167
383
287
367
307
259
327
371
403
339
359
251
219
383
219
255
311
403
403
335
395
255
271
295
339
199
315
235
251
163
371
339
439
511
111
611
