443
610
421
595
395
567
273
569
335
511
351
558
378
603
437
574
463
530
371
621
406
597
431
591
350
434
362
507
514
545
381
671
345
639
419
450
525
570
487
555
426
470
415
658
295
539
539
790
438
591
367
422
435
691
339
491
345
577
347
703
287
503
327
619
315
634
419
585
451
678
463
530
453
491
398
722
378
611
431
587
350
607
454
646
347
553
349
647
321
577
401
641
375
498
423
466
419
574
437
511
379
538
394
639
394
595
342
493
467
463
495
461
409
601
403
439
391
646
290
573
427
602
370
662
311
631
301
647
301
532
519
492
279
577
419
475
480
703
429
573
387
523
471
599
397
578
511
451
447
526
390
535
359
602
274
558
314
503
395
646
371
669
501
555
505
643
439
595
394
465
543
553
287
651
339
346
373
474
351
555
357
745
390
651
379
365
377
557
358
475
451
467
339
691
367
547
579
519
495
595
378
583
299
575
479
523
369
599
395
654
345
537
339
513
432
713
310
583
455
511
394
474
485
690
339
594
487
517
511
511
333
675
409
573
395
583
327
635
466
730
399
597
415
710
321
615
387
511
322
478
329
559
414
507
304
711
406
657
517
651
414
513
283
487
423
581
490
599
393
674
491
735
307
659
474
623
430
579
355
781
371
599
293
462
349
511
371
581
561
602
406
635
307
506
371
645
350
355
393
574
433
494
391
529
395
563
331
618
311
595
363
435
399
439
384
513
380
527
187
570
495
625
331
587
455
495
387
487
483
539
345
491
411
515
454
605
575
571
283
714
490
623
362
631
353
531
590
599
547
631
301
683
415
523
467
590
366
602
430
539
506
550
391
409
343
567
423
527
318
551
410
518
434
551
287
630
393
487
394
613
331
546
479
671
562
615
398
670
499
583
325
647
373
623
471
620
279
703
295
643
419
719
406
538
351
666
518
495
311
555
387
593
350
649
363
605
414
707
423
638
379
486
553
538
522
649
424
701
439
529
455
621
463
446
367
577
451
563
531
586
422
583
323
638
430
513
393
655
515
614
335
562
426
626
451
614
359
413
458
661
409
655
387
553
421
659
325
517
419
594
517
643
391
557
330
515
407
659
447
611
526
509
307
659
346
702
348
523
287
555
550
530
247
615
367
603
343
413
107
309
0
293
99
535
435
418
462
575
501
613
309
411
397
427
319
433
379
271
279
319
253
451
361
334
293
343
319
363
575
394
473
310
417
219
253
370
483
345
258
331
439
329
391
354
445
403
523
352
383
271
281
290
455
271
355
382
413
235
415
399
323
348
262
327
410
325
226
311
319
373
347
433
323
438
402
403
331
335
463
294
327
343
275
333
318
237
370
339
315
427
286
463
357
371
447
195
334
355
322
255
367
229
375
390
341
293
419
346
462
331
279
365
407
499
321
173
386
326
459
314
247
387
261
321
337
427
357
331
443
358
415
191
491
447
290
395
371
350
309
375
503
382
357
339
502
294
382
371
355
435
411
298
465
295
386
339
370
415
311
187
411
406
195
287
277
287
309
461
491
371
307
389
403
478
467
311
491
431
382
399
347
353
457
277
563
274
347
405
319
349
345
311
405
214
357
270
341
289
291
378
473
333
331
379
455
367
263
351
390
457
283
343
355
370
403
435
507
317
278
430
429
403
251
451
345
362
267
191
286
331
242
391
391
385
418
449
331
435
366
451
303
343
508
337
379
238
354
254
410
394
343
307
415
489
331
615
380
307
354
299
191
342
322
275
294
381
303
395
402
443
470
235
427
363
407
267
461
359
283
442
315
287
429
302
393
355
355
223
259
271
366
277
333
433
390
269
337
365
267
327
317
375
347
357
361
344
355
266
361
351
347
342
342
371
334
282
469
470
269
397
387
335
511
374
281
366
307
191
351
322
218
317
397
419
389
343
334
271
394
333
402
453
415
253
357
263
373
370
349
343
360
437
326
455
385
367
265
343
411
422
466
387
431
205
331
443
471
386
365
311
349
369
485
335
502
379
271
386
331
270
377
322
462
359
359
409
353
282
374
265
395
267
289
326
351
497
299
277
299
319
414
293
331
282
338
325
359
341
530
399
407
487
423
357
386
339
355
390
361
263
535
213
347
223
529
394
375
366
350
323
303
443
315
455
357
357
307
325
381
382
363
401
275
307
362
407
470
317
477
375
462
219
403
363
275
383
249
374
302
295
403
319
231
335
335
261
367
299
321
303
475
221
511
263
350
391
351
282
346
275
299
382
290
247
361
283
351
339
361
313
333
367
433
283
451
555
331
471
363
133
375
483
197
319
327
346
222
363
411
227
167
386
283
283
459
306
401
342
340
185
523
519
406
778
