331
2054
1099
2262
2183
2109
2327
2131
1182
2135
2227
2167
899
2115
2211
2095
1007
2543
2179
3267
2167
2118
1575
2130
1051
2111
999
2118
1059
2115
1907
2099
2143
2122
1210
2119
1243
2139
1242
2127
1147
1615
1075
1923
2039
2159
2163
2103
2075
2007
1399
1519
685
2222
2147
2123
767
2026
2242
2139
1291
2099
931
2113
2259
2111
2083
2111
1931
2118
1119
2139
1394
2783
1187
2111
1938
2114
1695
2083
2539
2163
1643
2043
1415
1991
2155
1455
2154
2803
2010
2103
1915
1943
2030
2126
1439
2111
2110
2155
2194
1495
1259
1603
1419
2119
859
1675
1250
2119
1151
2147
2331
2126
2103
2107
1211
2111
1815
2323
2139
2154
1023
2147
2039
1867
2102
2123
1198
2114
2338
2115
1595
2123
1995
2106
1615
2115
1999
2103
811
2151
1075
2115
2115
2119
2111
2111
2219
2119
2619
2111
1239
2123
1167
2127
1086
2139
1499
2110
2087
2139
2139
2123
1227
2115
1939
2134
1167
2123
1166
3219
1187
2151
1247
2123
2157
1975
2171
2227
1195
2117
1974
2110
1263
2131
1178
2115
1147
2123
1277
2355
2299
2103
1339
2278
2078
2130
819
2107
1907
2519
2191
2153
1047
2095
1379
2131
1122
2127
1139
1618
1142
2115
2122
2146
1230
2114
2126
2146
2183
2135
1435
2107
1479
2107
1467
2130
2178
2143
1235
2566
1091
2123
1371
2187
894
1983
1066
2118
2171
2103
2406
2123
1123
1431
959
2131
2098
2150
2143
2134
1047
2566
1347
2115
1163
2135
1178
2106
2159
2222
1071
2111
2323
2127
1218
2099
1299
2090
2299
2111
446
1927
1307
2354
2375
2119
1099
2142
2287
2142
1358
2159
1379
2127
1103
2095
2335
2135
1050
2119
2243
2135
1027
2127
1091
2238
2134
2143
13743
2115
1295
2119
1974
2131
1415
2134
1305
2187
2139
2099
1475
2134
2103
2387
1175
2927
1087
2314
1891
2127
1135
2126
2291
2103
1173
2119
2063
2107
1163
2115
1327
2114
1091
2095
2207
2339
1002
2122
1323
2125
1130
2106
1123
2102
2286
1307
1315
2127
1291
2103
1890
2146
2810
2110
2343
2442
1223
2099
1271
1846
1151
2127
1062
2123
2323
2118
1943
2115
1151
2129
1070
2111
999
2122
1767
2107
1927
2107
1971
2122
939
2511
1983
2105
1467
2123
2130
2230
1075
2559
2043
2127
1330
1847
1363
2142
895
2155
2087
2107
1127
2227
2391
2107
1323
2447
1083
2119
930
2115
1490
2115
1294
2123
1131
2107
1282
2119
1351
2011
2083
1967
2037
2118
879
2123
1115
2111
1518
2131
1075
2099
2410
2123
2111
2131
887
2119
1223
2123
1167
2106
1211
2111
1375
2583
1967
2103
2167
2123
1047
2131
1319
2115
1011
2131
1951
2111
2139
2111
2071
2103
1195
2146
2114
2123
2086
2110
1946
2127
1311
2119
2219
2099
847
2135
2023
2135
2043
2002
1427
2139
2143
2115
1315
2127
1027
2115
1331
2139
1227
2370
1007
2131
2223
1043
935
1502
607
2095
855
2090
1019
2122
1215
2099
1383
2111
1046
1311
1414
2174
959
1183
2071
2171
1058
471
1299
1775
2275
951
1347
2214
1111
979
1363
2251
1419
2107
1246
818
1115
1423
1166
895
1009
1275
2099
1230
2027
1234
2123
1190
2143
1139
1410
2011
1102
1231
1035
1394
1203
1210
2123
1103
2051
2051
1575
1343
2086
1015
1986
1835
1798
1002
2243
1043
1359
1223
2355
1139
1955
939
983
2150
2131
1127
1219
1279
1095
1990
1155
527
2131
2071
2134
2127
2026
1102
959
1366
1247
983
1266
1231
1163
1326
1103
1179
1103
1159
1067
1191
2147
1383
1522
919
2171
1463
2083
887
2086
1999
2139
1058
1082
1110
2187
2139
1271
1171
2099
1955
1175
1117
1139
1243
1863
1095
2219
2459
1951
1110
1221
1167
963
938
2223
831
2079
2134
1059
1075
1018
1203
1054
1174
1079
1055
2003
895
1171
1303
1399
2050
2259
2323
2227
1183
1031
1323
2395
1455
1071
1187
1510
2207
1171
1114
1107
1099
1455
1114
1999
1370
1106
1011
989
1211
1259
1079
1099
1135
1951
1181
878
1347
1042
1323
1251
2131
2391
1331
2223
1138
1235
986
2259
1571
2294
1119
2095
2083
2139
2087
2235
2039
1318
1274
1143
1127
1375
1962
2135
1330
2583
1178
1030
1202
2155
998
2858
1306
2107
1063
2587
1210
375
2191
2382
1202
1311
1203
1051
1211
2039
1319
1051
1107
2210
1099
2111
1099
1327
1383
1207
1323
1951
907
2159
2203
1026
2134
903
2063
1003
2163
1438
1167
1090
1063
959
1199
1963
1067
1223
1943
1951
1166
1247
1231
1103
1275
999
2022
2207
995
2159
1267
2139
1219
895
1139
971
1471
959
1147
1042
2011
1346
1039
1951
1167
1835
1494
1451
1255
2263
2142
1147
1091
1311
1374
1223
1503
1459
974
1235
1099
2179
935
2295
1095
1918
2091
1323
2115
2054
1067
1755
823
1274
1239
979
1110
2127
2110
1167
1179
1139
2239
2146
1051
1311
2098
1227
1231
2350
1305
2191
1246
2099
1134
1331
1827
1190
1987
1151
1154
2246
1043
1546
1083
1139
1039
966
1318
1303
1191
1230
1367
1271
1203
1238
1075
951
974
1479
1101
2135
2059
1335
1363
2091
2146
1738
1911
1163
2431
2263
2147
1059
1227
1003
1310
1214
770
995
963
2187
1081
415
1894
1015
2186
959
1155
2003
1299
1915
1099
1263
890
1115
1039
2019
1342
1359
1179
1283
2145
1310
2075
2223
467
2239
1943
1151
994
2235
1083
1171
2143
1054
1887
1202
1418
2047
1127
1642
2235
1367
2263
1255
961
1303
2515
2111
1254
1187
1031
2078
2279
998
883
1123
2110
1319
967
1334
954
951
1131
1291
2151
927
1323
1306
2343
2279
2161
2243
1183
946
1210
1199
2250
1307
1286
2159
1407
2130
983
2179
2007
1951
2147
2139
2003
1307
1347
1034
2398
1335
3094
1031
1010
1187
1251
1135
2019
1051
1247
991
1110
1115
1198
1303
1467
1118
1387
1135
2287
1399
1179
1059
1703
971
975
1167
1159
1095
1247
1135
1203
2211
1243
2534
2275
2982
3115
