495
723
375
483
371
531
423
595
251
579
383
483
447
587
363
515
471
695
499
411
411
647
347
675
403
487
507
727
391
563
451
655
435
663
415
599
451
611
415
635
403
511
547
739
255
575
435
679
447
571
315
731
391
499
551
655
435
655
511
615
455
599
575
659
299
599
399
795
463
695
539
587
371
471
399
535
447
699
403
763
527
691
351
739
399
631
455
623
275
631
303
423
363
527
443
523
379
547
495
703
387
451
343
567
387
623
331
655
483
675
551
575
371
539
411
575
475
575
499
759
483
567
403
707
303
571
519
559
327
675
399
707
503
555
515
635
455
711
355
527
347
651
235
587
415
607
387
659
463
691
399
707
435
611
463
683
323
611
491
755
399
595
379
631
483
639
299
559
335
543
519
463
303
471
503
767
467
515
399
647
383
587
435
499
343
527
435
631
483
579
391
683
371
575
331
703
371
579
447
551
439
551
583
647
311
583
239
583
487
807
391
659
299
759
415
711
375
471
387
723
459
615
483
707
447
631
431
571
411
683
395
591
431
531
371
639
447
711
539
655
423
683
447
571
543
587
315
503
327
563
483
591
459
583
415
799
555
551
499
635
279
579
399
695
343
551
431
615
351
583
463
615
367
727
435
559
447
659
467
687
367
531
379
539
427
599
383
579
431
691
459
583
323
591
415
639
495
603
435
575
387
595
351
747
407
707
407
639
471
571
399
743
439
535
483
515
355
487
563
607
351
507
519
651
379
531
467
527
491
543
355
731
447
547
407
547
527
587
339
543
391
687
255
615
451
587
411
543
427
567
467
491
375
599
423
687
343
635
415
571
347
643
343
663
431
519
411
663
403
623
419
583
439
703
443
663
367
591
359
551
359
527
359
659
507
523
547
731
355
639
343
747
379
483
431
555
431
443
599
683
427
695
327
755
399
683
391
651
323
559
367
735
375
499
411
787
431
615
499
651
455
519
523
523
287
603
379
579
395
639
487
607
279
587
527
651
447
611
431
571
395
603
307
567
515
599
411
571
391
623
523
591
431
487
455
499
431
687
435
623
299
683
431
711
399
419
339
755
487
471
471
399
487
599
319
535
363
559
455
627
463
695
359
731
471
703
395
623
231
667
431
667
439
631
459
679
315
515
43
323
119
339
259
599
359
615
195
579
327
627
343
159
487
471
515
407
299
499
263
287
503
423
431
323
439
275
411
335
375
399
371
323
363
311
347
315
547
267
283
423
519
315
411
391
295
443
387
439
311
427
335
571
527
343
243
375
327
443
387
307
375
367
275
451
423
443
455
347
375
127
291
215
323
395
515
439
411
407
543
307
479
411
475
351
459
267
495
403
427
303
391
179
399
483
471
319
367
427
443
519
319
451
303
367
387
463
371
243
355
519
207
483
355
499
443
295
275
303
275
451
475
319
475
399
451
383
503
343
303
399
351
615
327
239
451
335
419
403
375
395
411
343
355
395
339
443
315
403
443
423
507
267
323
315
351
327
351
311
395
243
451
275
379
387
447
399
275
303
443
363
455
331
519
439
415
367
515
391
239
223
407
539
227
395
287
255
439
379
375
519
215
515
371
411
331
371
443
499
299
535
391
327
387
323
471
431
331
331
427
423
359
391
387
415
467
287
507
339
435
307
299
343
399
243
419
283
439
495
487
319
323
267
395
567
387
315
367
375
407
279
323
435
303
307
439
459
411
375
407
351
491
467
519
467
391
611
363
439
347
295
443
439
515
423
371
359
295
403
435
343
475
343
219
315
435
423
331
395
399
363
467
391
267
315
463
379
451
387
431
511
511
403
471
447
439
443
455
231
483
331
403
359
515
291
347
443
415
355
331
327
311
527
359
443
567
387
507
355
519
403
323
323
431
507
407
347
415
371
375
439
455
459
363
407
375
367
467
395
355
395
351
279
311
387
463
363
343
319
443
455
727
595
343
459
391
503
399
195
427
215
451
459
351
415
447
407
359
375
459
323
367
403
431
271
367
379
435
435
483
399
335
515
287
295
307
343
567
495
459
299
423
439
339
355
275
487
351
443
519
311
419
355
439
355
591
451
299
315
387
423
347
347
515
359
427
355
447
319
247
419
287
519
307
263
519
375
431
443
351
375
335
499
187
407
399
315
375
307
367
387
415
343
415
535
375
355
379
447
379
347
407
183
443
339
423
391
387
347
295
539
371
263
379
267
467
195
383
335
535
335
515
459
423
339
351
363
523
515
399
315
371
303
411
395
347
455
427
223
347
451
455
515
299
439
491
491
467
423
367
395
387
339
467
375
471
431
483
423
455
443
259
287
311
423
347
335
283
407
667
667
455
127
371
835
