1659
1819
1911
3383
1747
2763
1703
2759
2747
2755
3399
3078
1855
1742
3399
2239
2567
2715
1671
2759
9251
1987
3403
2135
923
2767
2751
1771
3379
1763
2763
2719
2779
2735
2754
2759
2767
2746
1471
2763
2759
1962
3495
3167
2755
2018
3395
2123
2751
2763
2747
2779
2759
2111
2586
2035
3395
1731
3379
1854
3379
3155
1599
1815
3875
1983
3379
2815
2751
2755
1671
2763
2747
2763
2755
2743
1399
2755
2743
2059
3819
1731
2515
1855
3379
1903
3383
2103
2947
3015
2751
2783
1659
2547
3007
2039
3407
1890
3435
1939
3399
2147
2751
2755
2747
2627
2739
2751
2383
2731
2731
2743
2751
2763
2731
2747
2579
2746
2766
2706
1591
2027
3379
1955
3399
1927
3395
2135
2735
2803
1503
2763
1535
2767
1387
2771
2743
2767
2815
3359
3055
2735
1446
2771
2759
1927
3391
2087
2739
2731
1459
2783
507
2755
2747
1723
3379
2987
2691
2358
1903
2699
2827
1983
3383
2159
2767
2655
2747
2051
3379
2143
1431
2091
3399
1795
2555
1823
3395
1891
3467
3407
2767
1891
2423
2947
2643
1903
3767
1783
971
2751
2391
1851
3387
2762
2723
2738
2755
2831
2751
3111
1395
2779
1523
2695
2835
1871
3823
1979
3407
2099
2771
2603
2743
2755
2751
2763
2867
2387
1539
2755
2907
1975
3383
2147
2763
2763
2783
2767
2739
2763
2767
2723
1507
2759
2755
2675
1395
2759
2751
1755
3383
2147
2735
2819
675
2754
2775
1855
3383
2155
2755
2771
2759
2763
3239
2107
3434
2055
2751
2771
2747
2763
2759
2735
1635
2771
2799
2723
1803
2767
2735
1963
3379
1787
2823
1895
3379
2075
2779
1843
2603
1991
3387
2003
3383
2015
3395
2143
1391
2791
1727
2723
386
2767
2751
2075
3383
2119
2731
3211
1579
2759
2727
2711
2767
2735
1635
2591
715
1859
3587
2055
2547
2139
2151
1703
3403
2099
3383
2119
2691
1935
1491
1995
3431
1891
3383
2191
3482
2107
2791
3167
3167
2771
2775
2751
2755
1659
1590
2767
1551
2770
1711
2763
1563
2019
3379
2707
2762
1823
3390
2327
3395
2167
2695
2771
2755
2743
1498
2807
2735
1903
3383
3023
2691
2079
3379
2127
1755
2763
1703
1827
3395
2135
2823
2943
2767
2775
1802
2755
763
1979
3431
2123
3195
2119
2779
2774
2822
2723
675
3147
2803
2743
2759
3327
2747
1819
3395
2059
2679
2691
1843
2767
2831
1907
3406
1671
3395
2907
1483
1751
3419
2135
3379
2118
2590
1943
2767
2131
623
2755
555
2055
3411
1763
3423
2059
2083
2755
1767
2763
2851
2375
2786
2783
2859
2095
3403
2951
2611
2827
855
2775
2951
1631
3383
2159
2807
2739
2895
3263
1619
1919
2491
1571
2587
1967
2367
1455
3479
1855
3374
3255
2735
2639
1702
1963
3383
2131
1895
2891
3138
1531
3379
1779
3411
1631
822
2719
2959
1923
3395
2135
1875
2771
2939
1943
2587
2799
1050
2791
2747
2734
2082
2179
683
2055
1595
1658
1795
2223
2311
3386
2111
1815
3415
2682
1979
1855
2707
2663
2447
2927
3419
515
2839
3023
1723
3183
2123
1739
431
2699
1863
2519
1663
1455
1651
2659
2095
2751
1939
1843
2939
3375
2643
2859
2727
3383
1735
3515
303
1747
2027
1607
2587
1055
2099
2187
2475
3423
3091
3035
3323
2746
1963
1519
3379
2211
1886
2827
531
1595
2599
1950
747
1759
3386
887
1923
1111
1027
882
1003
2015
2303
2103
1795
2315
1911
2387
2575
2631
2467
3371
1495
2179
1999
3367
1775
1635
2583
3387
2467
3799
2487
2127
3583
647
1751
1811
3623
2515
2815
587
731
2287
2651
2975
2667
1107
1959
1075
567
775
811
767
847
871
931
947
999
1115
1039
1155
939
959
795
831
923
715
755
623
527
391
79
0
2575
998
2655
859
615
2543
2442
2439
1647
2235
1855
2223
2310
1743
1767
1519
2227
2667
695
1607
2623
1159
2587
475
1523
1607
2215
2131
2331
1923
3383
1851
1919
3375
2415
3431
3099
3451
2371
2343
2531
2319
2607
2346
2431
1963
2903
3147
707
1599
1939
1467
2823
2799
2275
1679
2543
1847
1031
539
1263
1294
2519
851
935
2015
879
2491
463
1459
811
1863
1699
1891
3407
2303
1854
3387
2319
3403
2059
2763
2719
1591
2215
523
1859
3383
2027
3507
2199
3387
2095
2243
2383
2823
1427
2039
3383
2907
2059
2579
1531
1943
2491
1583
2739
1695
2215
1071
1207
1831
3379
2018
3383
2282
2475
2771
1691
1903
3383
1983
1967
2523
1863
1347
1955
3379
2031
3435
2519
2787
2879
2431
2971
2087
1735
2315
3383
2018
3407
2047
1822
1783
1794
3379
2103
2687
3427
2907
1963
3439
1967
3495
783
1067
3387
1899
1975
1927
1855
2059
1567
1555
2051
3235
3403
1579
1603
1879
1891
2039
2542
2847
2094
3395
1847
2235
3399
1106
1935
775
1991
1914
2275
1691
1423
2795
1367
1687
3555
859
743
2831
1803
1679
3015
3383
2051
1647
1755
2442
2879
2075
1783
1891
2003
3415
2787
3379
2079
2807
1975
3379
1615
3423
1690
3411
3087
3490
2743
3263
2531
1819
1627
1791
2147
3419
1883
1862
3471
2127
1802
3379
1575
2218
3415
2119
2010
2023
1351
3475
1503
1963
1747
1919
3399
1651
3399
2027
2815
3415
2563
2939
1727
2703
1939
1903
1903
2459
3163
1531
1895
2354
3091
2083
1867
2555
2659
3383
1431
3395
2147
2186
3411
2239
1839
3391
2167
727
2775
859
2055
3379
1723
3423
2967
2515
1931
1675
1879
3383
2055
3647
1819
2503
3003
1531
2811
2531
3383
1971
1655
3375
2667
3395
3015
1731
1887
3347
1967
3379
1987
2539
1107
2859
2603
1743
2587
1731
1818
2082
3399
2147
499
2715
2803
1763
2619
2951
863
1923
1655
1899
1695
1907
2103
3443
1675
3383
1559
1919
3383
1671
1475
2339
1807
1623
1727
3383
1791
3379
1775
3383
2063
2051
3399
2867
3386
1539
3103
1867
2047
2743
1983
3395
17615
3403
2643
3379
2999
2843
3383
2699
1803
3427
1827
3395
539
331
2143
327
811
1603
