2382
2159
2119
2855
3306
3026
2246
3019
3143
3022
1975
3523
3362
1563
2979
3038
1819
3127
2917
3025
3001
3041
2465
3031
3130
3023
2510
3007
2145
2998
1702
2963
2991
3031
2034
3405
2991
3015
3222
3077
3171
4395
2910
3017
3047
2974
1899
3027
2995
2973
445
1575
2063
3018
2063
3015
3290
2935
2239
3043
2407
3255
2955
1978
1343
1455
1601
3523
2835
3033
2955
3042
3041
2858
3005
3019
3039
1563
3309
3042
3091
3373
2927
3014
1987
2971
2791
3043
3217
3027
3081
2995
1990
3030
3329
3019
2914
3027
1991
3095
3051
3015
2277
3013
2799
3071
2187
3039
2942
3033
1933
3007
2798
3043
2926
3030
2293
3019
1262
3007
2983
2643
3027
2923
1774
3019
1606
3007
2895
2663
3002
3009
3155
3587
2142
3149
3369
2342
2309
3041
2031
2911
1954
3147
3315
3114
1869
3043
3189
2995
3067
3191
2434
1581
2913
3027
3015
2191
1650
3383
2182
3017
2241
1547
3171
2975
2510
3015
3135
3037
2097
3011
2157
2594
2314
3038
2259
3006
3055
3127
2770
2979
3102
3051
3093
3031
2081
3015
3063
3107
3207
3063
3225
2923
3031
2627
3034
1819
1705
3011
2902
3027
3011
2597
3061
3019
3155
3014
3062
3015
3023
3018
1851
1579
3118
3103
3047
3075
2559
2894
1843
2551
2979
3023
2999
3023
2825
3023
2237
2583
1890
1982
1978
2763
2906
3011
3037
3041
2343
3026
2994
2611
3031
3099
3177
3031
2153
3014
3107
3039
3321
3038
3075
3009
3055
3030
3043
3033
2145
3017
3106
2755
3065
3034
3007
3003
3077
3017
3001
3035
2363
3031
2318
2913
3121
3015
3063
3033
3389
3030
3126
3033
3362
3043
3031
3023
2143
3029
2194
3017
3106
3019
3027
3031
3615
2755
2073
3022
2409
3026
2233
3014
3319
3007
1919
3037
1963
3359
2975
2581
1743
3031
2835
3023
2906
3037
3089
3145
1855
2951
3051
3031
3282
3015
1954
3043
3194
3035
1522
1569
3171
3015
2906
3035
2841
3027
2104
3011
3115
3023
3083
3023
3091
3010
2043
3019
3047
3021
2727
3043
3015
3045
2139
3035
2151
3014
2978
3019
3202
3015
3211
3039
3039
3033
3479
3031
2009
3015
3103
3027
2883
2850
3007
3023
3003
3025
3107
2987
3286
2455
2109
3025
3134
3023
3030
3097
2973
3031
2061
3033
3007
3018
2027
3037
1999
3019
2062
3015
2867
3027
3045
3027
3019
3041
2653
3202
3029
1846
2546
3025
2927
1547
1602
1569
2889
3019
2939
3019
2301
3019
2910
1859
1743
1987
1513
3003
3135
3023
3022
3029
2973
3039
3035
2211
3015
3025
2993
3139
3434
3029
2070
3021
2926
3014
3034
3019
3131
3079
3115
3011
2843
3014
1987
3007
1914
2993
2075
3033
3222
2977
2779
3015
1582
3035
3026
3034
3227
2951
3135
3022
1807
3026
3027
3021
1261
3551
1999
3027
3109
1730
1618
3027
2979
3006
1707
1871
2439
3047
2959
1706
2449
3025
3022
3025
2911
3006
2218
3026
569
1551
2001
2207
2051
3099
3158
3131
2062
3003
2223
3009
3239
2075
2095
2938
1893
1965
3159
3038
1959
3003
2251
2291
2251
3195
3137
2143
3217
3019
3119
3114
3030
2318
2779
2087
2043
1963
2100
2974
3027
3015
3214
3042
3138
2041
2239
3219
2958
2235
2983
1709
3027
2019
3043
3227
2035
1999
1963
2125
3178
3035
2323
3019
3139
2022
3035
2127
1727
2901
3022
863
1555
1834
2559
3083
2887
3022
3027
1925
3038
1943
1571
3003
1918
1342
2091
2975
2003
1975
1909
2433
2309
2186
3043
2145
2055
2979
2431
1922
2087
3095
2078
2950
2159
2099
3089
3223
2026
2122
2882
2219
1933
3001
2275
2079
2727
2281
3145
2035
3129
3027
2147
2059
3165
2375
3203
2027
1817
3111
2194
2071
2174
2959
1767
3023
2138
1129
2895
2191
3075
2986
3031
1738
2861
3049
2126
2083
2115
2903
2106
1983
2794
3163
1937
3295
2023
3083
915
1481
3054
2082
3005
3213
3033
3022
1789
3159
2270
3038
2105
2801
3047
3037
2931
2971
1511
3029
2991
3015
2183
2127
2949
1990
2999
1959
1930
2927
1043
2325
1994
2130
3134
2159
1899
3055
3195
2045
2674
2073
3175
2179
1989
2111
2979
2170
3006
3202
3210
1834
1820
2455
3206
2021
3211
2162
2914
2131
2163
2899
3011
3110
1719
2783
3011
2979
1505
3125
3030
2159
1917
1927
2139
1661
3153
1863
2255
1843
3115
2431
2131
2990
2109
2111
2979
2198
2109
3171
3061
2159
3054
2138
3031
2223
3019
3078
2991
2987
3315
3099
2314
2863
2794
2234
3046
2971
2137
2922
1983
3123
2814
2979
3307
2015
2286
2281
2246
2147
3205
2853
2103
2053
2917
2838
3247
1766
1451
2087
2126
2771
3095
3030
2995
1889
1521
1923
2827
3106
2840
2015
3079
2135
2998
2950
2938
3042
2978
3007
2954
2907
2987
3007
2958
3039
3007
3654
2833
1777
3099
2979
1161
2327
2223
1942
2239
3123
2263
2898
2121
2209
2413
2051
2911
2126
2963
2262
3005
2814
2154
2007
2963
3023
2179
1894
1651
3006
630
1659
2135
2099
3038
2957
1302
3405
3079
1913
2135
3091
3147
2134
3287
1807
2853
3277
2993
3353
3111
2183
2247
3105
1893
2935
2374
1974
3079
2134
2342
2999
3093
2895
3039
2854
1197
2007
2929
1843
2877
3143
2331
1997
2875
1785
1902
2151
2091
2145
3166
2167
3255
2099
1285
2965
3014
1659
2122
3038
2791
3030
2231
3314
2975
3066
3223
3035
3098
3034
2943
1038
2149
3287
3091
2334
2849
2937
2165
3191
2998
2231
3083
2299
3033
3047
2063
3031
1963
2851
2247
3189
3021
2162
1999
2171
745
1567
2214
1967
2894
2149
2141
2195
2627
2109
3035
2231
2134
2886
2043
1841
2983
3135
2113
2115
2174
2133
1949
1978
3007
3039
3011
2930
1687
1826
1945
2827
2994
1799
1502
3042
3143
3007
2129
2053
2902
2047
1986
2827
1903
3050
2637
3031
2994
1643
2071
1615
2034
1893
2797
1642
1899
3073
3042
3145
3010
2071
2983
3047
1953
2977
2742
1803
1995
3262
3267
2021
1563
3359
2069
3006
2079
2013
2113
3147
2087
2983
1783
1563
