1711
1998
1795
2039
1715
1967
1658
2027
1819
2035
1715
1963
1767
2007
1843
1930
1663
1939
1699
1903
1627
1910
1691
1999
1807
2115
1687
2035
1687
2010
1770
2059
1835
2031
1755
1983
1607
1979
1610
1923
1719
2079
1819
1987
1623
1903
1858
2051
1863
1975
1731
2014
1835
1938
1759
2018
1674
2075
1738
1987
1651
1911
1847
2019
1807
1799
1866
2003
1730
1979
1738
1931
1799
2023
1723
1955
1727
1971
1763
2079
1851
2059
1671
1987
1799
2058
1723
2003
1867
1919
1799
2035
1711
1895
1851
1962
1979
1895
1647
2083
1847
2019
1674
2143
1627
1943
1723
2015
1699
1967
1759
2030
1883
1903
1731
1919
1802
1895
1711
1895
1783
2039
1723
2067
1571
1779
1751
2226
1759
2043
1703
2059
1823
1911
1783
2103
1647
1967
1747
1967
1763
2091
1686
2099
1699
2011
1687
2055
1619
1987
1887
1951
1779
1702
1911
1935
1691
1827
1627
2011
1595
1863
1611
1915
1783
1919
1847
1903
1807
1843
1795
1947
1651
1871
1863
2039
1766
1903
1795
2067
1827
1827
1655
1939
1551
2035
1719
2059
1655
2015
1923
1903
1783
1967
1823
1987
1575
1879
1587
1971
1723
1871
1751
1935
1655
2071
1583
2026
1771
1863
1714
2091
1631
1835
1915
1979
1723
1899
1698
1831
1795
1851
1647
1958
1731
1779
1851
1999
1727
2023
1551
2035
1727
1935
1751
1950
1703
1903
1807
2019
1747
1939
1619
1847
1655
1831
1807
2111
1795
1758
1859
1899
1923
1911
1915
2067
1771
1951
1739
2027
1667
1879
1707
1755
1663
1971
1711
2011
1651
1951
1919
1975
1639
1902
1791
2027
1735
1979
1767
1958
1891
1963
1691
1891
1707
1899
1767
2070
1698
1871
1823
1962
1803
2147
1871
1971
1827
1975
1647
2031
1727
1943
1759
2055
1711
2067
1679
1867
1687
2011
1727
1827
1795
1899
1675
2023
1611
1879
1675
2019
1795
2095
1850
1987
1571
1819
1834
1923
1663
2091
1711
1819
1783
1771
1802
1999
1731
1787
1650
1955
1683
1879
1759
2087
1743
2051
1815
2019
1839
1947
1611
1987
1703
1927
1715
2043
1691
1799
1791
1987
1827
2031
1815
1979
1759
1987
1875
1803
1910
2003
1907
2003
1707
1935
1747
1947
1899
2002
1847
1919
1679
1983
1683
1807
1707
1939
1823
2039
1791
2007
1875
1907
1759
1843
1894
2003
1799
1854
1571
2011
1695
2019
1831
1875
1675
1891
1738
1839
1743
2027
1871
1999
1783
1887
1895
1931
1751
1863
1727
1943
1823
1855
1650
2063
1799
1879
1835
2063
1675
1951
1606
1987
1707
2119
1799
2046
1747
1899
1651
2155
1759
1911
1831
1935
1679
2031
1875
2022
1703
2015
1683
1971
1827
1975
1763
1855
1699
1939
1867
1787
1815
1887
1799
2031
1927
2087
1826
2031
1695
1955
1767
1987
1710
1843
1643
1987
1779
1987
1899
1803
1671
1903
1635
2067
1747
1903
1819
1983
1787
1967
1819
1919
1807
2067
1803
2051
1755
1830
1427
1703
1522
1667
1431
2023
1699
1823
1695
1835
1775
1927
1787
1819
1775
1727
1807
1795
1659
1611
1699
1575
1855
1783
1499
1659
1682
1731
1759
1615
1835
1598
1743
1743
1759
1795
1747
1683
1643
1767
1751
1771
1722
1931
1718
1687
1663
1659
1859
1815
1927
1711
1859
1735
1715
1735
1715
1703
1746
1714
1759
1663
1779
1831
1899
1775
1755
1887
1751
1587
1795
1727
1771
1651
1719
1595
1575
1895
1687
1715
1707
1807
1819
1727
1747
1759
1763
1735
1791
1547
1811
1831
1747
1867
1783
1611
1751
1623
1691
1719
1714
1798
1807
1591
1691
1651
1847
1743
1787
1699
1799
1771
1715
1539
1799
1771
1771
1783
1743
1783
1778
1615
1683
1687
1819
1619
1846
1739
1703
1754
1687
1723
1727
1655
1767
1835
1867
1619
1711
1695
1615
1595
1579
1635
1639
1670
1731
1787
1699
1767
1766
1806
1831
1703
1727
1818
1743
1750
1751
1839
1615
1519
1787
1751
1703
1607
1747
1743
1707
1622
1826
1691
1763
1535
1799
1779
1623
1779
1651
1763
1735
1767
1795
1583
1791
1739
1803
1787
1779
1827
1675
1763
1887
1883
1743
1794
1823
1703
1691
1883
1775
1707
1887
1743
1802
1699
1767
1755
1675
1615
1795
1643
1747
1779
1863
1751
1714
1779
1779
1807
1707
1658
1675
1714
1807
1811
1766
1739
1795
1599
1671
1775
1619
1731
1575
1799
1751
1631
1815
1695
1807
1699
1819
1819
1811
1539
1707
1651
1871
1559
1735
1746
1751
1779
1891
1727
1719
1795
1839
1735
1871
1727
1651
1671
1639
1683
1763
1803
1783
1699
1674
1731
1727
1775
1623
1755
1583
1751
1747
1735
1783
1767
1835
1871
1846
1643
1695
1830
1614
1751
1883
1687
1691
1819
1759
1811
1578
1687
1751
1839
1631
1663
1899
1831
1810
1663
1811
1707
1687
1815
1839
1555
1759
1806
1627
1647
1783
1707
1859
1879
1687
1759
1806
1719
1731
1663
1671
1795
1851
1611
1711
1695
1787
1635
1647
1823
1791
1743
1771
1491
1730
1643
1679
1707
1579
1679
1691
1651
1815
1619
1875
1663
1759
1691
1695
1643
1627
1775
1710
1639
1651
1643
1655
1679
1719
1654
1831
1751
1735
1579
1647
1902
1867
1687
1711
1623
1723
1655
1815
1727
1819
1767
1827
1743
1651
1883
1859
1863
1698
1779
1815
1671
1623
1855
1659
1787
1659
1583
1666
1735
1806
1755
1719
1639
1719
1691
1787
1723
1779
1823
1631
1679
1599
1659
1723
1743
1718
1727
1747
1738
1751
1739
1839
1755
1703
1831
1591
1742
1755
1619
1839
1639
1823
1735
1823
1671
1755
1687
1695
1827
1535
1639
1702
1627
1679
1638
1783
1703
1743
1663
1747
1747
1778
1671
1743
1671
1787
1775
1719
1643
1683
1711
1687
1943
1699
1735
1599
1823
1735
1763
1707
1783
1595
1575
1567
1787
1627
1679
1679
1635
1715
1883
1799
1767
1795
1811
1751
1727
1779
1679
1803
1819
1791
1723
1731
1779
1799
1611
1719
1627
1755
1663
1651
1735
1735
1695
1766
1675
1735
1643
1719
1823
1619
1599
1735
1770
1699
1807
1787
1607
1799
1739
1723
1819
1647
1675
