523
694
597
723
729
983
558
891
525
685
485
745
667
710
583
862
593
797
530
737
605
943
715
962
786
773
639
922
578
701
510
785
629
831
575
821
736
693
641
831
603
903
476
899
633
711
619
713
595
947
638
761
543
665
595
822
547
846
549
735
682
603
539
823
677
895
558
899
582
779
541
988
607
893
658
929
667
763
695
745
534
822
699
678
603
682
594
770
562
915
515
871
648
811
527
875
742
757
671
891
565
817
637
830
555
695
450
765
657
778
666
847
719
718
679
713
519
913
586
838
463
715
617
971
494
806
487
845
765
885
715
851
771
862
547
807
683
770
579
775
511
783
657
883
631
796
555
927
449
759
691
874
522
878
666
807
445
829
601
759
561
803
759
713
569
735
482
833
645
767
655
775
601
925
637
1001
611
865
683
715
522
852
613
798
689
1009
442
839
601
737
567
803
627
821
481
735
537
694
658
733
586
891
659
734
695
859
431
809
531
847
662
871
589
747
627
803
613
839
507
613
558
754
541
727
619
847
589
831
467
751
625
920
567
777
619
750
577
729
663
986
635
995
519
782
441
805
668
789
547
841
570
833
641
818
543
794
579
875
579
780
578
781
654
947
667
710
598
789
647
827
706
723
599
707
635
907
581
931
521
935
689
762
654
894
543
731
684
785
715
769
667
880
470
737
566
917
557
794
734
853
473
785
524
730
546
774
586
739
675
903
603
723
674
770
547
690
586
850
486
671
653
1047
465
803
565
807
575
898
589
922
646
679
593
655
774
706
594
814
703
854
739
853
577
855
415
769
550
970
593
871
479
1029
587
871
566
859
592
717
571
729
675
686
653
830
655
810
646
906
541
715
590
790
583
647
573
763
555
659
537
824
635
773
703
855
698
769
565
962
581
823
435
775
646
874
603
879
655
743
654
827
510
801
653
661
411
839
651
675
657
847
492
957
706
871
571
798
499
775
539
794
657
826
587
793
621
947
655
823
541
794
731
814
647
830
589
846
541
895
787
693
599
631
563
888
623
905
679
746
543
719
549
835
694
929
617
833
569
678
710
847
643
826
714
839
603
851
597
818
551
907
587
882
690
790
702
719
518
751
563
899
573
1049
747
750
583
727
559
903
469
850
520
749
537
623
679
749
642
694
315
599
307
479
303
957
467
681
411
710
651
741
638
603
697
611
619
638
677
543
482
487
580
638
396
489
733
737
346
538
699
463
506
606
683
667
622
539
559
543
677
473
607
514
580
500
647
491
481
474
630
513
677
547
611
506
595
631
619
695
643
553
608
541
654
623
637
474
652
445
651
513
537
371
570
534
585
718
549
567
563
630
567
651
562
499
615
703
595
570
681
607
466
467
620
586
626
649
511
455
403
673
563
586
681
400
630
603
570
509
533
566
570
403
549
499
535
646
798
466
622
482
634
654
554
658
570
550
554
610
654
642
714
658
590
690
530
598
730
578
554
502
678
617
555
518
455
461
526
394
551
545
669
575
538
575
619
581
719
643
397
478
483
551
547
581
414
610
459
414
550
409
475
498
526
513
527
699
570
487
611
702
507
439
495
563
581
535
511
543
578
646
653
394
601
571
601
622
567
501
486
497
439
470
670
546
671
663
435
650
681
447
686
443
561
545
559
487
649
558
584
558
563
558
599
478
598
659
594
577
670
353
563
453
659
455
419
462
665
570
591
477
447
602
529
586
387
695
442
483
534
585
583
529
531
671
599
543
627
543
509
466
530
491
631
539
503
463
743
715
539
651
687
377
611
530
586
605
672
511
562
514
539
390
666
557
579
597
577
421
625
638
564
513
631
603
535
485
711
487
583
557
633
515
713
705
622
486
498
491
653
475
455
474
625
523
577
507
703
455
590
451
633
529
483
585
534
618
767
455
554
605
611
445
691
530
519
651
579
719
539
545
431
599
580
657
603
527
523
511
670
486
534
595
578
539
595
522
539
587
503
569
470
483
497
587
745
543
535
645
511
634
530
626
497
479
636
677
623
491
583
397
515
435
630
530
665
467
629
478
465
479
593
351
637
615
691
482
439
342
567
503
607
471
590
499
709
675
511
447
630
644
738
478
637
567
755
598
603
519
647
418
586
525
443
492
639
565
605
503
567
778
661
606
475
689
545
531
595
574
697
619
543
606
603
759
571
503
695
562
434
546
573
625
732
575
714
570
666
519
663
530
411
418
535
551
591
602
547
578
491
531
707
535
663
530
680
599
563
504
695
599
563
705
679
439
547
650
646
598
593
620
555
539
626
530
511
526
471
703
606
741
579
483
463
550
559
659
479
570
675
405
627
427
598
567
542
555
455
543
779
580
979
358
451
1001
