2299
2275
2283
2279
747
1491
2247
2271
1499
2283
2387
2359
455
1459
2275
2271
2267
2271
2547
2287
459
1487
2175
2259
2267
2251
2279
2263
2175
2275
2267
2263
2239
2287
2303
1419
2267
2275
2231
2299
547
1491
2291
2271
2279
2283
1967
2271
2303
2251
1967
2411
2223
2271
346
1487
2151
663
2131
2246
2275
647
2263
2187
927
1483
2271
2275
2271
2599
2283
2271
1083
2271
495
1483
2439
2275
2271
2371
2275
2447
2355
2323
2307
1487
2351
2279
2379
2271
2299
431
1579
483
1487
2275
2359
2379
2275
2271
2271
2275
2411
2279
2279
2351
2335
2279
2275
387
1539
2191
2283
2263
2279
2271
2107
2075
1407
3919
2275
2271
2275
2423
2279
2343
2367
2215
842
551
1475
2347
2275
2275
2283
1179
2259
391
1483
2275
2275
2279
2279
2275
2299
1455
2055
2215
2199
1583
2271
2215
1735
2307
2267
2283
2271
2275
2255
2279
2279
2307
2279
2271
2187
2271
2271
2275
2271
2507
2335
2390
2315
2199
2275
2283
2211
2275
2279
2075
2271
2319
2691
2279
2275
2283
2211
2307
771
1495
2367
2367
2151
2275
2279
2319
2267
2263
2259
2267
2275
2279
2419
2271
2279
2279
2271
2227
2279
2303
2375
2431
2279
2327
2487
2271
387
1631
1387
403
1487
2275
2263
2307
2275
2423
2263
2303
2343
2275
2271
1523
2287
2271
2351
815
347
499
1487
2535
2267
2275
2295
2271
759
1415
2251
1539
2267
1483
2271
2279
2263
2271
2198
2227
2363
2275
1347
2267
2271
2019
479
475
1495
2287
2303
339
1503
2275
2327
2303
2171
2283
2267
2343
2279
2215
2303
2275
2475
2295
2275
2271
507
1491
2267
2319
2271
2279
2271
2283
523
1483
2279
2275
2195
411
1487
2171
327
1483
2267
2279
2327
2387
2271
2279
2275
2235
2271
2267
2271
2343
2283
2343
2267
2327
515
1371
2267
2095
2295
2279
403
1491
2279
2275
2367
771
1491
2295
2275
2271
2295
2283
834
2271
2307
2275
2511
2259
2327
2279
2355
2279
2231
2311
1731
487
1487
2287
2326
2155
2467
2275
2287
2275
2271
2263
2275
2483
2483
2299
2279
2303
2267
2267
2271
2299
2071
2266
2299
527
1371
419
523
1487
2267
2279
2279
2347
2283
2271
2227
335
1487
2267
2299
2295
2271
2311
2179
2207
2267
2275
2275
2271
2335
2271
2295
2275
2279
2315
2343
1599
2275
2191
2271
2359
2283
2275
435
1411
2271
2271
2275
2227
2283
2287
2291
2271
3595
2279
479
1547
2275
2275
2391
2267
2279
2275
2271
2279
2271
2275
355
1487
2311
2295
2275
3231
2271
2327
2311
2267
2283
2367
2271
1883
3055
2263
2011
2259
1243
1471
2207
4451
2335
2267
2147
2295
2279
2311
2275
2271
2367
2395
2275
2271
2259
2271
2295
2211
2191
2255
2287
487
1503
2287
5179
2338
2275
2259
2274
435
1475
2283
2267
2315
2067
2123
2239
1959
2375
2399
2263
2287
2155
3987
2275
2279
2263
2283
387
2683
2315
2275
2359
2343
2275
2275
2275
855
1383
2243
2267
2271
2283
2311
2283
603
1507
2251
2251
2263
1643
2351
2187
2295
2271
2275
2247
2283
2378
2327
2507
2315
2275
2271
3167
2267
2290
2271
415
1283
2275
5243
2275
2279
2363
2271
2327
2279
2419
2315
2275
2279
2267
2283
2287
495
483
1327
2271
2310
2411
471
1494
2263
2271
2427
831
2263
2323
2275
2271
2259
2571
2483
2271
2271
2271
2519
2283
2279
2275
2271
439
1723
2271
407
1479
2271
2267
2695
2311
2247
2275
2207
2319
2275
2259
2279
2267
2235
2347
2343
4155
2283
2283
2267
2271
2271
2271
2275
2279
2275
2271
2259
2359
2287
2279
2275
2275
2267
2271
2267
2247
1951
535
1635
2219
2371
2271
2271
2275
2275
359
1487
2279
2275
2335
415
1507
2283
2439
2351
2175
2307
2451
2271
2323
2271
1539
2298
2307
2411
2263
2287
2275
2263
2887
2271
2275
2271
2291
2351
2278
2227
2271
2275
2279
335
1451
2275
2423
2291
2275
2303
2271
343
507
1503
2051
2275
2479
2143
2275
4626
2303
2275
2271
2347
399
1487
2267
2271
2167
2287
2703
3887
2399
2267
2275
2275
2287
2267
2335
2275
2347
2271
2267
2275
2275
2263
2399
1975
2123
2187
2271
343
1491
2275
3603
2279
2191
2267
2283
2199
2311
2263
2271
2275
943
1491
2267
1186
2371
2303
2419
2147
2187
2398
2139
1971
2067
2279
2279
2311
2311
2199
555
1631
2315
2287
2275
2283
2275
2339
2259
2275
2275
523
1487
2267
2435
2295
2107
1687
2407
2283
2275
2279
2271
351
3975
2271
2267
2259
2471
2275
2267
2271
2039
2307
2083
2351
2195
2263
1999
2531
2271
2283
2190
2271
2251
2283
2323
2283
2327
2275
2267
2274
2303
2315
2275
2279
2275
2271
2495
2463
2307
2299
2447
2271
2435
2271
2275
2307
2171
2287
443
1487
2211
2267
2351
2271
2279
2311
2267
2275
483
1551
2271
2275
1351
2347
2287
2283
2279
2323
2287
2499
2275
1991
2267
475
1479
2339
2103
2235
2187
2038
2303
2275
2239
2271
2047
2471
2315
2283
2335
2271
2151
2267
2290
2207
2095
2275
2163
2003
2275
2243
2339
2283
2283
2271
2295
2319
1703
2335
2286
2271
2335
2191
2239
2487
2271
2275
2351
2359
2275
938
1455
2271
2271
2255
2319
2275
2215
2279
2287
2223
2287
2275
2555
2275
2275
2287
2275
2355
1483
2355
2271
2275
343
1475
615
1491
2359
2047
455
1499
2271
2255
2323
2339
2275
2239
2139
2275
2379
2083
2271
351
1495
411
1491
2283
2279
2179
2163
2374
443
1479
2247
2187
2271
1935
2267
2827
2267
2279
1955
2091
2271
2271
2283
2235
1975
335
1463
2263
2271
2271
2175
2351
2295
1343
2275
1955
2327
2251
2351
443
1755
383
1491
355
1403
2367
2331
2271
2339
2263
2219
2267
855
1483
2271
2203
2239
2275
2603
2275
2319
2271
2283
2199
2271
2275
395
1475
1395
2294
2247
2271
2275
2283
2195
2247
2275
2279
655
1303
2271
711
2227
2267
2275
2255
2271
2343
