1451
3038
2903
3039
2223
3007
3437
3155
1838
3031
2702
3023
2735
3032
2955
1707
1569
3037
3031
3023
1952
3021
2955
3006
443
1579
3082
3203
1106
3035
2661
2491
3109
3017
3027
3023
3169
3023
1547
2671
3031
3046
3034
3041
2966
3027
2947
3131
3037
3023
2075
3011
2170
3013
3326
3007
2303
3033
3018
3105
2159
3006
2799
3039
2087
3031
3211
2743
3035
1739
2362
3019
3311
2978
2158
3023
2934
3006
3051
1935
2501
3015
2991
3063
2099
3033
2939
3018
2994
2999
2993
2871
3143
3019
3209
1791
1507
3015
2495
3041
3050
3023
3015
3130
3030
3031
3030
3033
3050
3026
2896
3023
2474
3019
2066
3035
3071
3027
2095
3034
1575
1572
3206
3004
3021
3011
1417
3015
3159
3030
2178
3043
2914
3025
1571
2934
2239
3042
2881
3011
2661
1655
1555
3023
3026
3022
2929
3015
2990
3199
1579
3011
3051
3074
3031
2974
2987
3033
3011
3019
2981
3035
2347
3459
3038
3022
1871
3025
2951
3039
2018
3063
3283
2853
2991
3026
2198
3038
3023
3031
1963
3030
2722
3026
2923
1853
2311
3074
3001
1543
2207
2843
3374
3057
2983
3147
3035
3053
2115
2933
3109
2881
2279
3038
3134
3031
3203
3033
2233
3053
2163
2999
2835
3039
2974
3006
3043
3014
2311
3033
2117
3039
3147
3023
2987
3295
2307
3045
2263
3007
3043
2990
3207
3029
2353
3023
3018
3027
2463
3015
3187
3009
3007
3010
3074
3026
2189
3001
2267
3015
3029
3007
2118
3005
3203
3015
1903
3035
2871
3026
1543
3015
2163
3075
1819
3099
1966
3005
3171
3019
1462
3031
2945
1983
3411
3143
3415
3046
2970
3038
3279
2897
2111
3003
1971
3075
971
1567
2059
3003
2002
2771
2767
2831
2343
3019
2355
3031
2207
3055
3023
3015
3249
3015
2363
2994
2974
3007
3275
3028
2119
3031
3102
2887
3017
3029
2167
3075
3045
3023
2237
2847
2949
3003
3014
3022
2979
3035
3067
3014
2135
3027
2105
3014
1991
3015
1390
3043
2091
3147
3191
3013
1879
2999
2907
3051
2474
3523
3015
3306
2973
3013
2983
2835
2171
3063
3095
3011
3233
3015
2129
3035
2895
3013
3047
3135
1057
3097
3155
3145
3229
3015
3230
3017
3027
2975
3147
2003
2274
3261
2957
3011
2505
1587
2995
2991
3063
3045
2979
3034
2955
2965
3035
3075
1639
2979
2614
2998
3558
3002
2929
3019
2810
3051
2699
3021
3010
3015
2125
3031
2877
3037
3013
3010
2027
2967
2877
2107
2350
3009
3095
3091
2109
2949
2365
3259
2579
1567
2099
3009
2693
2215
2785
3030
2591
2893
3299
3415
3254
3022
2291
3030
1997
3006
2133
2971
1919
3011
1943
3037
3015
2999
2663
3030
2829
2207
2994
3055
2115
3090
2159
3134
2850
2723
2091
1557
3059
3022
2243
3127
2026
2942
3083
3019
3154
3043
1417
3019
2151
2959
2935
2005
2659
3078
2731
2523
3050
3099
1137
3182
2215
2977
2417
2667
2515
3150
3211
2474
2141
2870
1283
2857
807
1598
2505
2823
2163
3191
2569
1523
2074
3055
2547
2107
2334
3154
3351
2777
2213
2019
2983
2023
1603
1449
2351
2022
2567
3158
1967
2289
2167
983
2809
3051
2162
2049
1154
1682
1739
1367
1963
2670
3083
2063
573
2065
3119
999
2054
1335
867
2699
1926
2277
1517
2566
2371
2743
3393
2783
1997
1983
2219
2446
2274
2661
1654
1507
1945
2911
3386
2126
2902
2291
1398
2245
2791
3317
2963
943
2333
3326
0
2237
2086
2174
2041
2499
3581
1895
2031
2395
2283
1379
2667
3347
3367
3147
2915
2177
2449
2111
3698
2914
2126
2219
2055
2127
2119
3187
887
1707
1105
2225
2705
1795
2727
1166
1726
2254
2258
2102
2158
2106
2074
2114
2098
1978
2010
2082
2026
2162
2242
2190
2430
2546
2586
2750
2778
2782
3010
2862
3010
3005
3010
2378
1935
2102
1822
750
1570
1231
1801
1657
1150
2694
3079
2167
2547
2775
1837
761
1539
475
1493
2066
2649
2239
2551
2527
1887
2415
743
1661
2638
2651
3177
2311
1384
1679
2511
2119
2949
3099
2246
1553
2611
1571
1435
2199
3507
2039
1919
1715
2247
902
2790
2293
1969
1517
2157
1639
1729
2513
2658
2039
2453
2883
1513
3275
2638
3182
2195
3189
3631
3155
3229
1171
3094
2159
1513
1334
1933
2006
3233
2090
2873
3429
1531
1431
1705
2310
2307
1887
1218
2213
1383
2005
723
2083
3599
2366
1077
1533
2325
3517
2109
1803
3210
2451
2178
2122
2597
895
1274
2147
2457
2266
1675
2187
2418
1947
3539
803
2155
2846
2943
1382
3021
2066
2105
2641
2186
3114
3415
3047
1613
2075
1826
1811
2505
1659
2110
2919
1661
1958
2482
3386
1727
2310
1922
1577
1691
1637
2615
1899
2357
3183
2889
2047
3015
2474
3147
2875
2111
2537
1491
2096
1551
3339
3294
1969
1127
3391
1631
1981
2939
3023
2439
2322
1890
2303
3145
3099
2345
2250
2235
1019
2178
3003
1533
1099
1533
2759
1794
1206
3199
2935
2125
1397
1261
2998
2910
1139
1971
2218
1027
1506
1079
2155
2539
2019
3055
1815
2329
2937
3271
2139
3453
2017
1523
2473
3161
1641
2855
3382
1266
1991
3183
1943
2722
2365
3075
2993
3006
2979
2743
1879
1405
1993
3247
2927
2973
2940
2795
2149
1907
891
1891
2317
3255
3102
1237
2185
2947
2130
1650
3278
2945
2639
1558
2342
1961
3262
2211
2399
2162
1929
2199
2671
2703
3210
3170
1950
2899
3117
2229
1855
1917
2375
2711
2127
1625
2759
3347
2125
3315
2219
3003
3191
3107
3375
2398
2286
2475
2307
2322
2126
2047
2195
2065
3025
2430
2911
1751
1834
2813
2041
1151
2182
2429
2191
2778
2205
2226
1949
3011
3090
1894
1990
2001
2959
2939
3065
3019
3059
2226
2999
2179
3051
2767
3207
2847
3027
3055
1393
3342
2927
2979
1535
3025
2264
1523
2983
822
2419
2943
2990
2175
1507
1931
2137
2934
2187
3026
1955
2991
3039
2243
1553
2071
1538
3207
2961
1797
1833
3195
3213
2942
2278
2139
1970
2018
2079
1887
2131
1947
2019
1929
2119
1827
1110
2809
2141
