375
642
531
620
456
762
410
591
328
653
302
463
573
655
353
565
412
414
504
625
457
519
446
611
388
630
353
648
517
701
379
619
487
735
392
504
393
485
324
666
496
813
562
706
439
646
411
482
515
536
360
659
519
477
370
632
360
714
504
530
343
692
500
670
441
701
420
632
563
547
437
516
435
779
467
615
371
645
506
610
354
633
507
638
536
561
474
651
379
595
540
481
599
669
412
647
391
599
322
546
363
592
414
567
470
557
502
650
285
567
554
602
388
611
481
578
697
629
438
731
508
551
434
732
398
709
547
670
470
512
493
571
462
472
422
607
390
645
342
662
523
642
577
619
456
634
414
654
510
639
560
635
419
620
405
524
408
677
444
608
499
618
602
566
345
715
579
567
288
619
329
583
564
548
455
580
552
599
508
604
381
638
208
699
461
672
426
585
370
634
371
654
423
641
283
495
399
597
350
564
371
628
342
664
305
605
411
521
330
719
342
731
444
702
515
637
533
620
382
569
365
702
446
739
351
639
477
579
530
613
381
691
355
586
366
754
516
547
462
647
414
567
465
680
371
614
517
623
291
636
430
533
264
636
428
679
469
519
427
657
304
573
453
659
297
752
413
641
490
628
569
668
456
592
409
585
506
673
347
494
451
572
559
643
524
563
563
651
572
612
440
646
380
818
357
571
477
620
490
684
399
704
386
687
234
593
384
566
397
665
477
712
508
540
378
670
356
692
394
589
495
670
480
707
331
603
473
776
304
570
459
751
454
716
450
689
443
712
419
656
307
504
402
539
326
534
461
664
459
640
525
599
331
668
379
592
435
569
405
687
329
720
301
542
331
725
397
534
412
624
464
671
449
770
451
778
481
529
485
594
386
699
427
519
435
568
541
745
391
765
384
399
247
527
435
657
523
772
252
815
459
664
581
706
382
595
362
581
296
568
408
673
425
536
430
705
452
667
239
617
428
669
414
744
371
592
384
596
399
572
489
695
471
692
533
565
469
729
431
656
502
615
373
627
433
678
377
688
386
674
331
712
417
542
471
626
345
628
415
706
419
535
499
763
422
594
371
412
401
672
501
595
380
617
392
662
364
643
505
716
520
663
498
647
529
458
453
649
572
621
339
673
389
607
308
523
376
630
149
363
196
365
119
584
295
473
331
641
309
556
388
363
314
515
462
515
354
555
397
264
544
356
338
529
359
343
371
506
519
380
401
509
444
526
440
536
374
529
396
305
477
386
455
380
475
401
651
420
457
420
494
298
359
395
568
364
399
417
433
429
354
311
441
462
350
335
401
409
536
449
403
458
508
363
385
469
353
322
621
328
409
501
417
375
417
395
560
348
348
439
383
396
328
514
504
434
371
402
306
369
265
393
417
442
379
548
340
314
485
335
476
384
516
487
370
340
339
256
481
368
469
361
345
461
463
387
384
334
505
532
508
288
444
258
428
386
204
372
464
355
370
407
600
468
455
355
341
532
404
409
523
416
497
352
362
364
468
414
570
351
503
438
431
479
380
324
377
423
314
349
342
500
393
476
420
271
480
485
466
515
544
461
221
353
450
466
439
559
510
324
398
415
433
448
405
392
368
256
394
469
395
414
490
267
575
357
388
498
475
427
473
347
473
642
313
454
541
357
439
302
465
369
486
424
436
406
392
287
469
465
385
359
371
343
312
422
470
319
392
503
411
484
446
425
351
231
361
385
492
581
387
464
545
434
414
279
455
488
423
442
401
452
243
355
483
476
498
375
445
403
406
423
426
428
255
360
460
313
383
521
390
376
423
359
407
361
436
392
636
355
502
251
344
338
315
424
339
264
437
271
402
399
577
356
395
411
447
347
406
470
469
363
352
285
372
539
475
397
447
427
368
341
388
391
521
432
378
390
432
372
428
254
400
414
374
419
281
322
268
342
268
427
352
341
407
297
387
430
443
180
407
269
383
451
367
433
332
479
423
323
376
460
306
385
463
376
459
381
467
331
360
309
394
491
391
257
294
333
394
397
408
420
399
326
540
388
348
421
464
250
413
396
376
401
361
433
373
400
422
350
510
347
255
379
503
335
430
407
355
458
331
266
367
399
417
517
441
387
274
283
508
480
354
440
405
399
303
538
433
581
463
353
419
428
365
311
425
413
332
353
330
328
479
400
430
352
526
288
470
538
475
276
361
227
422
379
413
501
412
355
566
474
350
386
454
244
185
320
391
371
330
481
347
248
489
354
353
449
446
339
305
404
488
377
456
335
397
450
466
322
401
361
274
480
446
403
542
339
367
433
462
363
450
426
386
252
315
414
470
452
420
367
313
333
198
297
405
372
0
475
129
435
262
755
