2219
2211
2207
2183
2111
2223
2579
2223
3051
2199
2211
2227
1218
2275
2263
2235
2067
2163
2467
2230
2359
2319
2175
2243
2358
2911
2099
2231
2619
3919
2015
2470
2639
2411
2259
2243
2255
2235
2598
2203
1131
2215
2315
2243
2470
2247
2203
2230
2423
2223
2231
2211
2323
2210
2378
2231
2015
2235
2274
2230
3271
2227
951
2227
2423
2218
3114
2234
3155
2255
3331
2219
3427
2207
2163
2243
959
2247
1051
2207
2107
2411
2983
2231
1195
2231
2219
2219
1123
2203
1191
2423
3315
3951
2191
2235
3011
1966
3067
2239
2227
2306
2231
2215
1931
2195
2219
2223
2347
2226
2383
2275
1115
2219
2403
2223
2339
2223
2271
2247
2219
2211
2242
2227
3187
2238
1115
2231
2255
2231
3338
2211
999
2235
2119
2223
883
2259
1195
2227
2543
2235
2171
2219
2143
2227
2211
3111
2206
2179
2259
2238
2271
2295
2259
2371
1927
2255
2439
2231
2707
2399
2375
2267
1275
2223
2170
2219
2507
2231
2303
2247
2271
2203
1163
2239
2390
2211
3003
2243
2307
2199
2235
2287
2971
2515
3123
2447
2250
2251
2055
2243
2147
2199
2219
2223
2251
2223
2243
2231
3343
3199
3183
2231
2895
2211
2303
2238
2275
2211
2367
2214
2279
2251
1255
2231
2342
2227
2511
2235
2091
2227
2239
2227
2467
2219
2267
2195
2079
1959
1559
2222
1491
2247
2179
2219
2351
2375
2207
2215
2306
2243
3211
2235
2367
2211
655
2247
2227
2194
2127
2235
2358
2223
2170
1907
2298
2203
2183
2235
1231
2251
2219
2211
2227
2279
2363
2231
2222
2363
2243
2111
2187
2226
879
2267
3990
2299
3263
2219
2455
2199
2250
2199
2251
2207
3131
2259
3299
2230
1603
2239
2131
2231
1559
3911
1567
2275
2287
2215
1751
2262
2235
2215
2139
2211
2235
2239
2191
2219
2579
2259
3243
1959
2418
2218
2266
2231
963
2202
3351
2211
3947
2227
3307
2191
2242
2231
2247
2263
3246
2227
2463
2211
3471
2398
2227
2235
2491
2211
2431
2267
1087
2223
2511
2211
2259
2235
1095
2191
2375
2203
2311
2191
2287
2310
1038
2299
3270
2231
2171
2187
2962
2243
2235
2278
2243
2211
2083
2231
2335
2219
2499
2223
2327
2274
2202
2219
1043
2231
2315
2267
2919
2295
1447
2322
3131
2263
3159
2219
2223
2207
951
2199
2202
2226
3403
2207
2667
2239
1463
2191
2278
2195
2879
2215
886
2275
2602
2623
1639
2203
3919
2159
1187
1919
1279
2223
3910
2435
2747
2266
1170
2231
2419
2391
2295
2251
2631
2235
2131
2703
1983
2227
2279
3059
1223
2343
2527
2815
2111
2239
2575
2231
2231
2158
2275
2207
2314
2291
2263
2211
2975
2039
1531
2263
2287
1991
2199
2231
2939
3511
3610
2250
971
2243
2327
2223
2851
1963
2239
2275
2995
2299
1338
2231
2763
2382
939
2247
2107
2207
3043
2275
2587
2382
2127
2234
2343
2223
1231
1887
2587
2251
2255
3002
2123
2075
935
2242
1775
1931
951
2243
2171
2230
1971
2058
1975
2047
2635
2550
3091
1043
1179
1742
1687
3702
1159
1895
3363
1963
1515
2443
1247
1287
2034
2151
2219
1331
2619
958
1587
1575
1366
2155
1751
1167
1435
1027
3987
2439
3182
2687
2243
1342
2435
3186
3883
399
1866
1195
1595
2687
2187
2303
1686
2287
951
1339
2439
1391
1882
2982
3899
1239
2083
2731
2339
2259
1655
3575
843
1155
1815
3071
2959
1263
2034
2751
1479
2618
1319
2391
827
2922
1346
2727
2639
1875
867
2394
1411
1407
1555
994
1639
2079
1047
1006
1862
2643
1819
1335
1791
2807
2659
2407
2035
3307
3423
1035
2419
2607
1546
2479
2135
1983
2075
2043
2075
1975
1935
2103
1951
2003
1887
1971
1959
1755
2015
1787
1687
1615
1543
1479
1515
1411
1491
1215
1330
2202
2211
247
431
1678
1399
1491
1959
1314
2703
3135
2247
3083
2335
1519
1459
2315
3026
1403
2223
1195
3007
1322
2647
2763
1691
894
2051
1711
1454
1558
2207
871
1115
1159
2163
1127
839
1531
3123
662
2103
1231
1190
1063
2035
1471
1599
2343
2163
3907
2422
4011
855
2615
2999
2323
2895
1807
2551
3355
855
1598
3279
2087
3959
1214
1911
2183
2334
2343
3355
2227
915
2366
3511
2491
2783
1567
3139
2314
2315
3226
2563
1607
1358
3702
1766
0
2018
2371
1067
2551
2923
3178
1007
2883
959
2035
915
1883
1615
1243
1450
2111
2387
2599
959
1319
887
2750
2115
1343
3255
1327
1979
2579
1131
1686
1862
1007
1027
979
1279
2499
1646
2202
2290
2366
867
2255
2179
3110
3843
1367
1374
2310
3015
867
1883
2847
1091
2083
3307
3303
823
1423
1503
1723
3063
1331
2199
935
2743
1475
2279
2203
2119
2279
1235
2351
2406
1375
3055
1066
1283
3247
1095
2123
2367
2271
2247
1047
2266
2130
2111
2950
1427
1787
1562
1819
1531
2222
1266
1295
1059
2587
1955
2450
1210
2342
2243
3138
1203
2123
1943
3267
3110
3554
1607
994
2219
2239
1151
1023
2287
2767
3574
1947
891
1091
3423
1031
1891
931
1582
1715
2295
1599
1423
975
1311
1455
2171
1243
1171
2375
2294
2943
2271
1139
2179
1390
2143
2927
2115
3027
2563
2218
2315
2206
927
1931
2615
1058
2271
3263
1339
2159
2911
1443
947
2875
2099
1238
2411
2303
2487
1115
3463
1455
1115
1535
3139
2195
3950
1203
2943
2543
2167
2146
3243
3919
3363
1835
2087
1427
971
1303
2111
2987
807
1483
3031
1003
2863
2295
2247
2855
3591
3383
2471
3219
1967
2555
1595
2171
1267
951
1434
2230
2247
2014
2407
2935
3463
1379
2243
1235
2906
971
1391
1219
1231
1275
3207
3139
999
2907
2222
2355
2994
2263
2235
915
1047
1903
2203
1539
3011
1530
2190
855
2243
2410
1503
1263
1331
931
3098
1198
3914
2198
2075
1519
1386
3471
1915
1127
1103
2247
2183
2459
3699
2267
947
951
1087
811
1050
1146
2290
2195
2195
2407
2819
895
3039
3399
1086
1247
1291
2155
1119
1295
2279
1135
3195
3103
3243
3159
3363
2211
