2227
2219
2203
1891
2215
2243
2139
2170
2234
2223
2211
2222
2235
2235
2214
2231
2223
2223
2223
2650
3919
2215
2519
2243
3927
2231
2247
2239
2039
2214
2223
2223
2207
2151
2323
2222
2403
2359
2343
2219
2239
2234
2119
2211
2255
2227
2219
2235
2238
2187
2255
2227
2231
2231
2362
2235
2207
2227
2223
2067
2890
2163
2258
2227
2107
2311
2219
2258
2219
2223
2235
2219
2227
2235
3918
2154
2331
3919
2219
3907
2255
2075
2199
2215
1979
2451
2223
4259
2227
2231
2223
2155
2207
2239
2223
2215
2371
2227
2211
2215
2226
2235
2235
2219
2231
2207
2263
2230
2251
2215
2227
2215
2215
2254
2227
3759
2227
2219
2223
3911
2231
2331
2363
2227
2291
2231
2207
2207
2203
2231
2223
2231
2187
2235
2047
2218
2559
2223
2031
2247
2215
2338
2203
2223
2223
2223
2218
2367
8035
2067
2234
2231
2231
2235
2231
2335
2219
2227
2223
2231
2231
2231
2215
3919
2215
2219
2215
2231
2379
2231
2103
2318
2538
2323
2214
4715
2243
2311
2923
2063
2147
2119
2083
2467
2283
2219
2239
2227
2179
2231
2235
2234
2255
2227
2223
2227
2246
2230
2123
2215
2238
2223
2319
1931
2227
2222
2231
2230
2247
1991
2211
2235
2262
2227
2227
2218
2235
2195
3771
2199
2243
2223
2223
2239
2243
2398
2230
2222
2234
2230
2207
2214
2279
2215
2235
2303
2275
2227
2123
2223
3919
2223
2235
1883
2134
2235
2367
2331
2235
2219
2206
2235
2951
2231
2230
2227
2503
2219
2243
2227
2227
2291
2235
2234
2079
2222
2226
2423
2219
2230
2219
2206
2239
2235
2219
2191
2259
2239
2219
2227
2239
2231
2235
2227
2219
2219
2230
2119
2231
2223
2231
2226
2079
2219
2239
2223
2223
2226
2219
2227
2223
2211
2223
2218
2155
2415
2215
2227
2227
2222
2215
2071
3879
2231
2239
2227
2243
2231
2218
2223
2250
2230
2247
2231
2159
2238
2635
2231
2843
2230
2207
2211
2043
2226
2239
2174
2143
2443
2039
2211
2219
2215
2223
2223
2235
2223
2239
2227
2211
2227
2231
2227
2211
2071
2223
2211
2235
2431
2235
2239
2243
2243
1963
2239
2219
2463
2491
2230
2219
2231
3923
2434
2251
2235
2223
2231
2215
2223
2159
2231
2223
2230
2235
2227
2243
2231
2227
2227
2215
3911
2230
2239
2119
2235
2223
3911
2215
2215
2234
2495
2231
2231
2219
2231
2211
2215
2246
2495
2231
2231
2535
2303
2215
3911
2215
2203
2255
2231
2215
2230
2234
3311
2075
2223
2239
2231
2227
2231
2231
2255
2215
2235
2319
2199
2219
2227
2215
2355
2211
2227
2279
2371
2223
2231
2219
2223
2223
2223
2231
2227
2242
2231
3919
2231
2423
2219
2219
2346
2235
2223
2227
2234
2387
2215
2107
2223
2230
2227
2234
2242
2231
2242
2250
2223
2231
2211
2231
2235
2191
2215
2234
2227
3198
2243
2243
2215
2239
2366
2227
2151
2387
2235
2243
2226
2203
2219
2587
2386
3155
2263
1299
2230
1259
2223
2231
2223
6255
2231
2451
2226
2283
2162
2215
2231
2479
2231
2234
2223
2227
2446
2255
2230
2231
2223
2235
2247
2227
2215
2339
2231
2215
2235
2494
2242
2263
1903
2487
2199
2226
2259
2075
2227
2239
2339
2223
2191
2231
2223
2231
2231
2223
3919
2239
2219
2231
2231
2239
2243
2215
2619
2511
2234
2474
2231
2211
2218
2242
2247
2223
2223
2247
2219
2223
2167
2223
2219
2239
2235
2238
2227
2231
2231
2207
2203
2235
2247
3922
2227
2251
2251
2231
2211
2227
2914
2339
2239
2226
2223
2207
2211
2247
2219
2374
2599
2239
2455
2243
2219
2226
2219
2231
2423
2475
2223
2235
2286
2239
2219
2519
2235
2239
2239
2251
2231
2223
2219
2207
2222
2215
2223
2227
2219
2239
2219
2227
2230
2235
3911
2251
2251
2223
2231
2247
3919
2227
2223
2215
2223
2351
2238
2179
2231
2219
2223
2227
2202
2243
2222
2231
2091
2231
2231
2246
2227
2211
2514
2251
2230
2243
2238
2235
2243
2235
2366
2231
2219
2227
2223
2243
2259
2239
2235
2243
2259
3914
2227
2223
2251
2211
2219
2770
2234
2230
3919
2215
2215
3279
2246
2231
2587
2227
2063
2227
1975
2215
2250
2186
2223
2223
2243
2219
2230
2239
2239
2234
2227
2222
1978
2234
2230
2239
2231
2254
2222
2238
2207
1975
2219
2239
2447
2235
58595755
2226
2239
2219
2214
2243
2175
2214
2234
2231
2311
2223
2219
2231
2223
2215
2227
2223
2439
3919
2246
2203
2235
2234
2234
2399
2227
2235
2263
3931
2219
2271
2075
2239
2235
2238
2239
2231
2243
2079
2238
2235
2219
2231
2234
2219
2219
2354
2223
2255
2219
2191
2231
2230
2227
2239
2215
2219
2518
2247
2239
2231
2235
2219
2219
2371
4099
2238
2199
2259
2223
2571
2223
2239
2315
2375
2231
3883
2223
2219
2278
2375
2211
2227
2139
2234
2226
2303
2231
2223
2231
3919
2223
2234
2271
2235
3350
2226
2103
2218
2655
2215
2235
2239
2223
2254
2250
2235
2234
2203
2339
2247
2223
2223
2243
2243
2331
1955
2219
2219
2223
3923
2227
2215
2231
2235
2247
2223
2186
2511
2215
2231
2239
2219
2226
2211
2239
2223
2527
2239
2211
2215
2231
2223
2239
2363
2231
2239
2251
2271
2231
2235
2255
2230
2231
2255
2219
2207
2434
2243
2235
2287
2147
2234
2235
2223
3055
2235
2227
2231
2227
2223
2238
2239
2487
2239
2215
2227
2527
2247
2411
2234
2235
2243
2239
2235
2247
2234
2290
2203
2179
2239
2207
3919
2238
2179
2207
2174
2219
2251
2207
2231
2222
2235
2123
2199
2299
2163
2207
2247
2463
2219
2223
2167
2215
2223
2235
2419
2199
2250
1939
2235
2215
2139
2223
2219
2227
2227
2235
2239
2215
2227
2227
2235
2235
2255
2207
2266
3923
2211
2238
2247
2219
2235
2259
2259
2271
2231
2223
2235
2243
2259
2223
2210
2215
2207
2211
1918
2183
2215
2239
2239
2227
2282
2231
2227
2207
2251
2231
2215
2203
2231
2362
2207
2239
2223
2315
2219
2235
2227
2235
2239
2187
2234
2239
2231
3902
2075
2303
2215
2251
2227
2235
