683
823
815
819
590
859
678
882
570
967
874
722
651
963
634
810
550
779
709
827
567
950
666
802
631
787
678
899
695
970
658
823
543
866
851
807
643
1022
735
855
619
831
651
839
538
863
511
991
579
811
687
833
682
767
647
971
631
767
555
783
810
834
813
845
651
783
734
919
727
906
723
803
706
750
671
927
699
790
615
775
515
843
671
859
690
831
758
935
673
795
727
938
471
879
663
855
575
839
750
935
679
843
542
855
778
775
603
871
726
902
683
875
677
829
658
971
599
963
626
1063
687
843
702
982
727
827
723
822
781
975
715
854
739
795
615
842
631
863
803
963
699
955
715
854
695
774
657
939
814
873
626
759
799
758
527
719
463
879
687
819
781
803
731
955
678
791
531
911
575
975
745
821
691
843
633
847
734
871
591
870
555
887
703
823
738
979
675
851
675
758
655
919
687
855
726
851
663
827
615
951
609
858
795
815
575
790
663
826
723
946
686
999
634
907
659
679
706
951
790
766
669
855
683
771
647
830
745
922
663
819
759
843
638
750
667
855
546
981
627
915
699
703
807
835
751
975
458
971
511
707
667
766
783
703
621
902
799
883
722
835
855
819
687
855
638
819
819
887
754
791
746
1023
554
807
727
835
625
947
745
887
639
726
566
895
602
906
579
903
705
854
687
795
787
819
723
803
611
887
721
795
535
863
739
1039
610
891
670
871
635
946
699
959
691
723
671
1051
639
875
638
1035
735
694
587
859
679
791
707
739
795
917
639
790
646
927
843
894
682
767
639
823
677
914
791
851
755
742
686
875
627
827
779
883
631
967
710
915
687
903
399
935
639
783
686
999
690
822
622
922
742
878
707
927
822
910
655
779
599
803
735
783
811
799
723
895
735
851
775
979
659
975
723
947
782
823
691
963
689
814
655
943
711
895
771
811
687
915
835
882
739
814
643
779
651
723
783
803
611
790
546
863
730
850
698
933
615
847
775
931
771
859
875
911
571
879
575
869
715
815
703
959
578
962
779
865
647
730
611
963
599
955
775
943
698
922
651
875
687
887
687
835
854
791
539
831
543
831
758
927
455
846
759
910
787
875
726
859
547
895
679
922
691
810
689
807
506
831
671
994
691
834
691
746
511
889
739
943
718
619
382
654
298
515
475
871
675
835
757
823
715
778
693
467
641
603
807
606
707
579
599
707
702
545
611
495
737
798
683
671
770
662
607
583
595
719
687
578
610
690
811
709
514
683
747
658
643
635
675
627
679
695
679
591
735
691
687
546
482
547
611
726
563
567
687
618
606
571
611
674
655
687
587
710
654
579
507
603
622
503
726
550
710
563
678
510
567
630
567
667
685
638
634
674
515
606
823
614
727
511
538
591
747
754
711
675
691
711
675
607
595
743
606
694
563
583
603
587
587
587
587
587
587
587
587
587
587
587
587
587
587
587
587
587
587
587
587
587
587
587
587
587
587
731
606
495
642
747
703
463
611
765
759
587
655
725
617
703
739
647
599
611
739
621
719
731
754
618
639
619
675
635
691
639
819
719
631
682
743
439
751
647
643
443
594
709
575
822
507
731
647
551
675
647
657
603
578
679
630
598
643
499
655
447
779
602
839
639
614
571
663
726
555
614
695
635
747
723
671
594
727
755
855
534
535
523
785
683
705
678
543
490
706
658
678
731
615
711
735
754
635
655
619
635
626
609
611
679
663
686
539
698
682
669
591
675
611
678
763
639
623
619
583
547
527
511
691
683
557
663
635
803
699
743
583
675
703
583
615
579
450
571
647
559
667
695
647
699
727
553
659
729
567
551
703
675
611
614
615
763
659
539
707
590
734
658
619
639
530
619
475
707
551
643
687
642
695
630
651
613
715
634
690
719
759
619
753
631
587
654
634
587
647
635
679
639
747
619
627
527
707
803
562
539
611
671
831
499
763
555
770
611
771
590
690
675
713
607
739
531
769
795
731
691
722
603
650
674
802
657
603
675
654
679
763
595
679
747
647
683
743
590
735
551
647
583
523
639
747
451
523
570
707
563
599
547
487
747
607
617
699
642
719
626
762
747
455
778
715
651
662
594
611
755
699
643
671
698
583
635
691
666
607
695
679
723
727
571
703
725
667
630
755
611
567
714
551
730
659
683
711
647
747
575
663
678
655
659
627
607
602
739
742
731
579
451
563
603
606
745
643
570
671
682
595
631
742
749
606
494
599
663
633
511
587
583
562
710
699
617
734
703
726
639
727
655
798
651
751
643
619
819
690
647
611
571
670
503
673
735
543
395
767
671
595
538
606
610
615
799
666
505
581
503
550
567
643
639
730
507
398
387
259
342
595
635
