375
643
531
627
462
763
414
595
337
655
307
467
577
658
358
567
419
418
507
629
459
523
450
614
393
635
359
651
523
706
379
623
491
739
399
511
401
490
331
670
503
818
566
710
447
650
411
487
519
545
363
663
523
479
374
639
363
719
507
534
347
699
509
674
445
703
425
631
567
555
442
519
439
779
470
618
371
649
510
614
358
638
511
639
543
565
479
651
383
599
549
485
599
674
415
650
395
599
323
550
363
599
418
566
474
561
507
653
289
575
558
607
391
615
485
582
699
631
443
735
515
555
435
735
402
711
551
674
475
515
495
570
467
478
426
611
394
649
347
666
526
647
579
627
459
635
415
655
515
639
567
635
423
627
407
527
415
682
449
611
507
622
606
567
350
719
583
570
295
622
331
587
567
557
459
583
555
607
517
607
385
642
211
703
466
678
430
587
375
637
375
655
427
643
287
503
407
599
354
567
371
635
343
667
309
610
415
525
334
727
347
735
451
707
519
639
538
623
383
571
370
707
450
743
355
643
481
582
534
618
386
691
359
590
370
758
519
555
466
654
418
574
470
687
379
619
523
627
291
635
434
539
267
643
431
686
467
523
427
662
307
577
457
662
305
757
417
643
494
631
573
675
463
599
413
587
510
678
347
498
451
579
563
643
527
566
567
655
575
619
449
651
389
821
361
575
482
622
493
687
403
711
390
690
238
595
387
570
401
669
482
718
515
546
383
674
359
695
398
591
495
675
483
715
331
603
478
783
311
574
463
759
459
723
455
693
447
721
423
663
307
511
403
539
330
535
465
667
459
639
529
599
335
677
379
595
439
574
413
691
333
725
303
546
334
730
401
539
415
631
473
679
449
774
453
779
485
535
490
597
390
703
430
519
443
575
545
750
395
770
391
399
255
527
439
662
533
775
255
823
463
667
583
710
386
599
367
586
303
571
415
677
427
545
435
710
459
674
243
623
435
671
415
751
374
599
387
599
403
579
493
699
477
695
537
567
474
731
435
663
507
619
378
631
438
682
385
693
390
678
331
721
422
543
471
629
350
631
423
711
419
535
503
767
423
597
379
415
406
679
505
595
383
621
401
666
367
647
507
725
519
667
502
651
534
463
457
651
575
625
339
677
393
611
311
531
379
631
154
367
203
369
123
590
295
477
335
643
313
559
387
367
319
519
467
519
355
555
401
267
547
363
342
534
363
343
371
511
523
387
406
514
451
527
443
543
375
534
399
311
482
390
459
387
479
405
659
427
462
423
495
303
359
399
575
371
407
422
435
434
358
319
445
466
355
335
403
414
539
455
403
462
515
363
390
474
358
326
625
335
414
506
423
375
422
403
563
357
355
439
391
401
335
519
507
439
371
406
310
378
267
395
423
446
379
551
347
318
490
338
481
387
519
487
375
339
343
263
486
373
474
369
350
466
471
395
391
335
509
541
515
295
453
262
431
390
211
375
471
355
374
411
607
478
459
359
345
541
409
411
527
419
499
359
367
373
477
418
574
355
507
442
431
479
387
331
381
423
318
354
347
507
398
485
423
279
483
493
470
515
547
466
225
355
453
470
439
559
515
327
402
415
431
457
410
395
375
266
398
473
399
419
494
275
579
365
395
502
479
431
481
347
478
646
319
459
545
362
439
306
470
373
490
431
439
407
395
295
474
470
393
362
371
343
319
426
473
323
399
511
411
491
451
430
351
231
365
391
499
583
391
467
547
439
418
283
459
495
423
447
405
459
247
359
483
475
503
379
449
403
411
423
431
437
259
363
469
318
387
525
394
383
427
363
407
363
443
399
635
355
507
255
351
342
323
427
339
271
441
271
406
399
579
355
399
415
451
347
407
474
474
367
359
289
379
539
479
399
450
431
371
343
391
399
525
435
382
395
435
381
433
258
403
415
377
423
286
327
271
346
275
427
355
345
411
301
390
435
447
187
407
274
387
451
367
438
335
483
423
322
379
467
310
390
471
383
469
385
471
337
367
313
397
491
395
265
298
338
398
399
407
423
403
331
547
391
357
426
470
254
418
403
383
406
365
438
377
407
423
355
514
351
255
387
507
339
434
407
359
462
335
269
371
403
423
522
445
391
275
291
515
483
359
447
410
403
307
543
437
583
467
355
423
435
370
311
431
415
335
351
335
335
479
403
435
361
530
293
473
539
475
283
365
231
426
382
417
509
419
359
570
478
354
391
459
249
187
323
395
371
334
479
351
251
491
359
357
453
451
339
309
409
495
379
465
335
399
451
471
326
406
363
278
483
447
403
547
343
370
438
467
366
455
430
390
255
315
418
474
459
419
371
311
337
202
301
407
375
0
478
131
439
266
763
