515
682
585
715
718
971
547
883
514
673
474
739
659
699
573
850
582
786
523
726
594
935
703
950
779
762
631
915
570
690
503
773
617
821
567
810
725
682
630
822
591
895
466
891
621
699
611
702
587
939
631
749
535
654
587
810
539
839
538
727
675
595
529
815
667
887
547
887
570
771
535
975
599
881
647
922
659
757
685
733
527
811
691
671
595
675
582
757
551
905
507
863
638
801
518
863
730
746
663
883
554
806
627
823
539
685
443
753
643
771
655
839
707
707
669
701
507
902
575
827
453
705
605
957
482
795
479
835
753
874
707
841
763
855
537
797
671
762
571
769
503
773
646
869
619
787
543
919
437
751
679
867
515
867
655
795
433
818
587
755
550
787
751
702
558
727
470
821
633
759
649
767
589
914
626
989
601
854
675
707
511
842
602
787
677
995
435
831
590
726
557
795
619
809
469
723
523
682
646
722
579
879
651
727
687
843
419
798
523
835
650
859
579
738
617
795
602
829
495
602
546
746
529
719
611
839
578
822
459
743
614
905
557
765
613
738
565
718
651
974
625
987
511
775
429
794
658
778
539
826
558
822
629
807
531
782
571
863
571
769
567
769
643
935
659
697
591
778
635
819
695
715
589
699
623
899
570
915
509
923
678
751
642
882
535
723
675
773
707
759
659
871
463
725
555
905
546
787
727
842
461
774
513
723
539
762
574
731
665
889
591
714
662
763
539
679
579
843
479
663
639
1035
453
791
554
799
567
887
577
909
638
671
582
642
762
694
582
801
693
843
727
841
565
841
405
758
543
957
582
863
471
1017
579
859
553
843
581
705
561
718
663
675
642
819
643
798
635
898
530
705
578
778
575
639
563
755
546
651
525
813
623
762
695
839
686
757
554
949
569
815
433
771
635
862
594
867
643
733
643
819
499
790
642
649
403
831
643
665
646
839
482
945
694
859
563
787
487
763
531
783
645
813
577
781
611
939
647
811
530
783
723
807
635
823
578
839
530
887
777
681
589
623
555
874
613
894
669
739
531
715
538
827
687
918
605
823
558
667
698
839
634
815
702
831
595
839
585
806
543
893
581
871
679
778
695
711
511
749
551
891
562
1039
737
738
571
715
551
887
458
843
509
742
526
609
671
737
635
687
307
587
301
471
295
945
461
670
403
698
641
729
631
597
685
601
607
630
666
535
471
479
569
627
385
481
722
726
334
531
691
455
499
599
669
655
611
531
549
535
665
462
599
503
569
489
635
481
470
467
619
503
666
539
602
495
585
621
611
685
635
542
597
529
643
615
626
461
642
434
643
501
526
363
558
523
574
706
538
559
555
623
565
637
551
487
607
689
583
563
669
598
454
454
610
583
614
638
503
447
394
662
555
579
667
390
623
595
559
497
522
558
558
387
538
487
527
634
634
634
634
634
634
634
634
634
634
634
634
634
634
634
634
634
634
634
634
634
634
634
634
634
634
595
535
506
447
450
513
387
543
534
658
563
525
565
609
574
714
627
383
471
473
543
545
570
402
599
451
402
543
398
467
486
519
502
519
691
563
473
603
695
499
427
487
555
569
527
502
535
571
634
642
387
589
563
590
615
557
489
473
486
431
463
663
535
662
651
427
638
669
437
674
439
555
534
549
475
638
547
573
551
555
551
591
467
586
651
587
566
658
343
551
441
649
443
411
451
651
563
579
465
439
590
518
575
377
687
430
471
522
575
575
519
519
659
591
539
617
531
498
457
518
483
619
531
495
451
733
707
527
639
677
366
603
523
579
594
661
502
551
502
531
379
659
547
567
586
565
410
619
631
553
502
621
593
525
479
703
471
575
547
622
503
702
693
610
474
486
483
641
467
447
462
613
515
565
499
695
447
578
441
621
518
475
578
522
605
759
445
547
597
607
434
687
518
507
639
569
711
531
533
418
589
571
651
593
519
511
499
658
474
527
583
567
531
581
515
527
575
495
559
458
471
486
577
733
537
527
633
499
627
519
615
486
475
626
665
611
481
577
387
507
423
619
523
654
459
617
471
454
471
583
343
625
607
679
475
431
330
559
493
599
463
577
491
703
665
502
439
619
633
731
467
625
555
747
587
587
507
639
411
575
514
435
482
629
553
594
495
555
771
649
595
465
675
533
521
585
567
686
611
535
595
595
751
563
491
687
551
423
535
562
611
721
563
702
563
654
511
649
523
401
406
523
541
579
595
535
566
483
523
699
519
655
519
669
589
555
493
679
591
553
694
669
431
539
638
635
586
581
609
549
531
615
518
498
514
459
695
594
729
569
471
455
539
547
647
467
558
663
391
617
417
587
555
535
547
443
533
765
566
967
345
434
987
