322
554
439
611
398
687
443
727
371
703
562
623
374
663
343
495
451
563
391
671
343
723
451
435
479
651
463
542
251
651
351
711
426
655
551
679
483
497
385
550
453
587
355
550
359
643
467
591
467
587
551
579
454
718
431
523
406
594
423
643
383
607
458
651
435
690
623
627
447
631
411
623
447
599
427
475
611
523
362
559
459
611
487
470
557
639
435
635
479
634
426
622
415
707
314
698
406
559
359
754
415
654
466
731
347
595
286
555
438
729
427
575
531
655
310
587
519
639
466
587
455
579
471
719
447
578
391
647
418
695
446
703
379
587
439
679
445
629
431
743
425
775
379
601
479
706
446
766
386
503
463
519
331
435
407
569
527
622
414
619
611
854
479
658
510
637
534
638
463
591
475
643
430
595
577
623
426
771
338
735
411
543
223
563
523
793
537
578
459
603
453
595
531
662
511
594
435
663
558
731
319
646
450
579
459
687
359
618
359
663
435
719
431
665
358
522
375
579
387
651
403
703
435
751
510
618
391
611
422
631
303
515
478
471
430
623
446
430
491
766
407
563
567
547
267
511
515
582
486
706
435
639
559
495
543
842
386
698
490
627
337
431
395
451
475
587
479
603
403
641
331
591
471
659
535
559
283
539
390
603
369
619
443
619
490
722
539
554
478
721
415
503
451
710
450
610
519
662
522
619
263
663
351
707
423
499
531
663
423
503
427
799
487
723
423
567
431
583
463
670
391
639
379
615
455
774
326
723
399
683
450
563
435
635
526
691
435
650
507
613
390
555
463
691
510
555
422
627
359
567
394
650
298
714
495
657
371
611
498
650
407
635
350
675
318
639
487
571
639
631
458
678
651
638
507
639
519
599
431
515
423
551
374
826
450
675
367
722
391
687
351
573
515
683
411
655
555
622
510
675
305
658
491
635
499
659
327
651
479
551
467
735
335
549
402
802
471
639
537
755
427
545
547
714
559
515
458
534
339
711
343
423
339
594
475
639
362
655
415
723
447
567
531
691
462
714
379
734
415
603
543
594
506
883
539
699
431
459
495
607
451
571
523
619
574
743
639
754
387
494
570
693
331
671
362
698
319
663
587
665
423
631
342
563
531
655
491
607
411
662
567
726
319
617
426
542
419
494
39
254
279
315
122
671
418
646
303
547
367
598
470
419
411
287
415
515
443
415
507
427
423
359
603
509
379
247
419
347
462
370
331
399
403
415
571
451
387
347
343
283
439
439
567
447
507
327
443
586
367
415
523
307
402
399
515
487
459
446
381
447
409
383
391
250
519
342
267
306
363
447
455
319
427
478
419
471
554
527
463
398
399
451
499
435
322
434
518
531
398
391
519
427
423
479
443
419
543
342
375
383
427
535
490
243
381
519
427
349
503
343
615
353
418
342
322
471
407
383
315
343
467
491
342
435
427
375
247
318
455
415
595
291
483
399
403
263
443
319
571
546
363
473
395
319
334
491
471
399
495
363
371
363
370
443
559
402
390
395
538
215
555
399
407
491
435
415
471
435
387
351
439
375
463
455
323
479
523
359
379
491
471
393
394
331
467
503
475
535
331
355
414
395
535
443
351
423
435
343
435
259
406
511
599
355
519
507
426
403
391
414
466
387
426
323
403
435
387
523
458
467
349
462
510
390
475
347
399
483
371
522
407
254
602
318
571
387
615
487
455
399
446
399
547
483
378
399
435
366
343
378
407
515
387
523
299
523
523
483
478
179
379
323
391
403
463
487
323
583
419
363
478
395
455
347
490
539
439
386
446
285
358
393
398
359
475
367
379
359
431
439
563
323
526
371
395
447
361
539
523
367
355
399
402
438
535
367
521
402
371
494
386
331
257
386
418
314
471
387
483
439
311
363
335
507
435
486
385
439
483
338
369
371
555
391
467
427
507
502
363
347
391
407
426
451
547
429
399
439
570
470
406
415
523
419
394
515
331
439
455
371
386
395
543
379
426
371
350
391
591
350
295
375
442
350
343
294
453
434
503
366
441
413
239
319
465
479
551
279
407
471
435
335
479
391
431
431
454
447
425
438
526
307
386
291
306
514
378
335
358
279
410
371
487
403
467
462
435
347
419
366
526
423
447
357
255
403
342
410
439
375
346
371
355
494
314
319
331
323
363
443
370
407
411
363
243
431
495
339
571
379
411
335
385
479
323
403
383
318
443
410
491
418
439
299
459
422
481
471
394
411
518
351
438
374
511
498
418
345
483
466
407
547
463
327
439
463
535
475
399
335
447
410
455
291
375
350
387
427
351
311
259
367
443
295
407
335
347
367
445
411
415
183
271
239
374
247
486
279
387
451
187
139
386
529
