255
503
359
543
343
455
463
587
379
539
235
435
331
495
323
479
267
567
327
507
195
407
339
323
427
363
275
595
259
499
239
587
443
639
103
591
203
555
359
443
339
519
327
523
239
487
283
419
315
419
227
483
407
503
371
435
267
467
367
615
375
571
359
551
395
595
367
591
471
575
299
607
303
447
295
607
311
531
255
399
351
539
275
431
183
627
239
507
355
495
203
515
223
583
347
491
339
491
355
555
399
443
307
467
295
459
239
499
291
455
291
591
315
567
387
575
235
543
319
443
275
667
251
515
219
375
383
647
495
491
375
423
327
559
299
443
463
539
315
467
215
471
263
623
279
419
335
643
215
431
291
439
307
507
311
611
271
543
199
539
323
555
279
587
299
551
247
527
315
643
335
507
175
655
339
603
263
455
399
403
271
575
295
519
167
479
275
407
251
395
427
507
399
543
291
543
355
387
303
499
371
455
375
575
387
475
367
507
263
559
359
635
311
575
327
551
227
491
283
371
331
571
391
435
379
515
351
699
243
507
383
547
147
543
291
503
375
427
459
483
527
531
395
427
427
567
239
603
363
491
163
331
367
483
231
563
399
559
391
599
319
503
287
543
239
495
367
587
255
515
455
499
455
535
203
547
403
475
271
603
207
507
251
495
255
435
339
591
331
495
195
395
227
519
259
535
339
423
375
511
263
539
383
759
343
523
267
535
239
399
387
583
271
519
403
723
383
407
351
627
343
439
475
583
387
351
443
607
363
595
283
447
267
527
403
527
351
559
343
619
287
439
423
483
235
395
339
559
359
511
383
503
375
547
471
475
323
443
139
463
163
571
199
535
307
479
219
563
267
635
403
599
195
479
295
499
319
367
271
599
207
463
327
483
491
423
355
639
355
343
303
319
231
551
219
387
363
451
299
643
307
467
327
543
419
451
175
543
407
531
279
595
487
483
303
527
287
507
427
575
303
751
231
391
467
391
367
511
235
395
403
503
303
595
267
403
319
415
379
607
415
339
307
495
315
523
319
519
319
555
387
375
387
491
303
567
127
547
427
507
367
399
355
451
303
523
291
551
279
515
371
515
231
599
455
435
331
563
411
419
263
571
183
527
391
479
387
455
295
495
375
407
395
551
375
635
247
379
51
343
55
151
203
535
287
631
343
443
391
291
251
315
243
227
335
359
163
179
67
315
315
215
343
171
283
263
203
291
371
295
343
247
407
227
283
351
143
175
359
243
251
155
311
151
279
335
435
279
355
247
287
307
299
351
207
195
211
307
327
255
371
291
367
267
211
331
423
179
395
251
271
151
375
319
327
195
375
207
315
391
411
343
443
275
255
139
255
399
323
255
303
335
347
363
147
371
299
267
163
259
235
219
315
135
351
231
251
347
427
251
315
231
419
299
155
311
311
311
311
311
311
311
311
311
311
311
311
311
311
311
311
311
311
311
311
311
311
311
311
311
311
355
275
279
359
307
419
227
243
223
335
191
271
247
343
219
299
255
283
279
231
339
491
155
411
247
355
235
339
275
391
367
331
295
303
291
367
283
299
283
271
391
331
275
283
399
267
347
435
271
371
63
331
331
239
243
251
287
347
211
383
223
395
271
431
295
315
331
351
407
275
259
203
227
303
175
351
339
243
283
335
299
451
347
287
143
287
247
403
167
395
175
75
311
359
311
355
347
155
319
335
455
211
267
359
203
435
99
295
395
323
275
331
339
307
259
243
243
275
283
239
155
243
275
303
235
103
231
391
287
283
215
347
239
331
299
339
247
279
119
351
371
387
231
195
199
231
315
503
347
227
291
307
247
299
379
387
335
299
159
319
195
171
463
311
387
343
251
379
403
155
171
187
347
323
295
115
251
255
175
279
319
415
211
299
359
299
351
283
259
219
187
323
383
215
111
199
243
315
259
243
315
231
259
259
95
223
307
439
291
271
167
335
299
315
283
307
243
391
171
407
311
323
231
335
419
391
279
295
235
175
231
195
399
375
319
311
347
455
219
359
283
323
187
415
327
363
267
315
227
351
375
347
247
223
267
323
323
343
459
327
219
323
235
295
303
303
275
323
347
267
187
415
379
259
387
363
127
291
371
303
315
415
303
355
227
359
451
239
335
231
263
419
267
291
255
539
83
279
211
371
327
327
211
271
219
331
187
343
283
195
307
207
371
131
291
323
363
259
135
291
439
383
147
303
219
223
343
275
151
355
303
243
239
319
311
379
335
335
239
387
247
387
219
419
235
259
163
403
243
267
219
447
259
387
355
387
211
327
203
339
263
207
267
155
263
259
315
351
303
295
171
163
299
255
271
243
347
659
343
103
407
715
435
