698
890
522
739
563
869
517
823
491
851
635
906
626
915
671
759
638
919
651
879
647
827
625
797
449
679
558
839
421
875
497
887
543
715
682
857
495
699
557
762
442
791
437
655
494
906
667
795
593
829
611
793
574
854
787
775
566
755
619
747
617
859
598
823
687
857
679
887
603
806
449
765
607
829
635
850
631
815
783
931
674
927
565
982
535
782
621
841
646
794
475
870
701
841
683
870
575
767
706
959
567
889
426
817
623
683
614
755
566
661
569
741
686
907
647
755
594
779
553
786
619
729
554
670
581
774
611
787
753
785
727
826
578
827
571
1017
603
809
794
750
737
751
570
822
613
814
597
838
603
942
541
761
571
759
579
857
610
726
543
699
633
753
665
791
451
771
729
953
470
819
466
843
637
901
555
769
535
781
646
821
559
835
575
887
539
734
579
805
586
817
623
947
503
761
629
811
735
727
534
898
594
763
579
821
635
926
525
855
450
687
674
794
497
730
505
791
593
847
645
794
535
767
653
950
566
789
715
778
715
671
590
845
646
803
530
719
642
743
667
881
623
787
765
775
695
682
735
705
465
815
559
723
714
763
619
883
451
798
618
919
591
819
517
807
625
759
678
791
459
754
555
881
559
795
607
890
609
679
669
782
653
841
507
718
371
843
589
882
499
713
671
750
619
745
713
902
541
775
749
825
555
803
679
907
653
839
723
801
435
711
506
818
617
762
657
651
603
754
547
911
658
823
639
769
613
649
765
790
606
822
677
779
642
723
671
929
681
907
763
835
581
755
659
807
493
774
675
985
462
783
543
847
597
759
529
723
610
803
490
811
551
686
627
786
514
815
599
947
583
682
738
901
741
673
685
923
690
789
666
754
687
783
481
879
674
843
673
983
511
618
550
722
575
911
633
795
478
837
607
773
653
870
558
711
622
915
735
770
615
783
535
799
607
881
718
785
605
823
619
791
697
755
513
675
523
738
562
675
615
779
577
805
614
699
454
875
562
786
581
783
550
785
555
833
571
695
571
946
607
675
627
827
551
717
567
798
506
687
679
775
619
791
563
849
619
791
627
799
603
786
607
857
597
641
651
815
607
885
635
862
511
726
455
915
639
777
705
769
674
735
559
743
491
727
575
723
649
631
235
606
327
454
147
859
475
687
603
902
531
687
491
590
637
574
578
558
591
598
709
631
511
533
379
615
469
403
482
559
537
505
474
505
562
575
481
627
563
659
549
397
603
474
578
615
599
679
637
566
595
509
505
781
507
627
555
413
629
565
473
559
682
619
389
622
687
599
595
538
725
553
594
509
558
479
597
567
446
609
498
675
667
683
538
595
710
515
625
423
649
575
395
595
579
511
657
475
427
518
511
581
695
537
403
511
615
719
527
474
645
581
567
538
526
502
437
502
627
377
565
611
681
585
535
453
563
557
573
470
607
534
505
505
679
573
635
567
630
661
443
531
591
693
613
709
542
615
463
511
554
573
589
562
575
503
506
551
503
614
727
603
767
523
467
619
414
493
706
569
499
515
563
489
615
471
635
587
687
423
513
619
731
551
565
587
611
679
603
467
533
667
722
550
587
523
690
711
623
473
715
442
431
535
627
610
647
607
739
585
557
591
422
502
619
582
471
530
607
711
563
571
475
554
619
570
482
491
583
463
606
542
611
585
579
622
419
485
543
473
502
509
559
499
481
517
442
691
543
507
625
638
677
599
590
675
683
637
637
563
589
577
457
423
579
563
571
591
621
537
469
511
647
469
717
526
481
533
627
434
738
574
603
633
507
567
419
491
546
469
575
583
579
525
695
534
593
571
434
698
642
574
575
542
775
674
518
629
571
609
651
535
531
559
551
694
539
611
623
558
535
446
555
595
529
571
723
519
559
477
509
642
502
499
538
521
521
629
571
595
605
627
674
550
489
531
435
593
386
529
614
595
735
527
673
593
618
697
658
507
651
670
385
483
447
470
717
538
531
522
634
618
595
411
521
489
733
662
598
373
463
723
562
583
503
549
557
490
566
430
487
527
689
479
610
699
619
470
418
481
595
555
587
587
483
623
643
577
527
539
566
585
567
650
559
522
419
562
625
602
591
493
407
602
738
749
566
513
527
534
681
615
711
474
535
675
478
519
638
471
567
558
789
487
527
665
619
579
411
514
482
594
505
535
471
591
563
487
555
490
641
483
739
619
619
655
647
541
615
575
589
563
574
507
526
547
627
754
459
603
479
450
719
330
574
491
567
650
521
455
722
677
590
486
619
585
527
537
618
499
679
534
558
547
511
555
503
542
683
445
634
578
405
538
482
513
581
547
590
646
379
399
0
578
605
681
