1795
1887
1691
1787
1723
2038
1763
1891
1595
1779
1915
1863
1566
2015
1763
1963
1783
2091
1719
1854
1723
2003
1687
1811
1795
2079
1623
1943
1719
1883
1814
2079
1875
1911
1691
1895
1775
1863
1611
2027
1643
1991
1715
1922
1735
1895
1627
1899
1599
1986
1763
1915
1615
1935
1743
1983
1711
1835
1767
1935
1715
1943
1659
1947
1679
1951
1647
1943
1679
1887
1759
1895
1759
1979
1651
1807
1671
1879
1759
2059
1663
2115
1883
1899
1771
1859
1707
1959
1863
1859
1750
1767
1667
1770
1727
2043
1663
1847
1623
1931
1711
2003
1847
1959
1715
1907
1715
1955
1966
1711
1795
2023
1687
1831
1711
2063
1695
2003
1731
1999
1726
1951
1687
2083
1687
1911
1778
2067
1827
1891
1570
1939
1698
1903
1735
1939
1615
1927
1727
1991
1603
1759
1715
1999
1803
2002
1699
1995
1799
1919
1759
1907
1683
1911
1610
1994
1555
1950
1683
1887
1683
1970
1671
1838
1631
1951
1723
1947
1742
1831
1575
1787
1711
1823
1815
1927
1870
1843
1787
2043
1711
1907
1603
1767
1570
1999
1783
1859
1795
1903
1623
1875
1670
2091
1767
1923
1619
1827
1702
2011
1691
1835
1770
1907
1883
1979
1795
1842
1663
1914
1723
1990
1719
1855
1543
1963
1831
1923
1867
2035
1735
1903
1711
1775
1659
2063
1647
1987
1767
2127
1579
1819
1726
1899
1667
2003
1706
1959
1779
1963
1759
1915
1806
1938
1679
1863
1710
1971
1735
1975
1875
1783
1803
1926
1659
1891
1763
1955
1751
1899
1742
1955
1791
1975
1735
1870
1731
1927
1647
1983
1711
1999
1911
1919
1659
1991
1839
1919
1819
1851
1671
1991
1655
1979
1635
1967
1722
1998
1683
1991
1743
2046
1471
2031
1691
1983
1827
1755
1775
1995
1663
1991
1671
1947
1767
1954
1754
1987
1687
1887
1791
1903
1659
1959
1651
1711
1607
1939
1675
1963
1683
1827
1743
1959
1711
2063
1799
1775
1571
1878
1687
1943
1739
1878
1771
1907
1687
1815
1647
1859
1795
1867
1803
1926
1618
1879
1674
1787
1758
1791
1603
1918
1587
1891
1643
1895
1799
2007
1743
1891
1607
1831
1671
1923
1799
1923
1767
2067
1803
1883
1659
2051
1691
1739
1850
1935
1683
1886
1815
1754
1675
1915
1727
2007
1607
1983
1719
2011
1771
2038
1758
1895
1643
2006
1791
1975
1711
1887
1683
1943
1799
1827
1799
1883
1706
1923
1807
1919
1659
1995
1874
1902
1739
1803
1695
1839
1790
1995
1827
1923
1726
1775
1791
1895
1675
1927
1691
1903
1667
1767
1751
1883
1739
1995
1763
1891
1647
1959
1687
1991
1711
1875
1759
1838
1902
1827
1719
2014
1763
1942
1759
2039
1739
1966
1859
1955
1810
1998
1722
1802
1787
1903
1739
1915
1703
1815
1743
1907
1767
1883
1739
1886
1679
1851
1727
1831
1619
1979
1767
1883
1691
1871
1719
1903
1715
1939
1814
1935
1667
1846
1703
2042
1598
1998
1875
1974
1711
1811
1471
1535
1339
1650
1367
1975
1763
1815
1735
1871
1687
1851
1695
1687
1807
1698
1623
1662
1675
1731
1775
1803
1567
1711
1655
1779
1619
1678
1703
1767
1838
1647
1827
1563
1611
1711
1723
1635
1687
1682
1575
1651
1743
1655
1631
1495
1799
1835
1707
1795
1711
1783
1710
1719
1762
1559
1719
1667
1711
1722
1779
1658
1703
1607
1575
1595
1759
1715
1678
1807
1730
1590
1619
1703
1751
1683
1635
1643
1831
1543
1691
1755
1707
1634
1635
1607
1758
1687
1723
1691
1638
1699
1675
1770
1751
1823
1683
1687
1715
1555
1759
1602
1647
1747
1619
1635
1499
1703
1678
1667
1526
1703
1771
1675
1675
1715
1659
1602
1734
1775
1699
1643
1631
1659
1727
1575
1679
1754
1622
1755
1603
1783
1722
1727
1803
1635
1595
1702
1646
1766
1823
1755
1710
1667
1747
1655
1759
1635
1835
1711
1783
1683
1634
1679
1703
1707
1763
1651
1603
1735
1739
1611
1651
1747
1683
1879
1771
1611
1770
1695
1627
1735
1751
1678
1723
1922
1747
1767
1682
1654
1707
1730
1771
1719
1691
1651
1567
1775
1719
1646
1735
1710
1759
1687
1759
1695
1799
1727
1663
1626
1638
1775
1767
1683
1719
1655
1723
1627
1627
1618
1631
1587
1631
1639
1814
1519
1767
1695
1703
1606
1590
1575
1731
1623
1591
1722
1675
1659
1894
1711
1615
1607
1610
1702
1751
1583
1879
1759
1647
1639
1807
1619
1711
1719
1590
1531
1767
1591
1583
1523
1811
1831
1775
1723
1671
1651
1735
1711
1675
1495
1731
1591
1667
1502
1583
1743
1715
1607
1711
1827
1747
1751
1619
1678
1827
1723
1727
1747
1615
1671
1699
1719
1719
1631
1658
1811
1538
1687
1658
1659
1759
1599
1646
1651
1811
1719
1711
1743
1687
1771
1707
1818
1575
1663
1751
1499
1699
1619
1659
1590
1519
1639
1699
1558
1599
1635
1719
1619
1759
1691
1783
1691
1851
1547
1571
1791
1587
1639
1559
1675
1883
1683
1703
1522
1762
1767
1775
1707
1627
1670
1658
1659
1691
1767
1967
1647
1815
1711
1723
1587
1775
1655
1650
1703
1603
1671
1691
1586
1751
1663
1647
1711
1583
1551
1691
1767
1759
1743
1699
1767
1599
1607
1719
1647
1638
1675
1639
1706
1727
1762
1831
1782
1762
1819
1755
1767
1619
1571
1678
1551
1631
1643
1691
1759
1631
1767
1687
1799
1571
1595
1691
1687
1631
1526
1571
1579
1631
1523
1691
1679
1711
1722
1707
1566
1663
1559
1607
1755
1731
1687
1727
1699
1739
1591
1703
1751
1671
1747
1802
1615
1687
1703
1659
1739
1523
1567
1603
1659
1843
1695
1703
1619
1731
1603
1739
1651
1734
1763
1667
1659
1798
1663
1747
1562
1774
1743
1759
1607
1631
1615
1571
1747
1675
1743
1743
1654
1667
1579
1735
1735
1799
1843
1727
1755
1655
1787
1635
1607
1791
1731
1739
1655
1711
1659
1663
1627
1574
1719
1663
1519
1631
1747
1611
1723
1655
1615
1643
1798
1731
1699
1551
1791
1855
1683
1862
1722
1751
1731
1683
1602
1659
1691
1543
1646
1695
1867
1643
1555
1767
1723
1671
1943
2027
1707
0
1667
