534
659
370
579
394
639
399
519
355
671
459
679
411
731
370
714
347
539
353
691
399
623
531
767
443
711
562
819
457
662
379
775
477
806
643
698
507
735
491
627
458
531
515
718
403
690
370
795
383
479
446
614
354
687
531
603
526
634
519
687
495
739
535
683
486
738
367
667
533
703
327
674
523
779
535
643
443
719
455
650
450
631
379
595
495
635
399
749
503
679
455
689
475
654
491
683
387
715
511
810
363
649
579
691
501
555
515
722
566
713
391
743
447
639
591
770
447
582
442
727
418
714
479
706
503
639
363
655
458
695
490
701
506
763
455
599
611
611
405
627
446
691
535
711
502
675
551
823
438
695
403
774
419
587
431
602
570
659
467
687
366
706
629
679
471
663
383
747
431
678
546
659
539
590
515
719
466
759
563
523
526
915
467
655
555
647
599
547
455
779
487
738
478
598
634
774
395
843
498
677
482
511
503
771
458
567
419
734
383
646
494
638
343
715
315
603
470
619
491
607
451
622
535
770
482
725
550
783
466
782
347
683
351
555
399
899
607
715
491
779
538
659
455
683
511
679
547
638
490
679
353
579
418
631
654
638
455
643
466
731
523
739
383
675
503
615
539
621
634
630
523
755
526
671
419
755
395
610
487
630
483
599
474
647
531
599
439
651
430
511
515
643
519
722
390
647
350
650
451
683
482
686
513
686
495
591
551
667
523
643
542
535
346
651
359
743
337
503
567
669
495
575
467
679
570
695
370
661
451
599
454
739
526
719
395
555
338
595
502
811
595
570
335
774
351
650
403
523
327
550
351
771
622
706
505
567
471
634
523
562
413
691
405
743
351
674
511
739
610
659
587
607
526
799
435
623
375
623
419
567
547
623
525
675
591
769
379
790
387
603
586
603
499
439
323
563
471
801
422
847
359
598
410
699
619
711
527
723
423
707
459
622
383
631
491
731
446
543
283
722
477
687
369
635
303
654
435
717
427
763
354
699
439
626
479
631
334
703
511
658
639
674
450
559
611
755
423
698
606
658
335
687
543
699
299
711
395
623
509
806
451
781
455
587
370
673
526
587
518
595
459
587
503
635
587
755
643
699
542
603
479
659
457
630
503
555
363
614
626
665
450
663
466
678
370
691
615
474
0
397
215
358
190
647
470
683
395
563
287
611
407
278
513
547
475
371
498
498
442
363
591
518
311
563
249
371
551
427
386
547
507
399
451
358
455
326
527
543
483
310
431
455
383
374
487
471
501
438
515
466
467
511
502
426
371
487
535
479
422
401
463
491
414
455
517
562
462
387
361
311
367
391
311
443
490
437
570
386
527
423
475
383
351
374
539
331
435
511
495
427
554
307
491
343
403
523
318
363
387
399
505
465
402
403
563
351
402
338
537
371
522
446
407
445
391
506
387
207
471
479
446
371
611
259
603
327
473
293
583
479
575
435
462
354
439
437
342
399
414
479
319
475
611
359
339
513
351
375
559
346
370
539
475
513
395
335
499
379
553
499
478
315
550
511
490
487
447
367
419
646
438
319
481
475
375
342
343
363
451
443
405
545
421
342
499
343
275
410
355
455
479
491
559
491
431
335
298
366
294
499
455
506
474
370
471
319
426
515
438
487
479
439
527
411
306
259
595
491
395
530
509
342
431
447
507
359
382
351
387
371
506
327
615
355
226
219
375
322
443
581
443
339
407
450
334
383
375
450
491
431
527
531
434
411
507
442
559
423
543
266
625
323
367
427
359
399
395
423
610
322
447
339
627
458
547
551
335
377
435
395
431
465
411
290
451
523
338
375
426
506
327
375
367
503
403
549
379
315
563
519
331
519
390
434
415
523
487
503
577
326
457
258
503
334
465
367
455
475
407
331
459
306
315
482
515
542
311
514
510
503
419
435
622
385
443
390
622
475
490
291
475
325
511
359
486
502
547
438
467
483
427
443
534
571
459
307
465
435
223
415
646
314
341
551
458
463
543
427
439
310
403
358
431
323
427
415
494
435
571
383
595
419
373
319
291
305
479
379
525
335
395
403
566
391
603
446
507
595
447
443
382
535
594
411
419
495
435
415
547
419
518
454
447
515
510
379
423
410
451
525
419
475
439
454
491
474
447
539
615
354
526
407
426
411
551
471
319
351
531
286
449
435
387
402
631
567
401
379
483
571
443
473
339
407
425
415
359
450
395
467
515
511
479
335
451
449
463
275
451
471
455
351
403
363
511
219
459
471
307
457
437
441
374
538
323
418
462
395
399
411
451
406
431
491
498
427
286
383
591
475
463
391
383
599
427
459
555
435
559
463
359
395
398
347
479
374
330
497
787
583
817
702
531
1034
