447
479
315
563
295
507
267
571
299
507
255
495
231
399
275
499
275
527
243
475
247
523
187
495
235
323
279
575
235
619
283
507
403
531
339
463
379
523
283
415
239
539
331
451
231
443
363
567
287
515
331
599
283
363
235
435
283
503
375
535
335
439
207
539
307
579
335
467
287
531
279
611
299
415
315
471
135
547
203
487
363
479
295
627
111
579
359
463
171
387
203
491
231
519
327
515
319
467
339
567
399
507
395
571
259
395
371
635
303
503
339
451
251
455
283
503
251
527
291
551
355
423
255
383
311
643
183
479
247
635
315
631
131
515
407
475
199
555
131
507
303
419
335
603
267
575
499
363
379
487
379
467
175
551
463
599
231
347
263
583
231
447
351
459
259
491
339
567
419
419
339
331
259
439
135
527
279
439
295
539
379
535
535
483
315
591
343
503
339
419
231
571
271
415
387
559
387
487
275
575
303
311
323
547
275
495
343
555
307
479
363
495
407
511
227
651
247
463
267
575
251
459
339
599
227
499
363
463
259
415
155
535
195
383
279
535
295
635
487
571
279
559
327
567
271
543
223
455
375
499
195
419
287
503
235
647
443
375
383
543
227
455
303
527
387
419
499
623
447
395
471
391
307
623
95
495
395
467
307
571
331
575
387
511
371
499
287
535
319
539
227
579
371
699
195
555
179
527
403
515
275
495
355
407
279
587
519
579
211
583
319
467
359
535
211
527
343
511
171
483
327
475
399
615
331
627
315
579
283
631
355
519
331
515
331
415
287
519
383
499
247
507
227
695
319
571
267
559
231
443
263
475
335
527
391
479
183
539
343
411
259
599
359
683
411
531
359
435
303
543
423
479
215
467
411
499
367
587
203
659
311
527
347
503
219
571
279
507
335
471
291
547
107
411
387
499
259
459
363
567
207
651
387
467
303
555
243
439
399
427
211
543
383
539
183
479
275
671
383
499
355
483
263
459
223
443
511
523
299
415
303
591
255
439
431
315
275
639
327
483
247
523
275
483
347
415
375
467
439
599
319
499
319
359
215
479
419
511
439
551
343
375
343
487
171
535
427
671
347
639
399
407
351
507
235
459
363
483
143
495
291
447
327
627
191
443
267
511
307
647
227
411
275
535
239
387
259
303
31
271
11
135
51
611
279
607
311
479
303
491
367
323
315
279
231
263
283
355
343
323
363
171
115
407
215
243
335
235
407
307
271
275
235
227
227
279
279
107
267
131
379
247
319
275
507
195
251
155
399
183
211
195
167
311
339
143
295
143
307
283
555
319
287
283
391
231
303
151
303
327
207
335
107
299
283
447
319
203
259
319
251
255
239
471
231
319
207
235
295
175
191
299
315
263
259
291
203
287
195
239
359
403
223
231
263
315
315
355
275
375
367
227
291
195
267
127
127
127
127
127
127
127
127
127
127
127
127
127
127
127
127
127
127
127
127
127
127
127
127
127
359
227
371
211
347
251
195
267
371
219
279
359
251
407
331
227
207
339
231
311
311
223
387
343
211
283
263
251
251
251
355
251
323
275
311
239
327
287
243
275
359
175
339
235
223
59
287
211
271
247
231
255
299
335
159
327
399
219
359
231
263
239
267
275
251
219
343
215
211
339
243
243
207
351
255
251
279
351
151
159
271
199
431
379
243
171
203
303
219
231
267
251
167
151
239
331
275
263
187
355
195
283
315
323
327
175
251
379
295
395
239
303
475
223
287
267
327
367
291
199
275
251
267
211
299
423
251
287
451
263
215
439
255
271
351
151
151
395
335
179
275
331
127
291
355
343
311
263
239
207
363
95
499
267
307
199
327
251
391
411
227
327
307
295
343
135
243
319
255
283
323
279
451
191
239
311
303
331
215
215
271
267
287
239
291
267
83
251
323
435
175
283
227
351
215
283
299
355
307
347
227
195
291
331
239
139
299
395
359
207
263
271
331
251
223
291
175
271
363
283
275
267
247
167
255
223
119
327
415
295
379
195
251
235
255
295
243
311
251
283
363
379
247
287
247
179
287
311
255
307
303
203
227
215
435
195
279
331
271
239
311
203
251
295
323
387
343
175
327
247
307
239
311
347
339
195
375
187
243
203
299
355
123
207
299
227
335
307
307
303
343
415
323
291
283
291
199
339
143
195
203
411
339
171
347
343
331
255
471
271
311
243
203
231
131
171
307
295
183
323
371
299
319
367
315
259
195
287
355
243
287
179
395
195
351
407
223
247
163
251
343
239
335
419
415
167
119
263
307
207
175
367
331
299
327
287
195
159
231
159
239
167
275
355
303
331
311
167
347
291
263
203
279
263
179
191
403
211
587
643
763
747
727
891
