451
543
467
478
398
739
431
614
415
547
499
623
342
609
407
559
467
574
490
645
361
638
411
550
442
522
347
643
474
591
409
723
403
658
427
511
339
451
317
495
371
471
307
626
538
570
430
687
478
605
511
578
403
595
385
673
549
635
390
662
335
567
303
635
489
479
343
570
591
551
237
602
403
773
338
567
415
631
301
707
467
659
471
674
566
706
519
678
355
587
255
635
399
510
486
655
379
650
351
529
367
607
361
453
323
789
346
551
357
539
331
631
423
543
418
543
263
502
431
575
323
590
327
549
390
591
369
659
491
631
467
675
519
763
483
679
379
582
385
583
519
578
465
719
319
679
387
729
389
663
414
475
331
575
458
587
499
555
551
783
375
647
394
375
610
551
395
659
379
619
467
546
451
546
599
631
449
543
294
549
366
494
427
569
426
591
419
687
597
411
383
765
439
565
335
622
542
727
398
547
331
683
605
451
431
546
475
645
417
507
495
555
399
654
459
519
415
617
401
619
341
689
423
577
334
541
511
674
519
675
438
486
367
582
366
603
682
551
446
579
402
471
409
747
283
531
299
587
510
693
475
829
323
555
459
647
461
627
447
718
435
619
319
785
237
523
434
582
461
683
451
615
497
711
455
535
435
611
483
503
442
607
482
571
547
667
417
595
547
498
455
723
455
611
399
498
494
563
370
571
399
698
475
791
427
555
435
735
405
615
403
615
443
627
418
495
455
559
397
717
415
707
490
599
509
719
378
534
402
559
363
586
503
627
479
447
554
709
445
603
438
714
239
710
419
655
351
587
426
547
410
646
425
673
471
649
311
519
375
803
471
597
531
667
471
487
398
527
443
638
470
707
407
738
559
603
395
615
359
791
279
686
483
606
575
713
418
647
527
686
463
543
387
562
319
523
503
558
418
651
427
499
419
566
351
635
343
539
242
547
462
658
427
642
551
574
567
651
485
647
473
651
415
482
386
661
411
451
473
611
403
709
347
567
385
543
419
627
491
658
458
537
266
654
473
619
407
494
454
587
431
719
382
674
371
642
515
625
375
551
427
611
462
583
474
687
485
685
335
551
527
543
525
707
415
755
419
642
430
719
461
734
503
723
427
723
387
607
483
569
433
730
451
519
499
659
383
514
89
365
206
355
53
535
443
591
395
531
379
651
367
247
474
374
375
379
395
274
355
355
447
379
477
351
335
593
435
543
386
455
319
470
503
526
386
382
199
427
331
266
401
394
474
370
455
495
375
386
374
370
371
394
270
291
349
423
394
539
311
379
427
327
427
346
358
371
474
207
291
283
383
421
443
242
535
471
479
371
318
489
319
515
367
382
399
462
467
283
347
283
415
355
314
459
323
485
447
347
283
239
439
402
259
470
447
359
235
411
519
471
359
375
454
431
499
463
391
323
290
395
507
461
415
435
254
462
347
399
451
294
371
426
379
299
422
383
349
299
523
329
437
541
447
362
354
310
323
403
331
435
411
395
223
331
367
306
371
315
409
511
430
405
407
427
455
275
339
382
381
374
534
365
354
351
515
459
219
398
414
183
347
359
438
293
234
311
307
461
314
439
322
407
367
323
478
371
259
199
395
347
574
406
295
379
374
427
575
407
518
419
379
465
343
255
503
407
307
431
338
422
335
263
439
479
510
303
399
355
219
441
439
331
323
383
454
327
419
391
367
371
363
414
563
430
426
279
267
471
490
309
402
565
523
322
283
415
429
402
390
270
514
387
411
465
367
467
265
447
473
359
399
361
293
283
525
259
359
419
311
427
463
475
442
411
427
447
427
307
350
395
303
401
313
367
453
343
455
350
375
415
531
377
375
358
359
354
347
383
471
319
319
405
450
395
394
423
446
279
358
385
417
423
339
249
339
343
387
343
353
323
366
239
419
435
203
417
407
457
399
411
286
383
490
335
545
378
278
350
339
331
399
471
366
419
389
422
329
246
395
437
326
299
315
330
511
311
371
371
274
399
299
391
419
383
458
479
354
451
361
515
375
350
481
366
395
425
299
270
382
315
331
362
414
407
315
383
435
330
475
335
414
434
475
331
482
491
491
427
466
211
363
467
475
481
454
403
307
535
419
293
283
351
363
387
375
303
469
327
451
431
455
286
326
303
355
323
358
439
453
431
395
395
394
375
390
315
471
431
527
374
479
314
451
235
271
251
411
487
231
463
438
493
359
347
299
374
347
358
521
391
371
367
391
511
479
339
478
471
394
345
379
427
359
507
286
291
487
275
322
219
433
419
347
423
295
314
349
431
485
251
523
359
251
391
375
355
283
394
422
563
214
266
262
370
295
462
391
527
541
147
487
230
611
343
