475
683
515
703
479
683
435
751
575
775
455
599
499
595
427
775
571
671
467
811
563
711
471
711
403
819
427
631
523
695
567
731
487
827
527
667
619
639
635
743
507
683
407
663
375
715
519
651
539
639
611
715
599
779
611
759
519
727
587
595
471
651
419
819
611
807
543
695
583
687
411
859
471
867
531
691
535
775
567
619
663
731
463
659
447
807
771
699
487
763
543
795
347
803
547
619
471
743
551
647
539
747
519
839
555
555
555
731
451
619
443
775
499
707
467
639
383
687
583
687
595
603
471
587
587
727
531
731
567
771
547
831
651
835
515
643
539
755
571
779
543
707
587
711
507
831
511
835
483
683
503
755
615
707
391
771
383
611
487
639
519
563
607
771
339
799
487
763
587
595
651
723
591
747
627
719
531
655
467
687
559
639
407
679
599
819
427
703
443
851
487
711
451
663
531
891
555
683
519
723
459
779
695
815
503
719
523
699
531
759
555
723
383
771
611
835
459
711
587
679
471
831
411
731
515
819
419
807
603
727
511
671
575
523
435
823
319
727
635
755
667
751
699
855
351
551
407
763
431
647
455
771
539
675
483
599
451
731
531
743
347
743
591
771
551
603
359
779
531
791
579
815
451
791
603
823
439
655
443
811
555
707
455
675
543
715
495
735
599
859
511
563
583
707
655
795
599
707
635
687
535
707
535
707
535
707
523
667
519
699
591
699
407
843
523
695
579
727
491
731
503
751
527
699
411
699
463
751
779
675
507
635
619
739
503
703
563
679
403
715
391
583
711
827
459
939
459
795
627
643
623
787
491
655
511
651
443
775
587
691
575
579
403
707
563
639
543
855
431
943
623
759
575
739
683
699
499
663
587
611
527
731
499
803
471
731
563
607
603
631
583
651
371
723
643
799
543
759
575
627
495
739
371
751
475
635
503
755
451
879
555
887
467
639
571
955
455
759
479
671
507
675
375
639
687
755
611
695
407
635
567
691
427
783
439
799
627
811
439
767
575
699
567
599
579
659
439
807
455
703
631
723
515
827
479
643
559
655
491
683
551
775
599
655
535
619
527
711
427
531
519
591
487
827
511
755
563
683
495
747
363
719
499
771
615
883
603
623
559
607
615
879
567
863
463
619
567
631
299
479
207
439
199
679
527
767
475
639
523
651
531
467
479
527
651
551
619
507
555
391
439
423
551
415
487
531
571
523
571
419
495
351
411
563
571
495
443
331
367
439
451
491
519
519
543
551
455
403
363
515
599
487
595
459
495
495
491
343
423
495
487
411
439
523
395
511
455
399
619
527
479
555
707
479
595
631
611
467
447
471
639
515
539
379
535
419
579
535
519
371
515
531
595
387
447
547
567
595
419
547
423
311
515
579
379
491
451
491
451
431
595
535
483
399
467
503
423
371
399
371
447
575
291
539
467
623
527
579
543
555
459
427
471
431
371
423
451
475
439
495
511
499
547
579
591
559
583
467
447
587
423
483
547
439
455
527
367
455
483
567
599
551
463
439
439
379
387
599
499
547
515
499
583
427
459
519
463
567
671
379
499
491
427
455
447
487
507
411
551
487
607
439
487
559
315
443
295
419
439
471
543
559
523
475
503
523
579
487
575
547
495
663
467
531
487
515
531
427
367
439
543
595
499
427
551
371
315
511
455
419
451
471
511
451
571
447
415
351
551
519
471
495
551
487
383
387
439
391
575
615
459
523
539
371
591
587
583
551
463
403
375
483
327
459
523
455
639
479
427
479
523
423
547
555
611
475
587
563
431
335
483
459
527
527
575
591
395
547
587
531
443
487
563
447
487
539
523
535
499
387
555
587
343
411
435
587
587
579
455
603
575
463
487
595
591
515
507
647
571
543
507
675
651
383
511
387
459
275
623
359
543
363
647
531
471
459
375
503
423
495
479
383
423
335
491
575
451
511
527
499
511
455
483
619
451
483
479
467
607
339
507
555
551
355
347
571
575
447
467
427
639
391
515
515
419
427
627
603
539
551
375
463
415
439
475
539
351
471
487
483
491
555
419
423
463
479
567
331
559
455
463
519
459
507
463
403
523
547
527
379
443
459
479
499
499
535
547
343
479
371
439
375
439
547
475
395
635
503
475
511
431
491
507
511
575
343
507
523
591
451
491
395
427
503
503
563
487
491
451
355
467
543
407
559
379
399
539
543
419
539
439
523
595
443
483
603
559
471
503
379
563
435
567
495
419
455
419
487
487
479
683
535
451
587
427
415
431
571
547
575
479
615
503
563
535
491
563
611
499
419
355
467
479
451
375
531
563
535
535
435
339
451
619
399
471
555
555
395
103
7
31
15
0
291
