1681
1981
1777
2111
1843
1931
1779
1951
1799
1943
1918
2010
1778
1915
1783
2039
1669
1983
1745
2071
1802
1934
1842
1885
1935
1981
1738
1939
1773
1911
1818
1907
1827
2045
1879
1857
1739
2002
1811
1977
1731
1855
1843
2023
1875
1855
1729
2034
1703
1993
1818
2037
1867
2034
1711
1954
1855
2055
1649
1999
1827
2041
1849
2025
1783
2011
1755
1995
1803
1890
1818
2090
1751
1935
1817
1871
1879
1914
1707
1899
1782
1943
1818
1975
1811
1929
1674
2121
1818
2022
1883
1799
1787
2026
1747
2010
1915
2114
1623
2051
1639
2001
1723
1963
1621
2057
1849
1911
1626
2006
1665
1954
1905
1975
1883
2071
1794
1933
1771
1975
1723
2011
1782
2123
1875
1965
1867
2079
1683
2013
1921
2018
1931
1939
1735
1902
1699
2007
1755
1983
1765
2031
1731
2015
1871
1951
1778
2023
1758
1973
1743
2007
1825
1851
1762
2043
1735
1931
1791
2039
1709
2026
1803
1971
1902
1927
1863
2053
1777
2051
1753
1874
1835
1979
1901
2085
1797
2189
1779
2065
1719
2055
1719
2103
1865
2079
1799
1871
1862
1979
1690
2007
1773
1935
1746
2031
1701
1995
1853
1938
1795
1958
1770
1999
1861
2075
1839
1883
1777
2125
1819
1823
1891
2051
1781
2034
1807
1934
1775
2054
1913
1966
1703
1942
1755
1987
1855
2037
1723
2013
1719
1853
1725
1795
1787
1943
1787
1907
1782
2163
1871
1939
1913
1969
1827
2014
1887
2127
1769
1893
1787
1963
1717
1959
1745
2031
1883
2070
1819
1859
1842
2022
1551
2135
1725
1907
1805
1977
1733
2117
1646
2022
1782
2119
1625
1957
1747
2059
1907
1991
1717
2019
1822
1931
1837
1973
1671
1995
1775
1945
1789
2093
1639
2093
1710
2117
1707
2021
1675
1926
1822
1947
1671
1946
1867
2007
1807
1955
1714
1937
1679
2051
1806
2051
1789
1985
1795
1839
1730
2059
1857
2043
1853
2093
1693
1866
1674
2007
1827
1983
1767
1937
1731
1910
1870
2038
1798
1942
1766
1999
1563
1994
1761
1954
1723
1887
1653
1999
1758
2027
1863
1891
1937
1771
1791
2009
1771
1994
1662
2045
1783
1971
1775
1971
1869
1959
1758
2034
1811
1951
1770
1983
1950
1991
1746
2033
1819
2003
1689
1963
1741
1926
1815
1963
1787
2149
1913
1970
1879
1911
1801
1981
1747
1962
1955
1990
1842
1945
1867
2075
1898
1941
1726
2053
1674
2094
1887
1955
1698
1993
1835
2085
1895
1937
1995
1803
1737
1915
1743
2031
1735
2055
1763
2095
1714
2030
1738
1963
1749
2070
1739
1987
1683
1954
1778
1987
1875
1919
1671
2061
1931
2014
1795
1911
1927
2081
1847
1955
1863
2055
1811
1926
1807
1907
1830
2090
1855
1787
1751
1941
1814
1931
1719
1893
1782
1862
1775
1987
1743
2031
1770
2135
1727
1990
1862
1983
1530
1919
1601
1901
1758
1941
1718
2199
1826
1877
1711
2030
1797
1855
1675
1933
1831
1947
1675
2054
1883
1767
1667
1711
1553
1738
1525
1899
1719
2027
1767
1843
1811
1974
1702
1721
1783
1819
1847
1771
1806
1650
1842
1769
1881
1687
1587
1835
1750
1711
1707
1667
1707
1781
1865
1646
1770
1715
1761
1683
1753
1723
1909
1814
1783
1655
1921
1757
1758
1742
1903
1807
2050
1845
1723
1738
1671
1659
1755
1638
1575
1621
1731
1726
1823
1669
1722
1833
1747
1785
1715
1874
1770
1782
1629
1667
1783
1751
1703
1726
1775
1673
1731
1678
1623
1717
1771
1742
1653
1750
1766
1827
1755
1750
1773
1645
1771
1738
1773
1746
1645
1782
1753
1925
1791
1690
1871
1691
1777
1773
1795
1822
1847
1850
1747
1891
1758
1882
1839
1385
1385
1385
1385
1385
1385
1385
1385
1385
1385
1385
1385
1385
1385
1385
1385
1385
1385
1385
1385
1385
1385
1385
1385
1385
1711
1797
1839
1605
1757
1767
1823
1795
1779
1769
1781
1682
1814
1815
1697
1757
1747
1639
1774
1891
1639
1729
1819
1627
1654
1681
1727
1715
1699
1754
1835
1705
1779
1598
1823
1778
1663
1782
1622
1919
1655
1847
1841
1674
1701
1827
1766
1771
1825
1883
1723
1723
1769
1851
1991
1714
1854
1739
1895
1729
1897
1825
1770
1717
1798
1738
1743
1723
1859
1741
1806
1869
1862
1759
1807
1695
1667
1755
1666
1823
1693
1717
1785
1727
2037
1823
1678
1861
1629
1846
1697
1839
1885
1787
1806
1705
1739
1647
1705
1771
1743
1793
1877
1779
1774
1675
1833
1666
1835
1671
1831
1735
1733
1755
1933
1751
1675
1847
1877
1711
1767
1658
1791
1827
1633
1699
1729
1739
1795
1647
1851
1883
1761
1795
1759
1667
1674
1803
1695
1802
1883
1831
1717
1699
1742
1815
1689
1694
1826
1693
1727
1759
1779
1687
1626
1873
1694
1631
1689
1807
1670
1645
1717
1783
1931
1694
1951
1747
1863
1735
1837
1726
1851
1667
1782
1699
1946
1775
1623
1815
1701
1783
1715
1739
1551
1723
1790
1818
1723
1690
1779
1823
1882
1865
1797
1755
1767
1791
1961
1699
1622
1694
1727
1783
1829
1778
1671
1703
1723
1758
1931
1765
1558
1779
1747
1705
1751
1757
1850
1731
1763
1794
1818
1759
1734
1815
1659
1739
1731
1887
1811
1775
1905
1717
1663
1638
1653
1781
1679
1898
1886
1815
1765
1610
2029
1731
1791
1655
1619
1655
1843
1862
1871
1663
1609
1910
1777
1903
1699
1675
1743
1661
1615
1813
1683
1783
1851
1751
1795
1775
1654
1774
1761
1877
1807
1835
1686
1887
1765
1758
1666
1737
1763
1662
1785
1839
1747
1803
1807
1759
1667
1735
1771
1710
1765
1705
1667
1598
1727
1671
1843
1723
1731
1658
1713
1709
1810
1911
1758
1803
1735
1595
1803
1751
1606
1722
1871
1654
1550
1779
1799
1729
1809
1723
1759
1934
1775
1839
1743
1731
1771
1715
1745
1798
1673
1803
1693
1645
1783
1807
1782
1823
1643
1735
1957
1755
1759
1839
1757
1665
1870
1751
1653
1742
1803
1733
1711
1745
1802
1657
1719
1575
1954
1727
1787
1839
1723
1654
1751
1869
1747
1707
1647
1721
1613
1894
1787
1611
1211
1390
1461
1262
1643
1613
