466
583
527
607
423
559
419
678
331
467
535
617
455
630
509
479
450
647
434
619
427
667
355
623
431
623
379
651
354
523
338
663
263
587
370
491
354
595
463
623
387
531
339
523
391
735
387
559
321
647
395
621
259
559
443
551
266
679
475
731
434
543
483
659
403
594
434
646
370
578
335
655
391
663
421
581
479
555
369
521
575
699
439
567
267
559
329
563
350
643
303
642
411
585
466
778
534
630
479
603
394
634
494
746
474
623
435
610
423
647
343
655
481
703
426
763
330
614
470
639
331
557
271
486
422
531
382
570
403
611
393
758
319
599
479
703
263
513
382
635
299
591
247
645
351
495
375
659
295
615
590
743
567
683
514
651
335
582
418
567
371
623
438
498
542
565
406
633
403
591
367
635
407
546
378
726
327
619
349
451
343
655
291
601
502
463
371
543
329
595
355
671
687
499
363
535
343
543
367
570
459
555
422
593
411
633
323
625
631
610
367
567
319
558
419
635
386
527
491
639
261
571
467
719
382
751
570
719
466
570
210
531
370
607
437
622
335
427
414
687
363
611
399
715
271
575
475
611
423
507
331
630
362
659
403
659
543
555
537
767
435
654
493
503
470
594
607
555
371
679
573
623
275
714
399
809
391
699
343
557
191
627
391
575
398
619
387
687
422
531
315
579
423
838
495
583
287
651
383
679
467
639
390
771
399
618
295
534
433
733
414
687
375
722
479
495
411
682
434
865
389
587
371
642
353
545
571
827
434
515
466
750
375
423
307
554
339
499
462
607
438
683
427
630
425
447
527
634
443
559
299
689
419
415
383
599
482
503
378
707
459
611
443
615
351
783
443
551
459
735
367
749
494
706
299
581
411
567
407
646
227
550
446
634
387
558
491
625
481
642
203
551
359
647
379
734
303
623
343
591
445
747
463
581
362
635
282
562
359
607
315
739
393
583
403
555
234
687
634
522
361
575
531
707
342
689
333
547
306
701
359
675
479
559
491
707
555
691
383
638
391
531
425
671
271
587
475
574
335
663
350
682
418
715
415
653
378
607
531
567
393
599
435
722
478
621
547
718
487
563
413
538
370
755
519
587
431
467
411
787
271
673
515
575
414
627
331
667
186
515
298
679
525
477
483
627
507
457
103
211
106
155
0
487
295
562
495
607
431
551
383
319
411
439
335
227
451
315
330
279
398
199
449
242
279
417
522
333
478
327
387
411
215
395
282
503
446
467
455
415
425
311
530
327
441
313
363
369
451
243
395
349
465
399
427
402
391
281
449
398
523
391
407
423
474
395
534
363
350
347
445
351
379
367
291
339
483
311
439
219
415
354
183
307
319
367
447
427
382
346
435
401
478
259
417
307
329
427
379
446
506
435
415
355
270
418
402
375
361
299
371
371
307
363
494
387
375
357
357
357
357
357
357
357
357
357
357
357
357
357
357
357
357
357
357
357
357
357
357
357
357
357
357
271
395
313
359
298
395
330
303
427
483
303
351
314
319
410
342
371
391
251
357
359
407
335
422
354
442
391
422
494
315
299
370
219
347
478
323
367
371
287
505
123
303
522
418
383
431
461
535
367
353
379
271
318
270
351
402
311
303
322
330
326
355
475
283
270
394
327
314
323
471
379
290
337
527
342
229
355
311
311
313
387
465
334
398
395
486
466
390
263
425
346
483
403
475
275
506
366
443
315
343
315
355
251
207
443
235
207
317
485
511
442
490
363
467
375
379
314
451
417
289
347
331
341
347
402
345
451
291
254
306
395
403
398
319
535
495
282
411
469
477
279
378
245
411
215
510
463
366
271
463
573
515
438
411
239
271
269
438
395
474
267
362
351
447
381
379
307
435
558
315
379
351
327
493
431
414
247
387
310
225
379
383
371
318
315
359
379
443
399
378
434
170
379
454
338
363
259
609
366
413
279
446
303
383
387
415
382
195
455
398
175
418
411
455
331
319
318
259
403
395
358
343
443
447
375
430
343
239
299
434
391
398
302
271
442
391
367
398
386
426
514
310
295
311
346
554
357
275
339
433
339
326
303
471
375
393
475
451
482
313
270
375
335
398
423
487
370
315
351
419
223
402
315
453
207
306
299
327
319
319
330
455
366
503
331
450
387
293
393
409
219
391
363
319
430
414
319
367
319
442
391
350
427
458
419
419
383
341
265
462
451
307
355
411
511
367
442
330
414
534
438
355
343
314
419
383
367
323
410
382
463
319
391
315
303
338
415
411
495
381
289
226
385
370
379
486
231
530
383
469
327
391
403
382
507
355
307
491
295
371
403
355
311
399
511
399
355
279
282
574
355
339
319
367
327
318
23
359
603
527
723
