347
419
315
735
459
587
447
551
471
667
463
555
427
735
451
655
299
623
427
603
507
643
439
739
487
615
491
655
395
575
375
835
535
527
383
563
399
559
415
651
427
671
551
543
423
651
387
547
455
519
419
743
415
559
379
699
487
575
471
567
411
583
503
715
411
799
499
539
543
567
599
647
499
523
491
735
419
639
511
627
443
583
515
639
415
503
427
551
443
619
431
691
291
559
431
647
455
527
379
627
455
615
375
587
419
615
243
719
423
603
367
583
463
719
475
675
523
583
319
635
559
443
475
715
427
659
323
655
527
743
439
563
423
727
323
771
531
623
387
487
315
627
279
775
539
579
407
703
563
583
503
515
399
555
419
727
503
583
343
639
375
695
375
539
395
567
463
611
579
747
391
663
423
611
371
551
387
583
435
615
523
631
475
619
499
547
391
699
455
575
415
487
531
567
511
639
495
611
375
579
547
603
455
715
479
803
491
687
475
563
487
615
363
543
471
511
475
607
519
467
263
503
559
619
447
627
427
627
355
747
347
607
255
559
483
719
459
587
415
571
575
651
399
767
383
667
331
611
459
567
463
543
427
687
423
555
491
603
507
651
547
739
591
603
431
611
551
571
427
615
383
611
379
663
507
467
487
667
447
743
427
575
507
679
435
703
339
735
379
751
475
687
543
539
483
575
311
595
395
611
343
627
403
627
367
731
371
675
519
611
375
695
435
671
423
495
431
575
383
623
415
731
467
603
411
531
419
559
439
651
455
515
423
607
571
631
319
699
411
751
523
603
463
659
375
639
519
579
579
651
475
651
455
523
383
659
431
623
431
735
419
611
511
775
519
691
331
631
379
443
511
639
387
727
419
619
439
483
387
667
295
715
555
551
587
723
479
711
367
647
495
675
335
531
351
719
267
663
511
795
495
651
427
519
471
683
459
639
411
795
431
707
367
551
435
667
459
759
363
679
467
435
451
639
347
623
571
775
403
571
523
603
559
691
451
579
471
679
507
707
319
563
515
555
499
619
435
807
543
675
503
527
387
647
391
635
371
539
463
563
491
631
507
631
515
511
423
695
431
695
395
759
475
723
343
827
387
515
447
691
523
735
463
467
459
643
407
503
483
735
451
683
423
615
451
543
371
499
235
255
135
231
339
607
447
611
367
527
395
611
535
351
387
523
351
295
443
387
263
423
299
363
379
447
443
383
427
443
519
419
523
379
439
247
351
355
359
427
435
579
415
431
511
247
311
475
451
335
515
275
403
391
583
427
331
299
331
395
423
599
323
503
435
395
487
339
299
415
471
419
483
451
427
431
443
463
427
227
471
411
331
459
327
299
411
523
303
331
371
319
371
199
519
371
331
523
331
411
219
411
331
423
379
371
447
415
307
347
467
395
335
527
371
299
447
375
535
387
495
523
359
367
451
395
651
375
383
495
311
335
359
527
319
447
375
279
427
379
391
419
439
363
455
531
383
339
371
423
375
359
451
419
387
447
387
463
387
347
431
331
519
531
407
439
303
351
347
419
363
407
423
463
475
479
291
399
475
431
419
359
491
255
495
295
351
483
387
447
255
215
435
371
327
391
403
295
451
291
483
383
331
407
423
339
467
415
483
495
435
467
391
375
447
371
427
275
379
407
399
471
511
407
479
419
303
499
475
355
267
343
403
343
455
311
367
363
483
419
299
463
363
355
443
331
367
411
431
319
423
267
599
395
507
507
435
451
427
419
315
411
387
335
427
431
327
359
259
383
647
407
379
363
367
395
295
335
423
447
355
367
463
543
487
415
287
331
391
427
503
475
463
479
327
331
607
499
507
359
419
347
523
467
427
531
423
407
451
519
419
531
511
439
427
399
379
251
463
423
311
327
327
247
343
467
355
415
423
355
355
331
463
251
547
379
495
403
371
351
563
507
339
351
355
507
279
407
411
383
475
543
299
403
483
299
371
555
499
375
415
291
611
447
375
403
423
423
363
411
299
503
263
375
475
399
515
435
535
439
475
447
351
263
447
303
439
415
307
371
487
275
379
435
423
383
435
323
475
287
403
467
451
527
323
459
423
411
367
411
447
423
435
523
447
487
391
379
303
391
403
359
475
463
399
487
463
379
559
371
431
459
319
431
319
415
267
467
447
479
327
471
267
379
351
379
507
367
403
427
475
379
427
335
371
419
271
359
403
483
311
291
315
371
255
355
455
419
415
491
471
227
167
419
463
491
383
423
411
427
375
323
411
363
347
447
359
443
419
375
463
303
283
367
335
315
499
235
327
451
519
431
463
371
411
479
395
467
403
311
347
431
539
127
507
443
411
527
327
283
235
619
427
699
267
571
