1826
2211
1942
2143
1914
2127
1870
2155
1919
1970
2051
2003
1975
2058
1903
2111
2023
2239
1883
2035
1882
2163
1923
1987
1870
2115
1887
2111
1955
2042
1855
2103
2007
2223
1983
2103
2003
2106
2099
2111
2011
2119
2083
1915
1943
2083
2019
2079
1923
2062
1931
2138
1971
2146
1951
2123
1883
2047
1883
2058
1975
2123
1963
2150
2011
2131
2003
2147
1815
1986
1835
2226
1834
2107
1967
2191
1939
2091
1963
2255
1827
1939
2035
2119
1971
2023
1846
2067
1879
2151
1790
2115
1887
2175
1851
2179
1883
2187
1847
2187
1851
2047
1951
2023
1998
2123
1907
2003
1842
1895
1959
2023
1943
2207
2087
2238
1926
2059
1890
2147
1927
2183
1899
2099
1947
1963
1935
2151
2059
2075
1967
2075
1723
2155
1903
2154
1882
2103
1839
2139
1851
2162
1843
2167
1871
2058
1750
2079
1939
1983
1919
2019
1882
2099
1979
2202
1995
2218
1902
2039
2071
2239
1987
2103
1903
2011
2027
2198
1874
2175
1882
2014
1914
2050
1922
2123
2007
2050
1995
2143
1859
2059
2043
2167
1871
2183
1891
2031
1939
1950
1895
2167
2022
2046
1951
2186
1826
2082
1946
2150
1867
2143
1967
2187
1823
2091
1971
2095
1994
2079
1923
2139
1874
2102
1859
2155
1895
2063
1795
2123
2067
2111
1899
2115
1939
2099
1895
2015
1899
2251
1883
2090
1883
1967
1999
2023
1843
2119
1942
2070
1939
2239
1903
2147
1922
2191
1931
2075
1971
2063
1887
2058
1963
2155
1879
2267
1758
2203
2006
2167
2042
2050
1867
2067
1883
2111
2058
2023
1971
2171
1827
2127
1911
1979
1943
2207
1907
2287
1911
2047
1762
2091
1915
2050
1959
2115
1926
2075
1935
2159
1963
1999
2042
2119
1943
2163
1859
1978
1835
2051
1842
2163
2027
2267
1891
1963
2058
2310
2098
2251
1939
2223
2111
2175
1951
2119
1927
2071
1939
2107
1855
2207
1831
2047
1914
2119
1831
2154
1887
2187
1962
2171
1979
2127
1959
2239
1830
2123
1895
2175
2046
2049
1790
2123
1999
2019
2022
2058
1903
2018
1971
2255
1994
2115
2043
2223
2027
1987
1982
2166
1871
2055
1886
2147
1887
2135
1930
2067
1854
2218
1994
2246
1835
1962
1943
2167
1867
2095
1963
2026
1966
2059
1958
2167
1879
2170
1826
2123
1798
1891
1959
2091
1935
2062
2003
2219
1903
2067
1986
2083
1911
2243
1946
2054
1791
2050
1899
2163
1915
2107
2023
1999
1911
2138
1967
2070
1835
2130
1887
2239
1979
2175
1922
2191
2067
2143
1939
2146
1907
2067
2051
2027
2055
2267
1871
2123
2034
2079
2015
2270
1994
2190
1930
2227
1846
2070
1971
2091
1930
2143
1931
2127
1835
2011
1863
2098
1891
2226
1846
2183
2027
2151
1811
2155
1871
2139
1959
2110
1967
2203
1987
2111
1979
2031
2014
2010
1942
2183
1955
2259
1935
2371
1923
2175
1975
2114
1942
2171
1907
2215
1874
2063
1943
2079
1907
2023
1923
2019
1682
1971
1599
1903
1791
2186
1983
2247
1715
2025
1947
2075
1955
1854
1906
1903
1938
1995
1998
1942
1879
1931
1871
1987
1803
1843
1847
2007
1875
1783
1954
2015
1947
1875
2002
1975
1911
1871
1979
1906
1887
1823
1899
1855
1955
1902
1919
1875
1975
1886
1871
1955
2019
1958
1779
1827
1883
1983
1907
1947
1911
1887
1951
1866
1895
1891
2011
1850
1903
1887
1847
1791
1955
1943
1831
1919
1919
1858
1890
1903
1954
1738
1926
1927
1958
1866
1999
1919
2079
1891
1935
1879
1863
1895
1967
1935
1895
1919
1790
1883
1879
1979
1923
1858
1974
1839
2250
1971
1887
1771
1854
1943
1926
1883
1879
2007
1963
1843
1915
1775
1903
1767
1962
1899
1827
1910
2019
1934
1961
1746
1914
1958
1779
1979
1990
1855
2019
1899
1725
1950
1998
1971
1907
1914
1806
1866
1903
1915
1903
1987
2007
1831
1927
1954
1995
1863
2066
1807
2031
1814
1942
1819
1927
1883
1739
1826
1911
1927
1915
1927
1947
1955
1954
1831
1991
1846
2011
1903
1854
2059
1915
1870
1874
1859
1962
2023
1967
1967
2039
1947
2071
1783
1878
1987
1886
1899
1951
1911
1911
1875
1999
1771
1971
1830
1907
1935
1963
2051
2003
1791
1899
1927
1851
1770
1927
1991
1863
1951
1927
1891
1947
1735
1850
1890
1959
1807
1971
1851
1866
1751
1911
1883
1887
1887
1883
1919
1874
1859
1931
1871
1931
2015
1895
1815
1983
2039
1951
1831
1835
1975
1954
1931
1883
1847
1935
1791
1763
1910
1919
1871
1891
1834
1907
1750
1979
1739
1907
1910
1983
1886
2030
1943
1931
1918
1971
1835
1911
1767
1831
1863
1987
1899
1903
2095
1891
1838
1975
1858
1771
1930
1863
1915
1743
2015
1795
1907
1815
1895
1999
1971
1827
1939
1871
1939
1999
1815
1855
1999
1919
1851
1862
1935
1746
1910
1931
1927
1774
1999
1967
1882
1902
1843
1858
1955
1919
1723
2047
1899
2046
1951
2019
1886
2067
1811
1867
1794
1927
1911
1923
1906
1919
1887
1907
1863
1935
1862
1987
1862
1963
1914
2035
1894
1911
1899
1914
1819
1802
1915
1862
1835
1910
1910
1859
1879
1947
1891
1883
1795
1899
1803
1903
1883
1967
1907
1819
1863
1843
1858
2018
1943
1887
1867
1983
1919
1930
1923
2011
1787
1815
1834
1866
1950
1911
1783
1875
1947
1939
1959
1855
1975
1982
1911
1899
1862
1922
1886
1786
1947
1843
1871
2027
1886
1867
1975
1923
1862
1986
1954
1922
1902
2006
1870
1759
1919
1951
1851
1962
2046
1879
1870
1923
1875
1923
2063
1891
1903
1871
1775
1938
1826
1891
1906
1899
1863
1846
1939
1843
1859
1899
1831
1871
2018
1851
1719
1883
1870
1963
1919
1867
1835
1955
1851
2023
2002
1915
1954
2002
1811
1851
1935
1923
1894
2027
1943
2082
1927
1823
1959
1827
1911
1846
1959
1782
1831
1966
1995
1890
1963
1883
1883
1963
1915
2071
2007
1899
1899
1847
1742
1998
1907
1803
1855
1967
1902
1814
1783
1795
1942
1887
1795
1951
1938
1895
1811
1739
1842
1987
2074
1839
1711
1927
1859
1914
1650
1767
1783
