1911
1914
1870
2011
1839
1990
1846
2087
1747
2098
1887
1998
1810
1982
1743
2043
1863
2142
1894
2123
1666
2011
1830
2155
1831
2071
1811
2202
1763
2026
1914
2119
1803
2063
1827
2083
1802
2039
1939
1951
1830
2074
1887
2043
1778
1983
1815
2043
1823
1918
1899
2083
1918
2055
1823
2131
1919
1967
1799
1967
1807
2035
1887
1967
1927
2127
1975
2163
1831
2058
1898
2059
1843
2011
1871
2079
1899
2123
1835
2119
1875
1947
1794
2087
1759
2107
1815
2066
1823
1991
1871
2187
1823
2094
1847
2122
1811
2043
1867
2119
1835
2007
1907
2046
1830
1995
2042
2051
1743
2191
1827
1975
1747
2047
1882
2091
1899
1959
1850
1983
1759
2074
1739
2122
1818
1987
1843
2159
1887
2111
1842
1947
1895
1959
1863
1971
1687
2059
1763
2031
1878
1963
1919
2127
1787
2038
1983
1987
1807
2123
1831
1918
1835
2158
2007
1990
1938
2063
1907
2051
1899
2131
1887
1987
1871
2151
1911
1983
1803
2107
1830
2059
1755
2163
1875
1962
2030
2163
1951
2067
1863
2063
1902
1975
1846
2011
1963
2007
1771
2023
1883
2047
1919
2243
1882
2083
1963
1951
1823
1999
1907
1926
1911
1935
1850
1967
1831
1931
1766
2111
1827
2087
1878
2055
1739
1967
1955
2107
1895
2027
1826
2074
1934
2199
1878
2063
1823
2059
1775
2058
1751
2007
1787
1967
1891
2139
1886
1998
1763
2219
1895
2055
1835
2014
1871
2043
1855
2007
1814
1891
1795
2047
1814
1959
1927
2115
1931
2119
1883
2066
1859
2003
1879
2135
1903
2134
1987
2010
1914
1963
1839
2047
1831
2043
1755
1963
1818
1995
1843
2090
1899
2174
1903
2019
1803
2063
1942
2007
1867
2106
1887
2023
2018
2042
1827
2038
1822
2046
1779
2071
1775
2023
1899
2203
1727
2190
1887
2055
1987
2187
1795
2055
1963
2047
1843
2107
1943
1979
1871
2075
1875
2159
1975
2142
1847
2134
1947
2067
1862
2087
1803
2107
1799
2235
1919
2075
1915
2123
1978
2079
1831
2023
1971
2087
2003
2106
1991
2062
1923
2007
2103
1987
1943
2063
2006
2043
1871
2090
1911
2146
1974
2022
1787
2047
1759
1919
1867
2063
1971
1863
1935
1966
1786
1954
1827
2107
1859
2043
1786
2031
1807
2079
1918
2171
1882
2147
1774
2023
1911
2031
1875
2047
1951
1979
1866
2075
1990
2158
1815
2039
1954
2062
1959
2039
1803
1979
1883
2074
1807
2035
1871
1963
1855
2071
1882
2087
1954
2046
2063
2119
1978
2086
1851
2007
1883
2059
1899
2075
1995
2123
1910
2023
1843
2119
1835
2026
1831
1995
1846
1987
1923
2102
1871
2043
1855
2191
1994
2095
1923
2051
1843
2131
1855
2051
1887
2079
1871
2246
1819
2191
1923
2042
1895
2135
1946
2063
1846
2015
1947
2139
1946
2191
1855
2171
1811
2071
1843
1975
1911
2079
1966
2063
1895
2147
1863
1914
1763
1922
1915
1983
1895
2075
1726
1947
2015
2079
1722
1895
1631
1886
1587
1895
1587
2082
1871
1991
1839
1991
1866
1974
1891
1858
1826
1934
1839
1918
1791
1807
1887
1867
1946
1810
1847
1875
1779
1771
1847
1807
1835
1927
1727
1887
1779
1883
1858
1691
1779
1831
1943
1786
1811
1907
1886
1779
1858
1883
1875
1842
1887
1855
1787
1850
1859
1746
1727
1859
1823
1770
1991
1786
1766
1811
1906
1911
1887
1859
1799
1991
1895
1662
1883
1851
1891
1751
1779
1843
1854
1786
1750
1706
1731
1870
1858
1930
1919
1762
1867
1803
1934
1695
1831
1843
1843
1890
1675
1762
1686
1767
1783
1839
1819
1815
1779
1863
1979
1934
1854
1843
1847
1863
1843
1787
1839
1911
1735
1946
1870
1842
1862
1823
1751
1847
1803
1811
2054
1882
1811
1911
1954
1755
1750
1834
1970
1807
1766
1827
1895
1779
1899
1963
1891
1791
1815
1719
1934
1870
1867
1862
1927
1783
1995
1783
1827
1867
1898
1839
1867
1739
1855
1903
1963
1834
1770
1847
1971
1899
1827
1783
1910
1726
1831
1746
1822
1915
1887
1831
1783
1814
1923
1799
1803
1775
1799
1799
1878
1791
1675
1902
1866
1807
1935
1706
1810
1850
1798
1763
1871
1719
1887
1791
1827
1806
1767
1915
1806
1719
1871
1998
1910
1979
1943
1731
1771
1898
1795
1919
1971
1807
1811
1875
1915
1815
1863
1783
1751
1895
1843
1895
1871
1679
1863
1782
1955
1886
1795
1930
1883
1923
1935
1898
1979
1871
1751
1795
1782
1883
1871
1902
1754
1798
1890
1703
1830
1763
1803
1847
1774
1899
1851
1771
1823
1847
1999
1923
1847
1735
1799
1663
1899
1851
1882
1883
1866
1971
1727
1883
1983
1971
1811
1843
1895
1779
1870
1859
1795
1867
1887
1867
1815
1878
1919
1946
1778
1703
1790
1851
1915
1759
1759
1835
1807
1831
1899
1790
1886
1743
1899
1855
1783
1871
1846
1899
1803
1942
1895
1758
1747
1715
1859
1835
1791
1791
1771
1851
1679
1835
1895
1722
1798
1787
1831
1830
1883
1822
1855
1851
1743
1854
1735
1815
1883
1890
1895
1743
1835
1855
1942
1795
1883
1703
1779
1782
1823
1918
1875
1791
1679
1822
1787
1774
1807
1834
1815
1771
1858
1826
1855
1755
1783
1934
1735
1730
1783
1879
1735
1763
1655
1851
1863
1851
1887
1719
1963
2035
1925
1743
1851
1695
1870
1722
1874
1823
1811
1799
1863
1847
1718
1903
1783
1935
1790
1826
1799
1727
1767
1834
1803
1859
1882
1838
1807
1767
1882
1739
1974
1966
1891
1843
1723
1854
1847
1747
1771
1859
1798
1698
1815
1714
1875
1894
1839
1983
1935
1850
1839
1950
1871
1847
1907
1783
1875
1838
1899
1935
1775
1867
1703
1683
1871
1755
1775
1767
1930
1747
1903
1631
1799
1811
1863
1707
1967
1859
1899
1758
1795
1758
1763
1631
1843
1907
1815
2035
1939
1755
1754
1775
1719
1991
1730
1755
1783
1811
1883
1806
1827
1863
1834
1806
1686
1762
1871
1775
1839
1806
1766
1878
1843
1735
1779
1815
1899
1791
1763
1847
1931
1779
1799
1763
1886
1787
1798
1814
1987
1819
1827
1863
1751
1787
1771
1818
1727
1831
0
1803
