1723
2007
1802
2045
1721
1977
1667
2034
1825
2045
1726
1969
1774
2015
1851
1938
1675
1945
1705
1919
1631
1918
1699
2007
1818
2119
1698
2042
1693
2019
1779
2067
1847
2037
1759
1993
1619
1987
1623
1929
1726
2083
1831
1994
1635
1909
1867
2055
1869
1982
1737
2027
1845
1946
1765
2027
1687
2081
1747
1995
1662
1923
1858
2027
1813
1805
1875
2009
1739
1987
1751
1937
1805
2031
1735
1963
1735
1977
1775
2087
1857
2063
1687
1999
1807
2067
1729
2011
1879
1931
1811
2041
1723
1899
1862
1971
1985
1911
1653
2089
1859
2027
1683
2151
1639
1953
1729
2031
1711
1975
1771
2043
1889
1907
1738
1930
1815
1901
1721
1899
1789
2043
1735
2078
1577
1789
1757
2234
1765
2051
1719
2067
1830
1917
1791
2111
1654
1975
1755
1973
1775
2097
1699
2107
1709
2021
1697
2066
1625
1995
1898
1955
1787
1711
1919
1951
1695
1839
1635
2021
1606
1873
1621
1921
1789
1931
1858
1909
1811
1855
1806
1955
1661
1877
1870
2047
1771
1911
1807
2075
1834
1831
1667
1950
1563
2041
1725
2071
1661
2023
1931
1911
1789
1973
1829
2002
1587
1887
1592
1979
1734
1875
1763
1947
1665
2075
1594
2039
1782
1871
1719
2103
1643
1851
1922
1989
1733
1910
1707
1839
1801
1862
1653
1966
1743
1785
1857
2003
1734
2035
1557
2047
1739
1947
1762
1955
1714
1909
1815
2027
1759
1946
1631
1853
1661
1838
1814
2119
1807
1771
1866
1910
1934
1921
1925
2078
1778
1958
1747
2039
1683
1890
1714
1767
1675
1982
1718
2015
1662
1963
1930
1983
1647
1911
1802
2031
1747
1995
1779
1966
1899
1969
1702
1901
1713
1915
1773
2079
1706
1875
1829
1975
1819
2157
1877
1977
1833
1981
1654
2037
1734
1954
1767
2066
1723
2074
1687
1875
1699
2019
1738
1833
1807
1903
1686
2035
1615
1889
1687
2029
1802
2106
1863
1995
1578
1831
1842
1929
1675
2095
1718
1826
1793
1777
1811
2007
1739
1803
1663
1965
1691
1895
1767
2091
1759
2057
1822
2030
1845
1955
1617
2002
1709
1935
1727
2047
1697
1811
1797
1997
1838
2041
1821
1987
1763
1995
1881
1813
1923
2014
1915
2013
1718
1946
1763
1951
1906
2010
1859
1923
1690
1987
1689
1818
1718
1947
1831
2047
1799
2011
1881
1917
1771
1859
1907
2011
1806
1863
1579
2021
1707
2027
1837
1879
1687
1902
1747
1850
1759
2033
1875
2007
1795
1891
1906
1935
1757
1873
1733
1947
1834
1865
1663
2067
1807
1891
1846
2074
1683
1967
1619
1994
1713
2131
1811
2055
1759
1905
1661
2163
1770
1923
1842
1939
1690
2039
1887
2031
1707
2026
1691
1975
1833
1979
1767
1866
1703
1943
1873
1794
1823
1897
1806
2037
1931
2098
1839
2043
1711
1966
1773
1991
1719
1854
1650
1999
1787
1999
1911
1815
1682
1913
1641
2073
1755
1911
1827
1991
1795
1971
1830
1927
1822
2074
1815
2059
1771
1839
1434
1709
1531
1679
1439
2031
1715
1829
1701
1843
1786
1938
1803
1825
1781
1739
1813
1807
1667
1619
1706
1581
1859
1789
1507
1665
1691
1739
1765
1631
1841
1607
1750
1749
1771
1803
1759
1695
1649
1775
1762
1779
1735
1937
1730
1697
1679
1671
1865
1826
1935
1722
1867
1747
1727
1747
1721
1710
1755
1723
1769
1671
1786
1842
1903
1781
1761
1893
1755
1594
1801
1735
1782
1657
1731
1601
1587
1905
1699
1726
1714
1819
1831
1739
1755
1767
1769
1743
1795
1554
1826
1842
1755
1871
1791
1617
1755
1635
1703
1726
1727
1807
1819
1603
1698
1663
1853
1755
1793
1705
1810
1783
1721
1547
1810
1787
1782
1791
1749
1793
1791
1623
1691
1695
1830
1635
1859
1745
1714
1767
1698
1734
1734
1659
1775
1847
1871
1626
1721
1701
1631
1606
1583
1642
1650
1683
1738
1798
1715
1778
1775
1819
1838
1710
1735
1827
1755
1763
1767
1851
1626
1531
1791
1758
1710
1611
1753
1751
1717
1635
1835
1701
1771
1541
1807
1785
1629
1787
1655
1771
1747
1774
1807
1587
1805
1746
1815
1791
1794
1833
1683
1775
1903
1891
1750
1807
1829
1711
1703
1891
1781
1713
1895
1747
1811
1706
1777
1771
1683
1621
1801
1649
1758
1795
1870
1762
1723
1791
1790
1813
1718
1666
1681
1723
1818
1822
1775
1745
1801
1605
1682
1786
1625
1743
1579
1805
1757
1647
1826
1707
1819
1703
1825
1826
1822
1547
1715
1662
1879
1566
1747
1755
1762
1785
1895
1738
1725
1806
1855
1742
1877
1733
1663
1678
1649
1690
1773
1815
1799
1715
1679
1742
1739
1787
1631
1767
1591
1757
1759
1739
1794
1778
1845
1882
1855
1659
1701
1839
1625
1759
1889
1703
1703
1835
1763
1817
1587
1693
1758
1845
1643
1675
1903
1837
1819
1667
1817
1723
1694
1821
1850
1567
1771
1819
1638
1653
1794
1719
1870
1891
1695
1769
1819
1731
1737
1670
1683
1807
1859
1623
1722
1706
1794
1647
1651
1831
1801
1749
1779
1498
1743
1653
1689
1719
1585
1686
1706
1663
1822
1630
1879
1670
1770
1695
1707
1658
1631
1787
1719
1650
1657
1655
1661
1687
1723
1663
1843
1757
1743
1585
1654
1911
1875
1693
1718
1629
1729
1663
1825
1743
1823
1781
1838
1751
1663
1894
1865
1870
1711
1785
1830
1682
1629
1863
1675
1793
1670
1591
1679
1741
1817
1761
1730
1645
1723
1702
1799
1734
1795
1839
1639
1685
1615
1663
1734
1755
1731
1734
1759
1747
1763
1750
1850
1766
1715
1843
1599
1751
1761
1631
1850
1655
1835
1751
1830
1677
1761
1698
1702
1833
1551
1645
1715
1633
1687
1647
1794
1709
1750
1670
1758
1759
1791
1675
1748
1678
1794
1791
1725
1650
1695
1715
1695
1947
1706
1741
1609
1830
1746
1779
1718
1787
1601
1582
1573
1799
1638
1689
1687
1647
1722
1890
1810
1779
1805
1817
1759
1733
1787
1685
1809
1835
1803
1730
1747
1786
1805
1619
1727
1637
1767
1670
1662
1747
1751
1701
1779
1691
1746
1649
1725
1834
1631
1610
1742
1783
1703
1818
1795
1615
1807
1751
1731
1831
1663
1683
