487
658
591
818
583
727
567
759
547
641
459
726
446
715
503
771
467
706
426
719
654
799
447
611
531
799
447
779
478
847
542
695
667
847
430
695
527
734
479
727
535
767
639
667
531
638
523
823
563
803
606
675
459
842
503
654
415
699
643
727
479
631
527
731
398
842
514
691
590
655
547
698
495
694
406
651
551
714
471
746
627
847
555
659
442
687
530
690
567
675
507
687
495
855
627
647
739
755
455
819
422
678
490
735
503
826
447
731
483
670
390
555
538
658
478
670
525
546
655
839
651
643
518
771
455
631
495
875
482
762
394
699
419
727
495
763
429
563
555
794
446
822
579
802
463
911
453
739
446
626
478
755
478
835
467
635
574
847
543
774
542
723
502
779
619
598
467
623
611
822
467
755
663
703
530
607
439
731
578
795
675
511
307
715
582
671
575
731
446
642
410
851
451
791
515
843
511
767
655
731
534
663
583
663
675
623
531
779
413
675
635
602
498
669
433
835
438
641
447
687
523
675
558
818
387
831
467
770
495
683
443
718
419
663
491
738
495
595
459
867
563
831
583
662
543
706
631
739
451
823
459
723
455
763
409
793
407
743
647
803
479
743
487
839
451
683
542
603
395
567
415
795
607
765
507
659
407
643
527
759
423
793
490
726
590
767
574
722
678
846
527
783
651
787
427
767
567
657
451
811
703
539
594
623
550
715
435
763
687
662
459
847
615
771
553
675
431
907
451
755
506
627
593
743
523
683
523
779
543
702
406
699
467
591
499
919
651
755
475
747
555
667
471
791
455
643
491
750
655
667
511
727
634
723
487
638
667
671
371
830
582
631
470
735
594
715
479
830
563
815
463
771
622
754
595
581
449
685
407
663
387
790
578
751
586
778
639
799
506
818
463
894
423
751
411
878
609
703
587
803
511
731
527
835
534
787
515
771
407
606
491
618
343
683
543
675
475
791
554
642
623
711
543
703
438
739
486
686
439
787
566
883
454
794
559
607
303
703
542
699
571
730
543
723
450
614
495
763
602
698
590
754
499
767
511
707
355
783
419
647
495
659
567
678
578
647
395
707
494
747
647
683
439
591
507
839
531
706
571
802
458
763
599
707
419
699
599
795
398
834
487
695
543
734
527
774
487
646
390
407
306
411
39
762
599
726
678
699
466
754
535
455
555
475
471
511
487
571
511
574
323
459
607
567
458
551
515
559
527
554
523
494
654
627
542
506
535
402
403
467
682
486
423
331
547
519
375
510
375
495
518
311
422
541
499
491
451
543
518
427
559
567
402
543
654
391
487
443
371
475
439
531
590
418
427
431
474
598
447
487
343
511
642
351
443
567
478
555
615
370
431
622
455
533
474
411
579
383
478
435
515
635
583
415
439
555
495
483
578
542
315
403
659
502
515
495
535
595
407
391
463
407
514
414
539
547
590
430
539
503
607
399
487
535
515
367
423
603
443
315
538
367
514
583
379
635
426
571
435
475
515
279
467
431
507
543
571
587
542
566
545
510
515
610
443
490
639
499
427
341
546
463
546
550
479
563
554
539
479
362
555
439
558
415
526
559
507
487
515
554
455
447
422
595
535
419
511
603
579
518
602
451
527
455
443
427
626
483
578
563
631
427
619
515
439
358
575
467
507
395
423
534
462
403
503
595
342
606
427
407
515
459
398
451
431
471
507
499
451
675
563
463
435
419
535
371
275
471
431
463
430
619
455
415
627
587
507
503
323
463
531
499
439
594
303
426
459
443
575
575
511
419
447
471
595
439
406
586
471
370
379
358
575
455
551
451
422
582
442
543
525
438
507
526
599
610
491
411
419
561
574
531
619
379
543
426
522
538
459
377
461
470
406
391
635
495
547
463
411
379
635
583
511
583
499
558
563
479
411
547
442
467
371
579
411
507
611
467
419
583
547
535
671
554
459
491
567
499
518
454
511
614
551
463
607
375
519
493
511
527
631
451
402
383
463
522
566
419
443
451
567
502
551
378
539
550
434
527
323
467
639
643
435
522
475
463
479
407
414
455
407
458
451
351
479
535
394
499
530
383
458
387
442
473
379
483
567
422
655
535
458
531
299
475
439
406
610
486
543
487
463
531
547
571
619
423
507
511
519
635
438
625
483
627
275
523
394
594
551
442
599
302
543
587
543
422
586
503
587
551
435
411
474
523
519
498
479
466
575
591
437
511
635
483
599
571
475
619
534
379
467
507
543
459
383
482
583
470
419
503
535
462
454
463
491
519
687
366
563
571
431
407
363
431
551
326
478
467
538
438
409
387
542
571
419
514
463
475
473
347
322
442
459
355
438
559
643
362
503
179
323
623
471
539
