443
607
415
599
395
571
271
570
335
517
346
555
374
603
435
567
459
526
371
623
402
595
431
595
346
431
359
507
511
541
379
671
339
639
419
446
527
566
487
551
422
466
411
654
295
539
535
783
434
587
367
419
435
695
335
487
342
579
347
703
287
503
331
615
319
629
423
587
451
675
458
526
451
491
394
718
374
611
435
587
347
607
451
642
347
555
343
647
315
579
399
639
371
494
418
462
423
571
435
506
383
535
390
639
390
591
338
491
467
467
495
461
403
599
403
439
391
642
286
574
427
597
365
659
311
631
299
647
297
531
519
495
279
578
423
475
483
699
431
573
387
518
466
594
391
574
511
451
451
526
387
535
358
598
267
553
310
503
394
643
371
666
498
551
509
647
435
590
390
465
539
555
291
653
339
342
374
470
351
551
355
742
386
655
383
363
377
555
354
475
447
467
339
691
367
543
579
515
499
595
375
579
299
575
479
523
367
599
399
649
343
539
339
515
431
713
306
578
455
511
389
470
479
686
339
590
487
519
511
507
333
671
405
575
395
583
327
635
462
727
399
599
415
705
323
611
383
511
318
477
323
559
410
502
307
711
399
651
519
646
410
511
287
491
423
581
487
595
391
671
490
731
303
655
470
619
427
579
351
781
367
595
293
461
347
511
366
579
563
598
402
631
311
502
371
646
346
351
391
571
431
490
391
527
390
563
331
614
311
590
363
439
399
439
387
514
379
527
187
566
495
627
331
583
455
490
387
483
479
543
342
486
411
515
454
607
570
566
283
710
487
619
358
635
355
527
590
595
547
631
302
683
415
523
467
586
359
598
427
543
502
547
391
407
338
562
419
527
314
555
406
515
429
555
291
626
395
483
390
615
331
543
479
671
558
611
394
666
494
587
323
647
370
619
467
623
275
703
295
638
423
719
402
534
351
662
518
499
311
550
382
593
346
651
363
603
410
703
419
635
375
482
551
535
519
647
423
695
439
533
451
619
463
443
367
579
446
559
527
582
418
579
318
635
426
511
394
655
519
613
331
558
423
623
455
610
359
415
455
657
411
655
387
551
419
659
323
517
419
590
515
643
395
559
331
515
407
659
447
607
522
506
307
655
343
699
347
518
287
559
546
526
247
619
367
607
343
411
103
310
0
287
98
535
435
414
458
571
495
611
311
411
395
427
319
431
385
271
275
315
253
451
359
327
290
343
319
363
579
390
470
306
415
215
247
369
483
347
254
335
435
327
387
350
447
403
523
355
383
267
279
286
455
271
351
378
410
235
415
399
327
347
259
327
411
323
223
311
319
373
351
431
318
434
398
399
331
335
459
291
327
347
278
331
314
237
366
335
315
427
282
459
354
375
447
195
330
355
318
251
367
231
379
387
335
295
415
342
458
331
283
363
403
495
319
171
379
327
459
307
247
390
259
319
339
427
358
331
445
362
419
187
491
445
287
395
370
346
305
371
503
383
351
335
503
291
379
370
355
435
411
294
463
299
382
339
367
419
311
187
415
402
195
287
274
287
310
458
491
371
307
383
399
474
467
311
495
426
378
395
347
351
455
275
563
267
346
402
319
345
339
310
402
210
353
266
338
286
291
374
471
331
335
379
459
367
263
355
386
454
283
343
350
367
407
430
507
311
273
426
423
407
255
451
339
358
266
191
282
335
238
387
391
381
411
446
330
435
362
447
307
339
507
333
379
234
350
250
406
390
347
307
419
483
331
610
375
302
349
299
191
339
319
275
291
375
307
395
399
438
466
231
427
363
403
267
459
359
283
438
319
282
427
298
391
355
355
219
259
275
362
275
330
430
387
265
331
363
267
331
314
375
347
351
359
347
359
262
363
351
347
335
338
371
327
278
471
466
265
399
383
339
515
371
279
362
311
190
355
318
211
315
391
414
387
343
330
271
390
331
398
450
419
255
351
263
367
366
343
343
359
434
322
455
383
367
263
343
411
418
462
383
431
207
331
443
475
382
361
311
347
363
483
331
498
379
271
382
331
266
373
318
458
359
363
407
351
275
370
263
391
263
287
322
351
495
299
274
303
323
410
291
326
275
334
323
359
335
525
399
407
491
418
351
383
343
355
383
358
267
531
210
347
219
527
390
379
362
345
323
299
443
315
450
351
354
303
321
375
375
363
399
275
307
359
411
466
315
474
379
458
219
403
363
275
387
247
369
297
295
399
319
230
339
330
255
371
299
317
299
475
215
515
263
346
387
351
278
342
275
299
378
287
243
359
283
351
339
359
311
331
363
431
283
455
550
327
467
363
135
375
482
191
323
322
343
218
367
411
227
167
381
287
283
463
303
395
338
339
182
523
518
398
770
