351
551
503
643
371
619
403
651
367
615
411
523
435
635
427
679
455
763
443
759
387
811
495
471
391
683
479
551
383
539
423
767
411
663
431
791
475
615
515
659
583
635
391
715
495
563
459
587
443
599
443
539
375
647
471
491
439
699
551
651
275
587
443
723
503
715
511
687
491
627
467
659
423
595
347
623
527
687
487
767
419
583
475
607
331
867
639
663
531
535
539
791
423
611
459
727
315
575
407
503
607
615
575
583
499
539
387
759
395
759
615
551
455
667
551
575
599
683
375
483
411
659
559
647
539
763
371
715
443
627
355
823
575
671
571
715
415
727
499
699
487
767
531
615
423
695
515
679
487
507
519
699
551
623
547
623
503
679
387
615
475
627
539
707
527
703
383
703
435
687
415
615
559
659
495
671
483
611
559
767
371
663
511
683
491
655
447
767
519
591
359
627
611
559
539
603
523
687
371
687
515
587
311
719
587
775
423
635
395
531
403
687
451
679
539
603
639
587
363
587
259
563
439
723
491
579
367
695
327
631
499
579
431
703
407
699
503
651
547
635
575
667
515
679
495
795
451
639
435
683
503
607
351
803
479
607
379
691
459
659
383
571
371
543
323
571
315
627
491
687
347
795
491
699
591
699
515
647
455
639
471
827
423
631
463
499
295
715
331
807
355
735
507
707
463
695
475
691
547
559
643
527
511
603
447
579
475
635
591
663
343
731
559
631
435
739
339
655
459
831
503
747
575
723
439
715
499
631
515
787
371
655
363
755
399
755
423
551
371
655
607
639
303
579
439
695
355
631
531
651
547
683
511
703
407
535
555
711
539
587
415
727
619
687
475
575
395
623
527
679
427
643
443
663
583
651
483
539
415
639
443
639
299
587
507
607
491
703
443
499
547
687
435
671
279
743
343
683
403
643
419
623
599
667
511
667
491
659
423
659
503
587
467
583
399
663
491
627
471
703
415
679
423
687
319
651
547
735
411
539
507
759
463
591
507
663
451
755
415
671
355
619
315
639
307
683
371
595
371
639
627
759
523
515
431
663
539
663
399
635
367
479
507
735
551
675
543
683
583
579
407
699
519
675
459
675
379
731
447
667
507
719
447
507
559
707
527
579
335
719
411
707
467
591
427
671
495
403
203
463
0
363
219
615
387
663
347
543
455
731
375
575
463
339
459
415
407
391
363
419
411
339
519
363
451
579
371
439
447
559
443
379
515
583
467
383
399
523
543
299
339
399
519
259
423
295
527
311
479
371
303
415
403
447
347
391
471
367
491
307
455
399
479
403
503
407
423
379
275
483
467
159
563
399
383
315
379
539
467
383
519
451
395
319
399
479
411
499
567
395
451
275
495
347
403
483
411
467
551
327
403
331
403
459
191
331
335
387
435
571
375
367
327
383
375
355
299
379
379
379
379
379
379
379
379
379
379
379
379
379
379
379
379
379
379
379
379
379
379
379
379
379
379
351
335
303
391
251
435
307
483
415
363
291
323
411
647
307
383
391
347
431
387
451
383
259
391
271
427
387
371
383
363
311
519
455
551
347
215
351
367
379
471
495
403
407
535
391
495
455
539
415
367
383
311
267
507
411
491
307
391
359
203
471
411
399
227
419
267
443
415
415
383
539
431
491
395
351
435
323
375
423
379
347
447
367
455
471
459
407
267
367
439
339
431
459
207
463
419
295
495
427
355
375
395
511
427
455
559
363
355
331
363
327
383
263
263
343
351
351
343
263
507
299
487
471
439
319
531
247
423
563
435
523
407
631
307
359
259
355
459
315
463
463
435
379
391
415
275
427
415
343
291
363
495
415
431
495
547
243
467
355
523
391
539
459
519
415
387
375
519
347
307
451
383
203
559
427
483
299
375
299
443
511
399
539
383
295
303
503
351
279
319
455
415
311
547
507
443
371
307
479
483
411
463
315
355
507
319
455
371
471
487
315
451
459
407
319
451
299
307
299
399
351
483
451
283
299
471
307
435
343
487
427
447
595
479
415
503
331
419
491
479
399
451
399
487
355
367
343
487
487
351
511
503
187
427
459
487
439
359
375
427
479
419
555
331
395
403
435
463
499
483
371
531
479
359
331
343
459
447
351
227
423
435
323
523
327
447
503
467
455
379
371
411
423
355
331
395
431
351
455
451
495
455
391
491
423
399
391
411
331
451
431
383
383
399
579
355
347
359
487
563
451
467
367
399
539
303
471
435
395
503
459
387
299
439
535
523
535
463
415
395
455
423
439
495
447
407
423
363
355
543
403
575
251
507
375
451
311
287
311
455
399
387
331
439
459
495
367
283
203
295
391
415
371
355
331
503
179
227
143
523
647
