366
627
427
515
359
619
483
599
403
439
337
426
361
575
410
473
299
553
322
463
363
511
385
555
355
594
229
514
237
489
515
627
357
635
445
511
302
627
450
587
298
519
359
407
467
521
383
483
423
534
355
607
386
566
291
578
277
583
443
386
377
519
322
651
375
555
407
590
279
469
327
557
354
491
307
650
413
509
333
547
483
571
375
475
433
703
301
683
254
506
341
369
335
383
471
334
403
659
489
454
253
530
323
539
299
583
370
434
355
542
367
647
374
647
383
687
341
581
397
591
275
563
361
486
327
406
263
507
359
479
453
547
313
475
438
609
327
507
353
575
393
475
441
462
347
458
395
542
399
643
190
667
319
531
287
650
354
533
195
635
454
598
274
706
315
619
397
513
343
479
343
573
218
635
373
573
470
558
433
526
423
553
382
618
294
433
407
607
427
685
462
479
465
614
323
607
257
631
345
513
342
506
314
623
235
637
246
553
263
459
355
683
262
523
394
466
373
541
287
490
367
479
258
467
235
583
349
690
450
571
267
455
327
397
455
611
413
599
418
549
405
590
446
593
330
529
107
689
382
443
323
499
287
309
353
533
361
627
339
427
247
609
394
565
399
481
357
679
425
503
450
651
511
583
366
495
350
570
371
457
299
458
350
481
471
521
371
611
506
519
362
425
427
561
310
554
381
525
229
506
322
679
238
475
315
594
395
579
283
643
515
425
317
506
285
514
433
551
315
546
342
543
339
563
407
446
395
625
490
491
254
511
227
565
263
541
391
471
475
691
175
485
479
450
267
523
343
581
385
625
474
589
403
610
405
711
327
551
315
562
143
537
283
559
329
538
331
483
439
578
451
607
353
521
475
589
421
491
478
542
387
445
323
606
329
527
239
586
281
495
199
619
187
593
435
475
293
594
219
543
421
615
310
573
247
481
467
515
431
642
211
441
319
530
259
611
358
545
523
635
331
514
326
395
239
491
307
551
575
639
334
458
327
483
318
469
403
511
437
633
271
507
395
655
297
409
333
622
519
567
455
477
467
445
333
567
286
599
314
534
278
594
391
663
335
597
307
693
403
517
370
535
326
611
430
571
250
458
282
585
261
565
206
661
391
654
258
493
263
539
285
671
355
523
339
594
374
235
55
153
53
377
107
514
530
571
519
605
279
586
331
338
255
207
265
182
509
430
405
327
334
295
303
271
417
302
273
286
351
307
303
245
399
311
395
131
339
403
383
310
285
379
571
367
373
385
290
253
351
333
327
535
222
315
247
294
239
239
213
351
410
293
319
199
453
247
358
375
343
194
254
273
303
307
287
455
330
431
431
255
346
317
247
281
226
273
305
337
345
267
454
443
454
295
599
413
347
278
282
433
278
269
318
381
219
254
262
170
417
351
338
377
278
307
459
450
407
294
251
294
341
285
427
327
341
222
417
335
410
322
349
367
222
274
330
231
417
361
438
297
411
439
359
295
359
291
235
215
331
179
243
171
250
335
431
267
313
423
342
198
322
374
247
437
266
415
361
243
257
271
209
309
319
223
239
291
267
411
227
342
195
345
426
179
387
387
250
219
329
434
443
406
299
370
254
229
345
347
439
318
302
347
395
258
351
341
311
191
369
271
303
358
305
214
219
434
361
330
459
363
279
341
373
365
402
315
455
306
410
295
387
235
313
269
302
267
327
442
314
431
427
247
375
366
399
237
430
297
259
426
491
289
430
315
315
402
138
289
407
339
354
311
270
335
323
198
302
194
263
427
451
419
375
283
343
382
379
210
398
179
383
402
341
257
77
251
238
426
385
353
347
243
321
335
438
371
177
279
307
375
511
389
309
319
441
398
341
317
403
415
227
341
219
374
366
193
467
367
423
293
475
343
437
355
186
278
162
298
190
201
386
203
363
291
423
321
431
203
235
283
287
191
267
374
391
375
477
357
270
315
255
174
205
215
350
418
411
363
293
258
311
295
487
383
395
217
427
302
397
239
371
519
350
447
181
171
451
342
466
338
341
171
270
279
203
393
233
211
255
457
331
303
277
373
382
415
279
394
354
367
449
315
335
307
321
201
395
274
231
173
487
227
313
371
311
339
265
271
455
323
550
335
419
401
571
355
509
326
306
331
315
309
405
247
199
342
307
419
226
299
375
251
467
191
409
299
433
265
331
319
373
287
331
362
175
407
446
262
419
309
350
445
350
431
382
443
419
339
347
211
265
311
315
366
477
255
291
314
287
309
247
363
323
458
331
326
267
335
389
269
327
342
323
511
341
351
347
419
451
365
283
259
323
354
317
317
379
311
418
338
381
207
243
389
290
223
309
383
626
531
322
479
550
671
