461
670
515
631
490
675
298
778
379
659
518
643
374
677
327
549
357
669
295
719
525
663
529
439
446
721
323
659
454
669
482
610
545
718
519
839
439
699
554
631
546
602
543
633
425
679
506
705
462
731
586
683
530
606
455
615
411
511
458
707
339
666
467
654
530
618
503
683
541
545
510
747
617
658
513
659
438
615
339
695
471
639
543
579
487
683
415
679
407
743
539
581
391
522
493
698
415
698
415
653
377
507
409
627
407
755
581
655
319
627
535
671
527
554
575
747
593
627
622
523
519
677
363
717
479
551
413
602
494
695
463
711
537
527
437
791
485
653
310
662
547
606
373
569
667
710
490
674
523
578
377
706
491
707
434
573
470
750
375
693
397
587
463
654
451
617
395
671
431
654
475
783
475
709
505
766
523
711
474
659
406
622
414
510
405
627
407
699
335
667
595
627
565
659
441
663
551
619
550
615
403
795
399
567
418
635
339
611
503
631
426
657
326
539
401
643
490
558
463
659
363
719
495
647
427
691
495
723
478
539
403
617
485
723
346
610
499
569
373
678
402
611
566
717
503
678
427
583
429
449
409
645
438
554
287
678
522
715
483
690
419
566
427
751
398
653
470
841
423
705
457
763
467
627
541
647
410
823
445
607
473
893
587
545
350
598
411
579
471
731
555
783
451
755
291
741
335
723
409
626
335
694
394
658
233
739
467
654
519
707
358
622
427
679
529
603
450
551
427
658
463
675
506
555
378
675
391
615
538
611
325
722
462
775
451
569
315
605
549
674
587
571
498
591
489
746
411
571
494
671
527
597
565
747
462
675
359
661
453
662
458
567
455
893
302
611
655
650
539
553
621
703
642
722
394
649
455
685
490
691
495
794
359
563
406
694
469
526
455
643
519
654
329
491
411
735
594
545
411
566
469
663
493
650
315
735
585
587
455
627
513
525
421
637
565
583
511
675
479
673
415
671
433
691
391
569
439
683
395
667
446
703
366
555
473
723
591
673
543
631
419
686
479
623
575
658
366
763
359
643
355
775
517
705
427
686
571
650
427
599
342
487
525
746
319
545
486
703
459
646
615
723
485
778
493
739
305
619
478
710
379
829
471
571
541
485
491
635
479
690
597
709
581
634
457
683
510
547
221
469
149
391
327
667
407
587
538
643
359
863
450
439
511
406
487
393
382
497
405
495
327
469
371
389
521
437
465
494
459
310
363
355
431
419
441
423
402
383
461
398
327
495
439
405
477
419
467
445
353
441
441
450
473
478
365
407
467
339
611
346
590
485
522
254
598
513
295
477
327
298
467
350
478
403
423
285
367
422
419
566
391
358
383
458
467
522
450
339
335
346
457
387
357
530
467
369
461
282
335
490
359
389
399
425
535
490
427
407
383
378
510
431
498
423
311
383
402
585
585
585
585
585
585
585
585
585
585
585
585
585
585
585
585
585
585
585
585
585
585
585
585
585
585
619
447
350
451
467
435
329
355
261
427
345
403
286
489
349
486
471
375
509
555
335
403
574
466
447
427
395
563
391
359
495
457
551
551
411
498
265
409
465
241
367
425
490
419
573
431
442
515
375
471
427
434
411
491
429
269
449
529
410
390
395
449
447
407
403
386
351
439
285
459
419
465
451
499
503
549
423
487
473
437
430
307
385
487
459
433
394
374
491
327
451
483
475
539
443
382
431
521
675
383
387
527
534
362
297
362
359
493
337
579
387
338
331
531
503
487
337
398
497
399
517
375
363
435
447
499
559
399
319
378
450
469
478
255
469
267
387
367
503
497
355
429
495
727
470
427
342
530
503
393
339
269
475
435
511
385
439
399
483
451
498
399
351
459
473
414
274
470
367
458
505
381
315
361
430
507
413
486
299
543
290
351
351
359
318
427
362
319
407
455
386
463
343
483
399
522
262
511
441
371
463
307
475
543
426
446
443
415
507
498
483
447
487
370
315
463
423
411
413
502
418
349
547
465
502
439
435
502
302
399
398
377
579
471
387
541
299
387
418
350
425
394
515
530
506
519
342
382
463
419
294
442
454
238
495
323
459
514
471
543
370
427
339
401
437
415
459
414
441
467
553
267
503
483
339
511
506
370
387
563
446
439
373
503
489
507
303
439
303
409
394
405
338
461
406
357
430
415
371
382
521
309
477
509
401
507
451
510
507
475
555
397
343
398
353
486
314
378
321
387
414
455
318
413
314
443
433
471
282
550
347
451
309
419
342
554
487
339
521
431
526
359
279
454
327
358
373
415
486
389
346
469
323
471
411
421
333
527
431
306
455
449
387
485
475
446
317
446
313
583
437
459
383
327
309
297
0
471
415
183
423
