375
671
403
582
383
531
362
537
351
478
367
561
431
594
411
621
371
514
309
439
451
571
377
450
391
503
323
557
247
537
342
495
339
723
349
626
351
539
289
607
411
607
287
507
307
591
379
510
601
589
361
679
374
575
485
475
403
630
362
499
327
579
327
685
366
623
503
486
327
461
427
523
361
641
394
722
275
407
182
545
439
643
391
507
383
347
355
702
255
631
279
547
311
491
322
611
449
663
370
570
318
547
495
547
330
643
399
677
497
511
283
422
347
549
346
619
538
681
405
511
337
695
378
514
369
485
313
411
427
566
463
671
370
451
427
657
374
670
367
699
474
587
515
575
402
671
315
623
454
631
491
479
399
583
386
610
383
639
407
583
406
661
379
603
415
526
403
659
363
303
330
403
347
523
475
433
487
526
243
661
385
455
365
697
281
485
475
477
327
599
522
530
515
449
371
699
475
595
283
479
331
537
298
475
495
730
673
571
370
603
523
530
491
711
329
614
443
590
283
738
365
506
267
675
427
611
294
659
277
715
321
339
267
691
347
442
385
663
431
595
271
647
419
630
347
521
382
683
242
558
381
526
378
611
351
611
415
659
478
567
301
511
449
533
335
511
454
527
406
487
363
575
366
598
526
551
343
539
463
489
409
515
243
662
411
547
395
734
387
486
318
511
395
386
383
631
371
601
247
663
270
567
527
627
353
517
413
598
273
623
351
635
487
483
434
691
331
555
426
695
422
669
341
535
363
497
423
563
363
559
399
579
341
601
347
575
529
638
417
590
491
611
365
495
319
751
399
606
493
453
323
615
591
465
310
619
454
551
457
599
443
602
365
554
354
583
363
615
389
579
317
527
353
575
359
625
323
625
345
583
299
497
359
525
419
575
414
595
378
682
451
615
367
451
286
421
415
575
362
599
439
667
418
571
455
529
423
606
455
659
335
703
374
614
295
575
357
563
406
501
411
475
449
527
322
614
523
693
475
551
361
718
351
539
437
682
455
473
291
587
379
455
403
599
243
585
378
529
487
567
347
571
321
611
409
475
383
565
417
551
285
515
463
595
371
663
427
610
386
475
290
595
367
625
309
515
322
593
259
671
439
607
393
617
423
558
507
546
422
482
346
642
395
587
423
671
395
430
79
322
0
327
103
586
307
403
359
434
523
479
434
413
337
435
255
262
387
222
226
447
351
290
429
395
274
391
319
299
323
267
387
407
283
358
335
385
419
435
285
431
335
251
339
326
315
391
318
287
345
263
415
302
503
422
349
195
471
257
465
467
463
343
455
279
617
337
373
383
242
263
399
285
354
414
442
306
491
323
453
435
307
335
427
278
278
386
466
499
261
351
279
291
307
258
398
223
539
375
281
373
343
263
446
467
287
399
419
395
499
438
331
293
419
435
359
371
415
415
419
338
430
211
353
295
409
303
490
491
443
327
361
315
351
231
497
426
450
403
319
287
369
275
383
370
227
494
403
482
395
483
359
434
362
379
397
341
362
442
319
453
335
482
362
558
591
293
295
286
333
341
401
207
451
283
263
431
413
373
313
369
346
483
350
394
362
479
410
383
318
383
334
322
475
159
322
323
303
373
330
267
307
423
402
541
367
278
346
363
327
351
307
391
259
309
398
379
313
343
449
431
370
379
395
347
355
481
275
393
458
367
483
451
342
262
393
342
267
411
313
503
407
422
247
295
283
326
279
366
425
275
483
530
365
318
214
286
311
299
286
327
490
418
267
398
411
189
425
477
395
273
290
335
303
291
335
263
251
427
335
313
361
287
393
407
575
307
358
338
447
299
527
359
306
286
383
227
211
226
327
371
466
239
343
334
425
262
291
361
243
401
246
435
351
395
447
455
381
511
345
450
219
349
251
391
329
333
474
387
262
389
289
274
319
407
347
367
405
303
317
318
351
323
198
255
303
295
307
446
407
365
347
303
351
362
474
342
383
446
194
494
397
347
575
499
405
291
334
317
379
355
383
287
306
387
239
370
343
235
491
501
349
367
413
363
463
315
426
283
282
478
374
342
185
347
347
411
446
314
350
379
479
422
279
295
371
291
434
267
399
423
339
331
438
535
511
351
374
379
435
297
475
267
314
309
369
463
366
299
439
342
466
382
282
449
382
227
461
231
319
311
467
271
287
423
226
434
479
251
283
341
447
362
339
415
418
457
357
350
409
186
271
367
579
315
315
321
335
307
490
367
345
305
375
265
419
337
434
299
223
275
302
311
347
426
381
223
238
458
395
295
343
247
275
270
363
239
275
309
387
375
381
223
271
395
335
303
423
293
446
378
274
274
173
389
371
389
383
282
95
333
239
86
558
455
