1535
1770
1595
1779
1734
1905
1747
1803
1542
1727
1899
1989
1495
1991
1767
1803
1635
1855
1761
1925
1691
1925
1629
1822
1531
1963
1657
1955
1677
1799
1745
1859
1705
1815
1591
1865
1543
1806
1523
1869
1591
1859
1547
1801
1711
1767
1707
1658
1643
1801
1625
1857
1466
1793
1622
1719
1603
1918
1797
1814
1607
1774
1610
1766
1711
1901
1730
1923
1594
1961
1563
1742
1569
1873
1635
1842
1761
1806
1763
1947
1715
1742
1493
1781
1626
1769
1682
1715
1743
1811
1634
1691
1651
1795
1729
1810
1638
1827
1671
1727
1725
1750
1767
1827
1495
1827
1495
1782
1551
1875
1587
1915
1695
1943
1675
1695
1635
1731
1747
1929
1671
1766
1518
1867
1831
1835
1703
1907
1607
1762
1663
1835
1674
1883
1767
1891
1478
1923
1779
1851
1490
1931
1577
1907
1697
1802
1645
1929
1691
1833
1779
1946
1567
1778
1551
1722
1635
1799
1634
1862
1719
1821
1799
1955
1515
1869
1667
1966
1638
1731
1551
1775
1667
1949
1485
1779
1707
1833
1679
1911
1559
1869
1681
1910
1645
1870
1594
1895
1638
1709
1575
1813
1653
1939
1591
1907
1786
1907
1619
1837
1650
1687
1658
1971
1639
1998
1565
1775
1626
1895
1661
1838
1651
1775
1731
1838
1587
1799
1663
1899
1673
1883
1658
1879
1629
1935
1631
1843
1745
1831
1573
1889
1675
1771
1619
1895
1474
1766
1649
1891
1675
1914
1815
1681
1507
1867
1591
1803
1655
1857
1747
1919
1487
1755
1563
1737
1667
1931
1587
1879
1631
1889
1517
1925
1699
1869
1555
1942
1610
1830
1727
1845
1602
1917
1581
1833
1711
1859
1610
1785
1741
1697
1619
1989
1575
1901
1537
2009
1678
1942
1539
2005
1671
1835
1551
1819
1445
1927
1677
1819
1673
1883
1618
1757
1719
1877
1639
1982
1613
1857
1726
1949
1643
1679
1738
1741
1571
1699
1425
1955
1711
1882
1623
1910
1703
1767
1507
1758
1786
1767
1531
1855
1627
1845
1553
1819
1670
1906
1654
1922
1579
1887
1641
1827
1638
1725
1813
1927
1577
1991
1659
1826
1707
1742
1702
1909
1773
1774
1521
1687
1635
1799
1649
1866
1611
1873
1735
1874
1651
1961
1515
1854
1627
1739
1526
1887
1678
1795
1691
1886
1710
1815
1565
1782
1857
1954
1651
1831
1777
1821
1527
1770
1750
1798
1637
1833
1570
1797
1569
1887
1659
1855
1574
1942
1687
1727
1599
1843
1629
1827
1439
1674
1589
1883
1518
1930
1495
1807
1623
1685
1589
1717
1719
1829
1653
1753
1525
1787
1607
1847
1679
1866
1511
1867
1814
1758
1819
1898
1502
1970
1535
1795
1603
1923
1479
1761
1627
1831
1811
1883
1709
1861
1587
1795
1627
2022
1651
1811
1723
1898
1671
1870
1703
1819
1622
1914
1683
1853
1702
1917
1605
1902
1582
1866
1667
1783
1491
1807
1714
1709
1719
1805
1577
1893
1851
1867
1677
1769
1583
1857
1582
1935
1629
1851
1557
1817
1767
1554
1298
1603
1213
1705
1301
1745
1635
1807
1603
1802
1631
1935
1483
1551
1491
1665
1573
1503
1707
1733
1590
1645
1593
1663
1727
1575
1554
1643
1582
1533
1599
1667
1611
1687
1629
1547
1647
1627
1511
1537
1515
1589
1723
1619
1567
1467
1693
1651
1678
1491
1551
1699
1479
1601
1583
1503
1431
1519
1729
1643
1731
1731
1619
1695
1703
1557
1706
1641
1531
1611
1794
1630
1650
1555
1723
1623
1495
1523
1605
1741
1731
1571
1638
1578
1563
1739
1585
1649
1726
1694
1682
1766
1689
1435
1506
1609
1607
1409
1627
1570
1553
1563
1602
1667
1646
1657
1531
1677
1677
1617
1622
1545
1691
1582
1677
1481
1735
1683
1775
1594
1578
1625
1739
1657
1546
1525
1725
1711
1635
1446
1609
1539
1645
1582
1702
1707
1666
1527
1550
1643
1487
1478
1635
1522
1637
1667
1602
1545
1571
1601
1582
1643
1631
1655
1651
1546
1591
1634
1635
1707
1674
1649
1667
1633
1567
1567
1755
1607
1505
1502
1619
1703
1563
1623
1565
1523
1627
1595
1747
1646
1649
1571
1565
1534
1642
1518
1586
1581
1765
1465
1431
1593
1511
1571
1634
1699
1637
1627
1725
1522
1594
1513
1658
1613
1779
1549
1655
1627
1643
1707
1674
1646
1627
1558
1575
1590
1615
1689
1731
1658
1675
1623
1507
1643
1731
1554
1731
1666
1663
1591
1723
1546
1597
1647
1711
1510
1534
1599
1490
1573
1678
1633
1615
1545
1774
1625
1678
1522
1557
1569
1527
1526
1667
1586
1630
1775
1611
1650
1530
1727
1487
1687
1617
1423
1635
1527
1567
1622
1689
1643
1541
1771
1746
1514
1669
1606
1605
1569
1643
1675
1703
1571
1627
1575
1687
1575
1562
1498
1562
1525
1543
1539
1617
1745
1659
1534
1665
1605
1643
1545
1617
1559
1755
1750
1490
1558
1486
1607
1659
1615
1643
1563
1574
1531
1638
1511
1703
1514
1771
1661
1579
1655
1721
1602
1509
1583
1537
1630
1587
1538
1689
1659
1613
1595
1550
1698
1691
1443
1502
1694
1610
1571
1745
1625
1643
1619
1735
1601
1671
1691
1559
1659
1579
1523
1670
1539
1670
1631
1399
1543
1691
1490
1635
1495
1650
1611
1683
1591
1646
1574
1583
1581
1647
1546
1751
1663
1637
1591
1787
1671
1530
1707
1553
1797
1826
1786
1647
1619
1537
1525
1571
1533
1526
1623
1711
1509
1637
1645
1562
1687
1539
1590
1722
1637
1639
1491
1639
1491
1589
1505
1651
1599
1654
1601
1653
1737
1583
1719
1698
1538
1711
1761
1543
1529
1675
1651
1659
1746
1514
1561
1597
1526
1766
1595
1599
1649
1599
1631
1507
1614
1487
1743
1806
1545
1523
1563
1679
1679
1669
1570
1602
1658
1577
1554
1591
1611
1539
1610
1481
1698
1551
1537
1535
1667
1643
1643
1613
1555
1593
1487
1627
1666
1634
1559
1759
1603
1715
1431
1715
1683
1447
1717
1682
1685
1635
1627
1614
1723
1559
1657
1543
1463
1575
1514
1555
1699
1627
1639
1499
1506
1602
1579
1635
1577
1511
1563
1619
1725
1623
1486
1567
1679
1510
1657
1481
1591
1498
1515
1609
1591
2003
1817
1963
2055
0
1754
