494
719
374
483
371
534
422
595
247
578
383
483
451
587
363
521
473
698
498
413
415
647
347
678
403
487
507
727
391
563
451
655
431
662
415
599
447
611
415
637
403
507
547
739
259
575
435
683
447
571
314
735
395
503
555
655
437
655
517
610
455
599
578
659
299
603
403
799
466
694
535
591
371
471
394
539
447
695
399
767
526
691
347
743
403
630
459
622
274
631
302
422
359
531
446
523
377
547
494
702
387
447
342
567
386
623
331
651
479
673
558
574
370
541
415
571
475
570
499
759
483
571
399
707
303
578
519
554
323
675
395
711
503
555
515
635
455
714
355
527
343
653
238
589
414
606
387
659
463
691
398
707
434
606
463
683
325
611
495
757
395
594
379
634
483
642
297
558
335
547
519
459
303
471
507
761
470
515
399
649
383
591
431
499
343
527
434
630
487
581
391
683
371
575
331
703
371
578
449
551
439
553
582
646
307
583
239
587
482
805
391
655
302
759
411
706
374
471
387
727
457
615
482
707
453
631
431
573
411
683
395
595
438
535
371
639
451
713
535
654
422
687
447
575
542
587
311
506
322
563
483
595
459
583
414
803
555
555
499
637
279
581
398
695
339
546
435
611
346
583
463
615
367
729
434
559
443
659
467
687
369
530
374
534
427
603
378
574
427
691
461
586
317
586
415
639
495
602
435
573
387
590
351
747
405
711
409
635
470
571
399
743
439
535
482
515
351
489
565
611
351
507
521
651
379
531
467
529
490
543
355
726
446
547
402
551
527
591
339
545
386
683
255
615
447
582
411
539
430
567
467
487
371
603
419
686
343
639
410
571
343
643
343
663
435
519
411
663
401
621
418
586
439
699
447
663
367
586
361
551
359
529
359
658
511
526
547
735
355
639
339
747
381
485
426
555
431
443
598
683
431
694
330
759
399
683
387
654
323
559
367
735
377
503
410
787
430
619
501
646
454
519
519
525
287
603
379
575
390
634
483
607
278
591
531
651
450
610
434
570
395
603
307
563
514
598
407
571
391
625
525
586
431
487
459
503
431
687
435
622
298
687
431
711
399
419
341
751
487
471
475
401
487
599
319
538
363
559
450
631
465
697
359
733
469
706
395
618
235
667
435
667
438
626
463
679
315
515
43
323
119
334
254
599
358
610
198
582
326
627
342
159
486
474
517
407
299
498
265
290
503
422
430
322
439
275
414
335
378
394
371
323
359
306
347
317
542
267
278
423
519
310
411
391
295
443
387
438
315
427
335
570
526
343
245
375
331
443
382
303
375
367
277
447
423
449
455
347
375
129
291
217
323
394
517
439
409
406
543
307
478
411
479
353
462
262
495
403
430
305
387
182
395
483
466
319
367
426
439
515
319
450
302
367
387
467
370
246
355
522
206
479
359
498
445
293
275
303
275
453
471
319
479
401
449
379
503
338
303
401
347
615
330
242
455
335
418
403
375
391
411
343
358
395
339
439
311
398
446
427
503
265
319
315
351
327
351
310
391
239
455
278
382
389
447
403
275
303
442
363
455
327
519
439
418
367
514
387
241
223
407
539
231
399
283
257
435
374
371
522
210
519
367
414
334
371
443
499
294
535
393
327
386
323
471
435
333
327
426
419
358
391
386
415
466
283
509
343
438
303
301
342
395
242
422
286
439
495
483
319
326
267
397
567
387
311
367
374
409
279
318
435
305
310
435
455
414
375
403
349
487
469
519
467
391
611
358
439
350
295
443
439
519
423
370
359
291
407
435
341
475
343
219
318
435
423
327
399
399
359
466
386
266
315
459
375
451
389
434
513
507
407
475
447
441
443
455
231
483
331
403
355
521
291
347
443
415
355
327
327
307
530
357
442
567
387
509
355
514
403
323
323
427
511
407
347
417
369
375
441
459
463
365
406
371
362
470
391
355
395
346
279
311
382
465
363
343
319
443
455
730
594
347
459
390
503
399
195
427
215
450
459
355
415
447
411
363
370
461
326
367
403
431
266
367
379
430
437
479
399
330
518
287
295
307
343
567
491
459
298
423
438
335
350
275
483
351
439
519
307
419
358
442
358
587
451
299
311
382
423
349
346
521
359
427
354
451
319
251
418
291
515
307
267
522
379
431
447
351
377
330
503
187
406
399
315
375
307
369
387
415
346
417
538
375
357
379
447
379
347
403
183
443
339
427
391
383
347
290
535
371
265
379
267
462
194
387
334
534
338
517
463
426
335
351
366
526
519
398
314
373
305
406
398
351
455
429
222
347
451
457
514
299
435
494
486
467
419
369
391
387
339
467
371
474
430
486
423
451
446
259
283
315
423
347
335
283
407
667
671
458
131
367
839
