462
403
275
383
151
722
411
534
155
546
185
367
321
481
363
418
294
399
230
597
339
573
291
547
277
429
407
539
311
459
338
543
354
551
494
503
353
499
350
466
318
547
383
465
227
419
331
587
306
566
305
670
329
567
410
499
239
539
165
503
302
479
387
527
399
579
367
587
399
483
483
487
314
641
307
479
295
606
259
441
487
483
190
458
363
558
371
619
351
526
289
559
439
498
395
470
294
513
319
451
289
453
370
511
527
543
513
526
449
475
290
623
301
607
206
637
422
491
367
445
435
511
299
537
287
586
259
698
223
622
331
559
302
395
411
422
346
401
217
573
311
675
471
469
266
435
245
707
345
507
399
566
337
629
246
534
427
625
358
454
386
451
375
602
474
486
379
437
277
499
367
649
425
467
299
334
385
423
379
554
459
606
334
447
250
429
271
558
403
598
346
655
359
575
242
525
379
555
322
575
143
393
299
429
266
571
313
527
499
502
267
491
375
447
251
534
403
615
313
655
283
511
358
547
331
537
331
291
375
538
399
411
187
511
321
450
219
369
367
583
287
530
331
511
291
538
226
425
163
535
294
431
283
389
290
619
179
465
467
441
378
426
231
389
307
507
323
402
370
626
337
478
321
462
355
583
453
605
381
539
298
547
407
478
399
463
227
395
369
479
258
533
346
562
339
579
303
422
286
587
366
482
318
498
331
602
215
453
351
527
415
506
391
522
287
613
454
531
435
551
329
507
335
435
243
494
263
331
330
539
443
579
191
517
383
445
361
522
330
442
363
481
409
511
227
491
275
494
503
405
446
527
379
375
327
441
331
471
391
506
330
539
423
299
287
558
459
463
343
611
370
643
290
555
419
675
310
415
349
538
230
425
465
603
231
625
307
599
423
610
343
581
386
557
347
529
339
566
339
574
441
507
379
433
402
499
207
503
471
579
249
667
374
587
511
545
374
495
442
397
330
594
297
550
346
515
330
445
222
454
443
447
458
519
247
451
382
578
242
455
375
519
355
522
519
531
383
506
330
627
306
642
418
475
374
427
402
543
273
507
327
477
311
497
326
457
353
455
215
399
290
597
255
559
337
534
275
531
343
499
387
519
426
566
378
435
210
425
379
462
343
467
210
406
333
546
381
279
58
299
0
187
191
505
317
437
307
451
197
575
139
327
298
258
326
237
295
135
327
237
259
367
194
311
406
303
271
279
198
289
342
323
313
297
347
187
174
314
339
230
362
425
474
291
297
349
363
255
293
369
222
287
438
359
435
357
190
307
319
191
353
311
183
387
462
378
315
337
351
439
279
277
207
311
439
275
375
283
242
199
298
289
335
327
331
377
297
363
441
285
289
391
397
253
267
206
214
247
226
319
250
321
409
286
411
331
343
310
279
181
235
355
335
246
327
422
369
362
303
267
290
317
90
311
241
407
223
250
299
295
363
322
379
289
377
213
287
199
307
315
319
391
414
271
298
333
501
283
455
302
403
243
390
479
214
361
475
311
273
345
439
222
322
203
338
351
383
415
486
279
209
243
347
439
391
302
347
283
321
299
211
143
303
247
278
383
363
222
311
367
238
351
197
222
283
239
243
234
383
254
198
353
349
151
359
245
287
286
261
229
425
349
326
163
275
246
313
151
182
202
339
363
186
307
313
146
127
410
414
270
178
321
375
527
199
299
266
267
237
303
299
393
311
319
302
371
181
315
322
266
307
341
443
285
305
281
391
402
374
249
463
379
159
154
331
323
305
419
251
335
355
315
219
254
326
190
351
261
289
79
263
307
337
354
215
315
382
323
447
498
186
187
359
347
427
18
286
207
337
129
446
210
311
274
403
377
245
287
339
279
307
366
269
379
287
398
454
245
285
239
390
311
363
287
177
131
238
107
270
266
279
339
326
275
263
381
274
323
355
253
343
215
127
231
289
343
235
167
269
201
455
238
239
238
235
315
255
270
318
179
386
325
226
271
221
343
333
299
258
275
358
239
341
346
294
261
263
149
193
395
439
355
379
303
159
333
438
243
279
267
247
235
219
378
355
258
282
245
298
313
385
479
375
270
307
375
275
311
225
361
415
237
273
223
323
299
166
238
311
275
219
298
275
261
323
298
230
306
337
227
238
322
382
359
193
277
255
299
417
255
267
283
295
322
353
247
405
291
219
350
211
291
375
349
375
247
287
163
354
371
321
307
425
283
183
307
263
335
279
235
293
227
467
355
275
430
286
347
215
242
278
271
385
377
169
338
369
246
161
379
283
366
301
259
326
371
397
333
355
247
218
383
217
255
311
402
402
331
391
255
267
295
337
197
311
234
246
159
371
335
441
507
111
607
