1715
2039
1786
1927
1803
1959
2015
2127
1763
2071
1795
1967
1851
1990
1835
2034
1830
2067
1822
2127
1767
1891
1811
2031
1751
2075
2026
2035
1935
2039
1703
1971
1891
2039
1695
2179
1943
1919
1927
2027
1639
1931
2022
2127
1738
2011
1895
2127
1882
2179
1798
2115
1739
2090
1894
2047
1830
1943
1910
1967
1798
2030
1858
2106
1851
1879
1859
2051
1927
2015
1790
2011
1875
2055
1770
2091
1799
2047
1647
2111
1759
1946
1847
1971
1739
1935
1763
2050
1943
1910
1879
1974
1799
2051
1775
2107
1827
2019
1835
2147
1851
2054
1911
2119
1770
2103
1867
1919
1883
1979
1827
1923
1775
1991
1735
1923
1727
1967
1787
1983
1847
2091
1827
2022
1683
2103
1827
2215
1811
2035
1935
2055
1883
1951
1871
2035
1727
2031
1919
2147
1795
1999
1839
1939
1810
1915
1875
2123
1811
2087
1831
2111
1879
2106
1823
2058
1827
2095
1707
2155
1790
2079
1831
2051
1811
2103
1691
1986
1835
2123
1766
1875
1787
2058
1790
1919
1715
1991
1763
1986
1747
1971
1803
1986
1771
1947
1915
2087
1798
2086
1767
2154
1835
1942
1855
1979
1802
2202
1791
2095
1607
2051
1727
2035
1827
1979
1891
2019
1923
1963
1847
2107
1951
1983
1651
2075
1715
2079
1743
1895
1935
1971
1819
2011
1803
2039
1802
2103
1831
2066
1710
2111
1722
1919
1718
2011
1847
1987
1778
2071
1882
1987
1855
2071
1815
2051
1899
2094
1858
1955
1647
1883
1731
2003
1870
1955
1935
1943
1799
2166
1931
2003
1702
2199
1775
2043
1799
1987
1879
2043
1847
2095
1803
2027
1803
1991
1827
2171
1903
2115
1867
1883
1767
2019
1738
2127
1827
1891
1863
1994
1806
2075
1743
2039
1707
2078
1719
1943
1703
1999
1879
2011
1882
2083
1831
1979
1923
1963
1775
2059
1839
1902
1819
1946
1919
1907
1715
1875
1858
2051
1815
1983
1923
2071
1911
2039
1711
2087
1859
1919
1907
1990
1882
1991
1943
2131
1947
2095
1946
2003
1907
1942
1859
2027
1851
1999
1807
2075
1771
1958
1739
2127
1715
2079
1855
1939
1727
2023
1667
2011
1887
2019
1859
1963
1807
2006
1763
2095
1783
2047
1663
1943
1771
1983
1839
2111
1675
1987
1791
1943
1799
2051
1706
2099
1691
2011
1718
1811
1835
1955
1798
2019
1859
1867
1806
1994
1771
1999
1835
2167
1659
2027
1751
1947
1923
2015
1758
2099
1743
2111
1766
1967
1851
1978
1771
2115
1859
2051
1875
2142
1663
2087
1787
2063
1803
1979
1846
1955
1783
1970
1955
1983
1767
2079
1790
2143
1715
2051
1874
2227
1750
2079
1762
2059
1703
2107
1963
2055
1875
2035
1814
2047
1910
2011
1783
1902
1735
2039
1762
1999
1762
1995
1987
2123
1863
1871
1819
2115
1875
2070
1758
2111
1695
1959
1915
2094
1646
1903
1743
1999
1766
2111
1711
2007
1883
1971
1903
1967
1751
1978
1923
2039
1783
2115
1779
1931
1755
1855
1503
1747
1422
1687
1551
2139
1811
1859
1763
2019
1699
2047
1847
1895
1911
1943
1854
1639
1802
1695
1847
1675
1807
1863
1895
1699
1783
1819
1842
1891
1739
1855
1719
1871
1795
1883
1762
1731
1831
1795
1799
1890
1891
1731
1770
1779
1787
1875
1691
1895
1923
1723
1687
1726
1787
1707
1791
1791
1778
1795
1718
1711
1847
1819
1666
1899
1799
1723
1711
1847
1819
1634
1639
1759
1855
1843
1867
1691
1843
1682
1923
1779
1807
1722
1743
1843
1731
1851
1882
1691
1831
1843
1915
1847
1807
1763
1834
1715
1866
1619
1671
1751
1819
1914
1710
1710
1799
1815
1743
1895
1806
1735
1818
1847
1759
1807
1759
1759
1647
1870
1870
1870
1870
1870
1870
1870
1870
1870
1870
1870
1870
1870
1870
1870
1870
1870
1870
1870
1870
1870
1870
1870
1870
1870
1870
1770
1819
1731
1675
1786
1819
1643
1691
1859
1815
1843
1654
1699
1810
1966
1775
1722
1927
1655
1755
1779
1879
1886
1726
1751
1759
1751
1839
1926
1783
1951
1791
1739
1755
1759
1858
1771
1815
1631
1787
1791
1727
1863
1979
1843
1851
1859
1743
1647
1631
1802
1783
1727
1823
1643
1767
1951
1819
1806
1751
1755
1835
1666
1703
1827
1859
1767
1719
1715
1806
1927
1843
1783
1835
1763
1751
1727
1955
1871
1863
1727
1723
1723
1743
1787
1711
1771
1855
1763
1675
1727
1787
1614
1867
1763
1827
1767
1963
1814
1806
1806
1691
1727
1963
1775
1791
1795
1850
1771
1790
1803
1835
1783
1807
1819
1818
1707
1802
1819
1759
1719
1815
1827
1735
1895
1823
1731
1731
1863
1647
1811
1735
1771
1763
1739
1699
1779
1814
1707
1727
1807
1783
1851
1859
1790
1687
1827
1843
1775
1711
1731
1886
1687
1767
1827
1803
1830
1771
1791
1691
1735
1959
1691
1822
1846
1695
1779
1907
1803
1787
1727
1811
1815
1791
1803
1915
1787
1734
1703
1703
1887
1815
1774
1723
1755
1851
1622
2035
1811
1866
1651
1855
1814
1787
1923
1743
1871
1851
1719
1847
1779
1703
1891
1799
1863
1967
1735
1891
1735
1778
1795
1687
1711
1863
1811
1699
1778
1799
1955
1855
1783
1830
1899
1859
1695
1811
1843
1843
1887
1718
1723
1707
1679
1795
1743
1775
1779
1763
1699
1831
1775
1771
1767
1791
1803
1974
1763
1702
1707
1871
1835
1819
1615
1870
1947
1775
1846
1871
1867
1691
1791
1818
1751
1715
1811
1931
1867
1807
1763
1999
1803
1743
1883
1655
1679
1879
1802
1803
1630
1726
1767
1795
1779
1738
1895
1915
1799
1687
1827
1802
1783
1967
1686
1698
1867
1671
1766
1795
1742
1711
1647
1875
1867
1887
1795
1807
1767
1667
1623
1819
1815
1754
1687
1727
1734
1883
1679
1835
1855
1791
1803
1791
1815
1887
1670
1767
1731
1835
1831
1619
1735
1755
1711
1735
1823
1763
1663
1867
1651
1882
1811
1671
1778
1703
1823
1915
1779
1882
1883
1862
1731
1847
1811
1811
1767
1874
1763
1811
1867
1883
1678
1803
1935
1955
1735
1774
1707
1847
1815
1975
1839
1779
1826
1739
1686
1899
1563
1550
1779
1791
1751
