407
718
335
759
535
586
455
719
467
575
450
587
495
655
539
731
427
651
531
695
471
759
431
687
631
819
523
715
451
743
494
683
515
622
531
591
439
791
514
663
441
727
529
735
339
819
435
738
430
611
466
763
535
695
503
735
403
594
397
595
519
682
387
711
522
723
375
654
466
743
435
683
547
555
551
651
475
699
590
659
554
669
459
719
491
682
435
755
554
625
523
667
315
619
487
722
559
747
451
723
511
643
435
583
483
582
543
666
451
767
410
638
363
799
403
643
447
643
523
754
579
683
518
554
449
575
547
695
447
727
631
627
499
770
498
707
490
615
507
747
527
715
579
566
393
623
506
615
409
679
555
731
559
639
431
683
335
814
555
899
562
715
487
650
463
703
382
643
471
762
462
683
539
650
467
655
462
711
595
850
419
779
415
843
543
662
531
630
446
639
443
707
503
835
623
863
567
787
614
658
381
615
471
699
603
507
507
559
551
586
423
726
475
683
427
777
563
627
463
755
427
675
511
731
442
671
383
759
555
695
487
595
286
599
506
499
382
631
475
671
419
558
491
683
527
775
454
555
499
747
595
739
539
770
587
734
475
775
563
787
391
719
539
678
503
790
487
731
543
807
339
667
543
635
355
747
343
594
571
755
474
698
531
675
463
713
618
615
474
691
483
690
367
711
487
691
423
663
463
715
411
582
503
850
463
739
422
658
482
855
491
814
435
623
506
654
366
651
686
647
382
819
419
706
379
655
579
799
666
791
427
779
475
818
594
731
395
695
403
687
523
827
475
690
559
607
567
699
571
683
379
843
527
647
542
759
443
871
555
655
535
607
471
671
663
835
419
803
487
750
487
751
515
594
367
603
543
786
351
771
403
819
359
711
489
671
465
622
419
786
538
615
458
539
419
642
486
659
503
715
521
742
526
746
455
626
543
747
271
854
503
511
469
731
479
815
530
647
475
785
503
783
459
579
559
567
503
767
395
703
475
715
407
807
431
511
523
631
374
687
591
599
375
658
513
543
591
579
451
766
354
635
571
734
475
631
563
715
603
751
563
751
515
667
615
667
586
691
351
682
615
887
659
721
427
655
535
671
403
583
382
755
475
727
355
715
422
659
539
669
410
686
515
587
531
673
415
607
267
363
233
419
0
682
523
475
395
667
479
563
507
498
323
499
418
326
383
403
587
459
510
346
343
387
530
369
474
510
474
463
379
482
471
411
531
443
305
458
498
371
490
391
507
427
554
571
435
330
595
347
283
530
431
351
495
343
430
471
474
611
515
539
439
583
551
579
546
518
479
387
318
371
435
367
443
511
383
395
498
475
559
427
535
495
551
435
443
395
415
491
463
573
422
399
383
407
499
507
554
451
499
558
451
406
482
483
493
383
383
479
479
583
527
475
434
259
259
259
259
259
259
259
259
259
259
259
259
259
259
259
259
259
259
259
259
259
259
259
259
259
475
331
491
503
407
443
407
415
474
211
403
275
547
399
539
547
487
471
430
531
459
439
607
406
470
331
443
475
387
507
346
446
443
445
471
447
407
459
583
423
515
530
531
309
406
371
499
479
354
543
269
539
515
539
411
383
471
443
415
271
458
514
479
335
466
494
399
419
479
495
562
423
363
530
343
507
399
559
426
370
583
531
511
431
330
511
567
575
530
414
450
487
379
486
435
295
479
406
454
375
530
443
507
417
463
575
543
478
426
430
406
427
511
491
518
371
427
538
435
375
203
451
289
351
426
439
322
538
535
427
503
423
390
422
386
631
451
407
303
518
605
486
525
611
459
547
423
519
359
423
363
455
463
355
546
399
555
491
399
471
446
511
595
411
427
531
491
447
546
527
471
367
511
527
543
431
382
411
543
518
439
375
419
395
538
423
391
386
591
423
419
635
639
431
595
431
530
403
423
435
387
410
507
482
418
339
490
534
467
443
518
402
479
334
470
467
441
431
339
425
439
495
611
383
507
423
570
522
390
471
495
377
427
343
398
454
358
467
551
419
438
543
578
422
247
455
527
479
391
463
423
426
398
567
479
415
551
455
347
663
471
485
383
343
490
537
283
343
467
426
523
487
458
635
451
330
443
518
447
391
603
471
418
435
363
435
395
411
587
551
435
515
558
527
591
482
495
469
423
367
559
467
478
379
535
454
575
550
522
478
471
507
447
367
471
447
615
459
587
447
495
403
426
371
471
462
691
499
327
531
471
347
731
299
479
431
478
527
583
337
523
518
435
351
409
443
342
486
502
491
559
550
447
335
502
487
471
478
319
343
375
406
295
555
434
603
354
315
430
686
371
507
467
551
591
467
399
459
499
615
570
363
435
911
