314
315
313
312
312
314
314
316
314
314
313
314
315
313
314
315
315
2241
315
315
313
314
317
313
314
2234
313
312
313
313
314
2234
315
314
313
313
311
314
316
312
316
314
312
315
314
315
316
313
314
315
314
314
315
314
314
315
315
317
311
313
314
314
313
314
312
312
315
314
319
312
315
312
314
311
316
314
316
310
312
2212
315
2269
313
314
313
316
313
313
314
313
315
316
316
315
313
316
315
315
313
314
315
315
313
313
315
314
314
315
314
314
314
314
313
314
314
2216
315
314
315
316
315
315
316
2237
313
313
315
2214
315
314
315
314
315
315
315
315
314
314
314
314
312
312
314
315
315
310
312
315
312
313
312
313
313
313
315
315
312
314
315
313
313
315
318
315
314
315
312
314
315
315
315
312
312
313
314
313
314
313
315
313
313
314
313
310
319
315
313
313
315
313
313
312
319
2250
315
316
312
313
315
312
311
313
314
313
311
315
315
310
316
315
311
314
316
315
313
316
313
314
314
314
311
310
311
314
313
2210
316
314
314
2281
312
315
314
312
312
314
314
315
312
313
313
314
314
311
313
315
314
314
314
313
314
311
313
314
313
312
313
315
314
316
309
311
313
312
312
315
309
315
313
315
314
315
311
315
319
319
314
316
315
313
316
316
313
315
315
312
314
314
313
312
312
314
318
315
313
312
314
313
313
312
315
315
314
312
314
314
314
312
319
313
315
315
314
315
313
313
314
315
313
315
313
311
315
315
310
2217
313
313
316
314
312
315
313
314
314
313
315
313
312
313
313
313
315
315
314
312
318
312
315
312
312
314
315
314
313
315
315
315
315
315
315
313
316
313
312
312
315
2222
314
313
313
2205
313
313
315
316
314
315
315
310
315
315
312
316
313
315
311
314
312
313
315
313
312
314
312
312
311
315
314
314
312
311
315
315
314
316
313
314
314
315
315
315
313
315
315
314
310
312
313
314
310
313
313
313
315
313
315
316
315
315
313
313
316
315
316
311
316
313
313
311
312
315
315
314
310
311
315
310
312
311
310
314
314
315
315
313
314
315
315
315
314
314
312
312
313
314
315
314
313
315
315
314
312
313
315
315
314
312
312
313
316
315
311
312
315
312
315
310
312
314
314
313
318
314
312
310
316
315
311
315
311
314
314
311
315
314
312
315
312
314
315
316
312
314
312
319
316
313
313
318
313
315
312
313
313
314
316
311
315
315
315
312
315
314
313
312
313
314
313
315
312
315
311
311
315
313
315
313
315
312
314
312
314
313
314
315
312
313
316
318
313
315
313
318
312
313
314
315
314
314
313
315
313
313
315
316
315
315
315
311
313
319
314
312
314
313
315
311
318
316
314
314
313
311
316
313
314
313
314
314
318
316
315
315
313
315
314
316
313
313
313
315
313
314
319
313
311
315
315
313
316
313
316
316
318
310
318
315
316
315
314
310
314
311
316
315
315
314
309
315
314
311
313
312
316
316
313
313
313
315
314
315
314
315
313
314
309
314
313
310
311
310
311
311
311
314
313
314
311
311
309
312
311
314
312
310
312
311
311
312
313
311
311
316
313
311
313
312
309
313
313
313
313
310
315
309
313
316
311
313
309
312
307
316
313
315
313
311
313
312
312
310
309
310
313
311
310
310
316
310
308
314
311
311
313
313
307
313
317
313
312
311
313
311
310
313
313
310
313
312
311
311
311
311
310
310
308
309
311
310
311
311
310
312
312
311
312
310
308
307
310
310
309
309
311
311
312
314
310
313
313
313
310
310
313
309
310
313
313
311
312
312
313
308
313
311
311
314
311
312
311
311
309
311
311
312
310
311
313
312
310
317
311
313
309
310
317
312
317
311
312
316
313
312
311
311
312
317
312
311
315
312
311
310
312
313
311
310
311
311
313
312
313
313
308
312
311
312
311
311
313
313
310
313
314
311
311
312
314
312
311
313
315
311
311
314
313
311
313
311
310
309
311
313
313
312
312
311
312
313
313
310
317
311
313
315
309
312
312
311
312
310
311
311
313
310
312
313
311
314
312
311
315
312
311
315
311
311
313
311
314
316
313
312
313
310
311
311
311
312
311
313
313
311
314
313
308
312
313
316
311
313
312
312
311
309
308
312
313
312
315
313
311
313
311
313
311
314
312
313
313
312
313
311
313
310
312
312
313
311
311
317
313
313
311
311
311
314
314
311
316
311
308
313
312
310
312
312
310
312
314
311
314
312
314
314
310
312
314
314
311
314
314
311
313
314
311
311
311
313
311
311
314
309
313
313
309
311
311
315
311
312
314
313
311
311
311
317
311
314
314
311
317
314
312
314
314
314
163
561
626
257
398
653
