191
187
187
187
187
191
187
187
187
191
191
187
187
187
187
187
191
187
187
191
187
191
187
187
195
2195
191
187
187
187
191
2139
195
187
187
191
191
183
191
187
187
2159
191
191
191
187
191
2131
187
187
187
191
191
187
187
191
191
2155
187
187
191
191
195
187
187
187
187
187
187
187
187
187
187
191
191
191
191
187
195
2159
187
2139
195
191
187
2139
187
187
191
191
191
187
191
187
191
187
187
195
187
2163
191
191
191
2223
195
191
187
191
191
187
195
191
187
187
187
191
191
187
191
187
187
187
191
2147
187
191
187
2307
187
187
195
2135
187
187
191
2183
187
187
187
187
191
2171
191
2179
191
191
187
2135
187
187
191
187
187
187
187
191
187
195
191
191
191
191
191
187
187
191
191
187
187
191
191
187
191
187
187
187
187
187
191
2147
187
187
191
195
191
187
187
2139
187
187
187
187
187
187
187
191
191
187
187
187
191
187
191
191
191
2151
191
187
191
187
187
2171
191
195
191
187
191
191
191
187
187
191
187
191
191
187
187
187
187
187
187
191
191
191
191
183
191
187
187
187
191
187
191
187
187
187
187
2191
191
191
187
191
191
191
191
2147
187
187
187
187
195
191
187
195
191
191
187
187
191
191
191
187
187
187
191
183
191
195
191
187
187
187
191
191
187
195
187
2147
187
187
187
187
195
2227
187
187
187
187
187
187
187
191
187
2135
195
2151
191
191
191
187
191
187
195
183
191
191
187
191
195
191
187
2175
191
187
187
195
191
187
191
2171
187
187
191
187
187
187
191
191
191
191
187
195
187
2167
191
2131
187
191
187
187
187
191
187
187
191
187
187
191
187
191
191
187
187
187
187
187
187
191
187
191
187
187
191
191
195
187
187
191
191
187
191
187
187
191
191
187
187
187
187
187
187
191
191
191
187
187
187
187
187
187
187
187
187
187
191
191
187
195
191
187
187
187
191
187
191
187
187
191
187
187
191
191
187
2143
187
191
191
2143
187
191
191
187
187
2203
195
187
191
187
191
2235
191
191
191
187
191
187
191
187
187
191
187
187
187
187
187
191
187
187
187
187
187
191
187
187
187
2167
191
191
191
191
187
187
191
191
187
191
187
191
191
191
191
191
187
2147
187
187
187
187
187
187
191
187
191
2147
191
2131
191
187
187
187
187
187
187
187
191
187
187
191
191
191
191
187
187
191
187
191
191
187
187
187
187
187
187
187
187
187
187
195
187
191
187
187
195
187
191
187
187
187
191
187
191
187
187
191
191
191
187
191
187
191
187
187
191
187
187
187
191
191
191
187
187
191
187
187
187
187
187
187
187
187
191
187
191
187
191
191
191
191
187
191
191
191
191
187
187
191
187
187
191
191
187
187
187
187
187
191
191
187
187
191
191
191
187
191
187
191
187
187
191
191
187
187
191
195
191
191
187
187
191
187
187
187
195
191
187
187
191
187
191
191
187
187
187
191
187
187
191
187
191
191
187
187
191
187
187
191
191
191
183
187
187
187
183
187
191
191
191
191
191
191
187
187
187
183
187
187
187
187
183
191
183
187
183
183
183
183
183
183
191
187
191
183
187
183
191
183
187
187
187
187
191
183
187
187
187
187
191
187
183
187
183
183
187
183
191
191
183
183
183
183
191
191
187
187
183
191
191
183
191
187
183
187
191
191
187
183
187
183
191
191
183
187
183
183
183
191
191
191
191
183
183
187
191
187
187
187
183
183
191
183
191
183
183
191
183
191
191
183
183
183
191
187
191
187
191
191
191
187
183
191
191
191
183
191
183
183
191
183
187
191
187
191
187
191
183
187
187
183
183
191
191
191
183
183
187
183
187
183
187
187
183
187
187
183
187
191
187
187
191
187
187
187
191
187
191
191
191
187
183
191
187
191
187
187
191
187
187
191
191
191
187
191
183
187
191
183
187
187
187
187
191
191
183
187
191
191
187
191
183
187
191
183
187
191
187
187
187
191
187
191
187
183
183
187
191
187
183
183
187
187
191
187
187
183
187
187
191
191
183
187
191
183
191
191
183
187
187
183
191
191
187
187
191
183
191
187
187
183
187
183
191
183
187
191
187
191
191
191
183
183
191
187
191
191
187
187
191
187
191
191
191
191
191
191
183
187
183
191
191
191
191
191
183
187
183
187
187
183
191
187
187
183
183
187
191
187
187
187
191
191
187
183
187
187
187
191
183
187
187
183
183
187
187
187
191
187
191
191
191
183
187
187
187
187
191
187
187
191
187
187
191
191
191
187
187
187
183
187
187
191
191
187
191
187
187
183
187
191
191
187
191
187
191
187
187
191
191
187
187
191
191
191
187
187
183
191
187
191
383
319
183
323
1943
395
