3509
3214
2619
2747
2627
3419
2631
2203
1751
3191
2619
2935
2679
2907
2619
1954
2155
3211
2599
2618
1770
3195
2631
2687
3147
2011
3541
2553
2483
3235
2523
2987
3290
2543
2823
2623
2615
2471
2055
2831
2991
2611
2607
2610
2602
2675
2649
2691
1983
2615
2915
3563
1823
3471
2639
2315
2647
3347
2607
2635
1371
3502
2703
2854
2599
3563
2619
2431
2910
1862
2579
3287
2619
2327
2659
3490
2630
2703
2641
1666
2655
3135
2622
2863
2607
3551
2614
4130
2619
2647
2673
2953
2770
2499
2619
1798
1399
3203
2643
3167
2611
2599
2629
2627
2507
2606
2619
2922
2727
2602
2627
2759
2674
3179
2623
3710
2614
2605
2626
3783
2017
2027
3339
2775
2631
2619
2198
3191
2623
2491
2647
3470
2599
2727
2019
3015
2779
3410
2606
2814
2647
1939
2058
3199
2839
2622
2615
2723
2627
2647
2026
3207
2645
2703
2579
2613
2678
2655
2606
2671
2631
2667
2615
3302
2191
2599
1719
3211
2619
2735
1575
3211
2570
2479
2806
2659
2626
3443
2599
2483
1678
3198
2629
2919
2341
1751
2471
3331
2743
2051
3247
3447
2811
2283
2591
2647
2543
2615
2611
3537
2742
2541
1551
3373
2603
2630
2610
3391
2603
3418
2623
3495
2643
2815
2627
2794
2631
2599
2623
5786
1590
3534
2602
2503
2626
2662
1467
3331
1463
3379
2631
2599
2663
2546
3027
3299
2634
2795
2615
3182
2625
2467
2646
2631
2627
2573
2589
3462
2637
3387
2629
2618
2642
3531
2650
2439
1702
3233
2631
2778
2234
3195
1731
3481
753
3259
718
3183
2655
2471
2131
3214
2641
1623
3403
2237
2509
2239
2615
2681
2882
2363
2739
3539
1618
3213
1839
2035
2311
3585
1639
2955
2867
2885
2806
3306
2485
3283
2606
3435
2599
2617
2627
2018
2639
3281
2243
3181
2803
2367
1647
3159
2626
2534
2679
2631
2643
3483
2567
2603
2634
3403
2791
2699
2651
2647
2634
2663
2607
2582
2623
3507
3051
3727
1614
3183
2213
3203
2579
3551
2495
2463
647
3189
2510
2731
1711
3169
2135
2627
2363
2675
2626
2663
2822
3479
2597
2558
2643
2415
2626
3519
2621
3343
2639
2607
2535
3266
2553
2487
2533
2427
2690
2421
2641
2625
2683
1597
2467
3377
2379
2683
2627
2015
3187
2654
2647
2577
2935
2665
2613
2695
2691
2614
906
3170
2693
3038
3030
2083
3087
2919
2714
2839
2599
2939
2629
2639
2623
3522
2630
2774
2603
2638
1563
3151
2671
2775
3555
3299
2643
2559
2567
3539
2689
3271
2558
2034
3227
3551
2651
2951
3435
2866
2630
3059
2755
2349
2223
2382
2671
3357
754
3202
1747
3511
1689
3202
1650
3222
2611
2635
2650
2986
2607
2823
3442
2658
2607
3535
2595
3491
2515
2791
2918
2043
3287
2583
2627
3414
1575
3135
2713
2566
2631
2487
2439
3195
2623
3499
2282
1599
2851
3002
2575
2915
3115
2587
2483
3343
2450
3422
2686
3219
2971
3138
2487
2091
1987
4578
919
3259
1923
2005
3215
3147
2859
3495
2467
2071
3038
3586
2587
3111
3547
3323
2507
2291
2861
1571
3315
1571
2006
2151
2543
1571
2559
3087
1639
2479
3359
2637
2971
2831
2587
3494
2467
1919
1867
1278
1630
3466
2967
1613
3019
2283
3586
1778
3298
2271
1882
3567
1679
3063
2103
3526
3075
3359
2899
1174
1611
1625
2263
3423
3207
3379
2311
2107
697
3094
2741
1137
3525
2747
2401
3321
3405
2865
2339
2697
2291
3303
3607
2347
3405
3562
1549
2669
3155
1695
1561
2294
3255
1463
2642
2991
2293
2283
2589
1765
3671
2219
3551
1959
1763
2607
2409
3583
3511
3522
2391
1927
2527
2943
3435
1795
1919
2475
938
3203
3383
3403
3535
3479
3530
3819
3535
1627
1593
3258
1563
3185
3475
2415
3475
3211
3097
3063
2903
1943
2859
2627
2789
2629
2631
2646
1655
2143
2175
2843
2030
2370
1793
1083
1457
3397
2955
2591
3469
3107
1762
2821
2055
3131
2111
2475
3575
1991
3763
3091
1707
3139
2859
1919
2830
3047
3002
2475
1035
1939
3363
3133
3535
2699
2561
2047
2791
2081
1991
3295
3451
1562
1687
1903
2995
1563
2675
2862
1633
1095
3035
1962
786
3215
3123
1563
2535
3187
1147
3459
2387
3003
2465
3447
2462
2026
2499
2435
3250
2573
2095
2283
1675
1598
3298
2418
3566
2775
2534
2159
886
3411
3351
1707
2375
3023
1043
1587
2883
2071
3578
2063
2511
2058
3006
3315
2139
1798
3397
2430
3210
2519
3531
1767
2339
2255
2179
3183
1915
3267
3451
698
3443
1863
2463
3495
2815
1235
3203
1523
3587
3547
2995
3470
2559
2234
1170
3495
883
1799
3509
1115
3203
3530
1927
1637
3537
3175
1863
3227
1669
2030
1951
2039
2706
1711
3179
3295
2477
657
3207
2647
3167
2517
2782
3546
2111
2211
2251
3387
2410
1623
1543
3383
1971
447
3115
2698
2621
2187
1699
2479
3339
2503
2550
3295
3381
1674
2607
3473
2059
1423
2219
2771
2041
1527
3207
2451
3379
2206
1435
3142
2642
2551
1639
2395
2585
2098
1745
2331
3499
1589
3223
750
2479
3325
2693
2515
3519
587
1035
3498
3175
1975
3023
2795
1406
691
3363
679
2893
1943
3290
2581
2659
2646
2679
1715
2202
694
3434
2395
2727
2675
2699
2843
1827
2763
1721
3303
3319
2395
2353
2371
3470
1579
1953
3491
2371
2709
2035
3399
1627
3447
2167
3439
3239
1671
3309
3453
2983
2947
2439
1639
3075
2758
2569
790
1675
2547
3279
2971
837
2947
2878
2519
3515
2323
3423
2651
2451
2535
2263
3258
3351
3167
3331
3315
1555
3217
3447
3583
2615
3218
1855
1771
29330
1551
2443
3318
3467
2185
3471
2871
3435
1639
3235
2642
1709
1603
1639
3119
2678
2711
2578
2635
2583
3425
1581
3474
2602
2874
2433
2811
2627
1267
3351
2311
2711
2059
3211
2642
2090
3159
2781
2547
3249
2711
2670
2123
1679
3241
3514
2718
3467
562
3137
2647
2595
998
2290
751
3395
2435
1795
1830
3387
2442
2423
2699
3379
622
630
3271
1731
3343
1659
1591
2863
3535
1514
2757
1849
2045
