127
2279
127
2206
127
2191
129
2222
127
126
131
127
127
2121
127
2175
125
2303
130
127
127
2231
127
126
125
2182
126
2175
127
125
129
2171
127
2287
127
2167
127
2169
2175
2183
127
2183
2143
127
127
2151
127
2143
126
2130
125
2199
129
2207
127
2190
131
130
127
2125
126
2190
130
2218
127
2201
130
2215
125
129
127
2290
125
2175
127
2255
129
2159
127
2323
127
123
127
2183
127
127
127
2135
126
2215
126
2179
127
2242
130
2247
125
2261
126
2251
126
126
127
127
125
2190
127
127
129
126
127
125
127
2271
2059
2321
127
2123
129
2215
127
2250
127
2165
127
130
127
2217
2086
2189
127
2143
127
2222
127
2217
129
2167
126
2206
130
2230
127
2235
127
2125
127
2143
125
127
127
127
129
2162
127
2269
131
2281
127
127
2141
2339
125
2171
125
127
127
2265
125
2242
127
123
125
2117
127
2191
127
2117
127
2210
127
2123
131
2234
126
2247
127
127
127
125
130
2231
126
126
126
2253
127
2149
129
2217
127
2211
125
2255
127
2155
127
2162
126
2143
127
2206
125
2163
125
2223
127
2127
127
2190
2118
2215
130
2183
127
2163
126
126
127
2319
121
2158
127
123
130
130
127
2187
125
2133
126
2305
127
2213
129
2258
127
2139
127
2126
127
2125
130
2221
126
2331
125
2271
127
2231
123
2117
126
2130
127
2179
2117
127
127
2241
127
2195
127
126
127
2271
127
2351
126
127
127
2154
127
2117
127
2178
125
2139
126
2223
127
130
127
2185
127
2226
125
125
127
2119
125
2227
130
2331
127
127
2125
2426
1959
2330
127
2286
2065
2238
126
2185
126
2134
127
2171
127
2271
127
2115
127
2187
127
2215
127
2255
129
2234
129
2187
126
2303
127
2189
127
2238
126
127
126
2190
130
127
127
2125
125
125
125
2319
127
2179
126
2286
127
127
126
2231
126
2123
123
2215
127
2202
125
2130
127
2282
129
2307
126
127
131
2233
127
2162
122
125
125
2127
123
2231
127
2238
123
2186
127
125
127
2159
126
2127
127
2285
126
2135
125
2147
126
2307
129
2121
122
2118
127
2231
127
2171
126
125
129
2199
127
2131
127
2197
127
2307
126
2238
127
2254
2057
2250
127
2207
127
2131
2159
125
2122
2386
126
2191
126
2147
127
2337
125
2258
127
2294
125
2137
127
2155
127
2207
130
2193
127
127
127
2162
130
2287
125
2246
125
2219
127
2223
127
2202
127
2171
130
2269
126
2178
125
127
125
127
127
2247
127
2325
126
2435
126
2238
126
2179
127
2234
125
2283
127
2131
127
2145
125
127
127
130
129
125
126
125
130
2247
130
2314
125
123
129
2138
130
127
127
126
127
127
127
127
125
127
126
127
125
123
126
127
129
127
127
126
126
129
127
126
123
125
125
127
127
126
127
125
123
123
126
129
129
127
126
127
127
127
127
127
127
127
127
126
125
122
123
125
127
126
127
127
123
127
127
123
126
123
130
125
127
123
127
130
127
127
127
126
127
127
127
126
2147
127
127
125
126
127
126
126
127
126
129
127
127
127
127
127
127
127
2317
127
126
127
129
123
129
126
125
127
127
127
130
127
126
125
125
125
125
126
126
127
127
125
127
129
126
125
127
127
123
127
127
123
126
126
127
127
123
123
127
123
126
126
126
123
125
127
125
125
2131
123
126
123
123
123
127
126
129
125
123
125
126
126
122
125
127
125
123
121
123
123
127
2121
127
125
126
123
123
127
122
125
123
125
2133
125
122
123
123
123
126
123
127
123
123
127
123
126
127
123
125
2115
123
121
123
123
123
125
123
125
126
123
123
123
122
123
123
126
123
123
123
126
126
127
127
126
121
126
122
123
121
125
123
126
123
123
123
123
123
125
122
123
122
123
122
122
123
123
123
121
119
123
123
123
125
122
127
126
125
127
126
127
122
125
122
123
127
126
123
123
122
126
123
123
123
123
123
2155
123
126
123
121
122
122
123
123
123
123
122
123
123
123
123
122
125
123
125
123
123
125
126
125
126
123
125
125
125
122
123
125
125
123
123
127
122
123
125
123
123
122
123
123
123
123
123
125
2129
123
125
126
123
125
123
125
123
127
123
125
123
126
125
126
126
127
125
122
125
123
125
123
126
123
122
125
125
126
123
123
125
123
123
123
123
123
123
127
127
123
125
126
123
122
127
125
123
125
123
127
122
123
125
122
122
125
122
125
123
122
123
127
123
122
123
123
125
123
127
125
126
125
122
125
127
123
127
126
125
125
123
122
122
126
125
126
122
126
122
123
127
126
125
126
123
126
123
127
123
2127
123
123
123
123
123
125
123
125
123
127
126
125
126
127
123
125
122
123
123
125
122
122
125
125
123
123
125
122
126
123
123
126
127
125
123
123
125
127
123
123
2146
123
123
125
125
123
126
126
123
123
122
123
125
123
127
123
123
123
2137
125
122
123
123
125
125
123
125
125
123
125
125
122
123
127
123
123
123
126
123
125
123
126
123
2138
123
127
226
149
247
0
1950
263
