2942
2378
3099
2966
3119
3115
3091
3075
3087
3111
3079
3135
3111
3067
3079
3131
3115
1895
3095
1123
2094
3091
1203
2103
1167
2067
3159
3075
1443
2226
3099
3062
3095
3115
3079
3111
3271
3146
3099
2506
3103
3094
3107
2279
3099
3115
3110
3110
1246
2063
1123
2047
1379
2059
3106
3091
3099
2559
1222
2059
2947
2999
3107
3110
3091
2959
3111
3031
3111
3119
3091
3123
3075
2927
3123
2839
3127
3107
2255
2083
3114
2994
3139
3107
2931
3131
1695
2075
3082
3123
3098
3111
2735
3119
1543
2079
3103
1267
907
2067
431
1222
2183
3182
1799
2063
3095
3135
2131
2063
3111
3011
1151
2083
3110
3067
3087
2747
3099
3107
2915
2795
3095
3011
2819
2987
2947
3107
3110
3019
3119
2742
2471
1539
2083
3091
3138
2691
3099
3135
1187
2043
1187
2227
2943
2943
1823
2074
3094
3235
3075
3110
1819
2063
1351
2011
3143
2986
3118
2890
3111
1371
2163
3022
1403
2079
3110
3103
3079
2599
3115
2915
3007
3031
3075
3074
2739
3087
3095
3146
3099
3111
1446
2303
3098
3087
3199
1159
2059
1571
2003
1551
2131
3062
1378
2099
1447
2079
3091
3111
3103
3130
3107
2966
3110
3147
3111
3083
3094
3111
2918
3130
3103
3083
3131
3087
3099
3087
3079
3123
3110
1423
2095
3055
3095
3123
2726
3087
3151
3103
3103
1251
2075
3091
1603
2099
3067
3079
3106
3082
3118
3115
3106
2927
5095
2083
3095
3087
3098
2659
3099
3051
3095
3098
3123
3039
3107
2435
3067
1551
1135
2067
855
2059
1251
2075
1135
2062
3118
3147
3107
3111
1175
2075
1974
2063
1499
2071
2082
2075
3099
3114
1171
2078
3103
3130
3067
3095
3115
2843
3087
2923
1883
2071
3091
2127
1986
3159
3107
2283
1222
2063
3099
3110
1526
2526
2763
1563
2011
3099
1819
2087
3087
3163
3091
3039
3591
3035
1358
2079
3099
2906
1359
2079
1847
2071
3079
3079
1147
2418
2763
3027
1747
2087
1919
2067
3106
3047
3107
3123
1026
2067
3106
3143
3106
3047
1807
1290
1119
2047
1843
2078
1135
2050
3107
1163
2079
2962
2914
2083
3095
2458
3135
2203
1243
2075
3095
3067
3067
1591
2687
3131
3019
3142
2707
1871
1515
2371
1323
2083
3155
2906
1266
2070
3110
3051
3031
2703
3103
3119
3099
3063
1715
2387
1271
2014
3162
3099
3151
3111
2983
3107
3151
3303
1790
1827
3110
3047
1975
2214
1491
2078
3107
3062
3095
3107
3067
1347
1266
2071
3119
2191
3111
3015
3095
2883
1274
1815
2359
2747
1463
2075
2807
1154
2523
2674
1203
2087
2123
2175
1167
2071
3127
3099
3082
2998
3139
3087
1143
2058
3130
3090
3099
3122
3163
3127
1115
2082
2055
2927
2251
2127
3123
3075
3126
2743
3139
2531
3091
3091
1359
2075
2007
1535
1194
2043
959
2087
1431
2066
3111
3031
1135
2038
1739
2403
2230
2175
3007
2839
3091
2939
1406
2131
1367
2027
2862
3167
2119
2067
1251
2327
783
2875
2143
2090
1303
2059
3111
3139
3135
3143
1315
1670
1771
2003
1151
1279
1491
2151
2947
1694
2315
1791
1815
2019
3171
2251
2942
2775
1466
1439
2071
1210
2439
1919
1555
2427
1183
2163
2883
3155
3115
1503
2011
3079
2291
2443
2519
1174
1967
2127
2211
2487
1967
1427
1283
891
1683
1799
1967
2243
2043
1215
2499
3227
1891
1371
1491
2123
794
2043
2427
1763
2394
1431
1131
1639
1411
1710
1923
2490
1975
3051
1394
1447
1723
2363
1874
2739
2999
1894
1543
1738
1767
1591
1843
2307
1235
1174
3043
2014
1607
1219
2071
1562
2278
3779
3011
1410
1290
1135
1591
2007
1323
1978
2138
1134
2191
3042
3051
3035
3103
3015
203
2183
3095
1271
2183
3037
239
2187
3083
3075
3043
3103
3083
3018
1115
1023
1151
1519
1783
1475
2431
1227
1811
2662
3099
2383
1842
2403
1779
1475
2631
1343
1686
2586
2043
1259
2886
1715
2063
1847
1235
1691
1651
2923
1859
2575
2486
1639
2371
1655
1851
2007
1947
1815
2002
1190
1683
2255
1374
2331
3091
2794
2135
1507
1879
2819
1579
1839
1878
1335
2463
2707
2822
3090
1343
2151
3287
3082
2998
1443
2023
2199
1967
2511
2471
2595
2707
2903
2879
2223
2523
2066
1179
1999
1783
2707
1883
2129
1179
2127
1631
1891
2351
1146
2019
2207
1419
2227
1631
1891
1999
1351
2082
1431
1430
1291
1515
2575
1239
1723
1199
1283
1863
2239
2050
1883
2059
3147
3007
3035
2607
3102
1839
2174
1255
2067
3047
2931
2443
1303
3103
1823
1967
2807
2499
1931
1207
2554
2627
3162
2687
3102
3003
2887
1983
1527
2198
1635
1706
1973
1431
2047
1807
1671
2147
3035
2830
3303
3003
2975
1679
1243
1635
2123
2131
3054
2967
2559
1179
2074
2862
2961
2883
1555
2103
3151
2987
3087
3055
1810
2443
1295
1515
1215
2031
1843
1371
2062
3083
3143
447
2815
1355
2947
2203
2570
2907
3159
1147
1178
2195
3151
3047
1847
1547
2079
2043
1747
2250
2830
2663
1519
1851
1591
2035
3151
1830
2195
1043
3035
2075
3043
3103
3139
2915
2615
3043
3059
1751
2147
2847
1503
1691
2063
3119
1367
2267
1151
2259
1299
2147
1803
2311
1303
2118
1211
1363
2103
3095
1203
2078
3098
3111
1666
1102
2511
1943
1459
2071
1946
1127
1171
2034
3311
3111
3091
3111
3198
446
2198
2979
3027
3123
3135
3127
1727
2227
2975
2983
3006
3083
2359
1451
2091
1119
1654
3574
3138
3135
2507
2123
3075
3639
3170
3083
2995
3039
1839
2407
2695
2859
2011
2585
1843
1735
1727
2838
1631
2343
1822
1599
3107
1203
2237
1287
2087
3115
982
2067
3079
1767
2115
3059
2883
1206
2151
1479
2078
3071
3090
2587
3059
3026
3127
3123
2295
3087
1671
2098
3095
2219
2099
3079
2031
2115
3063
3155
3219
1887
2563
1355
1926
2067
1891
1775
1871
1591
2022
1767
1795
2123
2059
1847
1955
2143
1475
2055
1175
1263
1767
2075
3099
1618
1651
1251
2183
3010
3123
2335
1419
759
2055
1327
1607
995
1045
798
1754
2935
2239
