363
365
365
361
363
365
363
363
365
362
365
363
366
367
363
363
363
362
363
363
367
363
363
363
366
363
363
365
366
365
363
362
363
363
363
367
363
363
367
363
366
361
365
365
363
362
363
363
365
361
365
363
363
366
365
365
366
366
363
366
363
363
363
363
358
363
365
365
366
363
363
361
363
365
365
365
363
363
362
367
362
362
365
367
365
365
365
363
366
369
365
363
363
362
365
362
363
363
363
365
366
366
365
365
366
366
365
362
363
363
365
366
363
363
363
363
362
365
363
363
365
362
363
362
366
363
365
363
363
358
366
363
365
363
365
365
366
366
366
363
362
366
367
363
366
363
363
362
363
359
363
367
366
363
363
367
365
366
366
362
363
365
366
359
365
363
367
358
363
366
365
363
367
365
363
366
365
365
365
362
362
363
365
363
363
365
366
367
363
363
363
366
363
362
363
367
366
363
363
363
363
363
366
365
365
366
365
363
366
363
365
363
363
362
363
362
365
359
365
365
366
362
365
363
365
363
363
363
363
366
363
366
363
365
366
363
362
363
366
363
363
366
366
362
367
365
363
366
365
366
359
365
365
367
363
363
365
362
365
362
366
359
366
365
363
365
365
363
365
363
365
366
365
366
363
365
363
365
365
366
365
363
365
365
365
363
367
366
363
363
363
363
367
363
363
363
365
363
365
366
366
363
366
365
363
362
363
363
366
363
362
362
362
366
366
366
363
363
363
362
367
363
366
362
366
363
365
365
363
363
365
365
363
363
363
363
363
365
366
366
363
365
367
358
365
363
365
363
367
362
366
362
366
362
366
362
363
366
363
361
365
365
363
366
363
363
363
363
365
363
366
363
365
363
366
366
366
362
366
370
365
363
363
363
363
363
363
362
362
365
366
365
365
365
367
365
371
365
365
362
365
365
363
363
363
365
365
363
366
363
367
366
366
366
366
366
363
365
363
366
365
365
365
363
365
365
366
363
366
363
362
365
366
362
367
359
366
362
367
365
363
363
366
363
363
365
367
367
366
362
367
363
365
365
366
366
366
362
363
363
363
365
366
365
363
362
365
366
367
363
367
363
365
366
365
366
363
366
366
363
366
363
363
363
363
363
365
363
365
365
365
365
363
363
367
359
363
365
365
359
365
363
363
366
365
359
363
363
366
366
363
366
363
367
363
365
367
366
366
366
365
363
363
363
363
365
367
367
365
363
367
363
366
363
365
363
363
363
363
363
365
363
365
363
363
367
366
359
366
366
365
363
367
366
366
365
365
363
366
366
366
365
371
363
365
366
367
363
365
361
363
365
365
366
366
363
365
362
363
363
365
366
359
363
365
363
362
362
363
363
363
363
367
365
362
363
366
363
365
363
366
363
367
365
365
367
365
366
359
365
363
366
362
361
366
365
347
365
375
358
343
359
357
355
357
361
361
365
361
347
355
366
371
359
359
361
365
355
361
371
362
366
371
365
359
365
361
367
366
363
365
365
363
367
370
369
365
366
365
366
367
367
366
363
365
365
367
366
367
371
367
365
367
367
365
365
367
369
367
367
365
367
367
367
365
366
369
367
366
365
366
365
367
367
365
367
365
365
365
367
363
366
366
366
371
367
366
367
367
367
367
367
367
367
363
370
367
367
365
366
363
366
365
367
365
367
366
365
367
363
366
366
367
369
366
367
369
367
367
365
363
367
366
365
367
367
367
366
366
367
367
366
369
366
367
367
366
366
367
363
367
367
365
367
367
367
369
367
363
366
365
365
367
367
367
367
367
363
366
367
367
367
365
366
365
366
366
366
366
365
367
366
363
365
366
365
366
366
359
367
367
366
366
366
367
367
366
367
367
367
367
366
367
366
367
366
363
359
362
365
363
366
367
359
365
365
365
365
365
366
366
367
367
367
367
366
359
367
367
365
365
365
365
366
366
366
366
366
365
363
367
365
363
363
365
367
363
365
363
367
365
366
366
367
365
365
363
365
365
366
366
367
367
367
365
367
363
365
363
363
366
367
366
363
367
366
367
363
363
365
363
366
367
363
365
367
367
363
365
365
363
363
366
365
363
366
363
366
365
366
367
367
365
363
366
365
366
363
366
365
366
365
366
365
367
366
367
365
363
365
367
367
363
363
367
365
363
364
367
365
367
367
363
363
363
366
363
363
363
367
366
366
366
367
367
366
366
363
367
366
367
365
366
366
366
363
366
365
366
366
363
363
363
363
366
365
367
363
366
366
363
366
367
363
365
365
363
366
366
363
365
363
367
363
365
363
363
367
366
366
367
363
367
366
365
364
366
365
365
365
363
366
366
363
366
363
365
363
109
235
0
127
411
101
