195
187
191
2171
187
191
187
195
191
187
191
191
187
187
195
187
187
187
191
2139
187
187
195
2131
187
187
187
2171
195
187
187
2203
187
191
187
191
187
195
187
2131
187
187
191
187
187
187
187
191
187
2139
187
187
191
187
191
187
187
187
187
187
191
2151
187
195
187
195
191
187
187
187
187
2207
187
187
195
187
187
191
187
191
191
195
187
2151
191
187
191
2251
187
187
187
187
191
191
187
2135
187
187
191
191
191
195
187
2151
187
191
191
191
191
187
191
187
195
187
191
187
187
187
195
195
187
191
187
187
191
187
191
187
187
2139
195
191
195
187
191
191
191
187
187
2183
191
191
187
187
187
195
195
195
187
187
187
187
187
191
191
191
195
187
191
187
187
187
187
187
187
2151
191
2223
187
187
187
187
187
187
187
2187
187
195
191
195
195
195
195
187
187
191
187
187
187
187
187
187
191
187
195
191
187
187
187
191
191
187
187
187
187
191
187
195
187
187
187
195
191
195
195
195
195
2131
195
187
187
191
191
191
191
191
191
191
191
187
191
195
191
187
187
191
191
191
191
187
187
187
191
195
191
195
187
187
187
187
187
2151
191
195
191
187
195
191
191
187
191
191
195
195
187
191
191
2159
195
187
191
191
195
2139
191
187
187
191
191
191
195
187
191
195
187
191
187
187
191
195
187
2163
187
187
191
187
187
187
195
195
191
191
195
191
187
195
187
195
195
191
195
187
187
191
191
187
191
187
191
191
191
187
187
187
191
187
195
191
187
187
187
187
191
187
195
2143
191
2175
187
187
191
187
191
187
187
187
191
2167
187
191
195
187
191
195
195
2143
191
195
191
187
187
187
191
191
187
187
187
191
191
195
195
187
191
187
187
187
191
191
191
191
195
187
191
191
195
187
191
187
187
191
191
195
191
187
187
195
187
2175
187
187
195
187
187
2171
187
195
187
2127
187
191
191
187
191
195
191
191
187
195
187
195
191
187
187
187
195
191
187
195
187
2155
191
191
191
191
187
195
191
2163
191
2147
187
187
195
195
195
195
191
187
195
187
195
195
191
191
191
187
191
191
191
187
187
187
195
191
191
195
195
187
187
195
191
187
191
195
191
2231
187
187
191
191
191
195
195
191
187
187
187
191
187
187
191
191
191
191
191
187
191
195
191
187
191
187
183
191
191
2131
195
191
187
187
195
191
191
187
187
187
187
187
195
195
187
191
187
191
195
191
195
191
187
191
187
191
191
191
191
187
187
191
187
191
187
191
191
187
195
191
191
191
187
195
195
187
191
191
187
187
191
191
191
191
187
187
191
195
187
191
191
191
191
187
187
191
187
187
191
187
191
191
191
191
187
191
195
191
187
195
187
187
187
195
195
191
191
191
187
191
191
191
191
191
187
187
187
191
187
187
191
187
191
191
187
187
191
187
191
187
195
187
187
191
187
191
187
183
191
183
191
183
175
179
183
179
191
199
187
183
187
175
175
195
195
191
191
203
191
191
191
191
195
199
199
195
195
195
203
191
199
195
195
199
195
191
195
191
191
191
191
191
191
191
199
199
199
195
195
195
195
195
191
191
195
195
199
195
195
199
195
191
191
195
195
199
191
195
191
195
191
195
191
191
191
199
195
195
199
191
195
195
191
195
195
195
195
199
195
195
195
191
195
191
191
195
195
191
195
191
195
195
195
195
195
191
195
195
191
195
195
191
195
195
195
195
195
199
195
195
195
191
191
195
195
195
191
199
195
195
199
199
195
195
191
199
191
195
195
199
191
199
199
195
191
199
199
191
195
195
199
195
191
195
191
191
199
199
191
195
191
191
191
195
191
191
191
195
191
195
191
199
191
191
191
191
195
191
191
191
199
191
191
191
195
191
199
191
191
191
199
191
191
191
191
195
191
191
195
199
195
195
191
191
199
191
191
191
195
195
195
199
191
195
191
191
191
195
191
191
195
191
191
191
191
191
191
191
191
199
191
191
195
191
195
191
199
191
191
191
199
195
191
191
191
195
191
191
191
191
191
195
191
191
191
195
191
191
191
191
191
191
191
191
191
191
191
191
195
195
195
191
199
191
191
191
191
191
191
195
191
191
199
195
191
199
191
195
191
191
195
191
191
191
191
195
191
195
191
199
191
191
191
191
191
191
191
191
191
191
191
191
191
199
191
195
191
191
191
191
195
191
191
191
199
191
191
191
191
191
191
191
191
191
195
191
191
199
191
191
191
191
191
191
195
191
191
191
191
191
191
191
195
195
199
191
199
195
191
191
191
191
191
191
199
191
195
195
191
191
195
191
191
191
191
195
191
199
191
191
191
195
195
191
191
191
191
195
195
191
195
191
0
67
199
55
415
543
