125
123
119
126
126
119
123
2149
123
2158
126
123
123
123
126
126
125
2199
123
2186
123
126
123
2218
125
2134
125
2259
125
123
123
2175
126
2125
127
2146
119
125
126
126
125
2131
125
127
123
127
123
123
126
123
125
2146
123
2117
127
2194
127
125
127
125
123
126
125
126
127
2183
126
2225
126
2119
119
2123
125
126
127
2142
119
2179
123
2181
126
123
123
2151
125
2163
126
2123
123
123
126
2247
126
2154
126
2183
125
126
127
2175
126
127
123
123
123
127
119
2114
125
2255
127
126
123
125
125
2147
123
122
127
127
123
2135
125
2183
123
126
119
2223
125
2173
125
126
127
126
125
125
125
2122
125
126
125
125
123
2191
119
123
126
126
126
2186
125
123
126
2215
123
123
119
2123
126
2113
127
2193
127
125
127
2207
126
126
126
2170
127
2119
119
2226
126
123
125
2226
126
2127
127
2126
123
123
123
123
126
126
125
125
127
127
126
2305
119
2145
123
123
126
126
125
123
123
119
123
127
126
126
119
2174
126
2150
123
2115
119
125
126
2165
126
123
123
2131
123
2267
123
2127
127
2119
125
2115
123
126
127
127
127
2201
123
123
119
2277
126
2118
127
125
126
123
123
126
125
127
125
125
123
126
126
2179
127
2175
126
2123
126
127
126
2195
127
2195
126
125
123
127
126
125
127
126
125
125
119
126
126
2151
126
2235
125
125
119
2127
119
126
126
2171
126
123
123
123
127
123
125
123
123
2135
123
126
125
2263
125
2251
126
2117
123
2249
119
2118
119
127
126
2169
127
119
127
2137
123
2227
125
2207
123
2199
125
2129
126
2150
123
2170
126
2299
127
2133
127
2186
123
2142
125
123
127
2149
126
2171
125
2123
126
123
2166
127
126
2119
123
125
123
2151
127
2207
127
123
127
127
126
125
123
2126
126
126
125
123
126
119
126
2170
126
127
125
127
126
2137
125
2234
119
2210
123
126
123
125
126
125
127
119
119
2138
123
2219
127
127
123
2121
126
125
125
126
127
2131
119
127
126
127
126
2134
121
2155
123
127
2125
2229
123
2143
126
127
127
2123
126
2143
125
2181
119
126
126
2183
125
125
127
125
125
127
126
2163
123
126
126
2255
123
2153
127
2115
126
2189
126
2114
123
2141
119
2306
127
2255
126
123
123
2195
123
2126
119
119
125
2197
127
2247
127
2233
126
2135
126
126
125
2147
123
2127
126
2211
127
121
127
126
127
125
127
2138
123
126
127
2137
127
123
126
125
119
126
126
2139
126
126
126
127
123
125
125
125
125
123
127
121
126
126
127
127
125
126
126
126
127
127
127
126
127
125
121
126
123
127
127
127
127
127
127
125
126
126
125
123
125
127
127
125
127
127
126
125
126
123
127
126
126
119
126
119
125
127
127
127
126
127
127
126
123
125
125
123
127
123
127
127
127
123
119
123
121
125
121
127
127
125
123
127
119
126
126
123
126
123
123
125
127
126
125
126
126
127
127
126
119
121
123
129
127
127
126
127
123
127
123
130
122
123
129
119
127
129
127
126
130
123
130
126
127
123
127
125
119
129
126
126
127
125
126
125
129
127
123
129
125
127
127
126
126
125
127
129
130
129
127
130
130
131
130
129
129
127
130
127
129
131
127
130
130
127
127
123
127
130
131
130
131
127
126
129
130
130
130
129
130
129
131
130
127
131
127
130
130
129
130
123
123
131
130
129
125
123
133
131
129
131
129
129
123
130
127
130
131
130
127
129
125
130
130
131
131
131
131
130
131
131
129
130
129
131
131
131
125
129
129
125
131
129
127
131
130
131
129
129
129
127
131
127
130
129
129
130
129
130
131
130
125
131
131
130
131
127
130
130
127
130
131
130
123
131
127
129
129
129
130
131
127
127
130
130
131
130
129
129
129
123
130
127
131
131
127
123
127
131
127
131
130
131
127
130
130
129
127
127
127
127
130
130
127
131
127
130
129
123
131
127
123
127
130
127
130
123
123
130
127
127
129
129
127
129
129
123
129
129
127
127
127
127
126
130
130
127
129
130
123
126
127
127
130
127
123
123
131
127
127
130
123
129
129
129
123
129
129
123
126
127
127
127
131
127
127
127
126
127
130
129
129
129
129
130
130
127
130
130
130
129
130
129
129
127
127
127
129
127
130
131
127
129
127
130
122
127
127
130
130
127
130
129
127
127
127
126
127
127
127
127
129
127
130
131
127
127
129
129
123
127
130
127
130
127
130
126
130
127
130
127
130
130
129
129
127
126
131
129
127
127
122
130
127
129
129
129
127
130
127
125
130
123
130
131
127
129
127
127
127
123
130
129
129
130
129
130
129
127
123
127
129
129
129
127
129
127
127
123
123
130
127
123
123
127
131
130
123
127
127
127
130
126
130
130
131
127
130
130
127
130
126
123
123
129
127
129
129
129
129
131
123
130
27
106
7
251
259
443
