2445
1814
2595
3522
2767
3007
1154
3621
1766
2367
1839
2115
2281
3353
906
2739
2219
2018
2214
2087
2539
1697
1209
2015
2617
2071
2047
1935
2879
1775
2831
3253
2230
1931
1054
2247
2462
3597
2077
2234
321
2801
1982
2189
666
2897
2113
1959
2495
1929
2382
3231
2290
2110
941
2879
2307
2010
2758
1985
2711
3203
2175
2097
802
1715
2563
1997
2831
3543
3043
1867
511
2063
2101
2395
650
1807
1007
3041
3231
1931
1005
2999
1871
1871
726
1109
867
3531
951
2087
2173
2175
1215
3363
1023
1849
655
1918
2838
3427
2203
3325
909
2022
898
1950
2641
2467
815
1806
771
2858
1027
2281
497
875
1003
2805
715
2923
771
2054
513
2937
1983
3447
521
2759
1133
2037
978
2091
1057
2133
2957
2099
834
2130
2545
3502
915
1879
2745
2030
2551
3367
2073
990
998
2907
1731
2262
827
1803
2866
1866
2766
2017
2679
3577
1163
3027
1035
2931
831
2171
2463
3418
1007
2102
2763
2015
2414
2335
2931
853
3693
1963
611
1863
942
2727
3095
1887
2301
1867
850
1999
567
1873
843
1943
2511
2101
2757
1973
2567
3451
2349
2271
3419
2227
2601
3335
2133
3499
517
1958
827
1947
913
2035
2342
1851
582
1995
649
1979
3439
1701
2822
1778
1163
2739
819
1871
855
2043
2519
3525
2114
2111
935
1807
459
1810
2051
3287
955
3019
771
1117
963
2299
2805
3293
893
898
701
827
603
2181
1213
1926
1317
1971
1195
2923
2177
2063
898
2871
546
2051
655
2049
2713
1999
603
1827
691
2222
1049
2087
599
1923
2495
3499
2167
3545
575
2007
839
2051
3691
1941
2766
1849
3695
1065
1810
1929
803
2227
2549
1987
1149
2095
2683
694
2474
3477
901
1983
609
2934
2086
889
819
2143
787
3202
1970
1951
1195
977
2547
2027
499
2007
2317
3471
3407
2387
2369
1765
687
1787
2541
3243
3381
2335
3850
3213
2259
2926
1802
2511
631
2146
3142
533
1143
1757
1071
2247
2714
3339
933
2831
833
2158
970
1966
3686
2350
2318
1915
1215
959
2887
3223
871
951
1129
2215
1614
1879
631
1799
2529
1915
3691
2355
2067
3579
3246
2118
2755
3447
2167
1851
1207
2067
843
2039
2683
1801
2826
3262
2111
3463
1971
1903
2745
3301
3015
2157
1383
2350
2555
2195
2755
2171
1667
1771
2847
3347
1723
2063
2763
1819
3707
1991
2743
3343
2319
3379
418
1359
1018
1145
1035
2131
291
5865
2645
2186
810
2241
2715
3527
3091
1923
1587
3453
1730
3567
682
2031
685
2186
955
1886
2815
1087
2615
1849
2383
2095
874
1802
2510
935
2587
2121
1145
1279
3042
1894
1997
2053
1974
1883
2599
1797
1730
1971
2593
1886
2775
2021
2850
1959
2103
2447
1827
1946
2647
2195
2666
1218
559
1002
2127
3033
583
3022
678
1125
943
3171
509
1979
771
1914
655
743
815
977
729
2646
1095
1099
2641
3330
1023
1955
2913
595
2645
1645
1309
607
795
1159
679
925
897
1171
1287
547
919
690
781
1289
521
1791
1674
1042
489
911
1110
615
717
717
771
939
1409
898
1706
989
1227
419
1098
991
1207
483
957
974
914
1206
683
1986
1306
943
754
854
1063
1391
955
1002
897
1057
975
1009
1165
1395
1027
543
1173
1147
1215
1162
1535
1111
1187
1943
601
961
893
899
1029
1489
1731
871
739
907
894
1349
1243
855
670
595
1115
307
1197
1093
1127
1491
697
2226
615
1455
674
1343
1085
1351
1167
1743
798
610
1043
1027
1183
911
2270
699
1059
1545
775
1535
1313
1047
947
1931
1059
1062
647
1183
2435
651
1283
647
1587
957
1093
917
1278
1074
1286
1663
991
947
823
1057
1241
1043
535
787
1027
829
1265
1109
1765
745
1039
158
1046
1198
882
1035
1081
821
1125
991
527
1003
886
1191
1411
1023
1519
479
1071
726
1238
710
1119
610
1477
851
949
841
1279
1678
863
1169
953
1059
1275
879
1097
1009
993
851
882
1243
1055
857
682
1090
1458
875
857
323
1218
0
1165
873
1211
1331
111
790
1043
1363
1090
987
297
817
893
1091
1283
1093
1218
1170
1943
1265
762
811
853
343
1159
1110
2935
1019
875
667
2983
1895
855
2459
1718
2159
2127
882
745
1790
1099
855
1239
651
971
587
3094
2033
1013
3539
1953
1078
894
655
833
686
1525
897
1205
1259
1374
675
1983
857
2447
551
1579
935
1289
683
1299
865
1539
647
829
119
2155
1031
870
731
485
1247
406
953
927
1171
858
1103
1234
1242
954
1027
1045
321
791
1129
1302
805
918
539
1087
1087
819
1202
1419
951
915
1239
711
933
775
1575
874
829
817
1585
1067
639
1561
615
1189
1218
2190
790
2161
1263
2286
957
715
209
763
469
1075
819
801
587
927
1245
2055
686
779
2474
870
847
1315
1214
2715
1105
975
615
817
1274
1261
1195
979
2259
843
1239
781
735
529
497
791
1127
651
731
746
750
875
974
821
1254
807
1087
625
797
545
1245
907
871
1347
1121
1879
1086
866
931
1911
254
1287
819
635
999
1195
1259
797
1561
1054
841
1038
993
733
827
935
907
615
891
1147
3098
1167
799
1966
1139
1115
1035
762
815
1495
945
1019
1003
879
601
802
693
1011
1255
1053
1043
747
875
1407
698
675
1063
711
641
1014
477
791
622
530
1263
1161
845
1079
2175
711
699
991
1063
1190
787
1909
835
1890
963
871
871
2074
651
1211
3159
1127
457
2227
989
1081
3170
1253
1086
654
627
1257
1243
615
833
1031
879
1319
1023
1078
883
999
841
1558
1129
417
611
862
1477
2382
1707
571
765
139
1037
799
1490
1101
781
1253
901
1030
1123
647
1039
875
598
3455
3439
2923
3382
2883
2097
