1751
1883
1759
1811
1302
555
1955
1850
602
2139
1815
1710
1591
635
1950
1819
1827
1831
1823
1547
1831
559
1987
1943
1835
1858
1843
1815
1831
1971
1895
1827
1838
1859
1807
631
1939
1831
1847
1867
1515
639
1959
1803
1827
1815
83
1943
1827
1791
863
1955
1687
1875
1678
563
1823
1383
1803
1963
1843
1399
1935
1831
1119
615
2419
1863
1819
1831
1543
1779
967
1943
1547
567
1899
1671
1819
2899
1723
1859
1647
1739
1795
559
1947
1743
1823
1715
1827
1619
467
1563
667
1947
1823
1739
1715
1819
1827
1827
1823
1687
1815
1815
1747
1759
1819
1663
507
1967
1907
2311
1835
1751
1823
1987
639
1807
179
1819
1819
1878
1675
1819
1751
1731
1207
1495
639
1979
1751
1819
1823
871
1931
1655
619
1947
1819
1819
1931
1866
1547
595
1727
2247
1883
463
2091
2003
311
2006
1815
1831
1811
1823
1819
2138
1815
1815
1791
3499
1827
1907
1827
1823
1822
1823
1590
1770
1707
1783
1895
1819
1811
1883
1819
1819
2019
1943
1775
1403
1567
1823
1855
1947
1275
551
2027
1727
1731
1943
1819
1815
1775
1827
1835
1867
1827
1819
1815
1679
2035
1815
1815
1915
1867
1815
1795
1719
1667
1818
1771
1607
1659
419
663
1647
562
1951
1826
1874
1787
1819
1675
1831
1831
1751
1819
623
1947
1818
1839
1231
1714
1567
695
2011
1563
1827
1823
1803
1287
631
1922
511
2035
563
1943
1827
1963
1835
1891
1899
1871
1735
699
1939
1831
79
1571
1602
555
1943
1867
1711
851
1951
1819
1767
1791
1923
1811
1831
1819
1815
1947
1791
1907
1635
1799
1831
1539
555
1939
1831
1775
1823
1815
1823
1527
563
1951
1819
1823
1639
559
1843
1719
571
1939
1827
1815
1767
1707
1823
1739
1819
1859
1823
1838
1823
1751
1811
1751
1851
1535
675
1935
2039
2043
1799
1643
559
1947
1819
1842
1474
595
1991
1803
1591
1827
1811
1211
1939
1827
1855
1819
1583
1835
1771
1818
1743
1815
1867
318
1559
562
1955
1879
1771
1939
1651
1819
1807
1819
1826
1850
1823
1611
1611
1799
1815
1795
1827
1827
1827
1795
2023
1827
1519
679
1627
1527
579
1935
1827
1815
1819
1755
1811
1823
1715
563
2067
1831
1795
1947
1823
1783
1915
1994
1827
1823
1875
1831
1759
1823
1799
1819
2031
1787
447
1943
1819
1906
1823
1735
1815
1611
639
1943
1823
1839
1823
1866
1843
1810
1807
1823
499
1566
499
1943
1819
1823
1703
1827
1847
1819
1823
1822
1823
1691
563
1939
1839
1803
1819
867
1823
1775
1787
1831
1815
1731
163
1943
1042
39
1931
803
575
1879
1887
1943
1762
1830
1947
1799
1815
1786
1991
1822
1730
1699
1819
1823
1867
1827
1799
1882
1903
1839
1583
567
1955
1807
1987
1759
1823
1854
1615
575
1954
1815
1827
1779
2027
1971
87
1951
1723
1695
1831
2090
1951
111
1822
1815
1951
1663
1155
1463
1778
1819
1735
1751
1819
1834
1191
659
1919
1854
1831
1846
1811
1810
1443
787
1947
2090
1847
403
2027
1747
1919
1803
1823
1823
1855
1815
1715
1799
1623
1783
1819
1827
938
1831
1803
1631
1011
1955
1819
1943
1823
1815
1731
1827
1767
1819
1675
1783
1819
1815
1831
1815
1554
1566
723
1947
1823
1783
1595
598
1935
1831
1823
1215
1939
1875
1771
1819
1827
1859
1527
1611
1823
1827
1915
1571
1811
1819
1831
1611
415
1947
1650
567
1947
1823
1887
1403
1787
1851
1819
1887
1794
1823
1851
1815
1918
1907
1751
1755
1951
1891
1807
1827
1827
1823
1822
1834
1822
1883
1827
1990
1739
1855
1819
1818
1835
1882
1823
1891
106
1586
407
1895
1879
1723
1827
1823
1823
1751
567
1959
1939
1863
1635
539
1943
1811
1655
1755
1931
1791
1643
1851
1771
511
1938
1799
1790
1686
1831
1830
1823
1847
1211
1823
1867
1827
1819
1743
1818
1951
1827
1819
1775
655
1946
1835
1671
1803
1819
1863
1727
1571
547
1727
2047
1819
1619
1951
1854
1975
1787
1819
1827
1683
571
1943
1846
1827
1931
1807
1391
211
1695
1859
1819
1831
1855
1838
1763
1823
1775
1862
1839
1843
1823
1831
162
1679
1975
1926
1707
567
1947
1819
491
1819
1935
1831
1814
1895
1787
1843
1827
1107
575
2099
859
2003
1771
1791
1811
1951
1919
1710
119
1771
2095
1815
1815
1787
1783
1495
467
1939
1779
1811
1819
1815
1823
1759
1835
1823
1523
563
1939
1827
1659
1847
359
1999
1687
1835
1859
1815
1719
1147
123
1830
1830
1835
1623
1819
1831
11
1975
1787
2015
1743
1902
51
1959
1563
1823
1811
1934
1963
1859
1895
1775
1815
1779
1819
1863
1838
1795
1779
1823
1815
1823
1827
1599
1642
1791
1799
1647
1823
1659
1823
1823
1791
1923
1603
562
1883
1871
1923
1771
1827
1815
1783
1831
1579
499
1950
1827
807
2019
1751
1811
1815
1866
1771
2047
1610
59
1939
1574
578
1950
1763
1991
1863
23
1979
1791
1847
1855
0
2027
1646
1783
1815
1759
1827
1943
1827
1803
1887
1999
1819
43
1943
1819
1855
1755
1815
1815
1827
1803
346
1975
1667
1811
1827
1759
1907
1859
1611
1867
1815
1747
1747
1107
687
1943
1823
1827
1839
1775
1823
1879
1815
1810
1871
1807
1819
1543
2011
1275
1822
1879
567
1966
1746
1823
1707
571
1431
559
1943
0
1591
543
1943
1827
1839
1779
1759
1819
1855
1955
1707
1719
2011
1695
651
1635
555
1955
1815
1815
1915
1935
1607
571
1919
1971
1907
111
1914
1831
1271
1830
95
1791
2007
1823
1823
1851
71
1711
602
1939
1839
1826
1827
1923
1747
719
1943
95
1979
1795
1843
1659
294
1667
594
1691
691
2183
1727
1915
1827
1755
1831
1875
1191
563
1939
1823
1891
1859
1855
1487
1819
1778
1822
1819
1895
1827
1655
571
2667
1955
1987
1851
1823
1823
1814
1899
1859
1823
1395
763
1943
1338
570
1935
1779
1819
1807
1823
