1270
1991
1098
2162
2935
3043
3115
2903
1111
2103
3087
3043
1186
2071
3106
3015
1191
2507
2687
3047
1943
3055
871
2063
1299
2067
2251
2074
2103
2071
1263
2051
3138
3071
1967
2067
978
2099
807
2083
2047
1551
1027
7583
1143
2107
3147
3051
3163
1159
1767
1659
1371
2167
2987
3067
2542
1149
2203
2994
1875
2071
1478
2067
3146
2967
3111
3143
267
2062
998
2103
999
2735
2011
2938
1243
2070
1467
2047
3131
2951
558
1134
1747
1178
1855
1711
2007
3067
1174
2059
1307
1238
1135
2075
1883
2079
3099
3187
3067
1671
1927
1559
655
2087
1227
1487
802
2079
1079
2071
3063
2891
3099
3162
1967
1983
1359
2411
2887
3087
990
2107
1199
1299
2059
3119
863
2079
3095
2878
1583
2077
1179
2059
655
2071
1174
2063
1215
2095
1127
2066
3095
3107
2230
6455
3118
3015
3098
2598
979
2083
959
2095
2079
2099
1667
2059
3111
3123
3071
3087
1187
2079
1227
2090
2002
2063
975
2779
2035
2106
919
2071
3103
1191
2131
3039
991
2074
1191
2063
1899
2147
1131
2075
1263
2087
1055
2314
2855
2923
931
2227
2955
3147
1447
2066
1270
2522
2735
3023
2131
2059
739
2099
1307
2431
2027
1550
1295
2074
3095
3099
927
2071
3107
3087
3062
3035
1727
2075
1898
2047
783
2091
3083
3034
1047
2515
2103
2059
1882
2055
827
1191
2147
2063
3095
3043
3119
2819
990
1747
3095
2079
3095
3131
3059
3067
1203
2070
846
2058
2051
2099
1095
2075
3299
3055
1147
2067
3099
2891
1019
2055
778
2067
3119
2923
1639
1235
863
2066
2862
2847
2139
2073
3179
2927
1818
2131
842
2075
1049
2059
3123
2879
1503
2075
3103
2967
2254
2070
927
2186
2971
3075
3067
2059
1898
2095
1203
2075
1003
2082
875
2059
2959
3086
1723
2059
3091
3126
1047
2906
1015
2267
1271
2075
2051
2090
3079
2919
1071
2075
3091
3147
1098
2083
1887
2078
1347
2062
3119
3014
2162
2067
1015
2071
2047
2079
2287
2074
3111
1855
1023
2082
1875
2066
1291
2103
3067
2403
3115
2879
979
2059
1975
1334
2003
2079
2167
2067
3091
2887
822
2075
1155
2074
2123
2071
1090
2067
1435
2082
1235
2078
327
2095
1182
2463
1183
2047
750
2075
3103
3258
1002
2519
1123
2067
1847
1338
799
2115
2346
2122
3055
3135
1055
2087
2986
2819
919
2403
2083
2111
1014
2067
695
2078
1027
2171
1110
2063
1010
2263
787
1155
2039
1211
1235
2059
1423
2063
1130
2078
1663
2411
967
2382
3111
2811
3122
3115
1211
2069
1007
2131
1087
2071
1062
2234
875
2578
1195
2075
3099
3047
1111
2055
2003
2075
2151
2090
1211
2103
3103
3107
3107
3311
1999
2111
3063
3187
3095
3143
343
2063
843
2067
3091
2991
1207
2083
1139
1227
1227
1163
499
2087
3087
3095
1919
2263
1123
2055
887
2095
1935
2075
1291
2083
3135
1011
1590
1743
1347
2110
791
2039
2227
2094
2170
2115
1783
2063
1263
987
895
2111
1527
607
2167
3139
2270
2695
1019
1675
2206
1374
1298
1518
1114
1275
1027
1003
870
2070
1259
1387
1179
763
1267
1607
1099
959
2195
74
338
1267
1594
1143
2139
1131
1015
1155
1007
1187
1383
358
514
947
2203
2063
1979
3243
1671
1907
2191
1402
1219
154
463
1251
2187
1263
1847
903
2527
1047
279
1518
1355
2146
3058
851
1355
910
1370
1163
962
2011
2071
3206
3131
3186
1179
1259
1262
2127
1086
875
1266
907
1179
1067
1499
1083
1359
915
870
586
1411
479
835
1523
1366
0
1159
1379
2007
1162
2278
1006
1131
1026
2103
3019
811
935
915
603
882
843
799
1055
99
1043
1443
2215
279
1211
970
1554
1307
1530
1390
1499
1775
2407
1335
1231
995
663
758
1975
2075
2097
1155
1259
1987
1850
1155
2230
2035
1691
2219
1123
1143
851
1339
987
603
1175
999
1583
1279
1183
1119
1071
863
967
1255
2074
2139
1675
1279
1210
2123
1087
1191
1099
1215
1383
1183
679
539
907
1023
2083
2091
1098
2263
1135
875
1163
1023
1055
2243
985
2123
2263
2755
3267
2471
343
991
1211
895
955
631
1235
2199
987
871
1346
1187
1099
2191
1027
2855
902
1095
1086
2323
927
1622
1218
3267
918
794
1094
1102
767
1158
758
2031
1154
2202
1166
2067
1287
763
1143
1175
503
1278
1887
2314
3103
2131
2078
1499
1999
815
2163
1735
611
2070
1018
1174
895
1198
2235
898
1290
1355
1086
1271
1142
1627
1095
1459
215
2546
1343
1227
659
2163
1607
1438
1103
1019
743
619
1019
967
1155
775
1063
406
1162
511
727
1170
787
2198
2942
1055
943
751
639
747
799
1703
1530
887
915
2130
1151
2298
827
1247
2039
782
2075
3098
671
327
1051
935
1134
1343
1155
2171
3091
1110
975
878
2199
2975
923
315
2063
931
1395
2314
1863
2223
1919
2067
1106
1983
1387
726
1219
999
983
2187
1286
719
1010
1231
1290
1282
867
1075
1035
2078
855
1959
1446
1139
1099
1275
1323
1687
1218
2119
2054
1986
1171
2039
3123
419
1255
994
2379
2991
2943
2155
1171
1063
971
955
1215
1431
1390
2203
1011
2126
383
1323
1279
995
1135
1159
1119
367
1178
907
1139
966
1283
191
1051
770
1491
1155
2111
831
2123
3710
1687
2375
1295
1106
1279
1374
1371
1159
2103
1055
54
1063
702
1131
1310
431
2191
959
1191
1115
2198
619
2107
2707
1131
895
1147
2019
3199
1287
1162
1163
1179
667
1279
551
1355
1311
1011
735
1467
1079
851
802
1323
1951
2543
1999
951
1367
807
1119
2191
1031
903
2123
891
2027
1175
2106
1223
151
2135
3099
1194
1895
1847
2131
2351
975
3059
1167
1207
1018
747
2031
1155
2382
1919
1011
1063
1171
1027
979
794
987
1023
2031
2227
1229
1067
1031
1474
1159
2202
987
1250
1047
1139
2131
999
2103
1947
2359
2263
1975
1967
