359
362
362
362
363
365
363
363
363
363
363
363
362
361
363
363
363
363
363
363
359
359
363
363
359
363
359
363
361
363
362
359
363
362
363
362
363
359
362
362
359
363
363
363
362
363
362
363
363
359
363
363
361
359
362
361
361
359
362
362
363
359
363
363
362
359
363
363
366
363
362
363
359
363
362
363
362
361
361
362
363
363
363
362
363
363
363
362
363
359
363
367
365
363
362
363
363
362
363
362
365
363
362
366
363
362
362
363
363
363
363
359
359
363
362
361
363
362
363
361
359
363
363
362
362
363
359
363
359
359
363
363
363
362
363
363
363
363
362
361
363
363
362
359
363
359
363
362
362
363
359
359
361
359
362
359
359
359
363
359
362
363
362
363
363
363
363
366
363
359
363
363
359
362
361
365
363
363
363
362
362
363
362
365
362
363
363
366
362
363
363
363
363
362
359
363
363
362
363
363
362
362
362
362
359
363
359
362
362
363
363
359
359
363
359
361
363
362
362
367
362
363
359
362
363
363
362
363
363
363
362
363
362
363
362
363
363
363
362
359
363
363
362
363
363
363
363
363
363
363
361
362
363
363
362
363
362
363
359
363
363
363
365
363
366
363
363
363
361
363
365
363
361
363
359
362
363
363
366
361
363
363
362
365
363
363
363
359
361
363
359
361
359
362
362
363
363
361
363
361
359
359
362
363
366
365
359
363
363
365
363
363
362
363
363
359
363
363
363
362
363
359
362
362
362
363
363
363
363
362
363
363
359
361
361
366
363
362
363
363
363
361
365
363
363
366
363
363
363
366
363
363
362
363
359
362
362
362
366
362
362
362
365
361
362
361
363
363
359
363
363
363
363
363
363
361
359
367
361
369
361
363
365
363
359
363
363
363
362
363
365
363
363
362
363
363
362
363
363
362
359
367
363
362
365
363
361
363
362
362
366
363
363
363
366
363
362
363
363
363
363
363
359
363
363
362
359
363
363
363
363
362
361
359
363
363
359
366
362
362
363
363
363
363
363
366
363
363
363
365
363
361
363
363
365
363
363
362
359
359
362
365
363
363
362
362
362
363
362
363
363
363
362
362
363
363
363
363
362
362
363
363
359
363
363
361
365
363
363
363
363
363
363
363
362
363
362
363
362
366
363
361
359
363
362
358
363
363
363
361
363
365
362
363
363
363
363
363
362
362
359
363
362
362
363
363
363
363
359
363
358
363
363
363
363
363
363
362
363
363
363
363
363
359
362
363
361
363
363
363
366
363
363
363
363
363
363
361
365
362
359
362
363
363
363
362
363
367
362
366
362
362
363
363
363
363
362
365
363
367
365
363
363
363
363
363
358
359
361
363
362
357
363
363
362
363
363
365
362
359
363
363
358
363
362
363
363
362
359
358
362
361
362
363
363
363
363
363
363
363
363
367
363
363
367
362
366
359
362
367
367
361
363
366
363
362
363
359
359
363
366
363
367
365
367
367
366
367
371
363
373
366
371
367
367
367
367
369
367
366
371
367
370
367
367
367
367
367
367
367
367
367
370
371
367
370
375
367
374
367
367
367
371
367
370
370
367
367
369
366
367
367
367
366
370
367
371
370
375
371
367
367
367
367
369
370
371
367
367
369
371
367
366
370
367
367
370
371
370
370
371
371
367
367
367
371
371
369
367
369
371
371
370
371
367
371
369
367
367
367
367
367
370
370
367
365
367
374
370
367
367
367
370
370
367
365
367
369
367
367
369
367
367
367
374
370
367
367
367
367
367
367
367
367
366
366
367
365
367
367
369
367
365
367
365
366
366
367
367
366
369
367
367
363
366
367
366
367
369
367
367
367
369
367
367
367
363
370
363
367
370
367
367
366
367
363
367
366
367
366
367
370
367
367
367
367
367
367
367
366
367
367
366
370
363
366
367
367
367
363
367
367
367
363
367
367
367
367
367
363
366
366
367
367
366
367
365
366
370
367
367
367
366
367
367
367
365
365
367
367
367
367
369
369
367
367
367
370
367
367
367
367
366
370
367
366
369
367
367
367
366
367
367
365
367
369
367
367
365
366
367
367
367
367
367
367
367
367
367
363
363
367
370
367
367
367
365
367
367
367
367
367
363
363
363
365
367
366
367
363
367
367
367
367
370
369
367
366
367
363
367
366
367
369
367
363
367
367
367
367
367
367
367
367
363
366
367
366
367
367
367
366
367
367
366
367
367
367
367
371
369
366
366
367
363
365
367
367
367
367
363
367
363
366
367
366
365
367
367
367
367
367
367
363
367
366
366
366
367
367
366
365
367
363
370
366
363
367
367
367
367
366
367
367
367
367
367
359
735
158
615
239
607
103
