2035
1871
1795
3695
1957
3066
2051
3071
2982
2991
3006
2351
1879
1959
3690
2690
3513
3177
2075
3081
2979
1715
3686
2345
2887
3063
2985
1919
3699
1931
3079
2975
2767
2963
3027
2982
2979
3093
2234
3059
2975
1735
3703
2254
2577
1671
4043
2671
3627
2997
3053
2991
2959
2979
3979
1671
3703
1965
3885
1849
3835
2363
2095
1879
3697
1718
3683
2361
2922
2999
2066
3069
2990
3009
2974
2997
2290
3074
2983
3007
3597
1971
3691
1847
3699
1798
3687
2355
3647
2795
2723
2998
2047
2855
3190
1859
3805
1811
3691
1759
3707
2351
3607
2997
3051
3003
3111
3011
2993
3369
3019
3019
3015
3107
3005
3007
2993
3171
2993
2981
2205
1677
3710
1745
3719
1777
3691
2342
3615
3003
2191
3065
2159
3070
2689
3067
2967
3007
2989
2935
2391
2695
2242
3075
2969
1769
3967
2343
3651
3009
2233
3086
3182
3075
3011
1454
3690
2663
2773
3051
1799
3007
2942
1726
3705
2366
3583
2971
3083
2990
3686
2363
2265
2409
3651
1911
3687
1871
3701
1810
3691
2275
2331
1815
2810
3319
2802
1798
3698
2243
2743
3070
2997
1853
3697
2369
2986
3179
3093
2993
2911
2998
2294
3089
2167
2994
3055
1819
3895
1715
3687
2331
3639
2979
3146
3007
2987
2986
2974
2875
2151
3070
2995
1715
3709
2366
3651
2986
2987
2973
2985
3010
2974
2985
2182
3063
3007
2995
2295
3074
2995
1941
3685
2354
3586
3003
3019
3066
2995
1845
3699
2367
3598
2983
2814
2991
2986
2518
3793
2315
3694
2991
2977
3005
2979
2979
1902
3063
2966
2947
1889
3071
3015
1727
3685
1915
3095
1809
3749
2599
3669
1857
3707
1715
3691
1698
3687
1686
3731
2355
2298
3093
1967
3023
3319
3071
2990
2998
3679
2091
3622
3017
2130
3071
2997
3023
3037
2983
2065
2898
2986
2014
3699
2161
3687
3191
3615
1999
3699
2341
3639
2373
3635
1771
1702
1699
3686
1813
3706
2366
3565
2267
3651
2962
2622
2571
2962
2962
3003
2041
2099
3083
2143
3073
2006
3074
2139
1682
3687
2359
3171
1875
3691
2362
3425
2355
3582
3169
2979
2997
2207
3103
2930
1795
3702
2369
2729
2891
3663
2369
1950
3277
2013
1879
3735
2354
3591
2929
2849
2982
1906
3057
2735
1726
3247
2319
3626
2551
3627
2967
2978
2967
3027
5338
2733
2939
3021
2990
2422
1887
3699
2354
3695
3071
1861
3086
2989
1795
3703
2025
3687
2347
2211
1939
3699
2331
3606
2363
3637
1759
3043
2985
3070
3075
3162
2347
3687
2141
3699
2323
3713
3666
1927
3067
2989
2899
3363
2965
2967
2885
3662
2339
2799
3141
2838
3071
2971
2070
3699
2363
3591
2941
3110
2855
2087
1783
2745
2133
3690
1735
3691
2246
3690
1847
3705
2375
2482
2887
2006
1738
3701
2367
1794
3211
2859
2170
3690
1930
3702
2070
1910
3034
3051
1779
3686
2347
1826
3081
2967
1762
3691
3163
2639
3085
2959
3003
3005
4571
2049
3085
1015
2045
1899
2483
3515
3439
2367
1887
3701
2338
1713
2018
3703
3049
3495
3295
2811
2191
3095
2903
1978
3507
2567
987
3282
3021
1827
3687
2037
2247
2051
3691
3103
3657
1771
1873
3259
2814
2363
3113
2895
3029
1959
3687
3399
1975
1667
2102
3859
3010
2263
3643
3398
3266
2331
2675
2707
2425
1739
1343
3687
2371
1822
3686
3163
2110
3703
1743
2943
1943
3679
2823
1786
2583
2662
2826
2687
1691
3691
3454
1907
2629
1791
2714
3355
3173
3123
3287
2194
2327
1703
3699
1915
2067
2487
3974
2367
3275
1955
3274
3631
3059
1943
1879
3511
2119
3223
3119
2975
3691
3267
3107
2775
2599
1747
2629
3141
2926
2893
2935
2938
2833
2775
2747
2701
2590
2667
2543
2746
2731
1902
2962
2782
2975
2953
3083
3175
3323
2501
3691
3259
2707
3247
2835
3075
3627
3230
2247
2046
3271
2873
3699
3519
1959
1939
2177
3095
3525
3509
2087
3699
2535
3690
3235
2171
2085
3567
3553
3637
1779
3694
882
1886
3710
1627
3327
2322
2650
2302
3379
3406
3218
3431
3143
3351
2310
3707
2851
2995
2102
1773
1063
3729
2929
2939
2067
3707
1862
2689
3167
2439
2407
3711
2855
2757
1691
2825
3711
3253
2297
2882
1839
2123
1927
3703
2346
1850
3703
2403
3423
2335
3691
2987
2115
2775
3586
1847
3703
1674
3690
2231
3551
2362
3647
3139
3369
2275
1669
3699
2354
2843
2582
2158
2639
2651
1038
3687
1989
3351
2631
2483
1870
3699
1729
3703
2374
3514
3273
1051
931
3703
1722
1739
3687
1838
2347
1754
3701
1663
3690
2302
3219
2963
2873
3313
2775
1970
2317
3422
1682
3705
1647
1867
1909
1890
3701
2369
3649
3066
2330
1731
3805
1723
3751
2910
2643
3703
1791
1807
1763
1874
2378
2122
2135
3031
3703
2537
1071
2107
1811
1810
1665
2831
3195
2894
3662
1853
3487
3519
2601
1759
2927
1715
1795
3379
1111
2267
3703
2337
2019
4619
2831
2975
3083
1902
2023
3127
2738
2367
2045
1937
3718
3299
2883
1919
874
1707
3691
2467
2963
2377
3533
2023
3703
2069
3803
2015
3643
2331
2725
2251
3046
2494
1883
2077
1914
2407
3603
1821
1847
3927
2271
1891
3699
2137
3434
3535
2327
1683
1667
2726
3702
2195
1739
1959
1787
3699
2049
3707
1663
3063
2939
2342
3190
1979
2930
1763
1790
1793
3711
3295
2178
1813
3702
3859
1755
1822
3705
3187
3079
1239
3682
2259
3603
3555
2337
1857
3697
2359
2978
3059
1733
2335
3699
1981
3723
2331
2775
1771
2031
1845
3699
2379
3694
1889
3691
3370
2263
3134
2921
3222
607
2057
3686
2363
3135
2357
1971
1823
3639
1727
4137
1722
3691
2597
3687
2881
2003
3691
1970
1875
2383
3654
2351
2315
3031
3027
2050
3687
3119
2827
811
2035
1807
2018
1787
2403
3634
2014
3686
2151
1775
3686
2021
2253
2825
1897
1183
1963
3711
1903
3782
1937
3691
2599
3679
3686
2350
2881
2173
3409
1867
1663
3709
1711
3703
2355
3706
2351
3099
2379
2758
2895
2314
1887
3711
1877
3691
786
2070
1878
2190
2095
3029
