7915
7907
7915
7919
7943
8035
8023
7551
7903
7091
7927
7915
6867
6435
7867
7867
7943
8059
7987
7663
8019
7771
6759
7955
7995
7815
7219
8023
7903
7511
6099
6415
7667
7487
7739
7871
7895
7875
7943
7531
6947
6395
7911
8127
7903
7659
7891
7935
7903
7715
7903
7899
7995
7819
7927
7755
6063
6427
7895
7855
7895
6855
7415
6395
7899
7707
7927
7011
7919
6971
7903
6807
7911
6615
8039
7979
5947
8023
7063
6363
7919
11907
7723
7155
5839
6387
7907
7907
6967
6339
6891
6243
7567
6815
6175
7947
7895
6115
7219
7071
18483
7911
7975
7907
6207
6371
7943
7919
7935
7791
7911
7755
6967
6363
7923
7723
7811
7791
7951
7867
7883
7911
7915
7903
7907
6951
5867
6399
7915
7875
7895
6795
6015
6071
7895
8027
7207
6427
5759
6399
7903
7587
8015
7967
7923
8051
7899
7787
7059
7923
7951
7871
6831
8783
7851
7871
6163
6423
7935
7703
7379
7431
7735
7751
6803
6387
7939
7955
8275
7623
7915
7835
7911
7863
5791
6407
7891
7763
7931
7135
7887
7819
7927
8031
7859
7243
7623
7015
7707
8007
7875
8083
7887
7979
8175
7919
7903
7887
7919
7895
7919
6851
6931
6947
7899
7247
7927
7839
7887
7859
7919
7771
7927
7847
6831
6403
7939
7787
7899
7627
7895
8047
7915
7891
7915
7735
7907
7871
7947
6131
5271
6395
6579
6415
7883
7959
7947
7791
7763
7923
7959
7823
7883
6919
7903
7763
7423
6399
7731
7907
7931
8015
7895
7419
7907
6187
6467
7843
7927
7959
6851
6423
7879
7919
7919
7895
7859
7763
7895
7931
8519
8143
8015
7939
6151
6427
7875
6139
7823
6875
7911
7683
7931
7891
7931
7891
7923
7007
7879
6831
6511
6419
7891
8007
6539
8079
6547
6451
7863
7871
6331
6415
7867
7899
7927
7991
7923
7903
7887
7935
7923
7563
7871
6123
6511
7723
7911
7871
6139
6387
7947
6527
8207
6215
7903
6823
7959
7887
7911
7875
7875
6891
7899
7679
7943
6667
7731
7899
7895
7635
8067
7707
6991
6391
7923
7627
7927
7871
7003
6367
7939
7751
7923
7827
7951
7851
7043
6563
7827
6875
7911
7967
7955
7175
7887
7895
7863
7887
7939
8047
7895
7807
7907
7627
7903
7799
7851
8007
7039
6427
7899
7811
7871
7219
6663
6239
7823
7011
7887
6971
7907
7907
5935
6379
7939
7927
7899
6727
7919
7471
6635
6371
83927
7859
7967
7251
7191
6339
7867
7535
6495
6371
7939
6207
6975
6171
6819
6515
7919
6267
7707
7383
6923
6395
7895
7707
7747
7843
8155
7507
7907
8007
6099
6399
7903
7859
6859
6407
7783
7599
6823
8019
7647
7563
7899
7895
7979
7851
7931
7823
7847
7879
7915
6047
6563
6431
7875
6099
6339
7927
7907
7191
6619
6519
7123
6399
7887
7811
7903
6127
6379
7891
7851
7211
6763
6415
7899
7367
5687
6423
7899
8027
7919
7083
7855
7551
7747
8003
7895
7795
6923
6203
6551
7551
7891
7883
7135
8007
5843
6351
4995
6187
5987
6435
7903
7967
6115
6235
6123
6043
6803
7491
7579
7047
6919
6355
6395
7443
7095
6199
7547
6175
5599
6619
6847
6811
6047
6883
7975
6655
7811
7111
6519
6507
6711
7147
6331
6843
6747
7087
8083
6151
8679
6955
7735
6743
7691
7715
6943
7683
6227
6915
6499
6719
7459
7939
6395
6395
7139
6747
6595
6703
6199
7799
7143
6843
6259
7067
7743
7803
6427
7759
6211
6939
6275
7247
7183
6815
6043
6647
6631
7671
6835
6363
7259
8039
6735
7411
7403
6203
7215
7551
6679
6683
6547
7107
6439
6935
7031
7051
6219
7899
6279
6763
6287
7091
7335
7707
6047
7743
6827
7043
7427
7711
6543
7051
7659
6107
7043
6039
7043
6107
6159
7035
6055
6091
6207
6255
6123
5115
6067
6323
6431
6463
6547
6611
6571
6675
6603
6887
6767
6875
7923
6819
7655
6411
6707
6603
6123
6763
7523
7439
6999
7879
7055
6571
6623
6483
7815
6687
6403
6899
7187
6755
7719
7735
6391
7179
7203
6379
6647
6523
6395
7223
6975
6927
7183
6955
7183
6567
6951
7415
7219
6847
6939
5619
6047
6607
6487
6523
7807
7963
6215
7931
7235
6811
7527
7131
7827
6275
7455
7631
7231
6499
7459
6859
8051
6891
6171
6359
7947
7803
7811
6771
7175
6555
7759
6783
6531
5395
7319
6991
7823
7827
6919
6471
6719
7663
6311
8075
6059
6875
5947
7671
7591
7219
7143
8091
7151
6055
7167
6207
6475
6855
6631
7335
8027
7735
7131
6763
7211
7103
7383
6739
7431
6795
6107
6523
6951
6411
6215
7091
7055
7139
6807
6383
6435
7707
7927
7835
7211
6343
7931
7967
7031
5663
5835
6479
7819
5915
6215
6991
5755
7131
8047
6855
7251
6675
6603
6391
7359
5499
6367
7147
6891
6619
6447
7863
7935
8099
6863
6395
7779
7147
7231
5783
6799
7355
6999
7411
8007
7759
7859
7063
7319
7855
7995
8023
6663
6295
6519
6263
6759
7439
6819
6791
5951
6767
5683
6539
6863
6379
7783
7707
6879
6279
6147
7347
6871
7287
6491
7103
6403
7935
6931
5919
6275
7851
7363
6131
7191
7251
7599
7067
6187
7147
6499
6367
6471
6483
6659
7103
6767
5527
7339
5695
5935
6535
7759
7835
7195
7007
7435
6703
6115
8003
7215
8019
7383
7579
7923
7811
7299
6159
7755
7019
6443
7907
6743
6327
7983
6659
7323
6907
7263
6863
6491
7731
7871
6967
7339
6627
6983
6559
7323
6991
7943
6915
7115
7183
7591
7975
7983
6975
6231
6311
6247
6655
7131
6815
6279
8015
6139
6615
7179
7099
7019
7279
7847
7879
7275
6547
6755
7659
6183
6735
6503
6343
6863
7131
6643
6387
7899
6123
6399
7719
7195
6699
6391
6843
7011
7119
6691
6883
5819
6843
7395
6923
6275
7067
7235
7915
7783
7151
7879
7183
7027
6187
6367
6543
7027
6583
6343
7279
6407
7895
6575
6815
6747
7151
7227
6883
8079
6211
7931
5555
5519
7643
6183
6967
6975
6427
7895
7955
7671
6591
7151
6083
6995
6083
7055
5963
6443
7835
7963
7947
7783
7187
7167
7099
6995
6875
6811
6211
7051
6783
6435
6943
6231
8055
7839
7915
7875
7903
