3297
3269
2658
3530
2783
2335
15385
3403
2639
2510
1615
3206
2119
2031
3159
2723
667
3307
2987
2733
2623
2651
2590
3183
2609
2511
2645
3139
2654
3507
1959
3147
2695
2659
1555
3151
2242
2651
2602
2427
3225
2479
3098
2731
2619
2607
1727
3215
2767
2663
3175
2027
3007
3587
2638
3458
2643
2875
2729
3399
2615
3251
2397
1622
2271
2145
1987
3299
2023
2798
2615
2695
2615
2615
3083
2631
2638
2039
3437
2331
2595
2554
2278
2723
1607
3147
2795
2863
2614
2431
2667
2574
715
3239
2635
2313
2667
2735
1619
3591
2547
2602
2627
3359
2623
2851
1467
3463
2654
2710
1674
3190
4815
2843
2463
2719
2610
3355
2327
3183
2635
2655
3007
2615
1891
3194
729
3183
2639
2753
3234
2654
2627
2487
1170
3507
2631
2267
3301
3335
698
3079
513
3331
2599
2357
1739
3218
2599
2467
2655
2583
2463
2002
3133
2931
2623
2634
1942
3215
2255
3467
2619
2063
3343
2471
2675
3151
2627
2503
2598
3563
2629
3495
3071
3342
2703
3383
2141
2591
2531
2871
2803
2539
2587
2549
2666
3786
2649
2587
2531
2445
2691
2429
2733
2607
3019
1777
1883
3187
2729
2754
2630
2695
3053
2579
2619
2930
2671
2579
2647
2371
1755
2155
3267
2518
2541
2607
2567
3091
709
2729
3087
2661
2615
2653
2617
2806
2615
3410
1755
1605
395
2939
2879
2743
2651
2611
2607
3311
2623
2842
3039
2607
2539
2471
1639
3497
2626
2539
2599
2635
2599
2575
2643
2589
2621
2601
2607
3497
2619
2485
2887
2627
2631
2643
2639
2591
2630
2647
2633
3293
2654
3323
2743
2127
2857
2591
2619
2259
2610
2293
2607
2271
2601
2617
3011
3499
2614
3491
2651
2547
2623
2861
2734
2038
1879
3563
1973
3241
1782
3407
2730
4153
835
3210
677
3191
2291
2667
1851
3213
2618
2818
2621
2863
2603
2547
1735
3110
2727
2687
2614
2359
1635
3203
2871
2461
2079
2019
3347
2467
2634
2735
2613
2834
1702
3543
2651
2538
2619
2555
2619
2551
827
3197
2651
2603
2615
2922
2595
2639
2726
3511
2650
3491
2623
2683
2635
2447
2785
2457
2602
2603
2605
2163
1585
3193
2623
2547
2679
2885
3103
2662
2761
2659
2626
2570
2722
2355
2338
3531
2702
2507
2629
2611
2539
2667
1721
3610
2627
2646
690
3210
775
3187
1569
3579
2623
2775
2611
2891
2683
2623
2595
2987
2431
1747
2730
3097
2626
2059
1985
2050
3067
2747
2803
2703
1654
3335
2643
1731
1885
1618
2095
3179
2665
2523
2619
2635
2607
2683
2627
2618
3462
2627
3047
2658
2594
2197
1439
3569
2709
2715
2749
2618
2646
2519
2617
2543
2765
2799
879
3171
523
3179
1955
3583
2763
2434
2686
2863
2027
3199
2674
2615
2247
2425
1827
2515
803
3195
2611
2627
2531
3190
1587
3207
3125
1879
2114
3191
2610
2663
1883
1718
2961
3219
2590
1895
2617
3206
2771
2630
2210
2746
2759
3418
1969
706
369
2219
2387
3614
2542
2507
1747
3591
1627
3466
2746
1215
2795
3591
686
903
3539
1602
0
3182
1651
3511
3345
3446
2439
2498
3517
2439
2623
2518
2523
2673
3327
2050
1614
1735
3295
3578
2741
2646
2670
2478
2711
489
2287
3445
2423
2851
3439
962
3178
1566
3258
2594
455
470
747
3039
3587
2475
1582
3395
2658
1571
3371
2037
1463
2434
3181
1777
2259
1759
1815
2342
2237
2743
1523
809
3431
1646
666
3339
699
1363
2414
3571
591
991
1678
2627
2077
2543
3451
2123
2387
3699
2019
951
2098
3550
2542
3619
2961
3486
3698
2597
295
2325
3523
2965
1889
3147
1529
2702
3791
3337
3357
1547
3294
2505
2838
2694
3678
1307
3486
655
1223
2346
1331
2451
2987
2770
807
2077
1589
971
2334
2002
2798
2125
1627
862
2219
2767
1486
2639
2415
2267
1847
550
3479
2113
1855
3318
1558
3323
2670
2106
2562
1757
3639
2623
1679
2606
833
2639
1437
3710
1159
2642
1975
2674
2691
2707
379
2538
2735
1418
2067
2503
3627
667
3190
507
1838
2919
2551
2482
315
3313
3658
2501
750
1807
2743
607
2831
2103
3571
1619
590
2347
2755
1663
3687
1810
2439
1758
1879
2662
2393
803
3407
1154
2703
1770
3503
3545
2747
2625
1915
2627
2853
2663
1117
3343
2511
2683
521
1054
3166
1099
3315
647
2311
978
3363
2655
2439
3595
2874
3799
3603
2667
3431
3710
2465
1687
2738
1547
3511
1743
3867
2625
2655
2702
2827
2327
1399
2419
1915
1714
3467
3142
1829
2762
181
2403
2523
2085
1727
570
2595
3351
2706
2447
2651
2435
1767
2649
3763
2827
2795
1875
1423
2235
2859
3654
2871
2543
2613
1743
1242
1007
3013
2830
2602
602
2643
1746
3509
2646
2691
2702
2775
2755
2638
2714
1834
2663
2646
2817
1710
2630
1023
699
3314
2674
1591
2303
2495
789
2378
3407
1582
3402
2877
2515
2387
2371
3619
1451
3529
1819
3379
2698
2833
825
3171
2691
1485
713
1099
3175
1685
1930
3237
3525
3555
2603
1211
3567
2283
719
2525
3527
2555
2661
3610
811
3005
3066
1643
1691
2281
2682
2581
2331
1273
3126
1679
759
3242
1363
3503
3379
2662
2562
2795
2651
1683
479
3251
615
3043
2759
1678
1694
3167
943
1687
3147
3487
2515
3547
1611
3471
1503
2390
3170
2743
1946
2182
3635
2619
2847
1826
3411
2339
2767
2587
2422
2735
2543
2610
99
2711
2446
1615
1815
3315
2809
2758
3483
2462
2646
3425
2617
3337
2603
1537
3582
635
3106
1794
3414
2471
2651
643
2335
2111
2042
3255
1623
3027
2743
3491
3495
3443
3230
3602
1602
2441
2802
411
619
2189
2659
1559
2479
2507
3467
435
1653
3145
2686
2603
2627
1907
659
521
2998
2831
1819
1142
3221
1655
2526
1758
2635
3599
530
1143
3035
931
3235
2619
1999
2685
806
2283
1994
565
1015
2961
775
954
3241
2578
2629
2511
1585
3583
2658
1715
3147
2655
967
447
3433
2387
235
2031
3495
2643
3573
1683
947
1689
3339
794
2479
1947
2847
