7903
7911
7919
6191
6375
7915
7887
7991
7955
7891
7911
7919
8251
7903
7891
7919
7903
7903
7907
7911
7479
6243
7915
7611
7879
6203
7895
7887
6043
6375
7911
7907
7915
7959
7987
7807
7907
7723
7779
7795
7911
7899
7907
8011
7919
7907
7915
7919
7895
7895
7951
7879
8415
7907
8175
7767
7903
7931
7907
7903
8063
7235
7967
7879
7911
8015
7815
7919
7879
7903
7903
7891
7907
10231
7895
6211
8307
7807
6219
7907
6227
7875
8063
7931
6115
6359
7683
7915
6395
7911
7907
7911
7991
8099
7899
8299
8167
7767
7903
7931
7915
7907
7895
7891
7915
7911
7931
7875
7963
7887
7943
7907
7923
7915
7875
7903
6367
7911
7911
7903
6219
7895
7799
7775
7931
7839
7907
7931
7931
7927
7895
7927
7899
7947
6043
6383
7975
7571
6051
6407
7879
7923
7375
7931
7907
7907
7919
7931
7851
6231
8059
7571
7715
7907
7895
7903
7839
7911
7903
7915
7895
7903
8099
7919
6119
7919
7919
7923
7899
7747
7907
8027
7851
7587
7803
7911
7003
7887
7815
7203
8071
7979
8023
8959
7667
7847
7907
7899
7903
7951
7899
7895
7891
7875
7899
7911
7903
8191
7907
8011
7927
7899
7911
6159
6407
7911
7903
7899
7895
6099
6419
7927
7907
7871
7927
7899
7919
7895
7939
6355
7955
17079
7923
7907
7903
7887
7779
7907
7907
7899
7899
7923
8207
7859
7911
7895
7823
7851
7911
8003
7915
6219
7903
6207
6295
8003
7903
7763
7795
7891
8027
7927
7895
7179
7907
7907
7915
7635
7911
7883
7607
7903
7963
7891
7891
8047
7907
7899
7707
7595
7899
7911
7891
7891
7891
7919
9819
7879
7891
7907
7903
7891
7835
7895
7899
7939
7915
7895
8011
7899
7915
7935
7911
8051
7915
7891
7903
7903
7907
7911
7899
7915
7919
7907
7907
7983
8755
7915
7903
7903
7903
7915
8175
6283
7899
7891
7911
7887
7891
7907
7915
7879
7907
7891
8019
7971
7891
7731
7903
7287
8003
7919
6047
6395
7903
7899
7959
7983
6051
6379
7915
8079
7931
8035
7907
7891
7903
7899
7911
7927
7899
7895
7911
7919
8055
7907
7919
7903
7699
7895
7887
7895
6199
6547
7899
7923
7667
7815
7907
7911
7895
6207
7703
7879
7895
7903
7911
7915
7915
7971
7895
7907
7895
7895
7915
7895
7899
7915
7911
7911
6231
7907
7891
8019
7891
7907
6231
7919
7943
7891
7643
7947
7915
7939
7899
7919
7915
7887
7635
7899
7895
7767
7835
7923
6219
7915
7943
7875
7907
7911
7959
7895
6815
8055
7919
7891
7899
7939
7911
7799
7883
7915
7923
7811
7959
7911
7911
7927
7803
7927
7915
7847
7759
7907
7895
7911
7903
7915
7903
7899
7951
7883
7899
6211
7895
7703
7907
7931
7779
7919
7919
7911
7907
7743
7923
8023
7907
7907
7939
7895
7883
7899
7883
7879
7787
7899
7967
7899
7891
7935
7955
7899
7899
6943
7883
7891
7915
7887
7763
8107
7987
7739
7923
7895
7927
7923
7911
7543
7783
6971
6783
6383
6819
6407
7907
7899
7907
6719
7907
7719
7903
7843
7963
7915
7899
7647
8151
7911
7963
7903
7707
7955
8031
7895
7903
7895
7931
7903
7915
7935
7899
7931
7895
7627
7887
6179
6479
7687
7931
7903
7875
8067
7903
8007
7791
7927
7939
7895
7923
7911
7919
7919
6215
7891
7955
7899
7899
8051
7931
7919
7583
7631
7955
7651
7995
7919
7911
8031
7879
7931
7907
7883
8023
7915
7975
7907
7907
7887
7963
7923
7903
7895
7927
7943
7923
8051
7995
6199
7979
8067
7951
7891
7923
7899
7239
7819
7935
7903
8155
7963
7959
6263
7959
7755
7647
8083
7671
7919
8095
8103
8043
8047
7703
7655
7907
8327
7983
8163
7943
7615
7887
7887
7887
7875
7887
7907
7891
7915
8027
7907
7899
8167
8243
7927
7199
8015
7895
8027
6211
7867
7879
8047
7895
7895
6299
7931
7987
7927
7919
7795
7919
7947
7911
8103
7903
7899
8091
8043
7907
7895
8111
7895
7979
7899
7963
8095
7607
7899
7891
7923
7815
8027
7887
7895
7799
7899
7907
7899
7971
7887
7571
7891
7923
7891
7895
6215
7899
7907
7875
7983
7923
7395
7903
7899
6371
7927
7999
6891
7967
7899
7543
7915
8091
6239
6407
7943
7879
7987
7987
7911
8055
7923
7959
7887
7907
7991
7903
6131
6459
8063
7919
7891
7963
7855
7907
7891
6119
6427
7911
7887
7679
7939
6383
7899
7891
7907
7959
7903
7955
7911
7891
7931
7815
7923
7923
7895
8007
7915
7899
7915
7687
6211
7879
7923
7895
7895
7895
7727
7899
7903
7911
6231
8083
7859
8059
7891
7891
7887
7923
7899
7899
8059
7891
7915
7911
7895
7903
7907
7919
8071
7959
7971
7939
7955
7907
7903
7987
7891
7919
7919
7619
7879
7891
7915
7895
7851
7911
7783
6403
7915
7931
7871
7967
7591
7907
7887
7827
7759
7895
6247
7903
7907
7991
7435
7955
7903
7987
7963
7899
7863
7919
7903
7915
6211
7907
7931
7911
7943
6955
8083
8027
8027
7499
7935
7927
7887
7915
7887
7887
7907
7895
7943
7807
7943
7911
7915
7911
7915
6127
6391
7911
7927
7915
6207
7903
7923
7915
7951
7883
7959
7963
7619
7927
7895
7983
7907
7911
7939
7919
7919
7547
7911
7931
7923
7903
7923
7903
7775
7931
7887
7879
7931
7959
7979
7899
7899
7899
7719
7927
7939
7695
7883
7915
7851
8035
7895
7847
7903
7075
7895
7899
7907
7907
7915
7907
7939
7651
8939
7943
7915
7615
7907
7715
7987
7903
7883
7899
7895
7883
7903
7851
8123
7959
7899
7939
6223
7899
7959
7935
7955
7907
7903
7923
7895
7919
7895
8007
7931
7871
8047
7923
7887
7659
7911
7907
7959
7951
7923
7899
7707
7955
6139
6391
7907
7911
8011
11819
7923
7903
7999
7891
7891
7927
7911
7903
7891
7903
7871
7923
7899
6487
7915
7899
7967
7911
7891
7867
7879
7859
7911
8095
7895
7895
7871
7903
7927
7915
7931
5867
6395
8127
7915
7903
7903
7903
7847
8035
0
7935
7879
7895
7915
7919
8355
7779
7939
7899
7915
7815
7923
7891
7911
7927
7903
7947
7899
7891
7911
6283
7095
7051
6907
6967
6775
