435
434
434
439
435
435
437
435
435
434
433
435
435
434
434
435
437
434
435
435
431
435
431
435
435
435
435
435
435
437
435
434
435
439
434
435
435
435
435
435
434
435
435
433
434
435
435
435
435
435
435
435
435
435
437
434
435
435
434
435
435
433
435
434
435
435
438
435
435
435
434
435
435
438
435
435
434
435
435
435
435
434
435
435
434
431
435
439
431
439
438
435
434
439
435
435
434
435
434
438
437
435
435
434
435
435
439
435
435
439
435
434
434
433
435
433
435
435
435
435
435
434
435
439
435
435
435
434
434
435
434
435
435
435
435
434
439
435
434
435
435
435
435
439
435
435
435
433
434
435
438
435
434
435
433
435
435
434
431
431
435
435
442
435
435
435
435
434
435
434
435
434
431
435
435
435
437
434
435
435
434
435
434
435
434
439
435
437
435
435
435
434
434
439
435
434
434
435
435
435
435
435
431
434
435
435
435
435
437
437
435
434
435
433
435
438
434
434
434
441
435
433
435
439
435
434
435
434
435
437
435
435
434
434
435
435
433
435
435
435
434
434
434
439
438
435
434
435
434
438
434
435
435
434
435
434
435
435
435
435
434
435
435
438
435
434
435
435
435
435
435
431
439
439
435
435
435
435
435
435
434
437
435
435
434
435
439
435
435
434
435
435
434
438
434
434
435
435
435
435
435
435
435
431
438
434
435
435
435
434
435
434
434
439
435
435
434
435
435
434
434
437
434
435
435
435
434
435
438
435
435
435
435
435
431
435
438
435
435
434
434
438
434
435
435
435
435
435
435
435
434
434
435
435
435
435
434
435
435
439
434
435
431
435
435
434
435
435
435
435
434
435
431
434
435
438
435
435
434
435
435
435
435
442
439
435
442
439
434
435
435
435
435
438
435
438
434
434
435
434
434
435
435
434
434
434
435
435
438
435
435
435
437
435
435
435
435
438
438
435
435
435
438
435
435
439
435
435
434
435
435
435
435
435
441
434
435
434
434
435
435
439
435
435
435
435
435
435
435
435
439
435
435
435
435
435
434
435
435
435
434
435
439
434
434
434
438
435
435
435
435
435
434
435
435
435
435
435
434
435
434
435
431
435
435
435
434
438
434
435
435
434
435
435
435
435
434
435
434
435
431
435
435
435
435
442
435
435
434
438
442
438
435
438
439
435
435
435
435
435
434
438
435
435
439
435
435
437
435
435
434
435
437
435
435
438
435
435
435
435
435
434
435
435
442
435
435
435
442
438
435
435
438
435
437
435
435
435
435
435
438
435
434
435
435
435
438
435
435
439
435
435
438
435
438
438
434
438
435
437
435
435
434
435
435
435
431
435
435
435
434
435
435
439
435
438
433
442
435
435
435
435
435
438
435
430
435
435
435
435
435
435
435
434
430
431
443
439
435
430
427
431
431
423
423
419
431
423
427
442
423
418
439
426
426
429
431
419
427
431
431
442
431
434
435
435
427
435
431
431
438
431
434
435
439
435
435
435
435
434
438
435
435
435
442
438
435
438
435
435
435
435
435
435
435
435
435
435
442
435
435
435
438
434
439
434
443
438
435
442
438
435
435
438
438
435
431
435
438
435
439
435
435
435
442
435
442
435
435
435
439
435
435
437
434
434
435
439
438
435
435
438
439
435
439
435
435
439
435
435
435
439
442
438
435
438
439
437
437
438
439
435
435
438
435
438
435
435
435
438
439
438
435
438
439
438
435
439
435
438
443
435
435
437
435
435
435
439
435
435
435
438
442
435
435
435
435
435
435
435
434
438
435
435
434
435
435
435
435
439
437
438
435
438
434
434
435
438
434
434
438
434
433
435
435
435
435
434
434
435
438
435
431
435
434
435
435
435
435
431
435
437
435
435
434
438
435
435
434
435
435
433
435
435
435
435
435
438
438
435
434
435
438
435
434
435
435
435
434
438
435
435
435
435
433
435
435
435
438
435
435
435
435
435
435
435
435
442
438
435
434
435
431
435
435
435
435
438
435
438
435
435
435
430
435
435
435
435
435
442
435
438
435
434
435
435
435
435
435
435
435
435
434
435
435
435
434
437
435
435
435
435
435
435
435
435
435
435
435
435
435
435
438
438
435
435
435
435
435
435
434
435
435
435
437
435
435
435
435
435
435
434
435
435
435
438
435
433
435
435
435
435
438
435
435
435
435
434
435
434
434
435
435
435
434
434
435
435
434
435
435
435
435
435
434
435
438
435
435
435
435
438
435
435
435
435
438
435
435
435
437
435
435
435
434
435
435
434
438
435
434
435
435
434
435
435
435
434
435
437
435
434
435
435
438
435
434
435
873
531
135
643
846
294
