647
646
643
647
645
643
647
647
646
643
646
647
647
646
647
647
646
646
647
646
646
647
647
647
647
646
647
647
646
643
647
646
645
643
647
643
646
643
646
647
647
647
645
647
645
647
647
646
647
647
647
645
647
646
647
646
647
647
646
647
647
647
647
647
643
647
647
643
646
647
646
643
647
646
646
646
647
651
647
646
647
647
647
647
647
647
646
646
646
647
647
647
643
647
647
647
647
646
647
647
646
645
646
647
643
647
646
645
643
647
646
647
643
647
647
643
647
645
647
646
647
647
643
647
646
646
647
646
646
646
647
649
647
647
647
647
647
647
647
651
647
647
643
643
647
643
647
647
646
647
647
647
647
646
647
647
646
643
643
651
645
645
647
646
645
647
647
646
645
647
651
647
646
646
646
646
647
646
647
647
647
643
646
647
643
646
647
647
647
643
647
647
647
643
646
647
646
646
647
645
647
643
647
647
647
643
647
646
647
647
646
649
643
647
647
647
645
647
647
646
647
647
646
647
647
647
645
647
647
647
643
639
647
647
647
646
646
643
647
645
647
647
647
647
646
646
645
646
647
642
647
645
646
647
647
647
647
643
647
646
647
646
647
643
647
647
647
646
647
647
647
647
650
647
647
647
646
643
646
647
646
647
647
646
647
647
645
646
647
646
647
643
647
646
647
642
646
646
647
646
646
647
643
647
647
647
647
647
647
643
647
647
646
647
647
647
647
647
647
647
643
643
646
647
643
647
647
647
643
643
647
647
647
647
647
647
647
646
647
647
643
645
643
643
649
646
646
646
646
647
647
646
647
647
646
643
643
646
650
646
647
647
645
647
647
647
647
647
647
647
647
647
647
647
647
647
647
647
647
646
647
646
647
643
647
646
646
646
646
647
653
651
647
647
647
647
647
647
647
647
647
646
646
645
647
647
647
647
646
647
643
645
647
643
651
647
647
650
647
647
645
646
647
647
646
647
647
643
646
646
647
647
643
647
647
646
646
647
647
646
647
647
647
639
649
646
647
647
647
651
647
647
647
647
643
646
645
647
647
647
650
647
647
647
647
647
646
647
647
643
651
647
647
647
647
647
647
654
647
647
647
647
650
647
647
643
647
643
646
646
646
647
643
643
647
646
647
647
647
643
651
647
647
646
651
646
647
647
647
646
647
654
645
650
643
647
647
647
647
647
646
647
643
643
647
646
646
647
647
647
647
647
646
647
647
647
647
647
646
646
647
647
646
647
647
650
643
647
647
646
646
647
650
647
647
647
647
649
647
647
643
645
647
647
646
646
645
646
651
645
646
647
646
647
647
646
646
647
647
647
651
643
647
647
647
643
647
647
643
650
646
643
646
651
647
646
647
647
647
643
647
647
643
646
647
647
647
647
647
646
647
645
643
647
647
647
651
634
643
643
641
635
643
643
635
626
639
642
639
639
647
643
643
631
639
631
643
639
639
642
642
643
647
642
650
646
643
647
646
647
647
647
647
650
651
647
650
643
647
647
650
647
651
647
647
650
655
647
647
647
647
647
647
647
651
647
647
646
649
646
647
651
650
649
647
650
647
650
647
647
647
649
646
649
647
647
651
647
647
647
651
650
647
650
651
650
650
647
647
651
647
654
647
647
650
650
647
647
647
647
651
650
647
647
647
650
647
647
647
647
651
647
651
650
650
650
647
650
651
647
651
647
647
649
651
650
647
650
647
647
651
647
651
646
650
654
651
646
647
650
647
651
647
650
651
646
651
650
647
651
651
647
647
647
649
647
646
651
647
647
649
647
647
647
643
647
647
647
647
647
646
647
650
650
650
647
647
646
647
647
650
650
646
647
647
647
647
647
646
647
650
647
647
649
647
647
647
647
647
651
646
646
647
647
647
647
650
651
647
650
654
647
653
647
647
647
651
647
647
647
647
647
645
647
647
647
650
647
647
647
647
647
647
647
646
647
651
647
647
647
647
650
647
650
647
650
650
647
643
647
647
647
647
654
646
646
650
650
650
646
647
647
647
647
647
647
646
647
647
647
647
650
647
647
650
647
647
647
647
647
647
647
646
647
647
647
651
650
647
646
647
647
647
647
647
647
643
647
647
647
647
647
650
646
647
646
646
647
650
647
647
647
651
646
647
650
647
647
647
647
647
647
647
647
647
643
647
647
647
647
646
647
646
650
647
647
647
647
643
647
651
647
643
650
647
647
647
647
647
647
647
643
647
647
646
647
647
646
643
647
647
647
650
647
647
647
647
647
646
643
650
649
647
647
647
647
643
647
646
646
647
647
647
647
645
647
649
647
647
645
650
647
647
647
647
649
649
647
911
763
1299
497
543
855
