312
312
314
311
307
311
310
2279
311
2223
310
310
307
315
312
310
314
2219
310
2280
312
312
312
309
310
2227
312
312
310
314
311
309
310
311
312
2331
311
310
312
309
310
311
314
2283
309
314
314
2279
314
2331
314
2264
310
2245
313
311
309
310
313
313
312
309
309
2261
310
311
312
311
314
314
311
312
312
2204
309
2241
309
312
314
2264
312
311
313
311
313
310
312
314
311
309
310
309
309
2205
310
2263
312
315
313
2298
310
2205
312
2272
314
2257
309
311
311
310
315
312
313
312
310
313
312
311
306
311
310
2243
313
310
309
2258
312
2370
311
315
310
2204
311
310
312
310
310
312
313
2301
310
315
312
311
310
311
310
2275
312
2235
315
2267
310
2257
311
2214
311
2253
310
2307
312
2231
310
2205
311
2252
311
310
311
2275
310
313
313
2214
313
311
310
310
310
311
311
310
313
309
311
313
312
2240
313
2241
310
2306
313
313
310
314
313
2358
310
2247
308
2207
312
313
313
311
312
313
312
310
313
2263
310
314
310
2228
309
2233
312
309
312
311
312
311
314
311
310
2258
312
2219
313
2266
310
313
310
312
311
313
312
2224
313
311
313
2220
312
2205
312
2247
314
310
313
312
309
310
310
312
311
310
311
2322
311
315
310
2355
311
311
311
313
311
311
310
2243
311
313
311
315
311
2326
311
2274
311
311
306
309
314
2285
310
311
312
309
311
2224
311
312
312
2230
312
313
311
311
312
310
314
2233
311
311
311
313
311
2213
312
312
311
309
312
313
312
311
310
312
312
311
310
2227
313
311
311
2242
312
311
307
311
309
311
312
2285
313
2247
314
313
312
313
313
311
311
312
315
2230
313
310
312
2280
311
2231
313
315
311
310
312
312
313
310
314
315
312
310
311
2248
313
311
311
312
313
312
311
2267
310
310
312
312
315
2204
310
2251
311
313
310
315
312
314
309
313
312
311
314
314
312
313
312
2321
311
310
314
310
312
313
313
2252
311
2264
313
312
311
310
312
2266
311
2206
306
2293
313
2239
315
2218
313
310
310
312
313
313
310
309
313
2238
313
2298
312
2206
310
2380
312
2234
313
2213
313
2260
314
2205
313
310
311
313
310
315
312
315
315
311
315
313
314
313
313
2272
313
310
312
2270
315
2223
310
2264
312
311
312
2250
310
312
312
313
310
2266
313
315
312
312
311
314
313
309
310
315
311
2270
311
312
307
314
310
312
312
311
312
2291
313
311
315
312
310
312
310
311
312
313
311
311
310
310
311
314
311
311
312
312
313
313
315
313
311
310
310
312
313
313
313
314
315
311
311
314
312
307
307
313
311
313
313
313
312
312
307
314
313
314
314
313
313
311
313
313
312
311
313
310
311
312
313
314
313
313
306
311
313
312
309
312
310
315
311
310
313
310
312
311
311
313
313
308
311
312
311
312
310
311
313
313
310
315
311
310
312
309
313
310
311
315
313
310
314
311
310
310
306
307
310
313
309
309
321
306
318
315
303
306
309
313
313
311
310
301
310
307
310
316
297
304
312
307
313
301
309
317
308
316
308
312
311
312
303
315
313
310
314
311
310
310
319
309
313
315
314
313
314
315
318
318
313
314
315
315
313
312
314
315
312
315
312
315
317
313
316
317
311
315
309
313
317
314
314
311
315
311
316
313
314
314
314
315
315
315
316
317
317
318
318
316
316
312
315
315
312
315
312
314
315
314
311
313
309
317
318
313
315
315
315
315
314
315
315
315
314
314
318
315
316
316
316
315
318
315
315
313
318
315
315
314
313
312
315
312
318
313
318
314
313
317
317
313
312
312
312
315
315
314
315
315
315
313
314
313
314
313
317
313
312
314
315
314
314
311
312
313
313
311
308
312
311
314
311
314
315
313
313
312
311
314
313
313
314
315
311
315
314
312
313
311
310
311
312
315
315
313
313
314
314
311
314
312
315
311
310
314
314
313
314
312
312
313
314
315
314
315
311
314
315
315
314
314
314
312
312
313
316
311
312
314
312
313
312
308
311
308
314
313
314
313
313
311
312
310
311
314
314
311
315
314
312
312
312
314
310
315
307
307
311
313
310
311
315
311
312
311
312
313
312
310
308
313
311
313
315
314
315
313
313
310
311
316
312
311
313
314
316
313
312
314
311
312
313
310
315
313
314
314
312
314
312
312
314
315
315
311
311
308
311
313
311
310
314
314
314
312
310
314
314
311
311
313
312
314
314
310
311
312
314
312
314
313
311
312
312
311
314
311
310
311
314
314
314
311
313
314
312
313
314
311
311
314
311
313
311
311
312
312
311
312
313
315
313
313
311
311
310
314
312
314
315
311
314
313
312
313
311
314
312
314
311
314
315
313
312
314
313
313
314
314
313
312
314
313
311
314
316
311
313
316
313
311
463
62
0
366
2142
574
