371
543
447
575
579
831
410
739
375
535
335
598
519
559
431
711
443
647
379
587
455
791
563
811
639
623
491
774
427
551
359
635
475
679
423
671
587
543
491
682
451
754
327
751
482
559
467
563
443
795
487
607
395
515
447
671
395
698
402
583
531
451
387
671
523
743
407
743
431
627
391
839
455
739
510
779
515
619
547
595
383
671
550
527
451
531
443
619
411
767
367
723
499
663
375
727
594
607
519
739
415
667
490
679
403
547
302
615
503
631
515
695
566
567
531
563
367
763
435
687
315
567
466
819
343
655
339
695
615
735
563
703
619
711
399
658
535
619
430
631
363
635
507
731
482
643
407
779
299
610
542
723
374
727
515
659
295
679
451
615
411
647
611
563
419
586
331
683
495
615
511
627
451
775
487
851
463
715
535
563
371
703
463
650
539
859
291
687
451
586
419
651
479
670
331
583
386
546
507
583
435
735
511
583
546
707
283
659
383
695
511
719
439
595
479
655
463
691
359
466
407
603
391
575
470
698
439
679
318
602
475
767
419
627
467
599
427
579
511
835
487
846
370
634
291
655
519
639
399
687
419
683
491
667
394
643
427
723
430
634
431
631
506
795
519
559
447
639
499
675
555
571
450
555
483
755
431
779
371
786
539
614
503
743
395
582
535
635
563
619
515
727
319
583
415
763
410
646
586
703
323
635
375
579
395
623
435
591
527
750
451
575
526
619
398
539
438
699
335
519
503
895
314
654
415
658
427
747
439
771
495
527
443
503
623
558
446
659
555
703
586
703
427
703
267
619
399
818
446
723
330
879
435
723
418
707
443
567
423
579
526
538
503
682
503
659
495
755
391
566
439
639
431
498
423
611
407
507
387
675
483
623
554
702
551
619
415
814
431
674
291
631
499
723
455
731
507
595
506
679
362
651
503
511
263
691
503
527
511
699
343
807
555
718
427
647
350
627
391
643
507
675
439
643
471
795
507
671
391
643
583
663
495
679
439
698
391
747
639
543
450
482
415
735
475
755
531
595
395
571
399
683
547
779
467
683
419
530
559
698
495
675
563
687
454
702
447
666
403
755
442
731
539
639
555
570
371
607
415
751
423
902
602
599
431
575
411
750
319
703
371
599
387
470
531
599
491
543
167
447
163
327
154
807
323
530
262
559
503
591
487
459
547
462
466
487
530
395
334
338
431
490
247
338
583
587
198
387
550
311
359
459
531
515
471
391
411
391
527
323
459
363
431
351
499
343
331
326
479
366
527
398
463
359
446
483
471
547
491
403
459
391
503
471
487
323
503
295
506
363
387
223
419
383
435
567
399
418
414
483
423
499
411
347
466
551
447
423
531
459
314
315
471
442
475
499
362
303
255
523
411
435
531
251
482
455
419
359
386
415
419
251
399
347
386
495
647
647
647
647
647
647
647
647
647
647
647
647
647
647
647
647
647
647
647
647
647
647
647
647
647
455
399
363
303
307
371
246
399
394
519
423
387
423
467
431
571
487
247
327
334
402
399
431
263
459
314
263
399
259
323
347
375
359
375
551
422
335
459
551
355
287
343
411
431
383
359
391
427
495
503
243
451
419
451
471
419
351
331
346
290
319
519
395
523
511
283
499
530
295
534
295
411
395
407
335
499
407
431
407
411
407
447
327
447
507
443
426
519
202
411
302
511
303
270
311
511
419
439
327
298
451
379
435
239
543
291
334
383
431
434
375
379
515
447
398
479
391
359
318
382
339
475
387
355
306
594
563
387
499
539
227
462
379
438
455
523
363
411
363
387
239
515
407
426
446
427
271
475
487
414
363
483
455
383
335
559
331
431
407
483
363
563
555
467
335
347
339
503
327
303
323
471
371
423
355
551
303
438
302
482
379
331
435
383
463
615
307
403
458
463
291
543
379
367
499
427
570
391
395
278
451
430
507
455
375
371
363
519
335
383
443
427
387
443
371
387
438
351
419
319
331
347
438
595
395
383
494
355
483
379
475
347
331
487
526
474
339
431
247
363
283
479
379
515
315
479
327
315
327
443
199
487
467
543
331
287
191
415
355
455
319
438
347
559
526
363
298
479
494
587
327
483
415
603
447
447
371
499
267
435
374
291
343
491
415
455
351
415
627
510
455
327
538
395
379
446
423
546
467
394
455
451
607
419
347
543
411
286
395
423
471
583
426
563
419
515
367
510
379
262
267
379
402
443
454
395
427
339
379
555
383
511
379
531
447
411
351
539
446
411
555
531
287
395
499
495
447
443
471
403
390
475
379
359
375
318
551
455
591
431
334
314
398
406
510
331
419
523
255
479
278
447
418
391
406
306
391
495
367
503
279
350
743
