327
559
387
571
523
695
539
595
327
515
691
775
287
783
555
591
423
643
551
711
483
715
415
611
319
751
443
743
463
591
531
651
491
607
383
651
331
599
311
659
383
647
335
591
499
555
499
447
435
591
411
643
255
583
407
511
391
707
587
603
399
563
395
555
499
687
515
715
379
747
351
531
359
663
427
631
551
595
555
735
507
531
279
571
411
555
471
507
531
599
419
483
443
587
519
599
427
619
463
519
511
539
559
619
287
615
283
571
339
667
375
707
487
731
463
483
427
523
535
715
463
555
307
655
623
627
491
695
395
551
451
627
459
671
559
683
271
715
567
643
279
719
363
695
487
591
435
715
483
623
571
735
359
571
339
511
427
591
423
655
511
611
591
747
303
659
459
755
427
519
339
563
459
739
271
571
495
623
471
699
351
659
467
699
431
659
379
683
427
495
367
603
439
727
383
699
575
699
411
623
443
479
447
763
431
787
355
567
411
683
451
631
443
563
519
627
379
587
451
691
463
675
443
671
411
723
419
635
531
623
359
675
467
559
411
683
263
555
431
679
467
703
607
467
295
659
383
595
447
647
535
711
275
543
355
523
459
719
375
667
423
675
303
715
491
659
347
731
395
619
519
635
395
703
367
619
499
651
399
571
531
483
411
775
367
687
323
795
463
735
331
791
463
627
343
607
231
715
467
607
459
671
407
547
507
663
431
771
399
643
519
735
435
471
531
535
359
491
211
743
503
671
415
703
495
559
299
547
579
555
319
643
419
631
339
611
455
695
447
715
367
675
427
619
423
511
599
715
363
783
447
619
495
527
487
699
559
567
307
479
427
591
439
655
403
663
527
667
443
747
303
643
419
527
315
679
471
587
483
675
503
603
351
571
643
743
439
619
567
607
319
563
539
587
427
619
363
583
355
675
451
647
363
731
475
519
391
627
415
615
227
463
375
671
307
723
287
599
415
475
379
503
511
619
439
543
311
579
399
639
471
659
303
659
607
551
611
687
291
759
323
583
395
715
267
547
419
623
603
671
495
647
379
587
415
811
443
603
515
691
463
659
495
611
415
707
475
643
491
703
395
691
371
659
459
575
279
599
503
495
507
595
367
683
643
659
467
555
375
643
371
723
419
643
347
603
559
339
83
391
0
491
87
531
427
599
395
595
423
723
275
339
283
455
363
291
495
523
379
431
383
455
515
367
339
431
367
319
387
455
403
479
415
339
439
419
299
323
307
375
515
407
359
259
479
443
467
283
339
491
271
387
371
291
219
307
515
435
523
519
411
487
495
343
499
427
323
399
583
423
439
347
515
415
279
315
395
531
519
363
423
371
355
527
375
435
515
483
471
555
475
227
295
395
399
199
419
355
339
351
391
455
435
447
323
463
463
407
411
331
483
367
463
267
527
471
567
383
367
415
527
443
339
311
511
499
427
235
395
331
435
371
495
499
455
315
343
435
279
267
427
311
423
455
391
331
363
387
367
435
423
447
443
335
383
423
427
495
463
435
459
419
359
355
547
399
291
295
411
491
351
415
351
315
415
383
539
435
435
359
351
323
427
307
375
367
555
251
223
383
299
363
427
487
427
415
511
311
379
299
447
403
567
335
447
415
435
499
463
439
419
343
367
379
403
483
519
447
463
411
295
435
523
343
523
455
455
379
515
335
383
439
503
299
323
391
275
359
471
423
407
331
567
415
471
315
343
363
315
315
459
371
419
567
399
439
319
519
279
479
403
215
427
315
355
411
475
431
327
563
535
299
455
395
395
359
435
463
495
363
415
367
479
367
351
287
347
311
335
331
403
535
451
319
455
391
435
331
403
351
547
543
275
347
275
395
451
403
431
355
359
319
427
303
495
299
563
451
371
447
507
391
295
375
323
423
375
327
475
451
399
387
339
491
483
235
295
483
399
363
535
411
431
407
527
391
463
483
351
447
371
315
459
327
455
423
187
335
479
279
423
283
439
399
471
383
435
367
371
371
439
335
543
455
423
383
579
463
323
495
335
587
615
575
435
411
323
311
363
319
315
415
503
295
427
431
351
475
331
379
515
423
427
279
431
283
375
291
443
391
439
391
443
527
375
511
487
327
503
547
335
315
467
443
451
535
303
347
383
315
555
387
391
435
387
419
299
399
279
535
599
331
315
355
471
471
455
363
387
447
363
347
383
403
327
399
267
491
339
323
327
459
431
435
399
347
379
275
419
459
419
347
547
395
507
223
507
471
235
511
471
471
423
419
403
515
351
443
335
251
363
303
347
491
419
431
287
295
391
371
423
367
303
355
411
515
415
279
359
471
295
443
271
379
291
303
403
383
535
467
587
587
567
963
