411
627
471
583
447
631
255
735
335
611
475
595
327
627
283
507
307
623
251
671
479
615
487
395
399
675
275
615
407
623
439
563
499
675
475
795
395
651
511
587
503
559
499
587
383
631
459
655
419
683
539
639
487
563
407
571
367
467
415
663
295
623
419
607
483
575
459
635
499
503
463
703
575
611
471
615
395
571
295
651
423
591
499
531
439
639
371
631
363
695
491
539
347
479
447
651
371
651
367
607
331
463
367
583
363
711
539
607
271
583
491
623
479
511
531
699
547
579
579
475
471
635
319
667
435
507
363
559
451
651
419
667
495
483
395
747
439
603
267
619
503
563
327
523
623
667
447
631
479
531
335
663
443
663
391
531
427
707
331
651
351
543
419
611
407
575
351
627
387
611
427
739
431
667
463
723
475
667
427
611
363
579
371
467
363
583
359
651
291
623
547
579
519
611
395
615
507
575
507
571
359
747
355
523
371
595
291
563
459
583
383
611
279
491
355
595
447
515
419
611
315
675
451
603
383
647
451
679
435
491
359
575
439
679
299
567
451
523
327
635
359
567
519
671
459
635
383
539
387
407
367
603
391
511
239
635
479
671
439
643
375
523
383
703
355
607
427
791
375
659
415
715
419
579
499
599
367
775
399
559
427
851
539
499
307
555
363
535
427
687
507
739
407
711
251
691
291
679
367
583
287
651
351
615
183
691
419
611
475
659
311
579
383
635
487
559
407
507
383
615
415
631
463
507
335
627
343
571
495
567
279
679
419
731
403
527
271
559
503
631
539
523
455
547
439
703
363
527
451
627
483
551
519
703
419
631
315
615
403
619
415
523
411
847
259
563
611
603
495
507
579
655
599
679
351
607
407
635
447
647
451
751
315
519
363
651
423
483
411
595
475
611
287
447
367
687
547
499
367
523
427
619
443
603
267
691
543
539
411
583
467
475
375
595
519
539
463
627
435
631
367
623
391
647
347
523
399
643
347
623
403
659
323
507
427
675
543
631
495
587
371
643
435
579
531
615
323
715
315
603
311
731
471
663
387
639
527
607
383
555
295
439
483
703
275
499
443
659
415
599
571
683
439
735
451
691
255
571
435
667
335
787
423
527
495
443
447
591
435
647
555
659
539
587
407
639
467
499
179
427
107
347
279
623
363
539
495
595
315
819
407
391
467
363
443
347
339
451
363
451
283
427
327
339
471
395
419
447
411
267
315
311
387
375
399
379
359
335
411
355
283
451
391
355
431
375
423
399
311
395
395
407
427
435
315
363
427
291
567
303
543
439
479
211
555
471
247
427
283
251
423
307
435
355
379
239
319
379
375
523
343
311
339
415
423
479
407
295
291
295
411
343
315
487
419
319
415
235
287
447
311
347
355
375
495
443
379
363
339
335
467
391
455
379
263
339
355
543
543
543
543
543
543
543
543
543
543
543
543
543
543
543
543
543
543
543
543
543
543
543
543
543
543
575
403
303
399
423
387
283
307
215
379
299
359
239
439
303
443
423
327
463
511
291
355
527
419
403
379
351
515
347
315
447
415
507
503
371
455
219
363
415
195
319
383
443
371
527
387
395
467
327
427
379
391
367
447
379
227
403
479
367
343
347
407
403
359
355
339
307
395
239
415
371
415
403
451
455
503
379
439
427
387
387
263
339
439
411
387
347
327
447
279
407
439
427
495
399
335
383
471
631
339
339
479
487
319
251
315
307
447
291
531
339
295
283
487
455
439
291
355
455
355
471
327
319
391
399
451
511
355
271
335
407
423
431
207
423
219
343
319
459
451
307
379
451
679
423
379
295
487
459
347
291
219
431
387
463
339
395
351
439
407
451
351
303
411
427
367
227
427
319
411
459
331
271
307
387
459
363
439
251
499
247
307
303
311
271
383
315
275
359
411
339
415
299
439
355
475
215
463
395
327
415
259
427
495
383
399
395
371
463
455
439
399
443
327
267
419
375
367
367
459
371
303
503
415
455
395
391
459
255
355
351
331
535
423
339
495
251
343
375
303
379
347
471
487
463
475
295
335
411
375
247
395
407
191
447
275
411
471
423
495
327
379
295
359
391
367
415
367
399
423
507
219
459
435
291
463
459
323
343
519
403
391
323
459
443
463
259
391
259
363
351
363
291
415
359
315
387
367
327
335
471
263
427
463
355
459
403
467
463
431
507
355
299
351
307
439
267
331
271
339
367
411
275
363
271
399
383
427
235
503
299
407
263
371
299
511
443
295
471
383
483
315
231
411
279
311
323
371
439
343
299
423
275
427
363
371
287
483
387
259
411
403
343
439
431
399
267
399
267
535
391
415
339
283
267
355
127
371
387
255
455
