463
671
503
691
463
675
419
742
563
763
439
590
487
586
411
759
559
659
458
802
554
702
455
695
387
811
415
619
511
683
559
715
471
811
515
658
607
627
623
735
495
671
395
654
367
703
510
639
523
630
595
703
583
767
602
750
511
711
575
582
463
639
402
807
595
798
535
679
571
675
398
847
463
855
522
679
526
767
558
607
647
723
454
650
435
798
759
687
475
755
531
783
335
791
538
610
455
727
539
638
526
735
503
827
547
547
543
719
439
603
431
767
486
695
458
627
367
679
574
679
583
591
463
575
578
715
519
723
559
755
539
822
639
819
499
631
527
743
558
770
526
695
579
702
495
819
502
819
470
667
495
747
606
695
379
762
374
598
479
627
506
551
590
755
331
787
475
755
575
579
642
711
579
735
619
711
519
646
454
671
543
630
399
671
587
807
415
691
434
843
471
699
443
655
519
875
543
674
511
707
443
770
687
803
491
707
515
687
523
751
546
715
375
762
595
823
451
695
571
667
463
819
399
715
503
811
407
795
587
719
503
659
566
514
427
815
307
715
623
739
655
738
690
839
339
543
398
751
422
631
446
763
527
663
471
587
438
719
519
731
335
731
582
762
542
591
347
771
515
783
567
806
443
783
595
807
427
643
431
798
543
691
443
663
531
706
486
723
591
847
499
551
575
699
646
779
590
695
626
678
523
699
519
699
519
699
510
655
507
691
583
691
399
834
511
683
567
715
479
715
491
743
518
691
403
690
455
739
770
663
495
619
611
723
487
691
551
670
394
703
379
571
703
818
447
927
447
786
615
631
603
779
483
647
499
642
435
763
579
679
563
571
391
694
554
623
531
843
422
935
615
751
566
723
674
683
490
651
578
598
515
722
491
786
462
715
555
591
595
615
571
635
359
715
631
783
530
751
567
615
486
727
362
743
466
627
495
746
443
867
546
878
455
630
559
943
439
751
470
655
494
667
366
627
682
747
603
687
399
623
559
678
414
771
430
790
618
803
423
759
567
691
555
587
567
651
427
799
446
687
619
711
503
819
467
635
550
647
474
671
543
763
591
643
527
607
514
695
415
519
511
582
479
815
498
747
554
674
487
731
351
711
490
759
607
871
595
615
551
595
607
863
558
855
455
614
558
619
283
467
191
431
186
670
519
759
466
627
514
635
519
455
467
519
639
543
610
495
539
379
430
415
543
403
479
519
559
515
562
407
483
342
403
551
559
483
431
323
355
431
442
483
511
503
535
535
442
395
347
506
591
479
579
450
479
487
483
331
411
482
471
403
431
515
379
502
439
391
607
519
467
543
699
463
586
619
602
458
435
459
630
503
530
363
523
403
571
527
506
362
503
515
587
375
438
531
551
583
411
535
411
302
506
571
371
482
435
479
443
419
579
523
475
386
455
491
411
359
383
359
431
563
279
531
455
611
518
567
531
539
443
418
459
422
363
411
443
459
430
487
499
487
531
570
575
547
574
455
435
571
411
471
539
423
447
515
351
443
471
550
590
543
447
427
431
367
375
591
491
535
499
490
574
415
443
507
455
558
659
363
491
479
419
443
439
475
499
402
542
478
598
430
475
551
303
435
283
411
431
455
534
543
510
466
495
511
562
479
559
539
483
651
455
519
474
503
523
411
358
423
527
586
491
418
543
362
307
495
443
411
439
463
495
443
563
439
407
342
539
511
463
486
543
475
374
378
430
379
559
603
451
511
527
363
575
575
574
543
450
387
367
471
318
451
515
443
627
471
411
463
514
414
539
547
603
467
575
554
422
326
474
443
519
515
566
579
383
538
579
519
427
475
554
438
475
527
515
522
486
375
543
578
335
403
427
579
579
570
446
595
563
455
479
587
579
503
498
631
562
535
499
670
642
371
502
375
443
263
615
351
527
351
631
519
459
447
367
495
407
483
462
371
407
323
479
563
439
498
519
491
502
443
467
610
443
475
467
455
595
327
498
543
539
342
335
555
566
435
455
419
630
383
506
499
407
419
615
595
531
535
367
451
407
431
467
531
335
459
471
475
479
547
411
411
451
467
555
323
547
443
451
511
447
498
451
391
510
535
511
367
435
447
467
486
490
526
539
334
470
362
423
363
431
538
467
387
623
491
466
499
423
479
495
503
566
327
502
507
575
438
483
382
415
491
494
554
475
483
443
347
459
534
398
543
370
391
531
527
407
527
431
514
587
434
475
595
550
463
494
371
547
423
550
483
407
443
410
479
479
467
674
519
435
579
418
402
418
563
539
559
470
599
494
555
519
483
554
599
490
407
346
455
471
439
367
519
547
527
527
427
323
442
607
387
462
547
546
379
255
211
267
250
230
482
