315
579
319
659
247
615
479
539
407
567
451
543
395
651
531
603
263
543
375
447
363
599
279
475
287
611
307
587
431
567
463
479
287
591
419
679
455
487
443
519
555
639
523
643
295
571
303
727
419
579
339
663
315
507
451
707
403
575
399
551
503
623
627
683
459
535
391
631
395
511
423
523
383
599
367
683
411
775
411
559
591
587
267
603
411
647
415
683
423
603
435
607
435
559
427
651
519
547
515
503
327
551
311
443
311
547
427
571
307
599
451
535
475
423
263
527
435
483
447
491
331
587
367
611
447
619
383
479
483
539
487
543
411
479
371
671
323
663
351
567
423
579
351
563
479
451
463
483
523
515
435
491
279
691
311
627
355
467
431
531
503
647
483
519
175
683
315
559
447
495
395
599
347
623
471
595
383
471
403
595
439
551
499
419
327
615
415
619
227
475
427
623
471
615
323
459
495
575
251
639
399
551
371
515
487
595
367
619
323
691
407
547
395
635
311
551
311
487
339
647
355
523
443
503
331
491
451
511
339
447
315
651
427
591
387
567
359
651
407
619
387
447
239
599
439
451
463
439
383
567
307
611
311
531
355
503
467
571
327
479
339
711
463
479
439
511
363
551
499
587
403
735
399
591
403
559
423
423
259
523
379
539
283
615
367
539
331
599
355
703
459
591
303
651
355
523
223
447
259
655
391
595
427
599
299
599
371
651
259
543
479
659
371
523
343
479
559
523
371
563
567
551
427
563
403
615
375
575
275
619
335
551
395
655
499
751
335
539
391
659
415
535
355
523
459
507
411
455
311
635
447
691
467
467
403
699
247
503
283
647
451
515
359
571
239
451
379
555
327
627
583
543
415
503
355
659
515
467
471
591
391
647
655
535
515
483
383
739
347
463
167
599
359
439
331
507
303
715
579
687
207
611
383
643
407
555
447
443
307
559
367
459
355
507
419
575
291
487
339
555
551
419
459
543
487
551
435
595
455
539
415
635
263
559
363
611
331
523
415
503
335
479
427
431
167
575
531
495
555
503
411
635
491
503
239
659
551
571
299
639
319
531
335
623
347
627
399
563
411
631
355
691
383
499
435
431
443
591
355
719
287
547
459
651
427
527
359
567
335
675
215
631
291
551
295
511
251
303
87
367
35
311
43
483
195
511
323
527
435
463
395
335
531
331
363
279
391
419
371
391
279
355
307
315
195
295
391
375
383
475
431
371
347
343
343
203
275
335
367
335
407
311
575
327
331
371
455
203
267
299
375
395
399
411
299
415
487
251
371
267
483
495
443
315
359
303
247
279
343
195
315
235
259
323
331
319
287
463
411
343
487
435
263
363
351
387
327
231
363
487
315
307
303
451
223
411
307
363
363
199
395
279
331
247
359
407
283
295
363
467
407
339
371
371
323
351
335
299
467
199
375
275
431
291
387
375
423
411
347
491
123
283
327
459
343
227
315
355
371
347
367
411
323
315
399
227
503
319
403
255
383
271
347
383
387
255
367
291
399
295
451
215
431
263
459
299
395
395
443
263
483
219
463
427
383
431
383
87
331
259
455
395
323
415
307
503
323
327
419
255
247
199
323
319
487
199
387
311
419
115
279
371
459
311
315
379
507
375
319
459
339
351
339
279
307
379
395
399
335
371
419
187
423
275
419
327
291
407
483
371
267
251
271
279
283
239
291
315
395
371
395
467
603
347
267
335
251
215
395
327
403
371
495
447
475
375
299
167
359
391
443
139
423
243
275
255
267
219
367
495
451
375
407
211
299
403
359
223
375
299
327
359
295
267
471
311
283
411
299
447
307
351
387
431
427
311
275
471
271
363
299
307
407
347
175
451
415
351
491
371
275
283
323
375
163
343
227
451
315
363
211
275
187
543
387
391
471
395
243
359
255
339
379
415
319
351
319
211
287
207
439
455
315
359
483
411
323
275
447
263
467
327
519
319
463
255
299
327
379
339
435
315
467
331
363
391
451
379
251
387
423
319
347
311
299
551
387
343
327
435
315
451
447
299
315
343
175
267
303
427
375
435
395
279
427
311
427
387
359
379
515
315
399
247
331
319
263
267
199
303
387
231
367
431
287
307
287
307
327
379
367
403
227
315
319
335
459
251
291
343
315
227
343
307
443
379
291
327
323
339
375
215
335
259
411
307
383
267
291
391
359
423
411
383
383
307
379
331
223
279
375
287
391
395
443
539
295
263
363
463
407
403
323
383
375
179
435
379
447
491
451
343
371
343
375
375
371
259
215
451
343
355
399
491
447
383
271
299
343
295
327
399
319
231
479
551
247
347
427
395
267
335
351
427
191
315
323
175
163
195
347
139
247
519
