375
703
451
587
467
623
675
791
427
735
459
635
515
655
499
699
495
731
483
791
435
555
479
699
415
739
691
699
599
703
367
635
555
703
359
843
611
583
591
691
303
595
683
791
403
671
559
791
543
843
463
775
403
751
559
711
495
607
575
635
463
691
522
767
515
539
527
711
591
679
455
671
543
715
435
751
463
711
311
775
423
611
515
635
403
599
427
715
607
575
547
639
467
719
439
771
491
683
495
811
515
719
579
783
435
767
531
583
547
643
491
587
439
659
399
583
395
631
455
647
511
755
495
687
347
767
491
879
471
699
599
715
551
615
535
699
391
695
587
811
459
663
503
603
475
579
535
787
475
747
495
774
543
771
491
719
487
759
371
819
455
743
499
715
475
763
355
651
499
787
427
539
451
723
455
583
379
655
427
647
411
635
467
651
435
615
579
755
462
751
431
819
503
603
523
643
467
867
455
759
271
715
391
699
491
643
559
683
590
623
511
771
615
647
315
743
379
743
407
559
603
635
487
675
471
703
467
766
499
727
375
775
387
583
383
671
507
651
439
735
543
647
523
735
475
719
563
759
523
619
311
547
395
663
535
619
599
611
459
831
595
667
363
863
439
707
459
651
543
703
511
751
466
687
463
655
491
835
567
779
531
543
431
679
403
795
495
555
527
659
471
735
407
703
371
743
379
607
367
663
539
675
547
743
495
639
587
627
439
723
503
563
483
611
587
575
379
535
523
711
479
643
587
735
575
703
375
751
527
579
575
651
547
655
607
795
611
759
611
667
567
607
527
691
515
663
471
739
435
623
403
791
379
743
519
599
391
687
331
675
555
683
527
627
471
671
430
759
451
711
331
607
435
651
507
775
339
651
455
603
463
715
371
763
355
678
383
475
499
623
463
683
523
535
471
655
435
663
499
831
323
691
415
611
591
679
423
763
406
779
431
627
515
639
435
779
519
715
539
807
331
751
451
727
467
643
511
619
451
635
619
643
435
747
455
811
383
715
539
887
407
743
427
727
367
771
631
715
543
699
479
715
575
675
451
567
399
703
427
667
427
659
651
783
527
535
483
779
539
731
423
779
355
623
579
759
311
567
407
663
431
775
379
671
551
635
563
635
415
639
587
703
447
783
443
599
419
519
167
415
87
351
215
803
479
523
427
683
359
711
511
559
575
611
519
303
467
359
507
339
471
527
559
359
451
483
507
555
403
519
383
539
459
551
427
395
495
463
463
555
559
395
431
447
451
543
355
555
587
387
351
387
455
371
455
459
442
459
383
371
515
483
331
563
463
387
379
511
483
295
303
423
519
511
535
355
507
347
587
443
467
387
407
503
395
515
551
359
495
507
579
511
471
427
499
379
531
287
335
415
487
579
375
375
463
479
407
563
471
399
483
511
423
471
423
423
311
539
539
539
539
539
539
539
539
539
539
539
539
539
539
539
539
539
539
539
539
539
539
539
539
539
539
427
479
395
339
447
483
307
351
523
479
507
315
359
475
627
439
383
587
315
419
439
543
551
387
415
427
411
507
591
447
611
459
399
411
423
523
431
479
295
447
455
391
527
639
503
515
523
407
311
295
463
447
391
487
303
431
615
479
467
411
419
499
327
367
491
523
431
382
379
467
591
503
443
499
427
415
387
619
535
527
391
387
387
407
447
371
435
519
427
339
387
447
271
531
427
491
435
627
479
471
471
355
391
627
439
455
459
511
431
451
467
499
447
471
487
483
371
467
483
419
383
479
491
399
559
483
395
391
527
311
471
399
435
427
403
363
443
479
374
387
467
447
515
523
455
351
487
511
435
375
394
551
347
431
491
467
495
431
455
355
399
619
355
487
511
359
439
571
467
451
391
475
475
455
467
579
451
395
363
363
551
475
439
387
419
511
283
699
475
531
307
523
479
455
583
403
531
515
387
507
439
367
555
463
523
627
399
555
399
439
459
351
375
531
471
363
439
463
615
515
447
491
563
523
355
475
507
507
551
379
387
371
343
459
407
439
443
427
363
495
439
435
427
455
471
639
427
363
371
539
499
479
282
535
611
435
511
535
531
351
455
479
415
383
475
595
535
471
427
659
467
407
547
319
343
543
463
467
291
391
431
463
443
399
559
583
463
351
487
467
447
631
347
363
531
339
427
455
403
375
311
539
527
555
455
471
427
331
283
483
479
418
347
391
395
551
343
499
519
451
463
455
479
555
335
431
395
499
495
283
399
415
375
395
487
427
323
531
315
547
475
335
439
363
487
575
439
543
543
527
395
511
475
475
431
535
423
475
531
547
339
467
599
619
395
435
371
511
483
639
499
443
491
399
347
487
351
375
419
495
587
