199
451
307
487
291
395
411
531
323
487
183
383
279
443
271
423
215
511
275
451
143
355
287
271
375
307
219
539
207
447
183
531
391
587
47
539
151
499
303
387
287
467
275
471
183
435
227
367
259
367
171
427
355
451
323
383
215
411
315
559
323
519
307
495
343
539
315
539
419
519
247
551
251
395
243
551
255
479
199
347
295
487
219
379
135
575
187
455
303
443
151
455
171
527
295
435
287
439
303
503
351
391
255
415
243
403
183
443
239
399
235
539
263
519
335
523
179
491
263
391
223
615
199
459
167
319
327
595
439
435
323
367
271
507
247
391
411
491
263
411
159
415
211
571
227
371
283
587
159
379
239
387
255
455
259
555
219
487
147
487
271
499
223
535
247
495
191
475
263
587
283
455
123
603
283
551
207
403
347
351
219
523
243
467
119
427
219
351
199
343
375
455
347
491
239
491
307
331
251
447
319
399
323
523
335
423
315
451
211
503
303
583
259
523
275
499
175
439
231
319
279
519
335
379
327
459
295
647
191
451
331
495
95
495
239
447
323
375
407
423
471
475
343
371
379
515
187
551
311
439
107
279
311
431
175
511
347
507
339
543
267
443
231
483
187
439
319
531
199
463
403
447
399
479
147
495
351
423
219
547
155
451
199
439
203
383
287
539
275
443
143
339
179
467
203
483
287
375
319
459
207
483
327
703
291
467
215
483
187
347
331
527
219
463
351
667
331
347
299
575
295
383
419
527
331
299
391
555
307
543
227
395
215
471
347
471
299
507
287
567
235
387
371
435
179
339
287
507
307
459
331
451
327
495
419
419
271
391
83
407
115
519
147
483
255
427
167
511
207
583
347
543
143
423
247
447
263
315
215
547
155
407
271
431
435
371
303
583
299
291
251
267
179
499
167
331
311
399
247
595
255
411
271
487
371
395
123
495
355
475
223
543
435
431
251
471
239
451
379
523
255
699
179
335
415
339
315
459
183
339
347
451
251
539
215
355
263
363
331
551
359
287
251
443
263
471
271
463
263
499
335
323
335
439
251
515
75
491
375
451
319
347
303
395
251
471
239
495
223
463
315
459
179
547
399
379
275
507
359
367
211
519
131
475
339
423
339
403
247
443
323
355
343
499
323
583
195
327
3
291
0
99
147
483
235
575
291
387
339
235
199
263
191
175
283
307
107
127
15
263
263
163
291
115
227
211
151
239
315
239
287
195
355
171
231
295
91
123
311
191
199
103
259
99
223
283
383
227
307
195
235
255
247
303
155
143
159
251
275
203
319
239
319
211
151
275
371
127
339
199
219
99
323
263
275
143
323
155
263
339
359
291
391
223
199
83
203
347
271
203
247
283
291
311
95
315
247
215
107
207
183
167
263
79
295
179
195
295
379
195
263
183
367
247
103
263
255
255
255
255
255
255
255
255
255
255
255
255
255
255
255
255
255
255
255
255
255
255
255
255
255
295
219
219
307
251
363
175
191
171
283
135
215
191
291
163
243
203
231
223
175
283
439
99
359
191
303
183
287
219
339
311
275
243
251
239
311
227
247
231
215
335
275
223
227
347
211
295
379
215
315
11
279
279
183
187
195
231
291
159
331
167
339
219
379
239
263
275
299
355
215
203
147
171
251
123
295
283
187
231
283
243
399
295
235
87
235
191
351
115
339
123
23
259
303
263
303
291
103
263
283
399
163
215
307
151
383
47
239
339
267
219
275
287
255
207
191
187
219
231
187
99
187
219
251
183
47
179
331
235
223
159
287
187
279
251
287
195
223
63
303
315
331
175
143
147
175
263
451
295
171
235
251
195
247
327
335
275
247
107
267
139
115
403
259
331
287
199
323
351
95
119
135
295
271
243
59
199
199
115
227
267
367
163
247
307
247
295
231
207
159
135
267
327
163
59
143
191
259
203
187
263
175
203
207
43
167
255
387
239
215
115
283
247
263
227
255
187
339
119
355
259
271
179
279
363
335
223
243
183
119
179
143
347
323
263
259
291
399
159
303
231
271
135
363
271
311
215
263
175
295
323
295
191
167
211
271
267
291
403
271
167
271
183
243
247
251
215
267
291
211
131
363
327
207
335
311
71
239
315
251
259
363
251
299
175
307
395
187
283
175
207
367
211
239
203
483
27
223
155
315
275
271
155
215
167
275
135
287
231
143
255
155
315
79
235
271
311
203
83
239
387
327
91
243
167
167
291
223
91
299
247
187
183
267
255
323
279
283
187
335
195
335
167
367
183
199
107
351
191
211
167
391
207
335
303
335
159
275
151
287
211
155
215
103
211
207
263
299
255
243
119
111
247
203
219
191
291
383
243
199
247
455
451
