497
722
378
487
375
538
423
599
254
579
387
487
455
591
367
523
475
699
502
415
419
651
351
679
406
491
510
731
395
566
455
659
438
663
418
603
454
615
421
642
407
514
554
743
263
579
439
687
451
575
315
739
399
507
559
658
442
658
519
615
459
603
579
662
306
607
407
803
471
701
543
595
375
475
402
543
451
702
405
771
530
695
355
746
407
634
466
626
279
635
311
423
367
535
447
527
379
550
497
706
391
455
347
571
395
627
335
657
485
675
558
579
374
543
419
578
481
575
502
762
487
575
406
711
303
579
523
561
330
679
402
715
505
559
519
639
459
715
359
531
350
655
239
591
415
607
387
659
466
695
407
710
439
615
467
687
329
617
495
759
402
599
382
637
490
646
303
559
339
551
523
467
307
475
511
767
474
522
402
651
387
595
439
503
347
531
437
635
491
585
395
685
375
579
335
710
375
586
451
555
443
555
586
651
315
586
242
589
489
807
395
662
305
763
415
714
379
477
394
731
462
619
487
710
458
635
435
575
417
687
399
599
441
539
375
643
454
715
542
658
425
690
453
579
547
591
318
510
331
567
486
599
462
587
415
807
559
559
502
642
285
583
401
698
346
551
439
615
353
587
466
617
370
731
438
563
451
662
475
691
373
534
379
543
431
607
383
582
435
695
463
587
326
593
419
643
499
606
439
575
394
595
358
751
410
714
411
639
475
575
405
747
443
537
483
523
359
491
571
615
355
511
527
655
383
535
471
533
494
547
358
731
449
551
411
555
531
594
343
547
395
690
259
622
453
590
415
546
434
571
471
494
379
606
427
689
347
643
419
571
350
647
346
666
439
523
415
667
403
623
421
587
443
706
451
666
370
591
365
554
363
534
362
661
515
527
551
739
362
643
347
751
385
489
434
559
434
449
606
687
435
699
331
763
403
687
395
658
329
563
370
737
379
507
415
791
435
623
507
653
457
523
527
527
291
607
383
583
395
642
491
611
287
595
535
655
454
618
438
574
403
607
311
571
519
602
411
575
395
627
530
595
435
490
466
507
435
691
441
630
306
690
435
715
405
427
343
759
491
475
478
406
491
606
326
542
367
563
459
634
467
699
363
735
474
711
401
623
239
671
439
671
443
631
467
682
319
519
49
327
123
339
263
602
363
617
203
587
334
631
343
163
489
477
519
410
307
503
270
295
507
423
434
323
442
278
415
339
382
402
375
327
367
315
349
319
551
271
286
427
525
319
415
398
298
446
390
445
319
430
339
575
531
347
247
379
335
446
389
310
379
369
279
455
431
451
458
351
379
131
295
219
327
398
521
442
411
409
547
311
483
419
483
357
466
271
499
406
434
310
395
183
403
487
473
323
371
430
446
523
326
455
310
371
391
474
373
247
359
525
209
487
361
499
450
302
279
307
278
457
478
323
483
405
454
387
507
345
310
406
355
615
334
246
457
339
419
407
379
399
415
346
363
399
343
447
319
406
450
433
511
274
327
319
358
331
355
314
395
246
459
282
385
394
450
407
282
309
443
367
459
334
525
443
422
371
518
394
243
227
411
545
235
403
291
259
443
381
379
526
218
523
374
415
339
375
447
503
302
539
397
331
390
327
475
439
335
331
430
427
363
397
390
419
470
290
513
347
439
310
303
347
399
246
423
287
443
501
491
323
325
271
399
574
391
319
371
377
413
283
326
439
307
311
443
463
418
379
411
351
495
471
521
470
394
615
367
445
354
299
450
443
523
427
371
362
298
411
439
347
479
349
223
322
439
427
334
405
403
367
470
394
275
319
465
383
455
395
438
517
515
410
481
455
446
446
463
235
490
335
407
363
523
295
351
451
419
359
335
331
315
531
359
446
571
391
511
359
522
407
327
327
435
515
411
353
421
374
379
445
463
467
371
407
375
369
475
399
363
402
354
283
315
390
467
369
347
323
447
459
727
603
351
462
394
507
406
201
431
219
454
466
358
419
451
415
367
375
465
331
375
410
435
275
371
387
439
443
485
405
337
522
291
303
311
347
571
495
465
299
430
442
343
359
278
487
355
446
523
314
423
363
446
361
593
455
303
319
390
427
351
350
523
363
429
361
455
327
255
422
295
522
314
271
523
383
435
453
358
381
339
507
195
415
403
319
379
314
373
391
419
349
421
541
379
359
383
449
382
351
410
187
446
343
431
395
391
351
299
541
375
270
383
271
471
202
393
339
538
342
519
467
427
342
355
367
527
523
406
321
375
309
414
403
355
459
431
226
351
455
461
518
303
441
497
494
471
427
374
401
395
343
473
379
471
434
491
426
459
449
262
291
319
430
351
338
287
411
555
461
430
291
425
801
