351
423
318
739
462
595
455
555
477
671
467
561
434
739
454
663
307
627
434
607
509
651
447
747
491
618
495
662
398
583
379
839
543
531
390
567
407
566
419
659
431
677
559
549
427
659
387
555
459
527
426
747
419
563
386
706
495
583
475
571
418
591
503
719
419
803
507
547
555
573
603
655
507
530
495
739
427
645
523
634
451
590
519
647
422
509
435
554
446
626
435
695
299
563
438
647
462
535
383
633
458
619
382
595
427
619
251
725
434
607
371
587
471
726
478
679
530
587
323
639
563
447
475
719
435
667
327
663
531
747
441
570
430
731
327
779
538
627
391
491
319
635
287
783
547
587
411
707
567
591
510
519
407
563
423
733
507
591
350
646
382
699
378
547
402
571
471
618
583
755
395
667
427
613
375
555
394
590
439
622
531
638
483
626
503
551
394
703
459
579
419
491
539
574
515
639
499
614
383
583
555
607
459
719
479
810
495
691
479
571
490
619
370
547
471
515
482
615
527
467
267
507
563
623
454
635
435
630
359
755
354
614
259
567
487
723
465
593
418
578
581
658
407
771
387
671
339
615
463
570
467
547
434
691
423
562
495
607
514
655
551
743
599
607
439
619
555
579
434
622
391
619
387
671
513
474
491
671
454
750
433
579
510
685
439
711
347
739
386
758
479
694
551
546
487
579
315
603
403
618
351
635
406
631
371
738
377
682
526
615
382
703
442
679
430
499
438
579
387
626
419
731
474
611
419
543
426
566
447
655
459
519
427
615
577
634
323
707
415
759
531
607
467
659
379
642
526
587
590
659
483
655
458
531
389
663
435
627
439
739
425
618
519
778
525
698
338
635
387
454
518
646
395
731
427
623
438
487
393
675
299
722
561
555
595
731
487
719
375
655
499
675
339
539
355
723
270
667
518
799
499
655
430
527
478
691
466
647
418
799
439
710
374
559
439
674
463
766
370
687
474
446
459
646
354
631
575
783
406
579
533
607
567
699
455
583
475
683
511
711
327
566
519
558
506
627
437
815
551
683
507
535
394
651
397
639
379
551
471
569
498
635
514
635
523
518
430
698
439
702
402
766
483
727
347
831
391
519
455
695
527
743
471
475
467
650
414
510
490
743
459
687
430
615
459
551
375
507
243
263
143
238
346
615
453
611
375
535
399
619
543
355
391
531
357
295
450
391
271
427
307
371
382
455
447
389
435
447
527
427
531
383
447
251
358
359
369
431
442
587
423
435
515
251
315
479
455
342
519
279
411
399
590
435
338
303
335
399
430
602
330
507
442
402
491
343
306
419
479
423
490
455
435
439
446
467
431
231
482
415
338
467
334
303
415
531
309
338
374
327
375
203
527
375
334
531
339
419
226
418
339
431
387
378
455
422
317
350
471
402
343
531
375
307
454
382
539
391
501
531
366
374
457
399
655
379
387
502
315
342
365
539
323
451
379
286
434
383
399
423
443
370
458
539
390
347
378
430
383
363
455
425
395
447
390
467
391
351
435
335
523
539
415
443
307
358
357
423
371
414
427
467
478
487
298
403
482
439
430
366
495
263
503
299
359
486
395
451
259
223
443
378
335
395
411
303
455
299
487
391
339
411
427
346
470
419
487
502
443
478
399
383
453
378
434
283
385
411
403
478
519
411
486
423
309
503
483
359
274
351
407
347
463
319
371
367
490
423
306
470
370
361
447
339
367
418
435
323
430
274
603
403
511
511
442
454
431
427
322
419
391
343
435
439
335
367
262
386
650
411
383
367
375
399
299
339
430
455
363
375
466
550
491
421
291
338
395
435
507
482
467
483
331
335
614
507
515
363
426
351
527
475
435
538
430
411
455
527
426
539
518
446
431
399
385
255
467
427
315
333
335
250
350
471
359
418
429
358
359
334
471
255
551
383
499
407
375
355
567
510
345
355
359
511
283
414
419
387
482
547
303
411
487
305
378
559
506
381
419
295
619
455
379
406
431
427
367
415
307
506
267
382
483
405
522
439
543
443
479
451
359
271
451
311
443
421
314
378
490
281
383
439
431
387
442
327
478
291
410
475
457
538
331
467
431
414
374
419
451
431
439
527
450
491
397
387
311
399
407
367
479
467
405
491
467
383
567
371
435
463
323
435
323
421
275
474
451
486
335
479
271
383
358
386
515
375
411
431
479
386
434
343
378
419
278
363
410
487
319
298
319
375
259
359
459
422
423
494
479
235
171
423
471
494
387
427
419
431
379
330
419
371
351
454
363
451
425
379
466
311
286
374
342
321
503
238
334
454
527
435
470
375
415
486
403
471
410
315
351
435
550
130
511
451
415
539
331
286
331
478
367
523
359
601
