319
551
431
611
391
679
435
719
363
695
559
623
367
663
335
491
447
559
383
663
343
715
443
435
471
643
455
539
251
647
343
711
423
647
543
671
479
495
383
543
451
583
355
543
351
643
459
591
463
579
543
579
447
711
423
523
403
591
415
635
375
599
455
643
427
687
623
619
439
623
403
619
443
595
427
475
611
523
355
555
451
603
487
463
555
631
427
627
475
631
419
615
411
703
307
691
403
559
351
747
415
647
459
723
347
587
279
555
431
723
419
571
527
655
307
587
515
631
463
579
447
579
463
711
443
571
391
647
411
695
439
703
379
583
431
671
443
627
423
735
423
775
371
595
471
699
443
759
379
499
455
515
331
435
403
567
523
615
407
619
603
847
471
655
503
631
527
631
455
583
475
643
423
587
575
615
419
771
335
731
407
535
215
559
515
791
535
571
455
595
447
587
527
655
511
587
435
655
555
727
311
639
443
575
459
683
359
615
351
659
427
715
427
663
355
519
375
579
387
651
403
703
431
747
503
611
387
603
415
623
295
511
475
467
423
615
439
427
483
759
403
559
567
547
263
503
515
579
479
699
431
631
555
487
535
839
379
691
487
627
335
427
395
451
475
579
479
595
399
639
331
583
471
659
535
555
283
535
383
599
367
611
443
619
483
719
539
551
471
719
415
503
443
703
447
603
515
659
515
611
263
663
347
703
423
499
523
663
415
499
419
799
479
715
423
559
423
583
459
663
391
635
375
615
447
767
319
715
395
679
447
559
435
627
523
687
435
643
503
611
383
551
459
687
503
555
415
623
359
559
387
643
299
707
487
655
363
611
491
643
403
627
347
671
311
635
483
571
639
627
451
675
651
631
503
639
519
599
427
515
423
543
371
823
443
675
363
715
391
683
351
567
511
679
403
655
551
615
507
675
299
651
483
627
495
659
323
651
479
543
459
731
335
547
395
795
471
631
535
755
419
543
543
707
551
511
451
527
335
707
339
415
339
587
475
631
359
647
407
715
447
563
527
683
459
707
371
727
415
603
543
587
499
883
539
695
423
451
491
603
443
567
515
615
571
743
631
747
383
491
563
691
327
671
359
695
311
663
583
663
423
623
335
555
527
655
487
607
407
659
563
723
315
607
423
539
411
487
31
247
275
307
115
671
411
639
299
539
367
595
463
419
407
287
407
507
435
415
503
423
415
355
599
507
375
247
411
339
455
363
327
391
395
407
571
443
379
347
343
283
431
431
559
439
499
319
435
579
363
407
519
307
395
395
511
479
451
443
375
439
407
375
387
243
515
339
263
299
359
447
455
311
423
475
419
467
551
519
455
395
399
447
491
435
315
431
511
527
395
383
511
423
415
471
439
411
543
339
375
383
423
535
487
243
379
511
427
343
495
343
611
351
415
339
315
471
403
383
311
343
467
487
335
431
427
367
239
311
451
407
595
287
479
399
395
259
435
315
571
539
355
471
387
315
331
483
467
399
491
359
367
363
363
443
555
395
383
387
531
215
555
391
399
491
435
411
471
431
383
343
431
367
463
455
323
475
519
355
379
487
467
391
387
323
459
499
467
527
327
351
407
387
531
439
347
423
431
335
431
259
399
503
599
355
511
499
419
395
391
407
459
383
419
319
399
431
379
519
451
459
347
455
503
383
475
343
391
475
371
515
403
251
595
315
563
387
607
487
455
395
443
391
547
475
375
391
427
363
343
375
399
507
379
519
295
519
523
475
471
179
375
315
387
399
459
479
323
575
411
359
475
395
447
347
483
539
435
379
447
283
351
391
395
351
471
359
379
351
427
435
559
319
519
367
387
447
359
535
515
359
351
391
395
431
531
359
519
395
371
491
383
327
255
383
411
307
463
379
483
431
303
359
335
499
427
479
383
431
475
335
367
363
551
387
459
427
503
495
359
339
387
403
423
443
539
427
391
431
563
463
403
407
519
415
387
507
327
435
451
367
383
387
535
371
419
371
343
387
591
347
295
371
435
343
335
291
451
427
503
359
439
411
235
319
463
475
547
279
399
463
431
331
479
383
431
423
447
447
423
431
519
307
379
291
303
507
371
331
351
271
403
363
483
399
459
455
435
339
419
363
519
423
439
355
255
399
335
403
435
371
339
371
347
487
307
315
327
319
355
435
367
407
411
355
239
427
487
335
567
371
411
327
383
475
323
399
383
311
443
407
483
411
439
295
451
415
475
467
387
403
511
351
431
367
503
491
411
343
483
463
407
543
459
323
435
463
535
471
391
331
439
403
447
291
375
343
379
423
347
307
259
359
435
287
403
327
347
363
443
403
407
175
271
239
371
247
479
271
371
363
299
267
391
611
