443
607
419
595
395
567
275
571
335
515
347
555
375
603
431
571
459
527
371
619
403
595
431
595
347
431
359
511
511
543
383
671
343
643
419
447
527
567
487
551
423
467
411
655
299
539
535
787
435
591
371
423
439
695
339
487
343
575
351
703
291
503
331
615
319
631
423
587
455
675
459
527
451
491
395
719
375
611
431
587
347
607
455
643
351
555
347
651
319
579
399
643
371
495
419
463
423
571
435
507
379
535
391
639
391
591
339
491
471
467
499
459
407
599
403
443
395
643
287
575
431
599
367
659
311
635
303
647
299
535
519
491
283
579
419
479
483
699
431
575
391
519
467
595
395
575
511
451
451
523
387
535
359
599
271
555
311
503
395
643
375
667
499
551
507
647
439
591
391
463
539
551
291
655
339
343
375
471
355
555
359
743
387
651
383
363
379
559
359
475
447
467
339
691
371
543
579
515
499
599
375
579
299
575
479
523
371
603
399
651
347
539
343
515
431
715
307
583
459
515
391
471
483
687
343
591
487
519
515
507
335
671
407
575
399
583
331
635
463
727
403
599
415
707
323
611
387
515
319
471
327
563
411
503
307
711
403
655
519
651
415
515
287
487
427
583
487
595
395
671
491
731
303
655
471
623
427
579
351
783
371
595
295
459
347
511
367
579
559
599
403
631
311
503
375
647
347
351
395
571
435
491
395
531
391
563
331
615
311
591
363
439
399
443
387
511
383
527
191
567
499
623
335
583
455
491
391
483
479
543
343
487
415
515
455
607
571
567
287
711
487
619
359
635
355
531
591
595
551
631
303
687
419
523
471
587
363
599
427
543
503
547
395
411
339
563
419
527
315
551
407
515
431
555
291
627
395
483
391
615
335
543
479
671
559
615
395
667
495
587
327
647
371
619
471
623
279
707
299
639
423
719
403
535
351
663
519
499
311
551
383
595
347
651
367
607
411
703
419
639
379
483
555
535
519
643
427
699
439
527
451
619
463
443
367
579
447
563
527
583
419
583
319
639
427
515
395
655
519
615
335
559
423
623
455
611
359
415
455
659
411
659
391
551
419
659
323
519
423
591
515
643
395
555
331
515
411
659
447
607
523
507
311
655
343
699
351
523
287
555
547
527
251
619
367
603
343
415
103
307
0
291
99
539
435
415
459
571
499
615
311
411
399
427
323
435
383
275
279
315
255
455
363
331
291
347
319
367
579
391
471
307
419
215
251
371
483
347
255
335
439
331
391
351
447
403
523
355
387
271
283
291
459
275
355
379
411
235
411
403
327
351
259
331
411
327
223
315
319
375
351
431
319
435
399
399
335
335
459
291
331
347
279
331
315
239
367
339
319
427
283
463
355
375
451
195
331
359
319
251
371
231
379
387
339
291
415
343
459
331
283
367
407
499
319
175
387
331
459
311
247
391
259
319
343
431
359
331
443
359
419
187
491
447
291
399
371
347
307
371
503
379
355
335
503
291
379
367
355
435
411
295
459
295
383
339
367
415
311
187
411
403
195
287
275
287
311
459
487
371
307
383
399
475
467
311
491
427
375
403
347
351
455
271
563
267
347
403
319
347
339
311
403
211
355
267
339
287
291
375
467
335
331
379
455
367
263
355
387
455
283
343
351
367
403
431
507
311
275
423
427
403
251
451
339
359
267
191
283
331
239
387
391
383
415
447
331
435
363
447
303
339
503
335
379
235
351
251
407
391
343
307
415
483
331
611
379
303
351
299
191
339
319
279
287
375
303
395
399
439
467
231
427
363
403
267
455
363
279
439
315
283
427
299
387
355
355
219
259
271
363
275
331
427
387
267
331
359
267
327
315
375
347
351
359
343
355
263
363
351
347
335
339
375
331
279
467
463
267
399
383
335
511
371
275
363
307
191
351
319
215
311
391
415
387
343
331
271
391
327
399
447
415
251
351
263
367
367
343
343
359
435
323
455
383
367
267
343
411
419
463
383
431
203
335
443
471
383
363
315
351
367
483
331
499
379
271
383
331
267
375
319
459
359
359
407
355
275
371
263
391
263
283
323
355
491
299
275
299
319
411
295
327
279
335
323
359
339
527
399
407
487
415
351
383
339
355
387
359
263
531
211
347
219
527
391
375
363
347
323
299
447
315
451
355
355
303
323
379
379
363
395
275
307
359
407
467
315
475
379
455
219
403
363
275
383
247
371
299
299
399
323
231
335
331
259
371
299
319
299
475
215
511
263
347
387
351
279
343
275
303
379
287
243
359
283
351
339
363
315
331
359
431
283
455
551
327
467
363
131
375
483
195
323
323
343
219
363
411
227
167
383
283
287
459
303
399
339
351
267
403
387
391
687
