463
579
530
609
421
557
415
675
330
470
539
614
451
627
507
478
450
651
431
615
427
665
355
621
433
625
379
650
353
525
335
662
265
585
367
491
351
591
459
623
387
533
339
526
391
731
390
559
319
643
395
619
258
558
447
547
266
683
475
729
431
542
481
658
399
590
431
643
367
575
337
655
391
666
419
579
475
553
367
519
579
699
439
563
270
558
326
562
347
639
307
639
407
583
463
775
534
627
482
606
393
631
493
742
473
626
435
607
422
646
347
657
479
706
423
759
327
611
467
638
335
555
270
483
422
530
379
567
402
610
391
755
322
597
482
703
261
511
381
633
299
594
251
643
349
491
374
663
293
619
590
743
563
681
514
653
338
579
415
566
373
619
435
495
539
562
405
631
405
589
371
634
411
543
375
723
329
619
347
455
345
653
291
598
499
467
371
541
326
598
358
667
686
502
362
538
343
541
371
570
461
553
422
591
411
630
319
623
631
607
363
567
321
555
418
635
386
527
487
639
259
569
465
718
382
749
569
715
466
569
211
530
369
605
435
619
331
427
410
685
361
609
399
718
275
577
474
611
422
506
331
627
359
655
401
655
543
555
535
767
434
651
490
503
467
591
607
554
371
681
570
623
274
713
402
806
391
702
343
555
191
627
391
575
395
617
389
691
419
530
315
579
426
837
495
582
285
655
387
675
467
635
391
770
398
615
295
533
433
730
411
683
374
719
483
498
413
679
431
863
387
586
371
641
351
543
571
830
434
515
463
747
375
423
310
551
338
503
461
605
435
687
423
627
423
449
526
634
442
559
303
686
423
411
383
595
482
503
375
705
459
610
442
611
350
783
439
551
459
735
366
747
494
706
305
579
414
563
407
645
230
547
443
631
387
555
491
623
479
639
207
551
366
643
378
731
303
619
342
594
445
743
463
579
359
634
281
559
362
606
318
739
393
583
403
558
235
686
631
519
361
575
533
707
342
687
331
550
303
699
359
671
479
555
487
711
557
695
387
637
391
530
423
670
275
586
471
571
331
662
347
679
415
715
415
651
378
606
531
567
391
602
435
719
475
619
547
718
489
562
411
535
367
758
522
587
430
471
415
790
274
675
515
573
414
627
330
671
186
514
297
683
523
475
483
623
511
455
107
207
106
157
0
487
295
558
495
609
434
550
385
315
411
441
335
227
450
319
331
279
397
199
447
243
279
415
521
331
477
330
383
411
213
395
279
503
443
463
451
413
423
311
527
326
439
311
363
367
453
247
391
347
463
399
423
399
389
279
447
397
523
394
407
422
473
393
531
362
351
349
443
347
381
367
291
343
487
314
441
215
415
351
185
307
319
366
451
430
379
349
439
399
475
259
415
303
327
427
379
446
506
434
409
358
269
415
399
371
359
301
371
371
307
363
491
389
375
359
359
359
359
359
359
359
359
359
359
359
359
359
359
359
359
359
359
359
359
359
359
359
359
359
359
267
391
315
355
295
393
326
303
429
485
303
347
311
319
406
339
375
391
255
355
362
411
331
419
351
439
389
419
491
315
299
369
222
346
475
327
361
367
283
503
119
302
518
415
379
431
458
538
369
350
378
274
315
267
351
399
311
305
321
327
319
349
471
283
266
391
330
311
326
467
381
287
333
529
339
227
354
310
307
311
383
462
327
395
391
483
463
386
263
422
343
479
405
471
271
502
363
439
318
343
315
351
251
206
445
235
205
315
479
507
439
487
357
465
373
383
314
450
414
287
345
334
338
343
398
343
449
291
251
303
395
401
395
318
535
494
279
410
467
474
279
374
243
407
217
507
463
363
267
467
570
518
435
411
238
270
266
431
395
473
266
359
350
446
378
375
303
435
555
314
381
347
325
490
427
411
243
389
307
222
375
386
369
315
314
358
375
443
399
375
431
167
379
451
335
361
259
603
362
409
278
443
301
386
387
413
378
193
454
395
178
415
411
455
329
315
317
259
399
391
355
343
442
447
377
427
346
239
297
431
390
397
298
267
439
391
366
395
385
422
511
309
298
314
343
551
354
274
339
431
335
323
302
467
375
391
474
451
479
311
267
374
335
395
419
487
367
318
351
419
221
399
319
453
211
303
302
327
319
319
327
455
363
502
327
447
386
291
391
407
219
387
365
319
427
410
323
366
322
439
391
347
423
455
419
418
381
338
262
459
447
309
355
407
509
370
439
329
411
531
435
355
343
311
418
386
367
323
407
381
461
318
391
315
303
335
414
413
493
379
286
223
381
367
377
483
231
526
386
467
330
389
405
379
507
351
307
490
295
370
403
351
307
397
513
399
353
283
278
571
355
342
319
367
326
439
246
395
447
479
761
