400
493
419
425
346
687
380
561
368
495
449
571
295
558
355
510
415
524
438
592
309
585
360
499
389
471
295
595
421
539
356
671
354
604
379
460
291
401
264
445
321
422
258
575
487
517
377
635
431
554
459
525
353
545
332
622
499
586
338
608
288
516
250
587
439
431
292
517
541
503
185
550
357
722
286
513
368
578
249
657
419
608
423
623
514
654
471
626
306
537
202
587
349
457
434
603
331
598
299
477
317
559
310
402
275
736
295
503
312
490
281
579
372
492
366
494
215
455
384
523
271
543
276
498
338
539
318
611
441
582
416
624
473
711
436
629
330
530
335
532
466
525
412
667
271
629
340
678
337
611
367
425
281
527
405
536
447
504
501
730
325
596
347
327
558
499
346
608
330
569
421
500
399
494
549
583
397
496
242
499
312
442
378
517
380
540
369
636
546
359
333
712
387
513
284
570
493
677
350
498
280
632
554
400
382
494
425
593
366
458
447
505
349
598
413
472
365
566
350
571
289
637
372
525
283
490
461
623
466
627
390
439
318
531
315
556
630
499
391
529
354
418
357
697
231
483
247
536
459
642
425
775
275
505
409
598
411
579
395
664
385
569
271
733
186
475
387
530
409
634
401
562
444
658
404
483
387
559
432
453
390
554
431
518
499
621
366
547
496
446
405
673
403
560
348
445
443
511
317
524
351
652
425
740
377
508
388
685
354
563
352
566
392
577
371
447
405
511
345
665
367
657
438
548
457
667
331
487
355
513
314
535
453
576
429
396
503
657
395
551
385
663
188
658
368
603
300
539
376
496
358
592
374
622
425
598
260
468
325
753
422
546
480
616
421
437
350
479
396
585
419
657
359
690
511
553
344
566
313
740
233
633
432
554
525
661
371
595
478
633
414
494
337
510
271
472
452
505
367
603
377
446
370
513
301
584
297
487
189
497
410
606
379
591
500
520
517
599
435
595
424
601
365
431
339
608
359
401
423
560
355
656
300
519
334
495
366
576
441
605
407
484
215
603
422
568
360
441
408
540
383
668
329
627
321
590
464
574
323
503
377
560
410
531
422
636
434
633
286
499
481
496
475
655
368
704
372
591
383
669
411
687
452
675
379
672
337
559
437
517
382
683
399
472
449
611
332
462
40
314
159
304
0
483
392
541
348
480
332
602
318
199
423
326
326
331
344
223
306
306
399
331
426
300
287
543
386
493
339
407
268
418
452
475
336
329
148
377
281
214
349
342
421
323
406
442
324
338
322
317
325
343
217
245
297
376
344
490
259
328
381
274
379
295
311
322
428
157
243
236
333
371
393
190
483
418
426
319
265
438
267
466
319
330
350
412
417
231
298
234
364
304
261
407
272
438
394
296
233
189
391
356
208
424
398
311
186
360
467
427
309
324
401
379
447
408
346
271
238
345
454
406
364
379
200
412
297
347
400
238
323
374
328
253
371
334
297
247
468
278
384
487
394
312
306
254
273
354
280
385
362
341
170
277
317
252
319
261
357
459
381
353
359
376
404
224
290
333
327
325
482
313
299
297
465
410
166
343
366
129
298
307
384
241
181
261
255
408
260
387
267
357
314
275
431
319
210
149
343
295
519
351
243
330
325
377
523
359
466
367
327
413
291
202
451
355
254
383
285
372
282
210
388
427
456
250
346
305
169
386
388
282
267
330
401
277
369
339
315
319
311
361
515
379
378
226
214
422
441
255
347
511
473
267
231
363
377
352
338
217
459
335
362
412
314
414
212
395
419
305
347
307
242
234
474
206
307
367
258
375
411
424
393
359
373
394
375
253
301
342
252
347
260
319
400
291
403
301
323
366
477
324
322
306
311
299
297
331
420
267
267
352
397
346
341
371
392
227
310
331
364
374
290
196
286
291
337
291
300
270
312
187
367
383
154
363
357
404
347
359
232
334
442
283
493
324
225
294
289
280
346
419
314
370
336
369
274
192
343
387
272
247
263
276
459
259
320
322
221
351
251
340
371
332
409
430
301
399
306
466
322
300
429
312
345
371
246
216
332
266
280
309
361
353
265
330
383
275
423
283
366
384
427
276
430
439
442
378
412
161
311
416
422
430
406
353
253
485
368
239
232
301
314
339
326
251
417
274
401
380
402
235
278
252
303
270
309
387
401
383
344
343
342
322
342
264
421
378
476
320
427
260
402
183
220
200
360
435
182
411
389
441
310
295
248
325
295
310
468
338
321
318
338
463
427
285
424
422
341
291
327
373
307
456
233
239
435
227
269
168
380
370
296
375
241
261
294
379
433
202
472
306
203
339
323
304
230
345
374
513
163
213
209
315
249
409
340
473
323
215
328
259
451
440
