459
547
351
450
387
695
427
555
263
443
579
527
223
679
427
623
439
751
379
511
387
663
351
475
455
743
287
607
383
547
475
743
535
575
355
559
431
527
271
691
303
655
379
579
399
551
283
563
259
647
427
579
275
599
407
643
374
499
431
599
379
607
323
611
343
611
303
607
335
551
423
555
419
643
315
471
334
543
423
719
323
779
543
559
435
519
371
623
523
519
407
427
331
431
391
703
323
507
287
591
371
667
511
619
379
571
375
615
623
371
459
687
351
491
375
727
355
659
391
663
383
611
351
747
351
575
439
723
490
555
231
595
355
563
391
599
283
591
387
655
267
423
375
655
467
663
363
655
463
583
423
571
347
571
267
651
219
615
343
551
347
631
331
495
298
611
387
607
399
491
239
451
371
487
475
587
531
507
451
703
375
571
267
423
227
655
443
523
459
567
287
539
327
755
423
583
283
491
363
675
355
499
427
571
547
643
455
499
327
575
387
647
383
515
203
619
495
583
527
691
395
563
371
435
323
719
311
643
431
791
243
479
383
563
331
659
363
619
439
627
423
575
467
599
343
527
367
631
399
639
543
447
467
583
323
554
423
615
415
559
399
619
455
639
399
531
395
587
311
643
375
655
575
579
315
647
503
583
483
515
335
655
323
643
291
631
379
659
347
654
407
707
135
687
351
643
483
415
439
655
323
655
335
611
431
611
411
651
347
547
455
567
319
615
315
375
271
599
339
623
347
487
407
619
371
727
463
435
235
539
351
607
403
535
431
571
343
475
311
523
459
531
459
583
279
543
335
451
415
455
267
575
251
551
307
559
459
671
407
555
267
495
330
587
463
587
431
727
467
547
323
715
355
403
511
595
347
543
479
411
331
575
387
663
271
639
383
671
435
699
415
555
307
663
451
639
375
543
347
607
463
491
463
547
363
587
471
583
323
659
531
559
403
467
359
499
451
659
491
583
391
439
451
559
339
587
355
567
323
427
415
547
403
655
427
555
311
623
347
655
375
535
423
499
559
487
379
675
423
599
423
695
403
623
519
619
471
658
383
459
447
563
403
579
367
471
407
567
427
547
403
547
343
519
390
491
283
643
431
547
358
531
383
567
375
603
475
595
331
507
363
699
259
655
535
631
375
471
135
195
0
307
35
639
427
479
399
535
351
511
359
347
471
355
283
319
331
395
435
463
231
375
319
443
283
335
367
431
499
311
491
227
275
375
387
295
351
339
239
311
403
319
295
159
467
499
371
459
375
447
367
383
423
223
383
327
375
379
443
315
367
267
239
251
423
379
335
471
387
247
283
363
415
347
294
303
494
203
351
419
371
295
299
271
419
351
383
355
295
363
335
427
415
487
343
351
379
219
423
259
307
411
279
295
163
363
339
327
187
367
435
339
339
375
319
263
391
435
359
303
295
319
391
235
343
415
283
419
267
443
379
391
463
299
255
363
307
431
483
415
367
327
411
319
423
295
495
375
447
347
291
343
363
367
427
311
267
395
399
275
315
411
351
543
431
271
431
355
291
399
415
339
387
579
411
431
343
314
371
391
431
379
355
315
227
438
379
307
395
371
423
343
423
355
463
391
323
287
295
431
431
347
383
311
387
287
283
275
295
247
294
303
471
183
431
359
367
263
247
239
395
287
255
379
339
323
551
371
283
267
267
363
415
243
543
423
307
303
471
279
379
387
255
191
431
255
247
187
475
495
439
387
335
307
399
375
331
159
395
255
327
163
247
403
379
267
375
491
411
407
279
335
491
383
391
411
279
335
359
383
383
291
323
471
203
351
315
323
423
259
307
311
475
383
375
407
351
435
367
475
239
323
415
159
359
283
319
251
179
303
355
219
255
299
375
283
415
355
447
355
515
210
235
455
247
299
223
339
547
343
363
183
423
431
439
371
287
331
315
323
355
427
631
307
479
375
387
251
439
315
307
367
263
335
355
243
415
327
303
375
247
215
355
427
423
403
363
431
259
263
383
311
295
339
295
367
391
423
487
439
423
483
419
431
279
235
335
211
295
303
355
427
295
427
351
463
235
259
355
351
295
183
227
239
287
187
355
343
375
379
371
227
323
222
271
415
395
351
387
359
403
251
363
411
335
411
459
271
351
363
315
395
187
231
267
319
507
359
367
283
391
267
399
319
391
427
331
323
459
323
411
219
431
402
423
271
295
279
227
411
339
407
403
311
327
243
403
399
463
503
391
419
319
451
299
271
455
395
403
319
375
318
327
291
235
383
327
183
294
403
275
383
315
275
299
455
391
363
215
455
519
347
523
379
411
395
347
259
323
351
207
303
354
527
307
219
431
387
411
479
531
395
539
759
