389
635
499
742
446
464
286
575
408
650
315
618
420
645
477
514
481
599
454
708
261
649
370
703
481
515
374
742
411
656
485
771
324
612
433
597
326
590
437
701
427
562
304
573
271
587
445
552
351
711
345
613
399
576
346
629
462
587
363
559
236
718
457
661
353
491
346
648
415
530
421
777
417
548
500
549
415
475
419
674
338
674
557
724
475
483
345
821
290
622
327
660
436
530
404
702
360
651
359
539
437
679
583
719
543
651
310
587
614
557
434
692
481
639
370
519
346
580
387
591
422
658
452
633
276
621
267
539
389
710
415
626
392
597
243
677
531
547
348
751
378
516
423
469
556
590
497
603
397
645
395
589
443
661
423
555
375
603
403
563
503
685
584
555
387
721
403
795
420
623
435
597
377
493
443
756
454
662
586
619
376
647
382
547
340
553
379
599
461
655
491
615
474
586
278
635
362
611
506
547
331
595
443
545
511
462
489
647
423
623
454
661
442
583
475
502
383
702
415
579
443
661
483
542
275
563
567
591
287
640
419
543
367
527
378
601
310
618
469
627
464
613
399
554
402
685
427
617
216
540
424
721
458
433
497
577
291
377
422
405
375
550
440
611
456
521
450
724
449
561
458
580
286
710
509
646
399
645
443
591
371
455
367
507
434
606
361
559
410
513
491
735
358
483
572
625
347
512
426
582
218
643
559
460
302
642
349
554
378
663
423
588
453
526
372
550
343
418
335
593
377
683
529
590
370
594
444
573
363
603
330
601
516
483
466
715
368
746
375
634
421
555
472
577
373
518
434
734
382
571
299
527
518
591
449
713
216
625
302
633
429
497
473
677
402
689
361
592
426
570
435
536
437
545
458
605
530
518
366
671
242
519
413
677
511
610
481
676
394
559
414
683
280
613
390
567
368
743
533
551
295
637
573
745
419
668
471
696
539
577
450
631
365
479
403
566
419
549
356
654
298
606
519
597
372
682
352
630
381
727
315
654
434
647
426
464
327
733
435
719
309
571
469
666
456
567
345
631
383
566
413
663
431
543
380
495
343
371
296
609
569
636
407
585
452
538
402
671
375
549
351
510
399
554
534
799
417
496
591
642
311
673
545
635
382
642
408
641
378
605
461
688
371
526
478
584
416
419
118
399
119
267
0
688
407
700
392
474
237
571
534
452
343
278
441
569
517
405
126
251
283
334
451
351
391
369
484
437
385
275
422
290
296
215
403
336
532
251
315
452
363
470
388
334
461
325
430
230
367
289
476
390
463
423
278
289
399
487
337
342
365
431
207
477
481
381
277
434
395
339
350
288
445
261
319
177
382
476
413
338
330
419
473
335
232
331
386
377
425
495
420
304
323
342
271
325
271
395
337
384
537
396
411
303
442
475
503
256
378
501
331
542
529
289
302
363
429
429
429
429
429
429
429
429
429
429
429
429
429
429
429
429
429
429
429
429
429
429
429
429
429
419
294
255
498
191
503
331
315
367
329
303
461
431
365
526
454
497
435
377
334
398
363
298
373
393
344
272
365
377
351
498
519
411
433
405
427
301
278
323
441
429
479
382
310
358
399
378
336
263
282
284
239
399
366
347
463
372
315
230
391
340
367
286
476
460
543
457
415
281
446
437
279
449
362
407
421
361
318
335
338
320
575
413
325
500
377
286
341
388
369
326
443
390
479
321
337
531
338
306
362
243
302
517
530
239
266
291
452
195
247
419
434
295
390
506
466
315
463
253
328
350
404
308
365
322
355
340
330
446
309
197
483
415
358
301
378
316
325
300
379
348
430
443
461
487
436
385
284
483
249
469
313
358
308
194
377
371
436
383
535
326
334
424
423
415
323
247
515
423
238
353
411
343
299
246
413
411
510
254
531
481
293
377
436
377
419
313
335
375
249
375
456
443
317
274
361
401
439
502
408
487
427
286
479
567
247
399
343
330
482
330
583
347
322
315
471
397
386
326
287
317
495
299
447
433
403
343
483
433
375
379
276
244
343
403
411
356
463
492
496
454
357
321
380
423
282
315
322
276
417
383
420
266
443
348
411
335
469
250
413
420
375
407
519
378
347
515
457
278
435
421
330
309
431
303
474
340
482
265
309
370
339
370
386
372
457
501
311
474
423
366
373
342
369
453
282
236
343
393
215
263
342
447
469
473
390
397
263
343
331
419
475
314
351
413
304
223
475
296
427
387
547
419
332
449
427
362
265
227
410
359
441
440
351
261
468
432
455
382
523
433
307
335
293
345
375
490
414
400
379
476
418
459
423
431
315
415
413
251
461
462
307
226
499
359
305
274
425
367
423
429
352
334
290
382
471
306
255
262
379
334
519
677
