319
575
375
463
307
571
431
551
355
387
287
375
311
523
359
419
251
499
275
411
311
463
335
507
307
547
179
467
183
439
463
575
307
587
395
459
251
575
403
535
251
467
303
355
415
471
331
431
371
487
307
559
331
515
239
531
223
531
391
335
327
471
275
603
323
507
355
535
231
423
275
507
299
439
259
599
363
459
279
499
431
519
323
427
379
651
247
635
207
459
287
319
283
331
419
287
355
607
435
403
199
479
275
487
247
535
323
387
303
491
315
595
323
599
331
635
287
531
343
539
227
511
311
435
275
359
211
455
311
427
403
495
263
423
391
555
275
459
303
527
339
423
387
411
299
411
351
491
351
591
143
615
271
479
235
603
307
483
147
583
407
551
223
659
267
567
347
463
291
427
295
523
171
583
319
519
423
507
379
471
371
499
335
563
243
383
355
559
379
635
415
427
415
567
275
555
207
583
295
463
295
455
259
571
187
587
195
499
211
407
303
635
211
475
343
415
323
487
239
443
319
427
207
415
183
535
295
643
403
519
219
407
275
347
407
559
359
547
367
499
351
535
399
543
279
479
59
635
335
391
271
447
235
255
303
479
307
575
291
379
195
559
347
515
347
431
307
627
371
451
399
603
459
531
319
443
299
519
323
403
247
407
299
431
419
471
319
559
459
471
315
371
379
515
263
507
331
475
179
459
275
631
183
423
267
547
347
527
231
591
463
371
267
455
235
467
387
499
263
499
291
495
287
511
355
399
343
575
443
443
207
463
179
511
211
491
339
419
423
643
131
431
427
399
215
475
291
531
331
571
427
535
351
563
359
663
275
499
267
515
95
487
235
507
279
491
283
431
391
531
399
559
299
471
423
535
371
439
431
495
335
395
275
559
275
479
187
535
231
443
147
567
139
547
383
427
239
543
171
491
367
567
263
523
195
427
415
463
379
595
163
391
267
483
211
563
307
491
471
583
283
467
275
343
187
439
255
499
527
591
283
411
279
431
271
419
355
459
383
583
219
459
347
607
247
355
287
575
471
515
403
423
415
395
279
519
239
551
267
487
231
547
343
611
283
551
259
643
351
467
323
487
279
559
383
519
203
411
235
535
211
515
155
611
339
607
211
447
211
491
231
619
307
471
291
547
327
183
3
103
0
323
59
463
479
519
467
555
227
535
279
287
207
159
219
131
459
379
355
275
287
243
255
223
367
255
223
239
303
255
255
191
347
263
343
83
287
351
335
259
231
331
519
315
323
335
243
203
299
279
275
483
175
263
195
239
191
187
163
299
363
243
267
151
399
199
307
323
291
147
207
223
251
259
235
403
275
379
379
207
295
267
195
231
171
223
251
287
291
215
399
391
407
239
547
363
295
231
235
383
231
215
271
327
167
207
215
123
367
299
287
327
231
255
411
403
355
247
199
243
291
231
375
275
287
171
367
283
359
275
295
319
175
227
279
179
367
311
391
243
363
387
307
243
307
239
183
163
283
127
191
119
203
283
383
219
263
371
291
151
271
327
195
387
215
363
311
195
203
219
163
259
267
175
191
243
215
363
179
295
143
299
379
127
335
339
199
167
275
379
395
355
247
323
203
179
295
295
391
267
251
295
347
211
299
291
263
139
319
223
251
307
255
167
171
387
311
283
411
315
227
295
319
315
351
263
403
259
359
243
335
191
259
215
255
215
275
395
263
379
379
195
323
311
351
183
383
247
207
375
443
235
383
263
263
355
91
235
359
287
303
263
219
283
271
151
251
147
211
379
399
367
323
235
295
335
327
167
351
131
335
355
291
207
27
203
187
379
335
299
295
195
275
283
387
323
127
231
255
323
463
343
259
267
391
351
287
267
351
363
179
295
167
327
319
147
419
319
371
239
423
291
387
303
135
231
115
251
143
151
339
155
311
239
375
271
379
151
187
235
235
143
215
327
339
327
431
307
219
267
203
127
151
167
303
363
359
315
243
211
263
243
439
331
343
163
375
255
343
191
323
467
303
395
127
119
399
295
419
291
291
123
223
231
151
343
179
159
203
407
279
251
223
323
335
367
231
347
307
315
399
263
287
255
275
151
347
227
179
123
435
175
263
323
263
287
211
219
403
271
495
287
367
351
519
307
459
275
259
283
267
259
355
195
147
295
259
367
179
247
327
203
419
139
355
247
379
211
283
271
323
235
279
315
127
355
395
215
367
259
303
391
303
383
331
391
371
287
299
163
215
263
267
319
427
207
243
267
239
259
199
311
271
411
279
279
215
283
339
215
275
291
271
463
287
299
295
371
403
315
231
207
275
303
263
267
327
259
371
291
331
155
191
335
243
171
255
335
471
311
323
411
379
539
