331
335
283
431
255
407
267
507
163
515
307
411
227
395
163
463
283
555
311
543
83
431
247
575
251
491
231
615
183
439
331
535
223
479
247
503
219
459
359
371
247
487
307
463
195
403
235
463
243
335
319
503
335
475
243
551
339
387
219
387
227
455
307
387
347
543
395
583
251
471
315
479
263
431
291
499
319
539
255
539
295
367
215
507
179
523
235
479
243
407
291
603
243
511
267
539
231
463
287
535
255
427
327
459
251
415
459
471
159
611
247
391
171
467
299
507
323
383
271
399
179
491
159
539
235
407
263
579
299
531
263
367
315
379
279
387
107
479
179
451
295
383
335
547
207
451
403
407
227
543
251
335
255
571
427
407
355
483
327
467
319
551
307
407
295
567
331
403
223
531
247
475
175
583
295
375
447
583
371
483
283
483
319
395
263
431
387
427
191
443
303
467
339
663
299
499
379
371
243
419
323
343
331
359
267
387
251
351
183
531
247
507
299
475
159
387
375
523
311
439
243
491
351
619
299
483
243
479
195
475
171
427
207
387
311
559
303
411
183
631
315
475
255
431
291
459
279
427
231
311
215
463
231
379
347
535
351
535
303
479
279
423
299
551
323
551
407
427
331
387
259
467
255
463
175
383
235
415
263
507
323
587
319
439
223
483
363
423
287
523
303
439
435
455
247
451
239
459
199
491
195
443
315
623
147
603
311
475
407
607
215
475
379
467
263
527
363
399
291
495
299
579
395
563
271
555
367
487
279
507
223
527
215
655
339
491
335
543
395
499
247
439
395
507
423
527
411
483
343
427
523
407
363
479
427
455
291
511
335
563
391
439
207
471
179
339
287
483
391
279
355
379
203
367
247
527
279
463
199
451
227
495
331
591
295
567
195
443
327
447
295
467
371
399
287
495
411
579
235
459
371
475
379
455
223
399
307
487
231
455
291
383
279
491
303
507
371
459
483
539
395
499
271
427
303
479
315
495
415
539
323
447
263
539
255
447
251
415
263
407
343
519
287
463
275
611
411
511
347
471
263
547
275
471
303
499
291
659
239
611
339
459
311
551
363
483
263
431
371
555
363
607
279
591
231
491
263
395
331
503
383
483
315
567
287
331
183
339
335
403
315
495
143
367
435
491
143
315
51
307
0
315
7
499
291
411
259
411
283
391
311
275
243
351
255
335
211
227
307
287
363
227
267
295
199
191
267
227
255
343
143
307
203
303
279
111
203
251
367
207
231
327
299
203
275
303
295
263
311
279
207
267
275
163
147
279
243
191
411
203
187
231
327
331
307
279
223
415
319
83
299
275
311
175
199
263
271
199
167
127
155
287
275
351
339
183
291
227
351
111
251
263
263
307
91
183
103
187
199
259
239
235
199
283
399
347
267
267
271
283
259
207
263
331
155
367
287
267
283
243
167
263
219
227
471
303
231
327
375
171
167
251
391
227
183
243
315
195
315
383
311
207
235
135
347
283
287
279
343
203
415
203
247
283
311
259
287
155
275
323
379
251
183
267
387
319
247
203
323
139
255
163
239
335
307
247
203
231
343
211
223
191
211
219
291
211
95
319
279
227
355
119
223
271
215
179
291
139
303
203
243
223
187
335
223
139
291
419
327
399
363
151
191
311
215
335
391
227
231
295
335
235
283
199
171
315
263
307
291
99
283
207
375
299
215
351
303
339
355
311
399
287
171
215
195
299
291
315
167
215
307
119
247
183
223
267
187
319
271
191
243
267
419
343
271
155
219
75
319
267
295
303
283
391
147
303
403
391
227
263
311
199
283
279
211
287
307
287
235
295
339
359
195
123
203
271
331
179
179
255
227
247
319
203
299
159
319
275
199
291
263
319
223
355
315
171
159
131
279
251
203
211
191
271
95
247
311
139
211
207
247
247
299
239
267
263
163
271
155
235
303
303
311
163
247
275
355
207
303
119
199
199
243
335
291
211
99
235
203
187
227
247
231
191
275
239
271
167
203
347
155
147
203
295
155
183
75
271
283
271
307
139
383
455
343
155
271
115
287
139
291
243
231
219
283
267
135
319
199
355
207
243
219
147
187
247
223
279
299
251
227
187
295
159
387
383
303
259
143
271
263
167
191
279
219
115
235
127
295
307
255
403
355
267
259
367
291
267
327
199
295
255
319
355
191
283
123
103
291
171
191
187
343
167
323
51
219
231
283
127
383
279
319
175
215
171
183
51
263
327
235
455
359
179
175
187
139
411
143
171
199
231
303
219
247
283
251
219
99
179
291
195
259
219
183
295
263
155
199
231
319
211
183
267
343
199
223
183
303
203
215
231
407
239
247
283
171
207
251
255
215
191
315
519
