379
675
407
587
387
535
371
543
355
483
371
563
439
603
415
627
379
519
315
447
455
575
383
455
399
507
331
563
251
543
351
499
343
731
355
631
355
547
295
615
415
614
295
511
315
595
383
515
603
595
367
683
383
583
487
483
411
635
371
503
335
587
335
687
371
627
507
491
335
467
435
527
370
647
399
727
279
415
187
550
442
647
395
515
391
355
363
707
263
639
283
551
315
495
327
619
455
671
375
575
323
555
503
551
339
651
407
683
503
519
287
431
355
555
355
623
543
683
411
519
346
699
383
519
378
490
319
419
435
571
470
679
379
455
435
663
383
675
371
703
483
595
519
582
411
679
323
631
463
639
499
483
403
591
395
619
387
647
411
591
415
667
383
611
419
535
411
667
371
311
338
411
351
531
479
439
495
531
251
670
391
459
371
703
287
491
483
483
331
607
531
535
523
455
379
707
483
603
287
487
335
543
307
479
499
735
679
575
379
611
527
535
502
715
335
623
450
599
291
743
375
515
275
679
431
619
303
667
283
719
323
347
271
699
355
447
391
667
439
603
279
651
423
635
355
523
391
687
251
563
387
535
387
619
359
619
422
667
487
571
307
515
455
543
343
515
463
535
415
495
371
579
375
607
531
555
351
547
471
495
411
519
251
671
415
555
403
739
395
491
327
519
399
395
391
635
375
607
251
667
279
571
535
635
363
523
423
603
279
627
359
639
495
487
439
695
339
563
435
707
431
675
347
542
371
499
431
567
371
563
407
583
350
611
355
575
535
643
423
595
495
619
375
503
327
759
407
611
495
463
331
623
599
467
315
623
463
559
463
607
447
611
371
563
363
587
367
623
391
587
319
531
359
583
367
631
327
627
354
587
307
499
367
531
427
583
419
599
387
687
459
623
371
455
295
427
427
583
371
607
447
675
427
575
463
535
427
615
459
667
343
711
383
623
303
583
367
567
411
507
423
479
451
531
331
623
527
699
479
555
371
727
359
543
443
687
463
482
295
591
383
463
407
607
247
587
383
535
495
571
355
579
331
615
419
483
391
567
427
558
295
523
467
599
375
667
435
615
395
483
299
603
371
631
315
519
331
599
267
679
447
615
399
623
431
567
511
551
427
491
355
651
403
595
431
675
399
435
83
327
0
335
111
591
311
411
367
443
531
487
439
419
343
439
263
267
391
227
231
451
359
295
439
403
283
403
323
307
331
275
391
411
287
366
339
391
427
439
291
435
343
259
347
331
322
399
323
291
351
271
419
311
507
431
355
203
482
263
471
475
467
347
463
283
627
343
379
391
251
271
403
291
363
423
447
314
495
331
459
439
315
343
435
287
283
395
471
503
271
355
287
299
315
267
407
227
546
379
287
379
351
267
451
475
291
407
427
399
507
443
335
299
427
443
363
375
423
419
427
343
435
215
359
303
415
311
499
499
451
331
367
323
359
239
503
431
455
407
327
291
371
279
387
379
235
503
411
491
403
491
363
439
371
387
403
347
367
451
327
455
339
491
371
567
599
299
303
295
339
351
411
211
459
287
267
435
419
379
319
375
351
487
359
403
371
483
419
387
323
387
343
331
483
163
331
327
311
379
339
275
315
431
411
547
371
287
355
371
331
359
311
399
263
315
403
387
319
351
459
439
375
387
403
351
363
491
279
402
467
371
487
459
351
271
395
351
275
418
322
507
411
430
255
299
291
331
287
375
431
283
491
535
371
323
219
295
315
307
295
331
499
427
275
407
415
195
431
487
403
279
299
339
307
299
343
275
255
435
343
319
371
295
395
415
582
311
367
347
455
303
531
367
315
295
387
235
219
231
339
375
471
243
351
343
431
271
299
371
251
407
254
439
359
403
455
463
387
519
351
459
223
355
259
398
335
335
479
391
271
399
295
283
319
411
351
375
415
311
323
327
359
327
206
263
311
303
311
451
411
375
351
311
355
371
483
351
391
451
199
499
403
355
583
503
415
299
343
323
387
363
391
295
315
391
243
379
351
239
495
511
355
371
423
371
471
319
435
291
291
487
379
351
191
355
355
419
451
319
359
387
487
431
287
303
379
299
443
271
407
431
347
339
443
539
515
359
383
387
443
303
483
275
319
315
375
467
375
307
447
351
475
387
291
458
387
235
467
239
327
319
475
279
295
431
235
443
487
259
287
347
455
367
347
419
427
459
367
355
415
191
279
371
587
323
319
327
343
315
499
375
351
311
383
271
431
343
439
307
231
279
311
315
355
435
387
231
247
463
403
303
351
255
283
279
367
247
283
315
395
383
387
231
279
399
343
311
431
302
451
383
283
283
178
399
375
395
391
295
195
339
315
231
415
507
