471
771
563
903
635
723
567
739
591
735
707
803
567
707
575
835
459
771
535
863
595
723
631
675
727
771
527
735
563
703
607
699
619
835
675
643
531
795
603
767
523
647
635
819
667
647
519
827
495
779
607
827
655
827
503
743
651
847
439
791
623
827
639
815
575
803
551
791
595
679
615
879
543
727
607
663
671
703
503
687
571
735
607
767
603
719
463
911
607
811
675
591
583
815
539
799
707
907
419
847
435
791
519
751
411
847
639
699
415
795
455
743
691
763
679
859
583
723
563
767
515
799
571
915
667
755
659
871
471
803
707
807
719
727
523
691
495
799
547
779
555
823
523
807
659
739
567
819
547
763
539
803
615
643
551
835
531
723
583
827
499
815
595
763
691
719
655
843
567
843
539
663
627
771
691
875
587
979
575
855
515
851
511
895
655
871
591
663
651
771
483
799
563
723
535
823
491
783
643
727
591
747
559
791
651
867
627
675
567
915
611
615
687
839
571
823
603
723
567
843
703
755
495
731
551
775
647
827
511
803
515
643
515
587
579
735
579
703
575
959
663
731
703
759
623
803
679
915
563
683
583
759
507
755
535
823
679
859
611
651
631
811
343
927
515
699
595
767
523
907
435
811
571
915
419
743
539
855
703
783
507
811
611
723
627
763
463
791
563
735
579
883
435
883
503
907
503
811
471
715
611
739
467
739
663
803
599
747
503
727
475
843
595
847
579
775
591
631
523
855
647
839
643
883
483
655
463
799
623
775
563
727
523
699
659
831
587
731
555
791
355
783
551
751
515
683
443
787
547
823
655
687
727
563
587
799
567
783
451
835
575
767
571
763
659
751
547
823
603
739
559
771
739
783
535
823
611
795
479
751
531
715
611
755
579
939
703
759
667
703
591
771
543
755
751
787
631
735
659
867
687
731
515
843
463
883
683
751
487
783
631
875
691
727
787
599
527
707
539
823
531
847
559
883
503
819
527
751
539
859
535
783
479
743
575
779
671
711
463
851
723
803
587
703
719
871
643
747
655
847
607
715
603
699
619
879
647
583
543
731
603
723
515
683
571
655
567
783
535
823
559
927
523
779
651
771
319
711
391
691
547
731
507
991
615
667
503
819
587
647
467
723
623
739
471
847
679
563
463
507
343
527
315
687
511
819
559
631
607
763
491
511
575
615
643
563
595
439
631
559
671
483
379
627
539
503
499
463
499
571
655
435
559
507
551
479
547
519
699
603
575
447
711
547
547
531
695
599
839
639
515
527
467
451
551
427
371
411
527
515
619
459
511
623
543
575
507
663
559
571
415
463
579
539
495
515
567
463
527
467
419
507
567
531
447
547
559
619
547
539
563
435
563
527
563
535
435
579
543
715
587
479
663
487
571
563
591
615
643
643
543
683
547
671
635
295
295
295
295
295
295
295
295
295
295
295
295
295
295
295
295
295
295
295
295
295
295
295
295
295
491
583
631
391
543
559
611
583
567
559
571
471
599
603
483
547
539
431
563
679
431
519
607
415
447
467
515
507
495
543
627
495
571
391
615
567
459
571
411
711
447
639
627
467
487
619
555
563
615
671
511
515
555
643
783
499
643
531
683
515
683
615
559
507
583
531
535
515
651
531
599
659
651
551
599
487
459
543
455
615
483
503
571
519
827
611
467
651
415
635
487
631
679
583
591
495
531
439
495
567
535
579
663
571
563
471
623
455
627
459
619
523
519
543
723
539
471
643
667
499
559
447
583
619
419
491
519
531
583
435
643
675
551
587
547
459
467
595
491
591
675
627
507
491
527
607
475
487
615
483
519
551
571
479
415
663
483
419
475
599
459
435
503
579
719
483
739
543
651
527
627
515
643
463
571
491
735
567
419
611
487
571
507
531
343
515
579
607
515
479
571
615
667
651
587
547
559
583
751
495
411
483
523
575
619
567
463
495
515
547
723
555
347
571
539
495
543
547
639
523
555
587
607
551
523
603
451
535
523
675
603
567
695
507
459
431
443
571
471
687
675
607
555
399
815
523
583
447
411
447
635
655
663
455
399
699
567
691
495
467
531
451
407
607
475
575
643
543
587
567
443
559
551
663
599
623
475
675
555
547
459
527
551
451
575
635
539
595
603
551
459
527
563
503
555
495
463
387
519
463
635
515
523
447
503
499
599
699
551
595
523
387
595
543
403
519
663
443
343
575
591
519
599
515
551
723
563
631
535
523
563
507
531
587
467
595
483
435
575
599
571
615
435
527
747
547
551
631
547
451
659
539
443
531
595
519
503
535
595
447
511
371
743
519
583
631
515
447
543
659
543
499
443
511
403
683
579
403
267
319
419
315
499
679
