479
649
579
803
575
719
559
746
541
633
449
714
438
705
491
759
459
694
418
706
643
793
442
599
519
787
437
773
467
833
531
681
657
835
417
689
515
722
467
721
529
759
629
655
523
629
513
813
557
794
598
670
447
831
490
639
403
694
637
715
475
623
521
723
387
833
503
685
579
647
534
690
483
683
395
643
543
703
458
733
623
842
550
651
433
675
515
681
562
671
502
679
487
851
615
639
727
747
447
809
415
671
479
730
493
818
435
719
475
657
381
549
526
650
467
658
514
534
651
827
645
638
507
759
449
623
490
870
473
753
383
691
407
722
483
758
423
558
551
782
435
815
574
791
457
898
447
730
435
619
470
743
469
829
461
625
563
841
535
763
530
710
490
774
607
591
459
610
599
809
458
747
650
695
519
599
434
719
567
787
663
503
303
710
571
665
563
719
438
631
397
838
439
779
507
837
499
763
651
725
523
659
577
657
663
611
518
767
401
667
629
593
487
657
426
829
431
634
443
681
515
670
550
807
381
826
462
758
487
674
433
707
411
655
479
727
490
589
453
855
557
825
570
650
534
694
619
731
439
819
453
715
451
751
402
781
401
739
635
797
467
737
475
833
447
678
533
599
391
559
410
785
599
758
499
653
398
638
515
755
411
783
479
719
579
762
562
710
667
837
514
777
639
778
422
759
559
649
439
798
695
534
583
613
537
705
431
757
675
654
453
838
603
765
545
667
421
899
447
743
495
615
585
737
515
678
510
775
534
690
394
694
463
583
487
911
639
749
465
737
549
659
462
785
443
631
487
739
647
654
503
714
623
718
482
630
659
659
366
819
571
627
459
723
583
707
474
823
555
810
454
765
611
742
589
575
441
679
401
651
375
779
565
741
574
767
627
793
495
805
458
886
418
747
401
867
599
694
581
794
503
725
519
830
521
775
511
763
402
599
479
607
331
675
537
669
469
785
539
634
611
702
537
691
431
729
475
674
433
775
555
875
445
783
554
595
299
695
531
695
569
723
535
717
439
607
487
751
591
685
581
743
491
757
507
699
351
771
407
639
487
647
557
667
567
641
389
695
482
739
635
671
430
583
498
827
523
698
565
789
446
753
594
697
415
694
590
783
390
826
479
691
535
723
522
762
482
633
383
401
295
405
34
751
591
715
666
693
455
745
527
449
547
470
465
505
479
565
499
561
315
447
595
559
451
547
507
549
522
543
517
487
643
619
530
497
529
395
397
458
675
474
417
323
543
513
363
499
370
483
507
302
415
534
487
479
441
527
507
419
553
559
395
535
647
386
475
437
359
469
433
519
579
411
418
423
466
591
435
479
337
499
635
345
431
561
467
543
610
359
427
615
450
521
463
401
574
371
466
431
503
629
571
402
427
547
485
475
567
534
310
395
649
490
505
483
530
590
397
383
453
395
503
402
533
539
579
418
533
498
603
393
483
531
509
357
418
597
438
307
526
362
507
574
367
623
414
565
431
471
507
274
455
427
501
535
566
574
531
559
539
499
506
603
431
479
629
491
422
334
535
458
535
539
471
555
542
527
473
351
550
434
547
403
515
554
502
482
503
543
443
435
413
586
530
413
505
598
570
506
595
442
521
447
438
421
614
471
571
551
626
418
611
503
427
347
569
455
495
389
411
522
450
394
491
586
331
595
423
395
507
453
390
447
426
463
499
493
439
663
555
451
427
409
529
365
271
463
419
458
417
606
443
409
617
575
501
497
318
451
526
495
435
587
297
414
450
433
571
567
507
415
435
466
585
429
395
579
467
359
367
346
570
443
546
445
411
571
433
537
519
427
502
517
589
598
481
399
409
550
562
527
615
367
537
417
514
527
453
370
451
458
395
386
623
489
541
451
403
375
629
571
501
577
487
547
558
473
401
535
433
459
366
571
399
501
607
463
409
577
541
530
661
547
455
485
554
494
510
443
505
607
547
451
602
369
514
487
499
515
619
445
390
379
451
511
555
407
434
443
562
491
546
367
534
539
422
523
319
455
634
633
423
511
466
457
475
402
403
447
397
450
445
339
474
527
383
487
515
370
451
378
433
466
373
478
561
413
645
527
445
525
290
467
427
395
602
478
538
483
459
519
537
567
614
418
502
507
509
629
431
618
478
615
271
511
387
587
545
431
595
291
531
575
538
415
574
491
579
541
430
399
463
515
515
487
474
455
567
579
427
501
630
470
597
563
470
614
523
369
458
502
531
447
378
471
577
457
407
491
523
455
447
450
485
514
674
359
553
565
419
399
353
425
545
319
467
461
527
426
401
377
531
567
411
503
451
463
467
342
311
437
447
343
427
547
635
349
503
326
403
534
459
665
