555
747
379
595
419
727
375
679
347
707
491
762
482
774
527
611
494
775
507
735
503
686
483
655
306
535
415
695
278
731
355
743
395
571
531
714
351
555
411
618
295
647
294
511
351
759
523
651
450
686
467
647
427
711
643
631
422
611
475
603
475
715
455
679
543
714
535
743
455
663
310
623
463
687
491
707
487
671
639
790
531
787
419
839
390
631
474
699
503
651
331
726
555
699
535
727
427
623
563
811
427
747
287
671
479
539
471
611
423
519
423
595
543
763
503
610
451
639
403
643
475
583
411
527
431
631
467
643
611
638
583
682
434
683
427
871
459
667
651
607
591
607
427
679
463
667
455
695
462
798
399
615
427
615
435
711
463
583
399
558
490
606
523
647
311
627
583
811
327
675
323
699
491
755
414
623
391
638
502
678
415
691
431
743
395
590
435
655
439
675
479
803
359
615
483
667
594
583
391
755
446
622
435
678
495
779
379
714
307
543
531
651
351
587
359
647
447
703
503
651
394
623
511
807
423
643
571
635
571
527
447
703
503
663
383
571
491
599
522
735
478
643
619
631
551
535
594
559
319
675
415
579
567
619
475
739
307
651
475
775
447
678
375
663
483
619
535
646
318
611
411
731
418
651
463
747
463
535
523
639
511
695
363
575
227
702
447
739
355
571
527
606
475
599
571
759
398
631
603
682
411
659
535
763
503
695
579
654
294
571
363
671
471
619
515
507
462
611
406
770
511
679
495
623
471
507
615
646
463
679
534
635
502
579
527
786
539
762
622
695
443
611
515
659
350
631
531
842
319
639
403
703
451
615
386
579
467
659
347
671
407
539
483
643
371
671
458
803
439
538
595
759
595
527
543
779
547
647
523
606
543
643
335
735
531
699
527
842
370
475
407
575
434
767
487
651
335
695
463
623
507
727
415
567
479
771
594
627
474
639
391
658
466
731
575
635
459
683
475
650
551
611
371
531
379
595
418
531
471
635
435
663
470
555
311
731
419
635
439
639
407
639
411
687
427
554
427
803
463
531
483
683
407
575
423
655
363
543
535
631
479
643
419
707
475
647
483
655
459
639
463
715
451
498
507
671
463
743
491
715
367
583
315
775
495
631
558
622
527
591
415
599
347
583
431
579
506
487
91
463
183
311
0
715
331
546
459
759
391
543
347
446
491
427
435
415
450
455
563
487
367
391
235
474
322
259
339
415
395
358
331
363
419
434
339
483
419
515
407
254
459
330
435
471
459
535
490
419
454
367
362
638
366
483
411
270
486
423
327
419
535
475
246
475
546
455
455
394
579
411
447
363
415
335
455
423
303
467
355
531
527
539
395
451
566
374
478
279
507
431
251
451
435
367
514
331
283
375
371
439
555
394
262
367
471
578
383
326
499
431
423
391
383
359
295
359
487
234
423
467
535
439
391
311
419
415
423
327
463
391
359
358
539
427
494
423
486
514
299
387
447
551
467
563
399
471
319
370
411
431
442
415
431
359
363
410
359
471
587
459
623
379
326
478
274
347
563
426
355
371
419
339
471
327
491
446
543
283
367
475
587
407
423
447
467
535
459
326
383
519
579
403
443
383
550
567
479
331
571
299
287
391
479
463
503
463
595
439
411
447
279
359
479
439
327
386
463
567
423
431
334
411
475
423
339
347
439
323
463
399
470
442
438
479
279
339
399
327
359
363
419
359
339
374
299
547
402
363
483
495
531
455
443
531
539
491
495
423
447
435
315
279
435
419
427
447
475
394
327
367
507
322
567
379
339
391
483
291
595
423
459
491
363
423
275
347
403
326
431
443
435
383
551
391
450
427
294
555
499
431
431
399
634
531
371
483
427
467
507
391
387
410
407
550
395
471
482
415
391
303
411
447
387
427
582
375
415
334
367
499
359
355
395
375
371
487
431
451
459
483
531
407
339
383
295
451
243
383
471
451
594
386
527
451
475
555
511
367
507
527
243
342
303
327
571
395
390
378
491
475
451
267
375
346
591
519
451
235
319
579
414
443
363
403
415
347
419
291
346
383
543
335
467
555
478
327
275
334
451
411
443
443
339
479
499
431
386
395
418
442
423
507
415
379
278
419
479
459
450
347
263
455
595
603
423
370
383
391
539
471
567
331
391
535
335
379
491
331
423
411
643
343
387
519
475
435
267
375
335
451
355
391
327
447
422
343
411
347
494
339
595
475
475
511
503
394
471
431
443
419
427
363
383
403
483
611
319
459
335
307
575
187
431
347
423
503
375
311
579
535
443
339
475
439
383
395
471
358
535
391
415
403
367
411
359
399
542
299
487
435
259
395
338
366
435
403
443
499
367
314
179
359
403
642
