467
407
283
387
159
727
418
543
163
551
191
371
330
483
367
423
299
407
235
603
343
571
295
555
279
435
411
543
315
466
343
547
359
555
499
507
359
503
355
471
327
551
391
471
231
427
335
595
311
571
311
675
335
571
418
503
247
543
171
511
307
483
391
531
403
583
375
595
403
491
491
495
319
643
311
483
303
611
267
447
491
491
195
463
371
567
379
627
359
531
295
567
447
503
403
479
299
523
323
459
295
459
379
515
535
551
519
531
451
483
295
635
307
611
215
643
427
499
375
451
443
519
307
543
291
595
263
703
231
627
335
563
307
399
419
427
355
407
219
575
315
679
475
475
271
443
251
715
351
511
407
574
343
635
255
543
435
631
367
459
395
459
383
607
479
491
383
443
279
503
371
655
431
471
303
343
387
431
383
559
466
611
339
451
255
431
278
563
411
603
351
659
359
579
251
527
387
563
331
579
151
403
307
435
275
579
319
535
503
507
271
495
379
451
255
539
407
619
319
663
291
515
363
551
335
543
339
295
383
543
407
415
191
519
327
455
223
371
371
591
291
535
335
515
295
543
235
431
171
539
303
435
287
395
295
627
187
471
475
447
387
431
239
395
315
511
331
407
375
635
343
483
323
467
363
587
459
611
387
547
303
551
415
483
403
471
235
399
375
483
263
535
355
567
347
583
307
427
291
591
375
491
323
507
335
607
219
459
359
531
419
515
399
527
295
619
463
539
439
559
331
511
339
439
251
499
271
339
339
547
447
583
199
523
391
447
367
527
339
447
371
487
415
515
231
499
279
499
511
411
447
531
383
379
335
443
335
479
399
515
338
547
431
307
294
563
463
471
347
619
375
651
295
559
423
683
315
419
355
543
239
431
471
607
231
631
315
603
431
615
351
587
395
559
355
531
343
571
347
579
447
511
387
439
411
503
215
511
479
583
255
671
383
595
515
551
379
503
447
403
339
603
299
555
355
523
335
451
227
459
447
455
463
527
255
459
391
583
247
463
383
523
359
531
523
538
387
511
335
631
311
647
423
483
379
435
407
551
279
511
331
483
315
499
331
459
363
459
223
407
299
599
263
563
343
539
282
539
350
503
395
523
434
574
383
443
219
431
383
467
351
475
219
411
343
555
387
283
63
307
3
195
199
511
323
439
315
459
203
579
147
335
303
263
331
239
299
139
335
246
267
375
203
319
411
307
279
283
207
295
347
331
319
299
354
195
179
319
347
238
367
431
479
295
299
351
371
263
299
371
231
291
443
363
443
359
199
315
323
195
355
319
191
395
467
383
323
343
355
443
287
279
215
319
447
283
383
287
251
207
307
291
343
331
335
387
303
371
443
291
295
395
399
259
271
211
219
255
235
323
259
327
415
291
415
335
347
315
283
187
243
363
339
251
331
427
371
367
310
271
295
327
95
315
247
415
231
251
307
303
367
331
391
291
379
222
291
206
311
323
323
394
415
275
303
339
507
287
459
307
403
247
395
483
219
367
479
318
275
347
447
231
327
207
343
355
387
419
491
283
215
251
355
443
395
307
347
283
327
303
219
147
303
251
283
391
367
227
315
367
243
355
203
227
287
247
251
239
391
259
203
359
351
155
367
247
291
291
267
234
427
355
331
167
282
251
318
155
191
211
343
367
194
307
315
151
131
415
419
275
183
327
379
531
203
307
271
271
239
307
307
399
318
323
307
379
187
322
327
271
311
347
447
287
307
287
391
407
383
255
471
387
163
159
331
326
311
419
259
343
355
319
223
259
331
199
351
263
295
79
267
311
343
359
219
319
387
327
451
503
191
191
363
351
427
23
291
211
339
135
451
215
311
279
407
375
247
295
347
283
311
371
271
383
291
403
459
251
291
243
395
315
370
291
183
135
243
115
275
271
283
343
331
283
267
387
279
327
363
255
343
223
131
235
295
347
243
171
275
207
459
243
239
243
243
319
259
275
323
182
391
331
231
274
223
347
335
302
263
279
363
247
347
351
299
267
271
155
195
399
446
359
383
307
163
339
443
251
283
271
255
243
223
383
362
263
287
251
303
319
391
483
379
275
315
379
279
315
231
367
419
243
279
231
331
303
171
243
315
279
223
303
279
267
327
303
235
311
343
231
243
327
387
359
199
283
263
303
419
259
271
290
303
327
355
251
411
299
227
355
215
299
383
355
379
251
295
166
359
371
327
315
431
283
191
307
267
338
287
243
291
234
471
359
279
435
291
347
219
247
283
275
391
383
171
343
375
251
167
387
287
370
307
263
331
375
403
339
359
251
223
387
223
259
315
407
407
339
395
255
271
299
343
203
315
239
254
167
286
343
379
375
267
559
