675
811
807
811
587
851
671
875
567
955
867
715
643
955
627
803
543
771
703
819
559
943
659
795
619
779
671
895
687
963
651
815
535
859
843
799
635
1015
727
843
611
823
643
831
535
855
503
983
571
803
675
827
675
759
639
959
623
759
547
771
803
827
803
839
643
775
727
915
719
899
719
795
699
743
663
919
691
787
607
767
507
835
663
851
683
823
755
927
663
783
723
931
467
871
655
847
567
831
747
927
671
835
535
843
771
767
595
863
719
895
671
867
671
819
651
963
591
955
619
1055
679
835
695
971
715
819
715
815
775
967
707
847
731
791
607
835
623
855
791
959
691
943
707
847
687
767
651
931
807
867
619
751
791
751
523
711
459
867
679
811
775
795
723
947
675
783
523
907
567
967
739
815
683
835
627
839
727
863
579
863
547
883
699
815
731
971
667
843
667
747
647
911
679
843
719
847
651
819
607
943
603
851
787
807
567
787
651
819
715
939
683
991
627
899
651
667
703
947
783
755
663
843
675
763
639
827
743
915
655
807
751
831
631
747
655
843
539
971
619
907
691
695
799
827
743
967
455
963
507
695
659
759
775
691
615
895
791
875
719
827
847
811
679
847
631
811
811
879
743
787
739
1015
547
795
727
823
619
939
739
879
635
723
559
887
595
899
571
895
699
847
679
787
779
815
719
795
607
879
715
791
531
855
735
1035
603
883
663
863
627
939
691
947
683
715
663
1043
631
867
631
1027
727
687
579
851
671
783
703
731
787
911
631
783
639
919
835
887
675
759
631
815
671
907
783
843
747
735
683
863
619
823
767
875
623
959
703
907
679
895
391
927
627
775
679
991
683
815
615
919
735
871
699
919
815
903
647
771
595
795
727
775
807
799
715
887
731
847
767
971
651
967
715
939
775
815
683
955
683
811
647
935
703
887
767
803
679
903
823
879
731
807
635
771
643
715
775
795
607
779
543
855
723
843
691
931
611
843
767
923
763
851
867
907
563
871
567
859
707
807
695
951
571
955
771
855
639
723
603
955
587
947
763
935
695
915
643
863
683
875
679
831
847
783
531
819
535
823
751
919
447
839
751
907
779
867
719
851
543
887
667
915
683
807
683
799
499
823
667
991
683
827
683
739
507
883
731
935
711
611
375
647
291
507
471
863
671
831
751
815
707
775
687
463
635
595
799
599
699
571
591
699
695
539
603
487
731
791
675
663
767
655
599
575
587
711
679
571
603
683
803
699
507
679
735
647
635
627
667
619
671
691
675
583
727
683
679
539
475
539
603
723
555
563
679
611
603
563
603
667
643
679
579
703
647
567
503
595
619
495
723
547
699
559
667
503
563
619
559
659
679
631
627
667
507
599
815
607
719
503
531
583
739
747
703
671
679
703
671
599
591
735
599
687
555
571
599
579
743
743
743
743
743
743
743
743
743
743
743
743
743
743
743
743
743
743
743
743
743
743
743
743
743
723
599
483
635
735
695
455
603
759
751
579
643
715
607
695
727
639
591
599
727
611
711
723
743
611
631
611
663
623
683
631
807
707
623
675
735
427
739
639
635
435
587
703
567
815
503
723
639
543
667
643
651
595
571
667
623
587
635
491
643
443
767
595
831
627
603
563
651
715
547
607
683
627
739
719
663
583
715
743
847
527
527
519
779
671
691
671
539
487
699
651
671
723
607
703
723
747
627
643
607
623
615
599
599
671
651
679
531
687
675
663
579
667
603
671
755
627
615
611
575
535
523
503
679
675
547
651
627
799
691
731
575
667
695
571
603
567
443
563
635
551
655
687
635
691
719
547
647
723
559
543
691
667
603
607
607
755
647
531
699
583
727
651
611
631
523
607
467
699
543
635
679
635
687
623
643
603
707
627
683
711
751
611
747
623
579
643
627
579
635
623
667
627
739
607
619
519
699
799
555
527
603
663
819
491
751
547
763
603
763
583
683
667
707
599
731
523
759
787
723
679
711
591
643
667
795
651
599
663
651
667
755
583
671
735
639
671
731
579
727
543
639
575
515
631
735
439
515
559
699
555
591
543
479
739
599
611
691
635
711
619
751
739
447
771
707
639
655
587
607
747
691
635
659
691
575
627
683
659
595
687
667
715
719
563
691
715
659
623
747
603
559
707
543
723
647
675
703
639
735
567
659
671
651
651
619
599
595
731
735
723
571
439
555
591
599
739
635
563
659
675
587
627
735
743
599
487
591
655
623
503
575
571
555
703
687
611
727
695
715
631
719
643
791
643
743
635
611
811
683
635
603
563
667
495
667
723
535
391
759
667
587
531
599
603
603
795
659
499
575
491
543
559
639
635
723
495
523
451
443
459
571
767
