639
821
572
718
627
637
475
757
561
501
481
662
630
658
583
718
611
759
477
601
684
834
607
689
410
635
546
751
578
867
583
737
595
681
563
761
599
803
458
745
594
893
507
729
675
721
644
805
681
740
535
739
495
787
403
749
487
734
583
881
451
704
474
773
581
658
497
850
519
834
490
875
685
733
589
787
517
723
526
851
507
693
418
783
545
663
558
730
601
847
613
747
454
750
530
890
527
783
618
667
551
579
547
767
619
851
544
682
691
711
569
775
642
739
548
794
687
799
499
855
423
689
415
747
507
743
606
831
731
731
522
805
508
835
533
738
642
730
507
735
589
670
502
800
559
743
610
765
637
695
533
826
499
667
669
701
547
675
625
825
459
807
618
775
582
681
506
827
682
606
554
728
498
733
507
815
411
863
695
781
495
827
609
705
406
769
595
763
562
835
443
894
683
831
746
671
626
747
583
609
665
767
507
749
482
771
511
745
711
906
545
802
552
809
723
842
678
700
654
775
489
735
661
811
551
747
593
893
568
703
567
850
623
661
525
804
579
774
431
951
575
703
523
675
625
627
485
787
711
723
646
605
591
617
547
794
651
794
575
703
663
739
625
658
591
551
523
789
597
803
495
679
550
773
511
863
527
631
503
799
490
813
495
622
503
663
579
691
550
826
543
650
471
674
459
798
602
661
573
697
666
851
531
883
591
835
595
791
493
909
454
887
493
707
489
639
488
726
539
703
665
715
498
601
439
729
516
718
586
713
641
706
573
787
637
691
554
757
637
792
535
769
565
855
503
783
554
790
517
742
546
747
659
619
582
683
715
739
515
781
531
711
678
722
519
797
595
767
595
699
502
933
449
718
703
878
512
709
619
670
491
755
407
711
559
845
647
721
621
850
535
761
491
731
537
819
495
825
665
629
583
659
651
753
511
737
534
683
555
705
503
754
517
682
571
850
546
873
606
763
607
710
487
802
438
721
611
762
543
815
543
682
521
861
562
854
474
707
583
736
533
647
585
850
486
577
585
927
701
719
726
865
518
846
516
782
312
727
442
705
411
810
532
643
671
791
543
734
465
866
599
827
453
747
554
839
583
605
634
815
351
785
602
867
543
786
511
699
585
732
511
862
506
719
634
817
539
551
251
538
251
485
403
702
521
735
611
611
549
743
447
503
499
579
559
539
497
357
673
481
547
652
611
373
446
584
487
443
607
550
477
503
505
557
578
539
502
515
583
590
571
611
463
586
483
655
631
475
395
417
610
495
503
593
471
538
531
534
613
330
611
591
577
455
431
555
515
643
531
608
632
519
586
491
575
398
549
453
467
419
534
573
510
424
639
438
603
546
483
604
481
633
452
507
607
595
506
575
555
567
570
526
483
458
507
499
591
445
587
522
519
600
659
553
610
521
521
521
521
521
521
521
521
521
521
521
521
521
521
521
521
521
521
521
521
521
521
521
521
521
658
474
488
485
515
521
401
411
547
543
483
443
625
610
697
647
457
537
527
511
491
522
386
431
453
631
451
439
529
441
585
390
607
531
395
547
609
593
631
542
483
456
371
429
531
423
406
567
570
701
582
345
497
577
467
395
527
557
433
535
493
489
431
525
475
579
462
477
414
450
446
602
571
429
599
529
697
575
550
574
567
615
583
475
466
466
647
526
798
485
565
578
630
459
475
505
435
465
614
437
556
323
469
705
513
382
410
443
466
521
487
654
607
583
554
489
506
608
321
346
653
635
566
395
541
527
548
531
575
523
453
462
549
446
521
563
545
591
517
487
551
518
647
595
497
665
562
454
534
571
606
636
561
555
421
431
555
423
523
449
513
611
550
564
435
479
577
377
463
425
614
398
542
447
414
552
642
455
659
455
475
503
409
477
433
386
453
535
554
542
571
455
457
535
571
569
476
593
603
453
458
447
473
547
678
395
559
587
511
525
622
438
657
496
595
531
482
443
614
508
447
383
459
545
590
506
550
594
445
432
563
679
487
775
516
494
534
435
662
607
462
470
509
591
470
577
633
475
541
509
513
518
482
523
411
449
547
727
546
402
611
534
491
431
615
351
579
455
541
728
379
611
579
474
549
620
563
585
562
466
659
385
615
508
671
490
525
415
642
477
524
538
650
510
445
443
511
521
479
499
647
322
535
558
526
490
603
503
585
539
613
507
581
411
449
461
473
462
441
699
573
571
535
593
369
683
615
595
417
537
386
326
387
575
622
554
650
599
447
595
539
429
607
402
400
370
657
367
555
472
614
606
551
567
523
647
737
521
545
482
510
431
559
451
590
466
559
497
579
550
475
475
626
506
573
591
566
493
323
274
341
295
345
511
