333
335
287
435
259
411
267
509
165
519
310
417
227
399
167
467
284
561
311
546
83
435
247
579
254
494
232
619
186
445
333
535
225
484
251
507
219
462
362
374
247
491
309
467
195
406
239
466
246
339
322
506
336
477
246
554
343
390
223
389
231
459
309
391
350
543
398
586
253
475
319
483
265
435
294
503
323
539
259
539
298
370
215
510
181
523
237
483
245
407
294
604
246
515
270
539
234
466
290
536
257
430
327
463
251
419
459
472
161
615
250
396
170
469
299
508
323
382
271
403
183
495
160
543
235
410
267
582
304
533
263
370
318
382
281
394
109
482
179
454
297
386
336
550
211
455
406
410
229
546
254
335
258
575
429
407
355
485
329
473
322
552
310
409
294
568
333
406
226
531
251
479
179
586
297
379
449
586
373
488
285
486
319
397
264
433
387
431
193
446
306
471
341
665
303
505
379
374
245
422
324
343
334
358
267
390
253
353
187
534
250
510
299
477
163
389
378
524
312
445
245
491
351
623
298
487
246
481
197
475
173
431
209
391
314
560
307
415
187
637
317
478
258
431
293
461
279
429
233
314
217
468
231
382
350
539
355
537
305
483
281
427
301
551
326
555
408
431
331
387
261
469
254
466
177
385
239
418
265
511
322
591
321
441
227
486
363
429
289
527
310
441
439
460
250
456
239
464
203
495
198
446
317
623
148
607
310
477
408
609
219
479
383
471
267
529
367
402
293
497
298
583
397
563
271
555
369
488
281
509
226
530
216
659
342
491
339
545
395
502
249
441
394
510
426
527
413
483
346
431
526
411
365
479
427
461
295
511
334
567
391
439
209
470
181
339
290
485
394
279
357
383
203
371
250
530
282
466
203
455
228
495
335
592
299
569
195
446
328
449
297
468
375
399
287
497
411
579
239
462
371
480
382
461
225
401
305
491
230
458
292
386
279
493
303
511
371
463
485
540
395
503
274
430
305
483
317
499
417
541
328
446
265
543
257
450
253
415
264
410
346
521
287
465
277
615
411
513
346
473
267
548
277
474
305
502
295
665
239
615
342
459
313
555
364
485
264
435
369
557
363
607
278
593
234
494
265
397
333
503
383
486
318
568
286
331
186
339
337
405
318
497
147
367
438
496
143
319
54
307
0
317
9
499
293
414
262
415
283
393
314
275
245
351
258
337
214
230
309
289
365
227
270
297
201
195
271
229
258
345
143
310
203
307
279
115
202
253
367
207
234
329
303
203
275
306
299
263
310
279
207
271
276
167
150
281
245
191
414
203
188
235
327
334
310
282
222
414
318
83
299
275
315
174
202
265
272
203
167
126
155
291
275
351
343
183
291
227
355
113
251
266
266
307
94
183
107
187
200
260
239
239
202
283
402
351
271
266
271
287
264
209
263
334
154
371
289
267
283
249
171
263
223
227
471
305
231
330
375
175
170
253
391
230
185
245
317
199
323
387
314
213
238
141
352
289
289
283
345
207
418
207
251
285
317
262
291
159
278
325
384
251
189
267
389
323
251
205
329
145
254
167
243
339
310
254
206
231
347
217
225
198
217
220
298
215
98
325
285
230
359
125
229
271
217
183
295
143
309
207
247
227
190
338
230
142
295
421
331
402
367
155
195
318
219
340
395
229
235
299
338
238
286
205
174
318
263
313
295
102
285
207
379
303
219
351
306
339
359
315
402
289
173
217
200
301
294
319
172
217
311
126
251
185
227
269
193
322
274
193
246
271
423
346
271
157
221
81
323
275
300
305
283
394
151
307
405
394
234
266
317
202
288
281
217
291
310
289
238
299
343
363
200
126
207
274
337
182
180
257
230
253
323
207
305
161
321
278
200
294
267
322
225
359
319
175
163
133
281
251
209
215
194
275
97
253
317
139
215
210
247
251
306
243
273
267
167
271
158
239
306
307
313
166
252
279
361
213
305
125
203
203
247
339
297
215
103
241
210
191
231
252
237
195
279
244
275
171
206
351
157
151
207
297
159
186
77
275
285
274
309
142
387
459
347
161
275
119
290
143
295
247
234
222
286
271
137
326
201
358
211
247
222
150
190
251
226
282
303
255
231
190
299
163
393
387
309
260
146
275
265
169
194
281
219
119
238
131
298
311
262
407
359
271
262
371
294
271
330
205
299
259
322
358
195
287
127
107
295
177
191
189
347
171
327
54
222
235
286
130
389
282
323
179
219
175
187
55
265
330
237
459
362
179
175
194
142
415
149
178
201
235
307
223
251
287
251
223
103
181
295
198
263
225
184
295
267
159
202
239
321
214
186
270
347
203
223
187
307
211
215
231
411
241
250
287
175
210
247
253
210
189
314
519
