643
827
575
722
627
639
479
759
563
503
486
667
635
662
587
723
618
762
479
603
687
839
611
694
415
635
550
758
583
874
589
741
599
686
570
766
603
807
463
749
598
895
509
731
678
723
646
807
686
743
539
743
499
791
407
751
491
739
587
883
455
706
478
779
583
659
502
854
526
838
495
879
687
735
591
791
519
727
531
854
511
698
423
790
547
667
563
734
603
851
622
751
459
755
531
895
534
787
623
671
555
583
554
774
625
857
547
687
695
715
575
779
647
743
551
798
693
802
503
857
427
694
419
753
515
747
611
831
739
738
527
809
511
839
535
743
643
733
511
739
591
674
506
803
562
747
615
771
642
699
538
831
499
671
674
707
554
678
631
827
465
811
623
779
587
683
510
831
683
607
555
731
503
737
510
819
415
867
699
786
499
831
611
707
410
775
603
767
566
839
447
899
687
834
751
675
630
754
586
611
670
771
511
754
486
775
518
749
714
907
547
807
555
815
727
846
679
705
657
779
491
739
666
815
555
751
595
898
571
707
571
851
626
663
527
807
583
779
439
957
582
707
527
678
627
631
487
791
713
726
650
611
595
621
555
798
655
799
579
707
666
746
627
662
594
551
526
790
602
807
499
683
554
777
515
866
531
634
507
803
493
818
498
626
507
667
583
695
554
827
543
651
475
675
463
803
605
663
579
702
667
854
533
885
594
841
597
795
495
911
455
891
495
711
491
643
490
731
543
707
667
719
503
603
443
731
519
722
591
718
643
707
574
791
639
698
555
762
639
799
538
773
567
859
507
787
555
794
519
745
551
755
662
623
587
687
719
743
521
783
535
713
683
727
523
799
599
773
599
703
503
935
451
719
707
882
513
711
622
671
498
759
411
715
563
847
651
725
625
853
538
766
495
739
539
827
499
827
669
635
587
663
655
755
517
741
535
687
558
710
506
759
519
683
575
855
547
879
609
766
611
711
490
806
441
723
615
766
549
819
545
687
525
863
567
855
478
710
587
739
539
651
589
851
487
579
589
931
706
722
730
867
522
847
519
783
315
731
446
710
415
811
531
647
674
791
547
738
467
867
603
831
459
751
558
843
587
607
639
817
355
787
603
871
543
790
514
703
587
738
515
863
507
723
638
821
541
555
255
543
255
490
407
703
525
739
615
615
551
747
451
507
501
583
565
543
499
359
675
483
549
655
614
375
451
590
491
447
611
554
479
507
507
559
581
543
506
518
587
591
575
618
467
589
490
659
635
479
399
419
615
499
510
595
475
539
531
538
619
334
615
595
579
459
435
559
518
647
531
611
635
522
587
495
579
402
555
459
471
423
539
575
514
427
643
443
607
551
487
607
483
639
455
511
611
599
511
578
559
571
574
527
487
463
511
502
595
447
590
527
523
603
659
557
614
527
462
626
626
546
578
542
546
506
522
618
538
654
458
490
354
446
594
450
590
538
542
558
386
414
669
482
497
491
519
527
407
415
555
550
489
449
633
615
703
655
463
541
531
515
495
530
391
435
459
635
455
446
535
447
590
393
613
535
399
551
614
599
635
547
487
462
379
434
535
430
411
575
575
707
587
350
499
585
471
401
531
563
439
539
498
494
435
531
479
583
467
481
419
455
447
607
575
435
607
535
703
582
554
579
571
619
587
479
471
467
653
531
803
490
569
582
635
463
483
511
442
471
619
442
562
327
471
710
518
387
414
450
471
526
491
662
611
587
559
494
511
611
326
351
655
643
571
399
543
531
554
538
579
527
458
466
551
450
523
567
550
595
522
491
559
523
651
601
503
670
567
459
535
575
611
639
566
559
425
435
561
427
527
455
519
615
555
567
439
483
579
383
467
431
619
403
547
451
419
558
647
459
663
462
479
507
414
479
435
391
458
539
558
547
579
459
462
542
575
575
481
595
607
457
462
451
479
551
686
399
566
591
518
531
629
442
662
499
598
535
487
450
619
515
454
389
463
551
597
511
555
595
451
438
567
683
493
779
519
499
539
438
667
613
467
475
515
599
474
582
638
479
547
514
515
526
487
527
415
455
551
734
554
407
615
539
497
435
617
359
587
459
547
734
385
617
587
479
554
627
567
591
567
471
663
391
619
514
675
495
527
422
646
483
530
543
655
515
451
447
515
527
483
503
651
327
542
563
531
495
607
510
587
543
619
514
583
415
454
463
478
465
447
703
579
578
539
598
374
691
618
599
422
543
390
330
394
583
627
559
655
605
451
599
541
434
611
407
406
375
662
371
563
475
619
611
555
574
530
655
739
527
547
487
518
435
566
455
594
470
567
503
583
555
479
479
631
507
579
595
571
499
325
277
343
299
347
511
