331
600
488
581
415
719
367
552
289
609
264
424
531
612
310
522
373
370
461
582
413
477
403
571
345
587
313
608
475
660
336
577
448
697
353
464
354
443
285
623
456
771
519
663
397
602
369
440
477
496
321
616
480
434
326
593
320
671
464
487
299
655
461
627
398
658
378
589
520
510
394
477
392
736
423
572
328
602
463
567
310
590
468
596
497
519
431
608
336
551
502
439
556
627
369
607
347
556
280
502
320
554
370
523
426
514
459
607
242
528
511
560
349
568
438
535
654
586
394
692
469
509
391
693
354
666
504
627
427
468
453
527
419
429
379
564
346
603
299
619
479
599
534
580
417
590
372
611
467
596
520
592
379
581
362
485
369
634
402
565
460
574
559
523
302
676
540
523
248
575
285
541
522
510
416
541
513
561
469
561
337
595
168
662
417
631
383
542
327
591
333
611
379
598
243
457
361
553
307
524
327
589
299
622
262
562
372
478
287
681
299
693
405
660
473
594
490
582
340
526
321
659
403
701
312
600
433
536
486
570
339
649
317
542
323
712
474
508
418
607
371
527
423
641
332
571
476
584
248
593
386
493
224
598
386
640
425
475
384
614
261
530
410
615
257
710
370
597
446
588
526
630
418
552
365
542
463
630
303
450
408
534
515
600
484
519
520
607
532
573
402
603
341
775
313
532
434
581
446
645
360
666
343
644
190
550
345
523
354
622
433
670
469
498
335
627
316
653
351
545
452
632
441
670
288
560
431
738
265
527
420
711
410
677
407
646
401
673
376
617
263
465
357
496
282
491
418
624
415
597
481
556
292
629
335
552
396
527
365
649
286
681
260
498
287
682
354
491
369
585
425
633
405
727
407
736
437
487
441
550
342
660
384
475
397
529
498
703
348
722
345
356
210
483
391
614
485
731
213
777
415
624
537
663
339
556
319
538
258
528
369
630
381
497
387
663
413
628
200
578
389
626
372
705
327
552
344
554
360
532
446
657
433
652
490
522
426
685
387
617
459
576
330
585
389
635
337
646
343
631
287
674
374
499
428
582
302
588
377
663
376
492
460
725
379
550
333
372
358
633
458
552
340
575
353
619
324
604
462
678
477
624
454
608
487
414
410
606
530
578
296
631
346
569
269
484
335
588
106
320
158
322
75
543
251
429
288
597
266
517
345
324
272
471
420
471
311
512
355
223
504
317
294
486
315
300
328
464
480
341
358
467
405
484
401
496
331
486
353
265
433
343
411
342
432
357
613
381
413
380
452
260
316
351
529
325
361
374
389
385
311
272
398
419
306
291
358
365
496
407
360
415
468
320
342
426
310
278
577
289
366
458
377
331
374
357
520
308
309
396
345
354
289
471
464
391
327
359
263
330
222
350
377
398
336
508
301
271
442
291
433
344
477
443
327
295
300
218
437
326
427
322
302
418
424
349
345
291
461
494
469
249
405
214
388
342
165
332
425
311
327
363
561
430
415
316
297
493
361
366
484
377
455
313
319
324
429
371
527
307
460
394
387
435
341
285
334
379
270
306
298
461
351
437
380
233
440
446
423
472
501
418
177
310
405
422
395
516
466
284
355
372
389
409
362
352
329
217
351
425
356
371
446
228
537
318
349
454
436
383
433
304
430
598
274
411
498
314
396
259
422
325
443
385
396
364
353
249
426
421
345
314
327
300
274
379
426
279
353
464
367
444
403
382
308
188
317
345
453
538
349
425
502
390
371
235
416
449
380
399
358
413
204
311
439
433
455
336
402
360
364
381
383
390
216
320
421
270
343
477
347
338
379
320
364
318
397
353
593
312
459
212
305
294
277
381
295
225
394
228
358
356
534
312
356
367
403
304
364
426
426
324
313
243
333
495
436
354
402
383
325
298
345
353
477
392
335
348
392
333
385
210
357
371
330
376
238
281
228
299
230
384
312
298
363
254
343
387
403
141
364
226
341
409
324
389
292
435
380
279
335
421
262
341
424
337
421
338
429
290
321
265
349
448
347
217
250
290
350
354
364
381
361
284
502
349
309
378
423
207
370
357
337
360
318
391
330
361
379
307
466
308
212
340
459
296
386
364
316
414
291
222
323
356
374
474
398
348
231
244
469
440
311
400
363
360
264
496
390
538
424
311
375
389
322
268
386
369
292
309
286
289
436
357
387
313
482
245
426
495
431
237
318
183
379
335
369
462
373
316
523
431
306
343
411
201
145
277
349
328
286
437
308
209
445
311
310
405
403
296
261
361
449
334
417
292
354
407
423
279
358
318
231
440
404
360
500
300
322
390
418
319
407
382
343
212
272
371
427
413
376
323
268
289
154
254
361
328
134
322
204
322
333
575
