395
563
267
679
514
627
207
450
218
538
411
438
294
601
167
499
335
563
335
443
190
654
259
375
286
565
462
655
258
550
366
521
299
609
327
603
141
503
362
563
171
545
283
551
371
515
362
611
295
631
203
483
341
599
387
515
391
574
202
537
395
451
307
563
295
659
271
606
319
509
395
474
379
478
387
487
363
603
319
486
450
553
387
487
349
470
399
347
261
411
318
454
363
479
419
502
327
641
207
659
367
491
326
471
315
651
347
378
251
415
191
418
283
498
323
439
271
370
327
506
323
515
311
583
227
457
295
459
295
479
195
477
247
607
314
439
294
558
294
473
322
542
263
623
259
531
267
482
406
407
259
515
427
435
338
599
405
595
363
451
239
511
367
483
283
523
307
494
210
507
243
507
350
515
335
662
321
418
411
411
278
535
282
467
455
431
363
455
391
455
243
615
275
611
198
627
231
550
206
502
171
579
387
523
315
449
291
494
326
534
262
503
338
511
239
451
342
517
214
603
423
511
367
433
302
503
311
555
314
715
219
463
403
505
355
623
287
437
359
483
282
507
311
378
318
387
471
447
299
327
290
355
327
455
351
443
410
583
323
519
374
531
411
487
207
642
270
539
347
539
257
499
343
531
423
627
214
634
251
471
259
479
230
573
307
567
465
587
327
427
411
387
454
613
314
415
295
611
391
583
207
427
266
459
319
603
207
471
395
415
255
526
355
487
295
603
223
329
287
539
246
555
277
515
455
470
383
589
275
627
375
523
431
683
389
471
150
502
401
510
335
427
471
391
303
569
314
462
391
489
307
519
303
647
339
634
427
471
339
587
395
371
409
483
391
439
383
478
378
651
263
591
343
550
507
451
203
527
491
531
343
447
411
507
311
569
370
547
331
567
318
489
394
533
302
567
235
458
427
581
371
591
187
526
302
575
575
578
235
519
385
550
331
594
395
549
386
471
317
502
230
443
358
338
399
655
215
495
303
527
253
507
395
454
470
695
407
439
247
482
242
523
287
534
267
622
378
398
229
454
483
603
398
669
211
419
226
570
213
395
290
431
411
534
421
499
350
554
419
635
338
571
374
475
195
619
311
443
251
538
323
522
307
411
167
403
371
439
218
483
418
422
305
447
338
530
299
403
65
243
0
181
30
555
383
395
294
491
283
518
362
215
375
326
261
343
263
343
309
127
247
331
379
311
254
247
109
219
423
363
371
379
194
135
327
242
295
287
271
327
310
263
323
335
302
295
367
187
395
314
118
335
399
249
367
199
255
355
267
270
226
350
155
259
231
351
301
351
399
359
317
147
262
217
258
251
358
377
339
327
230
158
191
259
279
275
367
147
83
379
223
351
335
347
403
335
314
231
163
191
274
299
155
427
303
339
203
343
303
263
294
391
359
95
375
103
303
299
133
339
118
269
251
399
246
239
218
375
335
354
413
307
295
327
269
142
347
255
254
171
251
255
321
227
355
295
249
314
186
306
231
174
227
147
323
259
281
231
275
126
291
403
270
201
223
395
275
283
239
263
270
414
291
295
435
199
278
278
418
255
315
211
279
175
113
318
291
323
319
379
374
306
311
254
191
333
251
223
323
291
311
331
263
175
258
299
414
155
346
123
378
263
299
235
213
391
126
431
299
226
262
201
303
255
263
363
287
307
459
287
254
322
349
299
382
342
471
319
262
251
510
431
318
223
330
351
343
203
233
363
307
271
295
287
363
307
481
403
330
319
391
342
226
211
250
295
285
289
377
243
219
287
415
275
327
278
279
191
319
199
266
275
291
346
282
251
331
330
331
282
361
277
150
159
222
271
351
153
343
221
391
325
199
175
199
279
351
199
183
202
307
423
262
246
274
174
226
350
243
303
219
143
187
323
375
371
399
246
258
339
391
151
242
355
446
285
299
299
215
234
294
55
351
375
231
202
358
375
309
270
282
91
307
123
155
399
467
367
230
177
171
387
370
251
278
227
191
415
397
255
339
295
314
255
223
323
199
254
331
178
255
271
287
319
207
257
327
271
243
201
274
223
447
415
331
331
427
203
182
238
225
206
255
274
287
387
317
381
326
205
379
311
383
359
299
214
286
459
371
330
455
310
291
219
235
331
202
341
311
327
311
117
270
235
253
339
163
211
291
247
298
367
203
335
407
359
363
362
331
271
394
387
359
277
295
383
270
282
331
299
198
382
410
371
399
378
343
231
439
155
285
507
285
207
310
258
295
451
303
250
338
395
271
198
259
222
226
354
334
355
367
223
279
323
410
295
235
375
335
259
235
470
231
235
151
379
267
363
259
167
247
413
223
210
235
247
250
195
447
470
455
527
530
762
