469
677
507
695
467
678
423
745
569
769
443
595
488
588
416
764
566
660
462
806
558
705
459
699
391
813
422
625
515
688
562
720
475
816
520
662
612
633
629
738
502
675
399
658
369
709
513
645
528
634
599
710
588
773
606
753
514
715
579
587
465
644
407
812
599
803
537
683
577
679
404
853
467
863
523
687
531
770
562
614
651
726
458
653
443
802
766
692
479
759
537
790
340
798
541
615
459
732
546
640
529
741
507
833
550
551
550
724
445
607
435
769
491
701
462
633
371
682
576
681
591
597
465
581
581
720
523
726
562
759
540
827
645
825
505
638
533
747
563
773
531
701
582
706
500
822
504
823
474
673
497
751
609
699
383
765
377
603
482
631
511
555
595
760
334
792
478
759
580
583
646
717
585
739
622
715
524
648
455
676
547
634
403
674
595
813
419
698
438
846
475
702
446
659
523
880
547
676
514
712
447
771
690
808
498
713
519
692
526
754
550
719
375
762
599
827
454
699
575
673
466
823
404
719
508
814
415
801
591
722
506
663
569
518
431
819
313
719
629
743
658
743
692
843
345
546
402
758
423
635
450
766
534
667
476
593
443
725
523
736
339
735
582
766
546
597
353
775
523
787
571
808
447
787
599
811
431
650
434
803
547
696
448
667
536
707
490
727
593
851
504
558
576
702
648
783
594
699
630
679
530
703
523
699
524
702
511
662
512
694
586
694
403
838
515
687
573
721
484
719
496
747
520
694
407
695
458
744
773
669
501
624
614
727
491
697
558
673
397
707
383
578
705
819
451
932
451
789
622
636
612
783
484
650
503
645
436
767
582
683
569
575
396
696
557
629
537
847
425
937
619
755
569
727
677
688
494
655
580
604
522
725
493
791
465
719
557
597
598
619
575
639
365
718
637
787
532
754
569
619
489
732
363
746
467
630
496
751
446
874
547
883
460
634
564
947
442
754
473
659
495
670
370
632
682
750
605
690
401
627
561
683
415
777
433
794
622
807
427
762
567
695
559
591
573
652
431
802
449
692
624
717
509
823
470
638
552
649
479
675
547
767
592
649
530
612
516
699
419
524
514
586
482
821
499
749
559
677
490
735
357
716
492
763
611
877
598
618
553
600
610
867
561
859
457
614
561
623
287
472
195
434
188
671
521
761
469
634
517
639
523
462
472
521
644
547
613
500
543
383
431
419
546
410
482
523
564
518
565
414
487
345
406
557
563
488
434
325
360
434
444
485
514
507
538
539
443
397
351
508
594
482
583
453
483
490
486
338
416
483
475
406
435
517
383
505
443
393
611
522
471
548
701
467
589
625
605
462
440
466
631
510
534
366
528
407
573
530
508
364
507
520
589
380
441
535
556
586
415
539
417
304
508
574
374
486
439
485
446
427
584
529
475
387
459
495
414
364
387
363
435
570
283
532
460
615
521
572
537
543
447
422
463
425
363
415
446
462
433
491
503
493
535
573
580
554
578
461
442
575
415
478
540
429
450
520
359
446
478
556
592
543
451
431
434
373
379
594
494
540
503
493
578
420
449
511
456
562
663
366
494
484
422
448
441
481
501
405
545
481
601
433
481
554
308
437
286
413
433
459
537
552
511
470
498
515
567
482
563
542
488
655
461
524
475
509
526
414
360
427
531
587
491
419
546
365
308
499
449
412
445
467
498
446
565
441
410
345
543
513
466
490
545
479
377
381
433
382
564
606
454
514
531
366
581
580
575
547
450
390
370
477
322
452
517
447
633
474
415
467
517
415
541
550
606
470
581
554
423
329
477
447
523
519
568
586
387
541
583
526
432
480
557
441
482
531
519
523
487
379
547
582
337
405
429
580
582
574
448
599
568
458
483
590
585
510
501
635
564
539
503
671
645
374
505
381
447
268
617
352
530
355
635
525
464
451
370
497
411
487
466
376
412
329
483
568
444
499
521
494
505
448
471
612
446
478
472
461
599
332
502
546
544
346
340
559
569
442
461
421
634
385
509
503
412
422
619
597
534
539
370
456
410
433
469
535
338
463
476
476
485
549
413
416
455
472
560
325
552
449
451
514
454
499
456
394
515
541
515
373
438
453
473
491
493
529
541
336
472
365
427
366
433
540
470
390
629
497
470
503
425
483
500
505
569
332
501
511
579
443
485
386
422
497
497
557
480
485
443
350
462
539
401
547
373
393
533
531
411
533
433
519
590
437
477
598
550
466
497
374
551
428
557
487
413
447
414
481
481
474
677
524
441
583
421
403
419
566
542
563
471
604
497
558
524
486
557
603
492
414
349
458
473
445
368
523
551
530
529
429
326
444
613
392
465
549
548
383
254
212
266
251
231
484
