327
559
442
619
399
691
443
727
371
703
567
631
375
671
343
499
459
570
395
674
351
727
454
443
479
651
463
547
259
658
351
719
431
655
551
679
491
503
391
551
459
591
363
551
362
651
470
599
475
587
551
587
455
719
435
531
411
599
423
643
383
607
463
655
435
695
627
627
447
631
411
631
455
599
435
483
619
531
363
567
459
614
495
471
563
639
435
635
483
639
427
623
419
715
315
699
411
567
359
755
423
655
467
731
355
595
287
563
439
731
427
579
531
662
311
595
527
639
471
587
455
586
475
719
450
579
399
655
419
703
447
710
387
587
439
679
451
635
435
743
431
783
383
603
479
707
451
767
387
507
463
527
339
443
411
575
527
623
415
627
611
855
483
663
511
639
535
639
463
591
483
651
431
598
583
626
427
779
343
743
411
543
226
571
523
799
543
579
459
603
455
595
531
663
518
595
443
663
563
735
319
647
451
579
467
695
367
623
359
663
435
719
435
671
363
527
383
586
394
658
411
710
438
751
511
619
395
611
423
631
303
515
483
475
431
623
447
435
491
767
415
571
574
555
271
511
523
587
487
707
439
639
562
495
543
847
387
699
495
634
343
434
403
459
483
587
487
603
407
647
339
594
479
667
543
559
291
542
391
607
375
619
451
627
491
727
547
559
479
727
423
511
451
711
455
611
519
667
523
619
271
671
355
714
431
507
531
671
423
503
427
807
487
723
431
567
431
591
471
671
399
647
383
623
455
775
327
723
399
683
455
567
443
635
531
695
443
651
515
619
391
555
463
691
511
563
423
635
367
567
395
651
303
715
495
663
371
619
499
651
407
635
355
675
319
647
491
579
647
638
459
683
659
639
507
647
526
607
439
523
431
551
379
831
451
683
367
723
398
695
359
575
518
683
411
663
555
623
515
683
307
659
491
635
499
666
331
659
487
551
467
735
343
555
403
803
479
642
543
763
427
551
547
715
559
519
459
535
339
714
346
423
347
595
483
639
367
655
415
727
451
567
531
691
467
715
379
735
423
611
550
595
507
891
547
707
431
459
495
607
451
571
523
623
579
751
639
755
387
499
571
699
331
678
367
703
319
671
587
671
431
634
343
563
531
663
491
615
411
667
567
731
319
619
427
547
419
495
39
255
279
315
123
675
419
647
303
547
371
603
471
427
411
295
415
515
443
423
511
427
423
359
603
515
383
254
419
350
463
371
331
399
403
415
579
451
387
354
351
291
439
439
567
447
507
327
447
587
367
415
526
314
403
407
523
487
459
451
383
447
415
383
391
251
523
347
267
307
363
455
462
319
427
483
427
479
559
527
463
399
403
451
499
443
323
439
519
531
399
394
519
427
423
479
451
423
551
347
383
387
427
543
495
251
387
519
435
351
503
351
615
359
419
347
323
479
411
390
315
350
475
499
343
435
435
378
250
319
455
415
603
291
486
407
403
266
443
322
579
547
363
479
395
319
335
491
474
406
495
363
371
371
371
451
562
403
391
395
539
223
563
399
407
499
443
415
479
435
387
351
439
379
471
463
331
482
523
359
387
491
471
399
395
331
467
511
475
535
331
358
415
395
535
443
351
431
435
346
438
267
407
511
607
363
522
507
427
403
399
415
467
387
427
323
407
438
387
523
459
467
355
463
511
391
483
351
399
483
379
523
407
259
603
323
571
395
615
495
463
399
451
399
555
483
383
402
435
371
351
383
407
519
390
526
299
527
531
483
479
187
383
323
399
403
463
487
331
586
423
363
483
403
455
355
491
547
439
387
451
291
359
399
403
359
475
370
387
359
434
443
563
327
527
371
395
455
367
542
523
367
359
399
403
439
535
370
527
403
379
499
391
335
263
391
419
315
471
391
491
439
311
363
343
507
435
487
391
439
486
343
375
371
563
391
467
431
510
503
363
350
391
410
431
451
547
435
399
442
571
471
411
415
523
419
395
515
331
439
459
371
391
395
543
379
427
379
351
391
595
355
299
383
443
351
343
299
458
435
511
367
447
419
243
326
471
483
551
283
407
471
439
335
487
394
439
434
455
455
430
439
527
315
387
299
311
515
379
335
359
279
411
371
490
403
467
463
443
347
427
371
527
431
450
363
263
403
343
411
442
383
347
379
355
495
315
319
331
323
363
447
375
415
419
363
247
438
495
343
574
379
419
335
391
479
330
403
391
319
451
411
494
419
447
303
459
423
483
471
395
411
519
359
439
375
514
499
419
351
491
471
414
551
463
330
447
471
543
475
399
335
447
411
455
299
383
351
387
427
351
311
267
367
443
295
407
335
355
367
451
411
415
183
278
247
379
255
487
279
371
363
299
267
391
611
