411
626
471
584
446
630
254
734
331
611
474
599
330
629
283
505
307
625
251
675
481
615
485
394
399
676
275
614
408
625
438
565
501
674
474
794
394
652
510
587
502
558
498
589
381
631
460
655
417
683
541
639
485
563
407
570
367
466
413
662
295
622
419
610
486
574
459
635
497
499
466
703
573
615
470
615
394
571
294
647
427
591
502
531
439
638
370
631
363
698
491
537
345
478
443
653
370
654
367
607
327
462
365
581
362
709
537
607
271
583
492
623
479
509
531
702
549
583
577
475
471
631
317
667
433
507
363
558
447
651
419
667
492
482
393
746
439
603
266
616
503
562
329
525
623
665
445
629
478
533
333
661
443
662
389
529
425
706
329
647
351
545
419
609
404
573
349
627
385
610
427
739
431
666
459
722
475
667
428
611
362
577
369
465
359
582
359
651
289
622
547
585
521
610
395
615
507
575
505
570
357
747
355
523
373
592
294
563
458
583
381
607
279
494
355
594
445
514
418
613
315
674
449
603
383
646
451
679
433
491
359
573
435
679
301
566
451
525
328
633
358
567
521
671
457
633
379
539
385
403
365
601
394
510
239
634
477
669
439
645
374
522
382
703
353
607
425
791
375
657
412
715
421
579
497
599
366
775
399
559
423
848
539
499
307
553
363
534
427
686
507
738
403
707
245
691
289
678
364
581
288
647
350
613
183
694
419
610
473
659
314
577
382
634
485
559
405
505
382
614
415
631
461
511
334
627
343
569
494
567
281
677
418
731
403
525
270
561
505
630
539
524
453
548
439
701
363
527
449
626
482
554
519
702
418
629
315
617
403
618
413
523
410
848
257
567
609
605
495
510
575
655
598
677
349
603
406
635
445
646
451
749
314
519
359
650
419
481
411
595
470
609
287
445
365
687
549
499
367
522
425
618
443
603
267
690
539
541
410
582
463
477
375
591
521
539
463
626
434
629
367
622
389
646
346
523
394
637
347
622
401
659
321
508
423
675
543
627
495
587
371
641
434
582
531
613
321
715
315
599
311
731
471
659
383
641
528
605
383
551
297
439
480
701
274
501
442
659
414
603
570
678
435
734
447
691
255
573
432
665
335
783
427
526
497
439
446
590
434
644
553
658
537
587
407
639
467
503
176
425
103
345
279
622
362
543
494
595
313
818
405
395
466
362
442
343
337
451
360
449
282
424
327
339
471
392
415
450
411
265
315
311
386
371
397
378
357
335
411
353
281
447
393
356
427
375
422
399
308
391
393
405
429
433
316
360
423
291
567
302
545
440
478
207
554
467
247
427
281
252
419
306
433
355
379
240
319
377
375
522
344
313
339
413
422
478
405
294
290
295
413
343
312
485
419
319
411
237
287
445
310
343
353
375
491
447
379
359
339
333
465
389
452
377
262
338
351
541
389
310
574
338
438
558
426
346
386
342
542
334
410
330
514
186
266
326
470
322
554
390
346
506
462
575
407
305
403
422
390
286
310
217
382
302
361
242
439
306
443
425
327
465
511
289
355
530
419
403
379
351
518
347
314
451
413
510
503
367
455
221
365
415
198
323
382
446
373
529
387
397
467
327
426
383
389
366
446
379
223
406
479
363
345
348
405
403
359
357
342
307
395
241
415
371
415
407
451
457
504
378
439
427
389
386
263
341
439
411
389
349
329
446
279
407
438
430
495
399
339
383
471
630
341
343
479
490
318
252
319
311
449
293
531
339
295
282
487
455
439
292
353
451
354
470
327
318
393
399
451
511
354
271
333
404
426
433
207
425
222
345
319
459
451
307
379
451
682
425
379
298
486
459
347
291
219
430
390
463
339
394
351
439
407
453
351
303
410
427
369
230
425
319
414
460
333
270
312
385
459
364
441
251
498
245
307
303
311
273
383
317
274
359
409
341
415
299
439
355
478
217
465
397
327
415
259
430
495
381
401
395
371
462
453
439
399
442
326
267
419
378
367
367
457
374
306
505
415
458
393
391
455
258
354
355
331
535
425
341
498
255
343
372
305
379
350
470
487
461
474
297
337
415
375
249
397
410
193
447
275
411
469
423
495
325
383
293
355
391
367
414
369
396
422
508
221
459
439
294
466
460
326
343
519
401
391
323
458
443
463
261
391
258
365
347
359
294
417
360
313
386
366
325
335
471
265
427
465
357
459
403
465
462
430
507
353
298
353
309
441
270
334
271
339
369
410
273
365
271
398
385
427
238
506
300
407
263
371
297
510
442
295
473
383
482
314
235
409
279
314
323
370
441
344
302
425
278
425
363
372
287
485
387
262
407
405
342
439
430
402
268
399
267
535
393
415
339
283
263
360
130
374
390
259
459
