205
455
311
490
291
403
414
538
326
491
187
383
281
443
275
429
218
515
275
457
146
358
289
273
377
310
223
545
209
450
187
537
393
590
51
543
154
503
305
390
291
471
278
475
187
438
231
371
262
371
177
433
355
451
323
383
218
418
319
565
325
523
311
501
346
545
319
541
422
522
251
554
254
399
243
557
258
479
203
349
301
490
225
381
138
579
189
458
306
447
154
463
173
530
297
441
291
443
306
507
350
393
257
421
245
409
187
447
239
403
239
543
267
519
337
527
183
494
266
394
225
615
203
463
170
322
329
595
443
441
327
370
274
509
249
395
411
494
267
417
163
419
214
575
229
371
283
593
163
383
243
389
255
458
262
561
221
491
150
490
274
503
226
538
249
498
195
477
263
591
285
459
126
605
287
551
211
407
349
355
223
527
247
471
119
431
222
357
202
346
377
455
351
494
241
495
307
337
251
447
321
402
327
527
337
427
319
455
214
507
306
583
261
527
279
502
179
442
235
323
282
523
338
382
329
463
299
650
191
455
335
497
95
495
242
451
326
379
411
430
475
479
343
374
379
518
191
551
315
443
111
283
314
435
179
515
347
510
341
546
271
451
234
490
187
443
321
537
203
466
405
451
402
482
151
499
353
425
223
551
159
459
203
445
207
387
290
539
279
447
147
343
179
471
207
486
289
375
325
462
213
487
331
706
295
471
217
483
187
350
338
531
223
466
353
674
335
353
303
579
295
387
423
535
335
299
395
558
310
543
230
397
217
474
350
477
301
509
291
571
239
391
375
434
183
343
289
509
311
462
334
455
329
495
421
425
275
394
89
411
115
521
150
485
257
431
169
511
214
585
351
550
145
427
250
450
266
319
219
550
155
414
277
435
438
374
307
586
303
293
251
266
181
503
170
335
315
403
250
595
259
415
274
491
370
399
123
495
358
478
229
546
438
434
251
475
242
455
378
526
255
702
183
337
417
342
317
463
183
341
351
451
251
543
218
355
266
366
331
557
361
290
254
443
265
471
270
470
266
503
338
327
337
441
251
515
75
495
375
455
319
351
305
399
254
471
243
499
229
465
317
463
182
547
406
383
279
510
363
369
215
519
131
477
341
427
339
407
247
445
323
358
345
502
326
586
199
329
3
291
0
102
153
483
237
579
295
394
343
239
203
267
194
179
285
309
110
131
17
263
266
166
295
118
231
214
155
243
321
243
291
198
358
174
233
299
94
125
310
194
203
107
259
103
226
285
383
229
306
199
235
257
250
303
158
143
162
255
277
203
323
242
319
218
155
278
374
127
343
201
223
101
327
267
278
145
327
158
265
343
359
294
394
226
203
89
207
349
275
203
253
285
293
313
97
321
251
219
110
211
187
167
263
83
297
181
197
297
379
202
263
183
367
246
107
263
266
246
274
178
274
274
254
302
254
138
202
230
298
274
278
106
366
322
190
242
246
238
314
178
282
310
223
225
311
255
367
178
195
177
286
142
222
198
295
171
250
205
235
230
178
289
443
103
363
198
303
186
291
223
343
315
279
246
255
243
315
233
251
237
219
342
282
227
234
351
214
298
381
222
318
14
281
283
187
191
199
237
297
163
334
173
345
223
381
245
265
279
301
359
223
210
151
175
255
126
299
290
194
235
287
249
403
298
239
91
239
195
355
119
346
127
26
261
307
263
305
297
107
266
287
403
165
218
311
154
386
51
243
346
273
225
282
294
259
209
195
191
223
234
190
105
194
226
255
187
51
182
338
239
230
165
294
191
283
251
291
199
227
66
305
318
334
179
147
151
181
263
455
299
177
238
255
199
251
334
339
281
251
111
270
146
118
409
261
335
291
203
327
351
102
123
137
297
275
246
66
203
205
123
229
267
369
166
251
310
247
299
234
211
167
137
271
331
165
61
147
195
262
209
191
266
178
209
211
47
175
257
391
242
219
119
285
251
267
231
259
191
342
119
359
262
275
183
285
367
339
227
247
185
122
183
145
347
325
269
263
299
405
166
307
235
274
139
367
274
315
219
263
179
301
327
299
195
171
217
273
271
295
409
275
171
275
185
245
254
255
222
271
298
217
139
367
331
211
339
315
78
243
321
255
263
366
254
303
179
311
399
191
287
179
211
371
215
242
207
487
33
227
161
323
279
275
161
219
171
279
139
293
231
143
257
157
319
83
241
273
315
209
87
242
391
331
95
250
169
173
295
225
98
306
251
191
189
271
258
331
285
287
191
339
198
339
171
371
185
206
110
351
195
214
170
397
211
339
307
339
163
278
155
291
215
159
219
107
215
211
267
303
258
243
123
115
251
206
222
195
298
390
247
203
251
459
455
