499
727
379
487
375
539
427
603
255
583
391
487
459
591
367
523
479
703
503
419
419
651
351
683
407
491
511
735
399
571
455
659
439
667
419
603
455
619
423
639
407
515
555
747
263
579
439
687
455
575
319
739
399
511
559
659
443
659
523
619
463
607
583
663
303
607
407
803
471
703
543
595
375
479
403
543
455
703
407
771
531
695
355
751
411
635
463
627
283
639
311
427
367
535
451
531
383
551
499
707
391
455
351
575
395
627
335
659
487
679
559
583
375
547
423
579
479
579
503
767
487
575
407
711
307
583
527
563
331
683
403
715
507
563
519
643
459
719
359
531
351
659
243
595
419
611
391
663
467
695
407
711
439
615
467
691
327
615
495
763
403
603
383
639
487
647
303
563
339
555
523
467
307
475
511
771
475
519
403
651
387
595
439
503
347
531
439
635
491
587
399
687
375
579
335
711
375
587
455
559
447
559
587
651
315
587
243
591
491
811
395
663
307
763
419
715
379
479
395
731
463
619
487
711
455
635
435
579
415
687
399
599
443
539
375
647
455
719
543
659
427
691
451
579
547
591
319
511
331
571
487
599
463
591
419
807
559
559
507
639
287
583
403
699
347
555
439
615
355
591
467
619
371
731
439
567
451
663
475
691
375
535
383
543
435
607
387
583
435
695
467
587
327
595
423
647
499
607
439
579
395
599
359
755
411
715
411
643
475
575
403
747
443
539
487
523
359
495
567
615
359
515
527
659
383
535
471
535
495
547
359
735
451
551
411
555
531
595
343
551
395
691
263
623
455
591
415
547
435
571
475
495
379
607
427
691
347
643
419
575
351
647
347
671
439
523
415
667
407
627
423
591
443
707
451
667
371
595
367
555
363
531
363
663
515
531
551
739
359
643
347
751
387
491
435
563
435
447
607
687
435
703
335
763
403
687
395
655
327
563
371
739
383
511
415
795
435
627
507
655
459
523
527
531
291
611
383
583
399
643
491
611
287
595
535
659
455
619
439
575
403
607
311
571
519
603
415
575
395
627
531
595
435
491
463
511
435
695
443
631
307
691
435
715
403
423
347
759
491
475
479
407
491
603
323
543
371
563
459
635
471
699
363
739
475
711
399
627
239
671
443
675
443
635
467
683
319
523
47
327
127
343
263
607
363
619
203
587
335
635
347
167
491
479
523
411
307
503
267
295
507
427
435
327
443
279
419
343
383
403
375
327
367
315
351
323
551
271
287
431
523
319
415
399
299
447
391
447
319
431
339
575
531
347
247
379
335
447
391
311
379
371
283
455
431
451
459
351
379
135
295
223
327
399
523
443
415
411
547
315
483
415
483
359
467
271
499
407
435
311
395
187
403
491
475
323
375
431
447
523
323
455
311
375
391
475
375
251
359
527
211
487
363
503
451
303
279
311
279
459
479
323
483
407
455
387
507
347
307
407
355
619
335
247
459
339
423
407
379
399
419
347
363
399
343
447
319
407
451
431
511
275
327
323
359
331
355
315
399
247
459
283
387
395
451
407
283
307
447
367
459
335
523
443
423
371
519
395
243
227
415
547
235
407
291
263
443
383
379
523
219
523
375
419
339
375
447
503
303
539
399
331
391
327
479
439
339
335
431
427
363
395
391
423
471
291
515
347
443
311
307
347
399
247
427
291
443
499
491
323
327
271
403
575
391
319
371
379
415
283
327
439
311
315
443
463
419
383
411
355
495
475
523
471
395
615
367
443
355
299
447
443
523
427
375
363
299
415
439
351
479
351
223
323
439
427
335
403
403
367
471
395
275
319
467
383
455
395
439
519
515
415
479
451
447
451
459
239
487
335
407
363
527
299
351
451
419
359
335
331
315
535
363
447
571
391
515
359
523
407
327
327
435
515
415
355
423
371
379
447
463
467
371
411
375
371
475
399
359
403
355
283
315
391
471
371
347
327
451
463
731
603
351
463
395
507
403
203
431
223
455
467
359
423
455
415
367
379
463
331
375
411
435
275
375
383
439
443
487
403
339
523
291
303
315
351
571
499
467
303
431
443
343
359
279
491
359
447
527
315
423
363
447
363
595
455
303
319
391
427
355
351
527
363
431
363
455
327
255
423
295
523
315
271
527
383
439
455
359
383
339
507
195
415
403
319
379
311
371
391
419
351
423
543
383
359
387
451
383
351
411
191
447
343
431
395
391
355
299
543
375
267
383
275
471
203
391
343
539
343
523
467
431
343
355
371
531
523
407
323
375
311
415
403
355
459
435
227
351
455
463
519
303
443
499
495
471
427
375
399
395
343
471
379
475
435
491
427
459
451
263
291
319
427
355
339
287
415
555
463
427
291
427
803
