359
429
323
747
469
599
459
563
481
679
473
567
440
746
459
667
311
635
438
615
517
655
452
753
497
623
502
666
403
589
387
846
549
538
395
573
410
571
426
665
439
682
566
558
434
665
395
562
466
531
430
753
425
570
391
710
499
587
481
578
423
595
511
729
423
810
511
553
559
578
609
661
510
535
499
746
430
650
527
639
455
595
523
651
426
513
440
563
451
633
441
702
303
569
442
657
467
542
390
639
463
626
387
600
431
627
257
731
439
615
377
593
475
731
482
685
533
594
329
646
571
453
483
725
438
673
331
667
539
755
447
575
435
738
334
785
543
635
398
498
327
639
292
788
554
591
417
715
573
595
517
525
411
569
431
737
514
597
355
651
385
705
383
554
407
578
474
623
593
759
403
674
433
620
380
565
398
595
447
627
534
641
486
629
507
558
398
710
465
586
425
497
542
580
523
647
507
618
386
589
560
615
466
727
487
815
502
698
484
573
495
625
374
555
475
522
487
619
531
474
270
514
569
631
457
639
437
635
363
759
358
619
265
571
491
731
471
599
423
583
587
662
411
779
394
675
341
621
470
575
473
555
439
697
431
569
501
613
518
658
559
749
603
613
443
623
562
583
438
626
395
623
390
675
518
478
494
677
455
754
436
586
515
689
443
716
351
743
391
762
483
700
557
554
493
586
322
607
405
621
354
639
411
637
378
743
382
689
529
622
386
709
445
680
434
509
441
585
395
633
425
739
477
616
423
547
427
570
451
661
467
523
434
618
582
642
330
711
422
763
534
614
474
667
386
647
532
591
592
663
487
663
463
538
395
669
439
633
442
745
430
624
523
783
531
703
341
641
391
455
522
649
399
735
428
629
443
491
397
678
303
725
567
563
600
736
491
723
379
661
505
683
346
546
362
729
275
673
522
805
505
661
435
531
481
695
470
651
422
803
443
715
378
565
446
680
471
772
374
691
475
448
463
651
359
635
581
789
411
582
537
611
570
705
462
591
479
691
518
714
331
571
526
566
508
631
442
818
559
687
514
538
398
659
400
646
383
555
474
573
502
642
519
642
529
521
434
703
439
707
406
771
487
733
353
837
394
526
459
702
531
747
476
478
471
653
414
515
494
747
464
693
433
623
461
558
382
511
246
267
147
243
350
619
455
622
380
540
406
623
550
361
395
538
363
299
454
395
271
433
311
375
389
459
453
393
441
454
533
431
537
389
453
257
359
363
371
437
446
591
426
438
519
258
318
483
460
347
525
283
415
403
593
438
343
308
339
405
435
606
335
515
447
407
495
349
310
426
483
430
495
462
438
441
450
470
434
235
483
419
342
471
338
307
419
535
311
341
379
330
379
210
530
381
341
535
343
423
229
422
342
434
391
383
457
427
319
357
474
406
347
539
382
311
457
387
547
398
505
535
373
379
461
403
659
386
392
509
319
346
369
543
330
458
383
290
437
387
403
429
449
374
463
545
393
349
382
435
387
370
461
429
398
457
397
475
395
357
441
341
526
545
419
449
312
361
359
429
375
417
434
473
483
491
303
410
484
441
431
369
501
267
507
304
363
491
399
455
265
227
446
381
339
399
413
307
459
303
495
395
344
415
430
350
475
426
494
506
447
479
403
387
458
383
438
287
390
414
409
482
524
417
490
427
313
508
487
365
277
355
411
354
467
321
379
374
494
427
310
473
373
364
455
343
375
423
441
329
433
279
609
405
517
517
447
458
435
431
325
423
395
347
439
443
339
371
266
393
654
418
390
373
378
406
305
346
435
459
364
379
471
557
496
426
295
344
401
440
515
487
471
489
337
338
617
511
515
371
428
357
531
479
441
542
432
417
461
531
429
547
521
450
436
407
391
258
471
434
321
338
338
257
354
475
363
423
433
363
362
339
475
259
559
390
507
415
381
360
574
518
347
361
366
517
289
417
422
393
487
555
307
415
492
309
381
566
510
387
423
303
623
459
385
411
434
431
371
421
310
511
270
386
487
411
525
443
549
449
483
458
363
275
454
313
449
425
317
383
495
286
390
443
434
391
447
330
483
298
415
478
459
542
335
471
435
418
376
423
457
435
445
535
455
496
403
391
314
403
411
371
485
473
409
495
473
390
571
381
441
471
329
439
329
423
279
477
455
487
340
483
278
387
363
391
519
379
415
437
484
390
438
349
382
425
282
369
415
491
323
303
325
381
263
366
463
426
426
499
482
239
177
427
475
499
394
433
423
438
386
335
423
375
355
459
367
455
429
384
471
315
291
377
346
325
510
243
338
458
531
439
474
381
420
491
407
478
414
319
358
441
554
135
519
455
420
543
338
291
333
479
367
523
361
605
