367
535
439
567
571
823
399
735
367
527
330
591
511
551
427
706
435
639
375
579
447
787
558
803
630
615
483
767
422
543
355
627
471
671
419
663
579
535
483
675
447
747
319
743
475
551
459
555
439
791
483
603
387
507
439
666
391
691
391
579
527
447
383
667
519
739
399
739
423
623
387
831
451
735
499
775
511
611
539
587
379
666
543
523
446
526
435
611
403
759
359
715
491
655
371
719
583
599
515
735
407
659
479
675
395
539
294
607
499
622
510
691
558
559
523
555
363
755
427
682
307
559
459
811
338
651
331
687
607
731
559
695
615
707
391
651
527
615
423
623
355
627
499
723
474
638
395
771
295
603
534
719
367
719
511
651
287
671
443
607
403
643
603
555
411
579
326
675
487
611
503
619
443
767
479
843
455
707
527
559
366
695
455
639
531
851
287
683
447
579
411
647
471
663
323
575
379
535
499
575
431
731
503
579
539
699
275
651
375
691
503
715
431
590
471
647
455
683
351
455
399
598
383
571
463
691
431
675
311
595
467
759
411
619
463
591
419
571
507
827
479
839
363
627
283
647
511
631
390
679
411
675
483
663
387
638
419
715
423
623
419
623
495
787
511
551
443
631
491
671
550
567
443
551
479
751
423
771
363
779
531
606
495
735
387
575
527
627
559
611
511
723
315
579
407
755
399
639
578
695
315
627
367
571
390
615
427
582
519
743
446
567
515
611
391
531
431
695
331
515
495
887
307
647
407
651
419
742
431
763
491
523
435
498
615
547
435
655
547
699
579
695
419
695
259
611
395
811
435
715
323
871
431
715
407
699
435
559
415
571
518
527
495
674
498
654
487
751
383
559
431
634
427
490
415
607
399
503
379
667
475
615
546
695
539
611
407
803
423
667
283
623
487
715
447
723
499
587
495
671
351
643
495
503
255
683
495
519
499
691
335
799
547
711
419
639
343
619
383
639
499
670
431
635
463
791
499
663
383
639
574
659
487
675
431
691
383
739
631
535
443
475
407
727
467
747
523
590
387
566
391
679
539
771
459
678
411
519
551
691
487
670
555
683
447
695
439
659
394
747
435
726
531
631
546
563
363
599
407
743
418
891
591
591
423
567
403
743
311
695
363
591
379
463
523
591
483
538
155
439
155
323
147
799
315
523
255
551
495
583
483
451
539
455
459
483
519
387
326
331
423
479
239
331
575
579
187
383
543
307
350
447
523
511
463
383
403
387
519
315
450
358
423
343
490
335
323
319
471
358
519
391
455
347
438
475
463
539
487
395
451
383
498
467
479
315
495
287
499
355
379
215
411
375
427
559
391
411
407
475
415
491
403
343
459
543
439
411
523
451
307
307
463
435
467
491
351
299
247
515
406
427
523
243
475
443
411
351
375
410
411
242
391
342
379
487
663
315
479
331
483
511
411
511
411
383
407
459
503
495
563
507
427
527
371
439
579
423
395
347
523
455
395
355
299
307
367
239
395
391
511
419
383
419
463
426
567
483
239
323
327
395
395
423
255
455
307
255
395
254
319
342
371
359
371
543
411
327
455
547
351
283
339
406
423
379
355
387
422
487
495
239
443
415
443
463
411
346
327
339
283
315
511
391
515
507
279
491
523
291
531
291
407
387
403
331
491
402
427
402
407
403
442
319
439
503
438
419
511
195
407
295
503
299
263
307
507
415
435
319
291
443
371
430
231
539
286
327
375
427
427
371
375
511
443
391
471
383
351
311
371
335
471
383
347
303
587
559
382
495
531
223
455
375
430
447
515
358
403
355
383
231
510
399
419
439
419
263
470
483
407
355
475
447
379
331
555
327
427
399
475
358
555
547
466
327
342
335
495
319
299
315
467
367
419
351
547
299
434
295
475
371
327
431
375
459
611
299
395
451
459
287
539
375
363
495
423
562
383
387
274
443
422
502
447
371
367
355
511
331
379
439
422
383
435
367
383
431
347
411
314
327
339
431
587
387
379
487
351
479
374
467
342
327
479
519
467
335
427
239
359
279
474
375
507
311
471
323
307
323
435
195
479
459
535
327
283
183
411
347
450
315
431
343
551
519
355
291
471
487
583
322
479
407
599
442
443
363
490
263
427
367
287
335
483
407
447
347
411
623
503
450
319
531
387
375
439
418
539
463
387
447
447
603
414
343
539
403
278
387
415
467
575
419
555
415
507
363
503
375
255
263
375
395
435
447
391
419
335
375
551
375
507
371
523
443
406
347
535
443
407
547
523
283
390
491
487
439
435
463
399
383
470
371
354
367
311
547
447
583
423
327
307
394
399
499
323
414
519
247
471
271
442
407
387
399
299
387
494
367
503
279
347
743
