322
578
378
467
311
574
434
551
358
391
290
381
313
527
361
423
254
503
278
415
314
463
336
507
310
550
180
469
187
439
467
579
307
589
395
463
258
579
405
538
253
471
311
362
419
477
335
435
374
490
309
561
335
518
243
533
227
535
395
335
327
474
277
606
327
510
359
541
233
426
279
507
305
442
262
602
365
461
283
501
435
523
327
427
383
655
251
635
209
461
291
320
287
335
423
290
358
611
439
405
203
485
275
491
250
538
323
388
307
495
319
599
329
602
335
639
291
533
347
542
229
514
313
436
279
361
215
462
314
431
404
498
263
427
393
559
279
462
303
530
343
427
393
412
303
413
350
493
351
595
146
619
274
483
241
604
309
490
147
587
409
553
230
662
270
571
347
463
295
431
295
523
173
586
323
525
425
508
383
477
375
503
335
568
245
383
359
561
378
636
417
431
416
570
278
559
207
586
296
464
296
460
265
575
190
587
197
503
215
411
307
638
213
478
345
417
323
491
242
445
322
430
211
419
187
535
301
646
403
523
219
407
279
347
407
563
365
551
368
501
357
541
399
543
281
479
59
639
337
394
275
451
239
259
304
485
313
578
294
382
199
559
349
515
351
431
309
631
375
455
405
606
463
535
321
447
301
519
326
407
251
410
305
431
422
471
323
563
461
471
315
377
381
517
265
510
330
477
180
461
277
634
187
427
270
550
350
530
235
595
466
375
268
457
235
470
387
503
267
501
293
495
291
514
358
402
347
576
445
443
209
465
182
515
215
491
343
422
426
643
129
435
431
399
219
477
295
532
337
575
430
541
355
567
361
666
279
502
270
518
94
487
238
509
281
493
285
435
394
533
403
562
305
477
427
539
371
442
434
497
339
395
278
561
279
478
190
539
233
446
151
571
141
549
386
429
245
549
171
494
371
567
265
523
199
433
419
467
382
598
166
391
271
484
214
563
313
495
474
587
285
469
276
347
190
442
259
503
527
594
286
413
281
435
273
420
357
463
387
583
222
459
350
610
247
359
288
577
471
518
407
429
418
395
283
519
241
553
268
489
231
549
345
615
286
554
259
643
355
467
325
489
281
563
383
523
203
413
236
537
212
516
157
611
343
609
213
449
215
493
235
623
310
475
293
550
329
190
7
105
0
328
59
463
485
523
471
555
231
536
282
289
207
162
221
134
459
379
355
278
289
246
258
226
367
257
224
242
306
259
258
195
351
266
346
83
290
355
337
261
235
331
522
318
323
335
245
203
302
283
279
486
177
267
198
245
194
190
163
303
363
243
271
151
403
202
309
327
295
149
209
225
255
261
239
407
281
382
382
210
297
267
198
231
174
223
255
287
295
219
405
394
409
247
550
364
299
231
237
383
234
220
273
331
171
209
218
125
368
302
291
327
233
258
410
403
358
249
203
250
293
235
379
279
291
178
367
286
361
278
299
322
179
229
281
183
368
313
394
247
363
391
311
247
311
243
187
167
286
131
193
123
205
287
385
222
263
375
291
154
271
329
199
387
215
366
311
197
207
226
165
259
271
179
191
246
218
366
182
297
147
301
379
130
339
342
199
170
281
384
395
358
251
325
209
185
295
299
391
269
254
299
346
213
303
292
263
143
319
226
254
307
255
169
171
389
311
285
413
315
230
297
323
316
357
266
406
261
365
247
339
189
263
219
255
219
279
398
268
383
379
198
327
318
351
187
385
247
210
381
443
239
385
266
266
357
93
241
359
291
305
266
221
286
275
154
257
150
215
381
403
371
326
237
298
336
331
163
354
130
338
357
293
207
29
203
189
381
335
303
299
195
277
287
390
326
128
235
259
326
463
345
259
270
391
354
291
267
355
367
182
297
174
329
321
148
419
322
375
243
426
295
387
307
138
233
117
253
146
151
341
154
315
243
379
273
382
153
187
239
239
142
219
328
343
330
431
307
225
267
207
130
155
169
305
367
363
318
244
213
266
247
439
335
347
167
379
257
347
194
326
471
303
398
133
122
403
297
421
293
291
126
225
233
155
346
183
163
207
407
283
255
229
323
338
370
231
349
310
319
400
266
286
259
275
151
350
229
183
125
439
179
269
325
263
291
215
222
407
275
502
290
371
351
523
310
459
282
262
286
267
259
355
199
150
297
259
371
182
251
330
203
419
142
360
251
383
217
286
274
323
238
283
317
127
358
400
218
371
260
306
395
306
385
332
395
374
291
299
165
215
263
271
321
427
209
246
269
243
259
203
315
275
413
283
282
219
287
339
219
279
293
275
463
291
303
299
374
403
315
235
211
275
309
267
267
331
262
373
293
331
159
195
339
245
175
259
334
470
310
325
411
381
543
