441
471
308
557
286
501
259
565
291
495
248
487
222
393
267
486
267
519
236
469
241
517
178
489
227
314
271
569
222
613
275
501
394
523
332
453
371
516
273
402
234
533
322
445
226
435
349
555
274
507
325
591
275
355
227
426
276
495
369
526
328
433
201
533
301
573
326
461
275
522
274
603
293
410
308
461
127
535
195
478
358
472
288
622
104
570
346
455
164
381
194
482
224
507
319
508
305
458
331
559
391
498
387
563
251
388
363
629
294
497
333
442
243
448
277
494
243
518
283
544
348
415
248
377
303
636
175
472
239
628
306
622
123
506
400
468
192
550
122
499
290
413
330
595
261
567
491
354
370
482
371
459
161
544
455
593
224
339
255
575
225
439
342
451
252
483
331
561
410
413
326
321
253
434
122
520
271
431
287
531
366
526
527
475
307
583
334
490
333
411
222
561
263
409
378
550
380
481
262
567
297
298
317
542
266
489
331
548
299
471
353
488
398
503
219
645
241
453
260
566
243
451
331
591
219
490
355
457
250
408
142
525
187
369
269
529
289
623
479
563
266
552
320
559
264
535
215
449
368
492
185
413
274
496
228
639
433
366
375
537
221
448
290
521
378
413
490
615
439
387
464
381
301
616
88
487
387
460
294
565
323
567
374
503
365
491
279
530
310
530
219
572
365
690
188
546
174
518
394
506
266
489
349
402
272
579
509
573
203
569
311
461
351
526
205
520
335
504
162
475
322
463
391
609
318
620
307
571
273
622
347
512
322
506
325
407
275
512
378
490
239
498
218
686
306
562
260
553
224
435
257
469
326
521
382
471
175
531
334
402
251
591
346
678
403
523
353
428
296
535
416
471
208
459
402
491
361
578
196
647
303
521
341
497
209
563
273
500
328
465
283
540
98
404
380
493
251
451
349
561
200
643
381
453
296
543
238
430
392
421
198
535
373
531
174
471
268
663
375
491
342
476
254
451
215
435
503
516
290
408
290
583
247
430
423
302
265
631
321
474
240
517
269
470
341
409
366
459
426
591
311
491
313
351
208
471
411
504
434
543
335
369
336
479
161
528
414
663
335
634
392
398
345
498
225
451
354
475
134
488
283
442
319
620
184
436
258
500
301
641
219
402
267
528
231
380
251
294
23
258
0
127
44
603
270
601
301
472
295
485
360
316
310
267
222
255
277
342
334
314
354
164
105
400
207
235
328
226
399
300
264
266
228
219
218
271
271
99
258
123
372
242
313
266
501
181
243
149
393
175
203
186
157
303
329
137
286
134
299
277
546
314
280
274
385
225
296
145
295
319
199
327
100
293
276
439
313
189
251
313
245
242
231
465
223
311
199
228
285
167
183
297
308
250
249
281
194
281
185
229
353
395
215
223
255
310
307
346
267
368
361
219
286
189
260
127
433
261
341
309
353
253
221
397
253
321
225
301
297
129
425
249
217
213
217
217
313
293
433
213
364
220
364
198
342
243
189
258
364
213
271
353
245
400
325
222
201
333
223
306
303
217
381
335
204
278
250
244
238
243
347
243
317
268
306
233
317
280
238
267
355
166
334
230
211
51
281
199
265
241
222
248
293
326
151
321
394
213
347
222
254
231
259
266
245
214
337
207
203
332
233
237
200
343
247
243
271
343
138
153
263
190
422
372
234
163
195
294
213
225
259
242
158
146
233
323
262
256
179
349
188
276
309
315
321
162
244
371
289
389
233
295
469
214
280
261
320
358
282
192
267
238
259
204
292
415
243
281
444
250
202
430
246
263
342
146
145
382
327
171
269
325
121
283
347
335
303
255
233
199
355
87
494
259
301
191
317
243
385
402
219
321
298
289
335
127
242
311
246
274
315
271
443
182
230
303
297
318
209
203
263
261
279
231
286
261
74
243
317
428
169
275
218
339
207
271
291
345
294
338
219
187
281
324
232
133
292
387
354
199
257
259
325
245
215
282
166
259
357
275
267
261
242
161
249
215
111
320
409
289
370
185
242
229
249
287
237
303
243
270
355
373
240
281
241
171
281
305
247
300
290
196
218
210
426
187
272
322
265
226
297
197
243
289
317
379
337
165
319
239
301
230
306
342
331
186
367
179
234
195
292
348
110
194
290
218
327
298
301
297
338
407
316
283
277
284
192
333
134
187
195
401
331
163
339
334
324
247
461
262
304
236
194
224
118
163
295
288
173
314
363
293
306
359
302
249
186
279
348
236
279
173
387
188
343
398
213
238
154
243
337
231
327
413
407
160
113
255
298
199
166
359
323
292
319
278
189
151
223
150
229
159
269
350
298
325
306
158
339
284
257
197
270
255
172
183
396
203
419
425
513
499
476
685
