355
639
435
679
355
611
299
667
459
679
359
603
407
647
483
575
307
579
339
547
267
555
331
639
451
755
331
675
327
651
415
703
483
671
395
627
251
619
255
563
359
719
463
631
267
543
503
691
503
615
371
659
479
579
399
663
319
715
379
627
295
559
491
659
447
439
507
643
371
619
383
571
439
667
371
599
371
611
411
719
491
699
319
635
439
703
363
643
511
563
443
675
355
535
495
603
619
543
287
723
491
663
319
779
275
587
363
663
343
607
407
671
523
543
371
563
447
535
355
535
423
679
367
711
211
423
391
871
399
683
351
703
463
551
427
747
287
607
387
607
407
731
331
739
343
655
327
699
259
627
531
591
419
343
551
583
331
475
271
655
239
507
255
555
423
563
495
543
447
491
439
587
295
511
503
679
407
543
439
707
467
463
303
587
195
675
359
703
295
655
563
543
423
607
463
631
219
519
227
611
367
511
399
579
299
711
227
671
415
503
355
735
275
483
555
619
367
547
343
471
435
495
287
603
375
419
491
639
367
667
191
679
371
579
395
591
347
543
447
659
391
579
263
487
295
471
447
751
439
403
499
543
567
555
559
711
411
591
379
671
315
523
347
399
307
615
351
651
295
595
563
615
279
547
435
663
379
627
411
599
527
603
335
535
347
547
407
711
343
511
463
607
451
791
511
611
467
615
287
671
367
587
399
703
359
707
323
511
335
651
371
467
439
539
319
667
251
523
319
663
435
739
495
627
211
467
475
563
311
731
351
459
427
411
447
639
375
431
295
599
323
527
399
727
391
691
455
663
479
587
251
635
343
567
359
683
331
443
431
631
471
671
455
619
399
627
515
447
555
647
547
643
351
583
395
587
539
643
491
559
323
623
323
451
351
579
463
679
431
647
515
551
403
491
539
643
439
495
211
651
339
659
471
515
323
535
379
483
391
667
511
639
427
527
539
571
391
507
367
583
467
499
295
703
439
523
479
707
315
595
251
627
347
767
447
691
391
539
295
795
403
555
475
575
327
671
523
663
343
659
323
611
467
615
403
499
339
579
507
427
455
535
439
671
567
731
471
675
343
599
407
627
355
487
283
631
419
627
543
447
315
547
275
707
387
543
459
623
427
607
467
563
455
707
447
691
403
471
67
343
163
311
75
663
347
463
335
479
419
571
435
459
415
371
447
439
303
251
339
215
495
423
143
299
323
371
399
263
475
243
383
383
403
435
391
327
283
407
395
411
367
571
363
331
307
303
499
459
567
355
503
379
359
379
355
343
391
355
403
303
419
475
539
415
395
527
391
227
435
367
415
291
363
235
219
539
331
359
347
451
463
371
391
399
403
379
431
187
459
475
387
507
423
251
391
267
335
359
359
443
451
235
331
295
487
387
427
339
443
415
355
179
443
419
415
427
383
423
423
255
323
327
467
263
487
379
347
399
331
367
367
295
407
483
507
259
355
335
263
243
219
275
283
315
371
431
347
415
407
451
471
343
367
459
387
395
399
483
259
163
427
391
347
247
387
383
347
267
463
335
403
175
439
419
263
419
291
403
379
407
439
223
435
379
451
427
427
467
315
407
535
523
383
439
463
347
335
527
415
347
527
383
447
339
411
403
315
255
435
283
391
423
507
395
355
423
423
447
351
299
315
359
451
455
407
379
435
239
319
419
259
375
215
439
391
279
459
343
451
339
459
459
455
179
351
295
511
199
379
387
395
419
531
371
359
439
487
375
511
367
295
311
283
323
407
451
431
343
315
375
375
423
263
399
223
391
395
375
427
411
479
515
491
291
335
475
259
391
523
335
335
467
399
451
219
327
391
479
275
307
539
471
451
303
451
351
327
455
483
199
403
451
271
287
431
355
507
523
327
403
451
363
371
303
315
439
491
255
355
343
427
279
287
463
435
383
411
131
375
283
323
351
219
319
339
295
455
263
515
303
403
331
339
291
267
419
351
283
291
287
295
319
359
299
475
391
375
219
287
547
511
327
351
263
363
299
459
375
459
411
471
383
299
527
499
503
343
419
463
315
263
499
307
427
303
223
311
375
451
395
363
279
359
339
431
367
427
471
271
319
247
299
367
387
363
367
391
383
395
383
483
399
351
479
231
383
395
263
483
287
467
383
463
311
395
331
335
467
183
283
347
267
319
279
427
343
383
303
391
391
423
311
383
311
427
419
359
283
327
351
327
583
339
375
243
463
379
411
351
423
235
215
207
431
271
319
319
279
355
523
443
411
439
451
395
367
419
319
443
463
439
363
379
419
439
251
359
271
399
303
299
379
383
335
411
319
379
283
359
467
263
243
375
415
339
451
427
251
347
323
371
395
403
495
