377
705
451
590
467
624
679
791
427
735
460
634
516
655
497
698
494
734
486
793
434
558
477
698
415
740
689
701
601
704
371
639
556
705
362
844
609
581
593
691
303
596
686
791
403
676
562
793
547
844
464
777
403
755
558
712
495
608
574
634
462
694
523
770
515
541
526
712
592
680
457
673
541
716
434
752
463
713
311
778
425
611
514
638
406
600
429
715
608
574
547
638
466
718
439
772
495
684
498
812
517
717
578
785
434
771
531
585
548
642
493
589
438
657
400
586
393
632
452
648
512
755
495
687
347
767
494
879
473
698
600
716
550
615
537
699
391
697
586
814
459
663
505
604
475
580
537
787
477
749
496
774
543
770
491
722
489
761
372
820
455
745
498
718
477
765
356
650
500
788
431
538
454
722
453
584
379
658
428
651
412
635
468
650
437
614
581
754
463
750
431
819
501
606
522
643
467
867
454
760
273
715
390
702
493
644
557
686
590
626
514
771
615
649
315
742
379
745
409
558
604
637
486
676
470
703
467
766
497
728
374
778
387
581
383
673
509
653
442
737
547
648
523
733
477
718
566
759
522
619
312
549
395
668
535
621
600
611
461
830
593
667
367
865
441
707
461
653
545
707
511
757
469
689
465
655
492
834
568
783
532
545
431
681
402
794
495
556
529
658
471
737
409
705
369
743
382
609
368
664
541
675
547
745
496
641
588
629
440
726
504
567
484
610
585
573
381
538
523
713
483
644
588
735
578
704
375
750
528
581
573
655
547
656
608
797
613
759
611
670
570
607
527
692
515
666
471
740
439
622
405
792
380
745
517
602
392
686
334
676
553
684
526
628
469
671
428
760
449
712
329
610
438
650
504
775
338
650
456
605
463
716
371
763
355
677
383
475
497
622
462
685
526
532
471
658
438
665
502
834
324
690
415
611
589
681
422
765
405
777
431
629
515
643
437
779
522
718
540
806
329
751
452
730
470
643
510
621
449
633
619
647
433
746
454
810
381
715
539
890
410
743
426
726
369
772
630
717
542
702
479
713
574
675
449
567
400
706
427
665
427
663
652
786
527
535
481
779
536
735
422
777
357
623
577
758
310
569
408
666
431
775
377
671
549
637
565
633
418
643
587
703
449
782
444
596
420
523
166
415
85
354
217
804
478
526
428
685
363
713
511
560
577
613
520
303
467
359
508
339
472
528
561
360
450
486
508
553
405
520
384
538
462
551
426
395
496
461
461
554
558
396
435
445
452
541
354
557
588
389
352
391
453
370
456
461
442
460
382
374
513
484
330
563
464
390
378
512
481
298
305
424
522
510
535
357
507
347
588
442
470
386
409
508
396
518
549
357
496
508
581
513
470
429
499
378
530
283
336
417
485
579
375
374
464
480
409
562
471
399
483
512
424
471
420
427
311
535
429
393
469
557
289
401
525
473
549
489
381
457
501
437
417
497
533
389
373
593
513
453
537
353
461
440
487
395
339
451
485
310
356
526
482
511
319
362
477
632
441
387
589
321
422
443
545
552
393
417
426
414
507
591
448
613
458
405
417
424
524
437
480
296
450
459
392
530
644
506
516
527
409
310
299
468
449
392
487
305
434
617
481
471
415
420
500
331
371
495
526
435
383
380
471
593
506
449
502
430
416
392
620
537
529
393
390
390
407
449
373
437
520
429
340
390
451
273
534
429
491
437
629
479
473
471
358
393
629
439
457
463
516
437
456
469
503
448
472
486
482
374
467
487
421
385
482
493
401
563
489
399
393
529
312
475
399
438
430
405
365
443
479
373
390
472
448
517
524
455
351
489
511
438
377
395
551
350
433
493
469
494
435
457
358
401
622
358
487
511
361
443
571
469
452
394
479
479
457
468
583
452
399
367
365
554
479
441
388
420
513
287
702
478
533
313
523
478
457
589
405
536
515
385
509
444
369
558
463
527
632
400
555
399
442
462
353
377
533
475
364
442
463
621
518
447
495
567
525
361
479
510
507
555
383
388
372
346
462
406
439
445
430
365
497
442
435
431
456
470
639
429
367
374
542
500
482
282
535
611
440
510
536
533
355
458
483
419
380
476
598
534
472
429
661
471
408
549
320
344
546
466
471
295
391
431
463
445
403
562
585
466
354
492
466
449
632
351
363
533
337
430
457
407
375
312
542
529
555
458
471
429
331
288
485
483
419
351
394
399
550
343
500
522
456
466
459
479
554
334
431
396
500
497
284
400
419
376
398
489
429
326
535
320
547
478
337
442
367
487
577
441
547
545
527
398
511
478
475
435
538
425
476
534
551
342
470
603
622
397
440
374
511
481
640
504
446
493
401
351
487
354
375
420
498
590
