447
607
419
599
399
571
275
571
339
515
347
558
375
607
435
571
462
527
375
623
403
599
434
595
347
431
359
510
515
543
383
675
343
643
422
447
527
567
491
555
423
467
415
655
299
543
535
787
439
591
371
419
439
695
339
490
343
579
351
703
291
507
331
619
319
631
423
587
455
675
459
527
451
495
395
719
375
615
435
591
347
611
454
643
351
555
347
651
319
579
399
643
375
495
419
466
423
571
435
510
383
535
391
643
391
595
339
491
471
467
499
459
407
603
407
442
395
643
287
575
431
599
367
659
315
635
303
651
299
535
522
495
283
579
423
479
483
699
431
575
391
523
467
595
395
575
515
454
451
523
387
539
363
599
271
555
311
506
399
647
375
667
499
555
507
647
439
591
391
463
543
555
291
655
343
343
375
471
355
555
359
743
387
655
383
363
379
559
355
479
451
467
343
695
371
543
583
519
499
599
378
579
303
575
483
527
371
603
399
651
347
539
343
515
435
715
307
582
459
515
391
471
483
687
343
591
491
519
515
511
335
675
407
575
399
587
331
639
466
730
403
599
419
707
323
615
383
515
319
475
327
563
411
503
307
715
403
655
519
647
411
515
287
491
427
583
487
599
395
675
495
734
306
659
471
623
430
583
354
783
367
599
295
459
347
515
367
583
563
599
403
634
311
503
375
647
347
355
395
575
435
491
395
531
391
567
335
615
315
591
367
439
403
443
387
511
383
531
191
571
499
627
335
583
459
494
391
487
479
543
343
487
415
519
455
607
571
571
287
711
491
622
363
635
355
531
591
599
551
635
303
687
415
527
471
587
363
599
427
543
503
551
395
411
343
566
422
531
315
555
407
518
431
555
291
630
395
487
391
615
335
546
482
675
559
611
395
667
498
587
327
647
371
619
471
623
275
707
299
639
423
723
403
535
355
663
519
499
315
551
386
595
347
651
367
607
411
706
423
639
375
483
555
538
522
647
427
699
443
531
454
623
467
443
371
579
451
559
531
583
419
583
319
639
427
515
395
659
519
615
335
563
423
623
455
611
363
415
455
659
411
659
391
551
419
663
323
519
423
594
515
646
395
559
331
518
411
663
451
610
526
507
311
658
343
702
351
519
291
559
547
527
250
619
371
607
347
411
107
311
0
291
103
539
439
415
462
575
499
615
311
415
399
431
323
435
383
275
279
319
255
455
363
331
291
347
323
367
579
395
471
307
419
218
251
371
487
347
258
335
438
331
390
351
447
406
527
355
387
271
283
287
458
275
354
379
411
239
415
403
327
351
259
327
411
327
223
315
319
375
351
431
319
435
399
402
335
339
462
291
330
347
279
331
318
239
370
339
319
431
283
459
355
375
451
195
331
355
319
255
371
231
379
387
339
295
415
343
459
335
283
367
406
495
319
175
383
327
459
315
251
391
262
319
339
431
363
335
447
363
419
187
490
451
295
398
371
347
307
371
507
387
355
339
507
295
379
375
359
439
415
299
463
299
383
343
370
419
315
191
415
403
199
290
275
291
311
459
491
375
311
387
403
475
471
315
495
431
383
403
351
351
459
275
567
274
351
403
323
347
343
311
403
215
355
267
339
287
295
375
471
335
335
383
459
371
267
355
387
455
287
347
351
371
407
434
511
315
275
427
427
407
255
455
343
359
271
195
283
335
239
391
395
383
415
447
331
439
363
450
307
342
507
335
383
235
351
251
410
391
347
311
419
487
335
615
379
303
351
303
194
342
322
279
291
379
307
399
403
442
467
234
431
367
407
271
459
363
283
439
319
283
427
303
391
359
359
222
262
275
363
279
331
434
391
267
335
363
270
331
315
379
351
355
359
347
359
267
363
355
351
339
342
375
331
279
471
467
267
399
383
339
515
371
279
363
311
195
355
319
215
315
395
418
391
347
331
275
394
331
399
451
419
255
355
267
371
367
347
347
363
438
323
459
387
371
267
347
415
419
463
383
435
207
335
447
475
383
363
315
351
367
487
331
499
383
274
383
335
267
375
319
459
363
363
411
355
279
371
267
395
266
287
323
355
495
303
275
303
323
415
295
331
279
335
323
363
339
527
402
411
491
419
355
386
343
359
387
359
267
534
214
351
219
531
391
379
363
347
327
303
447
318
451
355
355
307
323
379
379
367
399
279
311
359
411
467
315
475
379
459
223
407
367
279
387
251
371
299
299
403
323
234
339
331
259
371
303
319
303
478
219
515
266
347
391
355
282
343
275
303
379
287
246
363
287
354
343
363
315
335
363
435
287
455
554
331
467
367
135
378
486
195
323
323
343
219
367
415
231
171
383
287
287
463
306
399
343
355
275
411
395
399
695
