403
495
421
429
349
691
383
565
370
498
451
573
297
559
358
513
419
524
440
595
312
588
362
500
392
473
298
597
425
542
360
674
358
609
382
464
293
404
267
447
323
426
262
577
488
520
380
638
433
556
462
528
355
546
336
624
500
587
340
612
289
519
253
590
441
434
295
521
543
506
188
552
359
724
288
517
370
583
251
660
419
610
425
624
517
656
473
627
310
538
205
590
351
460
436
606
334
599
303
480
319
561
311
404
277
740
297
506
313
494
283
582
375
494
368
495
217
456
386
527
275
545
278
501
341
541
320
613
443
583
419
628
473
716
437
631
331
533
336
535
470
529
416
670
273
630
342
680
340
615
370
427
283
529
409
539
450
506
501
734
328
597
349
329
559
501
347
610
332
571
421
501
403
497
550
586
400
497
244
499
316
445
380
520
381
542
371
639
547
362
336
717
390
516
287
572
492
678
352
500
282
635
555
403
383
497
428
595
368
461
450
506
351
602
414
473
367
567
352
573
291
640
374
527
285
493
463
625
470
630
393
441
320
532
316
558
633
501
396
531
357
422
360
698
232
485
250
538
460
644
428
781
278
507
411
600
412
581
398
669
386
570
273
736
188
477
388
532
412
637
403
566
449
662
407
488
389
561
435
456
393
556
432
522
500
621
369
550
500
449
406
674
406
563
351
448
445
514
322
525
354
654
428
744
378
509
391
685
355
567
355
568
394
581
373
450
408
514
349
667
370
659
440
551
459
670
332
489
356
515
318
536
454
579
431
399
504
660
397
554
388
664
191
660
372
606
302
542
376
499
359
597
376
625
425
599
262
471
327
755
424
547
482
618
423
439
353
482
398
589
422
662
361
693
513
555
347
567
314
743
233
636
434
556
526
664
374
599
480
636
414
497
340
513
273
475
455
508
369
604
378
451
371
516
303
586
297
488
191
498
412
609
381
592
503
525
520
602
435
598
424
603
368
432
340
612
364
404
423
561
357
660
302
522
337
498
371
578
442
608
409
488
216
604
424
570
362
444
410
542
385
670
332
628
323
592
466
575
326
505
379
562
412
535
425
638
435
636
286
500
480
497
474
659
369
708
374
592
385
672
412
689
454
677
382
675
339
561
437
519
384
686
401
473
451
613
335
464
39
315
160
307
0
485
395
543
349
481
333
606
322
202
424
329
327
334
347
224
309
307
401
333
428
303
289
543
390
496
342
410
270
420
456
477
336
332
151
380
282
216
353
345
425
325
407
444
327
341
325
321
326
344
221
245
299
377
344
491
263
331
381
280
382
297
313
323
429
160
242
238
334
371
394
192
485
421
431
322
268
439
270
469
321
332
354
412
420
234
299
234
367
307
264
410
274
440
398
298
234
190
393
356
210
425
398
314
190
363
470
428
310
327
404
383
449
409
347
273
240
350
458
409
365
383
204
417
299
349
404
241
325
376
326
255
377
334
300
250
473
278
388
492
400
318
310
260
276
359
282
391
367
348
175
283
320
258
324
266
360
463
386
357
362
380
409
226
294
338
332
329
486
316
305
304
469
414
170
349
370
133
303
312
390
245
185
266
259
413
264
391
273
362
320
277
434
322
213
154
347
299
524
357
247
335
330
382
527
362
469
374
330
417
295
208
454
360
259
387
290
378
287
215
392
431
460
255
351
308
172
392
391
286
273
335
405
282
372
344
319
324
317
363
517
381
382
230
218
426
444
259
352
516
478
273
234
366
381
357
341
220
464
339
364
417
319
418
217
400
424
311
352
313
243
237
475
211
312
370
263
380
414
428
398
364
377
399
380
258
305
347
257
352
263
322
404
295
407
306
327
370
480
329
326
309
314
304
298
335
422
271
270
356
400
350
345
375
398
231
313
336
368
379
293
200
290
295
340
294
304
275
316
191
370
387
157
368
362
409
352
362
236
338
445
287
496
328
229
301
294
286
351
423
317
373
340
372
279
196
347
393
275
252
269
281
463
264
322
326
224
355
254
342
374
335
413
434
305
403
312
469
326
305
433
317
350
376
251
220
337
270
283
314
365
359
270
336
388
280
428
287
368
390
430
280
432
441
445
381
417
164
316
420
427
433
410
355
259
489
372
244
235
307
318
342
330
255
421
279
406
383
406
236
281
258
307
275
314
391
404
386
346
348
345
328
345
270
424
383
479
325
430
265
406
188
222
203
364
439
185
414
393
444
315
298
251
328
299
312
472
343
327
319
342
465
430
291
429
426
344
296
331
378
311
460
236
243
439
229
272
172
384
375
300
378
246
263
300
383
436
206
475
312
206
342
327
307
234
349
377
518
165
216
214
321
250
412
342
479
317
212
325
254
450
437
