679
818
814
815
590
854
675
879
567
962
873
721
647
959
631
807
547
775
707
823
563
947
666
799
627
783
675
898
690
967
655
818
539
863
847
803
639
1019
731
851
614
827
650
838
537
859
507
987
575
806
683
833
679
763
646
966
627
763
551
779
807
834
807
843
647
779
734
917
723
902
723
799
703
750
667
922
694
790
611
771
511
839
667
855
690
830
755
930
667
791
727
935
471
875
662
851
571
834
747
934
675
838
539
850
778
771
599
866
723
899
679
871
675
823
655
967
595
959
623
1059
683
839
699
979
723
823
722
821
779
971
714
851
735
798
610
839
626
859
799
962
695
951
711
851
691
774
655
935
811
871
623
755
795
758
527
715
461
875
683
819
779
801
727
951
675
787
527
911
571
971
745
819
687
839
631
842
734
867
587
870
551
883
702
819
735
974
671
847
671
751
651
915
683
851
723
851
659
823
611
947
607
855
790
810
571
790
658
823
719
943
683
995
631
903
655
675
706
951
787
759
667
851
682
767
643
827
743
919
659
814
755
838
635
750
663
850
546
975
623
911
695
699
803
831
746
970
455
967
510
703
663
763
779
699
619
902
798
879
723
831
850
815
683
850
637
817
815
883
750
793
746
1019
554
803
727
831
623
946
745
879
635
725
566
891
601
903
575
899
703
851
683
791
783
815
723
799
610
883
722
794
534
862
738
1038
607
886
669
867
630
943
695
955
687
719
666
1046
638
871
635
1031
731
691
583
855
674
787
703
738
791
915
638
789
643
923
839
894
679
762
635
819
675
914
787
847
750
742
686
870
623
827
775
879
627
963
710
911
683
899
395
931
635
779
683
995
687
819
619
919
739
875
703
923
819
907
650
775
598
799
731
779
810
799
719
891
735
851
771
975
655
970
719
943
778
818
687
959
687
811
650
939
707
890
771
807
683
911
831
879
735
814
639
775
646
719
778
799
611
787
546
858
726
847
695
931
614
843
771
927
767
855
871
907
566
875
571
863
710
813
699
954
575
959
775
859
643
730
607
959
595
951
771
939
695
919
647
871
687
882
681
831
851
790
535
826
539
827
755
923
451
843
755
907
782
871
723
855
543
894
675
919
687
810
687
803
503
827
670
991
685
831
687
746
511
883
735
939
715
614
382
651
298
511
475
867
671
835
755
819
711
778
691
466
639
599
803
603
702
575
595
703
699
543
607
491
735
795
679
667
771
659
603
579
591
715
686
575
610
687
807
703
514
683
742
651
642
631
670
623
674
694
678
587
731
687
683
543
479
543
607
726
558
567
683
615
605
566
607
674
651
683
583
710
654
575
505
599
622
499
726
550
703
562
671
507
563
623
563
663
683
635
631
671
511
603
819
611
722
507
535
587
742
751
707
671
686
706
671
603
595
738
606
693
559
579
602
586
755
647
742
723
559
663
599
687
575
619
607
631
735
515
563
703
607
551
739
711
603
703
699
619
787
727
606
491
642
743
702
459
607
763
755
583
651
725
611
699
734
647
599
607
735
622
715
727
751
618
638
618
671
631
687
635
814
715
630
679
739
435
747
643
639
441
594
710
571
821
506
727
643
547
674
647
655
599
578
674
629
595
642
494
651
447
774
602
835
634
611
570
659
726
555
614
690
634
743
723
670
591
723
750
851
534
531
522
783
679
699
675
545
491
706
658
675
727
614
707
731
751
634
651
614
630
623
603
607
678
659
683
535
699
679
667
587
674
606
678
766
635
622
615
579
543
527
510
687
682
551
659
631
803
695
739
579
675
699
579
611
574
447
567
643
558
663
690
643
698
726
551
654
727
566
550
698
671
610
611
614
762
655
538
706
589
731
658
618
634
529
615
471
703
547
642
683
642
691
627
647
607
711
633
687
718
755
615
753
630
586
647
631
582
643
633
675
635
743
614
623
523
703
803
561
535
607
667
827
495
759
551
770
607
767
590
687
671
711
603
735
527
763
791
727
687
718
599
649
671
799
655
603
671
651
675
759
591
675
743
643
678
739
583
734
547
646
579
519
635
743
447
519
563
703
562
595
547
483
743
607
615
695
641
715
623
758
746
451
778
711
646
659
591
611
751
695
639
667
698
579
631
690
666
602
691
674
722
723
570
699
719
663
630
751
607
563
713
547
727
655
683
707
646
743
575
663
675
658
659
623
603
599
735
743
727
574
447
559
599
603
743
639
567
667
679
590
630
742
747
603
491
598
663
627
507
583
579
559
710
695
615
733
699
719
639
723
651
795
650
747
639
618
815
687
643
607
567
667
499
671
731
539
394
763
671
591
535
603
607
611
795
663
503
579
495
550
563
642
639
730
503
523
450
446
459
575
767
