484
654
582
810
579
724
563
751
542
636
450
717
440
707
494
763
464
698
421
712
646
796
444
603
522
790
438
776
470
837
533
687
658
838
422
692
518
725
469
724
532
763
630
658
528
630
514
816
559
795
601
672
451
833
495
646
406
696
639
717
476
629
523
728
388
837
505
689
581
652
539
693
486
686
397
649
544
705
462
737
624
844
552
656
437
678
521
685
564
673
503
685
490
851
619
643
730
751
451
810
416
672
481
732
493
820
437
721
479
662
385
551
529
652
470
661
517
537
652
830
647
640
510
763
451
628
492
871
475
756
385
696
410
724
487
759
424
560
552
786
438
816
575
793
458
901
449
733
437
622
472
746
473
830
464
627
566
843
537
766
534
715
493
776
610
592
465
613
602
812
463
752
655
700
522
605
435
721
569
792
667
508
304
711
572
668
569
722
441
633
401
842
442
782
510
839
502
762
652
728
525
661
578
659
667
614
523
771
405
672
632
597
489
661
429
831
432
637
443
684
519
672
551
809
383
827
463
760
490
674
434
709
414
659
483
730
491
592
456
858
560
827
574
653
535
698
622
732
442
820
456
719
452
754
403
784
404
739
638
800
469
739
477
835
448
679
532
600
391
563
412
786
604
761
503
656
401
640
516
756
413
785
481
720
581
763
566
713
669
841
519
781
641
781
422
763
563
653
442
802
700
536
584
613
540
707
431
759
676
657
455
843
606
769
548
671
421
904
447
745
497
618
588
740
515
679
513
774
535
694
396
696
464
587
490
914
643
752
466
738
550
664
464
787
447
634
488
742
653
658
508
719
625
720
484
633
659
661
368
821
574
626
461
726
585
711
475
823
556
810
454
767
613
745
590
577
444
681
403
655
377
780
570
743
577
772
630
796
497
809
458
889
419
747
402
869
601
694
582
797
506
729
524
831
526
778
510
768
403
601
481
611
334
680
538
672
471
786
546
637
615
703
539
695
432
730
477
678
435
778
557
878
445
785
555
598
299
694
533
696
567
724
538
721
442
608
491
754
593
689
586
745
494
759
508
704
352
774
410
644
491
650
557
670
569
645
391
698
486
741
638
673
429
588
500
829
527
701
567
792
449
754
596
698
415
695
590
786
391
827
482
691
536
725
524
765
484
639
384
403
298
407
35
753
595
717
669
697
459
749
529
453
551
472
467
506
482
566
502
565
317
450
598
562
453
547
511
549
524
544
520
489
645
623
534
498
532
396
399
464
676
478
420
328
542
515
365
501
371
486
509
302
416
536
489
483
442
534
509
422
556
563
396
539
648
386
478
440
362
471
434
521
581
412
416
427
469
593
439
482
341
502
637
348
434
564
469
546
612
361
427
617
452
526
464
402
577
374
470
432
507
632
574
406
429
551
487
479
569
535
312
399
650
493
509
485
531
592
397
387
453
397
505
405
534
544
581
421
535
499
603
395
484
531
511
357
418
596
438
310
530
363
509
575
370
626
417
566
432
472
512
275
459
428
504
539
567
578
533
563
541
501
506
604
434
482
630
494
423
336
537
460
538
541
475
558
545
530
475
353
550
435
550
406
516
557
502
483
506
546
445
438
413
587
531
415
507
598
570
509
597
442
523
451
439
423
617
474
573
554
628
417
616
509
429
349
573
457
498
393
414
525
454
395
495
585
332
597
425
397
510
455
392
448
428
465
500
495
443
667
559
454
425
410
530
368
272
466
423
459
421
609
446
411
619
580
503
500
319
454
528
496
435
589
299
417
455
434
572
572
508
415
438
467
587
431
396
580
465
361
369
350
572
447
547
447
413
574
434
539
519
430
502
517
589
601
483
402
409
553
565
527
616
369
539
420
516
530
456
372
453
461
396
387
626
491
543
454
407
375
632
575
501
579
490
550
558
476
401
538
436
463
368
575
402
503
607
463
410
580
543
530
661
549
455
487
558
496
512
445
507
609
547
453
604
371
514
488
502
518
622
447
393
380
454
513
557
410
437
447
563
493
548
369
535
541
425
523
320
458
635
635
426
513
466
460
475
402
404
451
398
453
449
343
476
531
385
490
522
374
453
379
437
469
374
480
563
417
647
532
450
527
293
472
430
397
605
477
538
484
460
522
537
568
617
419
503
507
510
632
433
620
478
618
270
514
388
588
547
433
595
293
534
578
540
417
577
493
583
542
431
402
468
516
516
489
475
457
572
583
429
505
632
475
595
567
471
616
525
369
458
504
535
450
378
474
579
461
409
494
526
457
448
453
486
516
678
361
554
567
422
401
353
426
547
322
469
463
529
429
404
381
533
566
415
506
454
466
468
343
312
436
450
346
430
551
639
354
504
328
406
536
463
665
