379
675
407
587
387
535
370
543
358
483
371
563
439
602
415
627
378
519
315
447
455
575
383
455
398
507
331
566
251
543
347
499
343
731
355
631
355
543
295
615
415
611
294
511
315
595
383
519
603
595
367
687
379
583
487
482
410
635
371
506
335
587
335
687
371
627
511
491
335
467
435
527
367
647
402
730
279
415
187
547
443
647
395
514
390
351
362
710
263
639
283
551
315
495
330
619
455
667
379
578
326
555
502
551
335
651
406
683
503
518
287
427
354
555
354
623
546
683
411
519
343
699
386
519
375
487
319
419
435
571
467
679
378
455
435
663
382
678
371
707
479
594
519
582
410
679
323
631
459
639
495
483
403
591
391
618
387
646
411
591
414
667
387
610
419
531
410
666
371
310
338
411
351
527
479
442
494
534
251
667
394
459
371
703
287
491
483
483
331
607
527
535
522
455
379
706
482
602
287
487
335
543
303
479
499
735
679
575
378
610
527
535
499
715
335
619
451
595
290
746
371
511
275
679
431
619
299
667
283
719
323
347
271
698
354
450
391
667
439
603
279
651
423
635
354
523
390
690
247
563
387
534
386
619
359
618
423
667
483
571
310
515
455
539
342
515
462
535
411
495
371
579
371
603
531
558
351
547
470
495
411
519
251
671
415
554
403
739
395
491
326
518
399
391
391
635
375
607
255
667
275
571
535
634
359
523
419
603
279
627
359
639
494
491
439
699
339
559
434
707
427
675
347
542
371
499
431
571
371
563
407
583
347
607
355
579
535
646
423
595
495
615
371
499
327
759
406
611
495
459
331
623
595
467
319
623
462
558
463
607
447
607
371
559
359
587
367
623
391
587
319
531
359
583
366
631
327
627
351
587
307
499
367
531
423
583
422
602
386
687
458
623
371
455
291
427
423
583
370
606
447
674
427
575
462
535
427
611
459
666
343
711
379
622
303
583
363
567
415
507
419
479
451
531
327
622
527
699
479
555
367
723
358
543
443
690
463
479
295
591
383
462
407
606
247
587
386
535
495
571
355
579
327
615
415
482
391
567
426
555
291
523
467
602
375
670
434
615
391
479
298
602
371
631
315
519
327
599
266
678
447
615
399
623
431
566
511
554
430
490
354
647
402
595
431
675
399
439
83
330
0
334
110
595
311
411
367
442
530
483
442
419
343
442
263
267
394
227
234
451
359
295
435
403
282
399
323
307
331
275
391
411
287
367
339
391
423
439
291
435
339
259
347
331
323
399
323
291
351
270
419
307
506
427
355
202
479
263
471
475
467
351
462
283
623
343
379
390
250
271
403
291
359
419
447
314
495
331
459
439
315
343
434
286
283
394
471
503
267
355
286
299
315
266
403
227
546
379
290
379
351
271
451
474
291
406
426
399
506
446
335
299
427
442
363
378
422
419
426
346
439
215
359
303
415
311
495
498
451
331
367
323
358
239
503
431
455
410
327
291
371
279
387
378
235
499
411
487
403
487
363
439
367
386
403
347
370
447
326
455
339
487
367
566
599
299
303
291
339
347
407
211
458
287
267
435
419
379
319
375
354
487
358
399
367
483
415
390
326
387
339
327
482
163
327
327
310
379
335
275
315
431
410
543
371
283
351
371
331
359
311
398
263
315
403
387
319
350
455
439
375
386
403
351
363
487
279
399
463
371
487
458
350
270
395
347
275
418
319
507
411
427
255
299
291
331
286
371
431
279
490
535
371
326
219
291
315
307
291
331
495
426
275
406
415
195
431
483
403
279
295
339
307
299
339
275
255
434
343
319
367
295
395
414
583
311
366
343
455
303
531
367
315
291
387
235
218
234
335
375
471
243
351
342
434
270
299
367
250
407
254
439
359
403
454
462
387
518
347
455
223
355
259
398
335
335
479
391
270
395
295
282
323
411
351
375
414
311
323
326
359
327
206
262
310
302
311
451
411
374
351
311
355
367
479
347
390
451
199
499
403
355
583
503
411
299
339
323
387
363
391
294
311
391
243
375
351
239
495
507
355
371
419
371
467
319
434
290
287
483
379
351
191
355
355
418
454
322
355
387
486
430
286
299
379
299
439
271
403
430
346
338
443
539
514
358
382
386
439
303
479
274
322
315
375
467
374
307
446
347
471
387
287
455
387
234
467
238
326
319
474
279
294
430
234
439
483
255
287
347
454
370
347
419
426
459
363
358
415
194
278
371
586
319
319
327
342
315
495
375
351
311
383
271
427
343
442
307
231
279
310
315
351
431
387
230
246
463
403
303
351
255
282
279
367
247
282
315
395
383
387
230
279
399
343
311
431
299
454
387
283
279
175
395
375
395
391
290
195
339
315
231
419
511
