470
411
283
391
159
730
419
542
163
554
191
371
330
483
371
427
302
407
238
606
343
575
295
555
279
435
415
543
315
467
346
547
362
559
503
507
359
503
358
474
323
555
391
471
231
427
338
591
315
574
311
679
335
571
418
503
247
543
171
511
310
487
391
531
403
583
375
595
406
491
490
495
322
643
315
487
303
611
267
450
491
491
199
466
371
563
379
626
359
534
298
567
447
506
403
478
303
519
323
459
298
459
375
515
535
551
519
534
451
483
295
631
310
611
214
643
430
499
375
454
443
519
307
543
291
591
263
706
231
631
335
563
310
399
419
430
355
407
219
575
315
679
475
478
275
443
251
715
351
511
407
574
346
639
254
542
435
631
367
463
394
459
383
607
482
491
383
446
279
503
375
655
431
471
303
342
387
430
383
562
467
614
343
451
258
431
279
566
411
606
354
663
363
583
250
527
387
563
327
579
151
399
307
435
275
578
319
535
503
507
271
499
383
451
255
543
407
619
322
663
291
515
366
551
335
543
339
295
383
546
407
419
191
519
327
455
223
371
371
591
291
538
339
515
295
543
234
431
171
543
303
435
287
398
299
630
187
471
475
447
386
434
239
398
315
511
331
407
375
635
343
486
323
470
363
587
459
611
390
547
306
554
415
483
406
471
235
403
375
483
263
535
355
571
347
583
311
430
294
591
374
491
323
506
335
610
219
459
359
531
419
514
398
531
295
622
462
539
439
559
331
514
342
439
251
502
271
339
338
547
451
583
199
523
391
447
370
527
339
451
371
491
415
515
231
499
279
502
510
411
447
535
383
379
335
443
335
479
399
514
335
546
431
307
295
563
463
471
347
619
379
651
295
563
423
683
318
423
358
543
238
434
470
607
235
631
315
606
431
619
351
587
394
559
355
531
347
571
347
579
447
515
387
442
410
507
215
511
479
587
258
671
379
595
518
551
379
503
447
406
338
599
299
558
354
523
339
451
230
462
451
455
467
527
255
459
387
583
250
463
383
523
359
530
523
539
387
514
335
631
315
650
426
482
379
434
410
551
283
511
331
483
315
499
334
459
362
459
219
406
299
599
262
563
343
542
283
538
351
507
395
526
435
574
386
443
219
431
387
471
350
475
219
414
342
554
387
287
66
307
3
195
199
511
323
439
315
458
207
583
147
335
306
267
334
239
299
139
335
243
267
375
202
319
415
311
279
287
207
298
350
331
319
299
354
195
182
322
347
238
370
434
482
299
299
354
371
262
302
371
230
291
446
367
443
359
198
315
326
195
358
319
191
395
471
386
322
346
355
446
287
279
215
319
447
283
383
287
250
206
303
291
343
334
338
383
306
371
443
291
295
395
399
259
271
211
223
255
231
323
255
327
415
294
415
335
350
319
287
187
243
363
342
254
331
427
374
367
311
275
299
323
95
318
250
415
234
255
310
303
367
327
387
294
379
219
294
207
315
322
326
395
415
279
307
339
507
287
463
311
407
247
399
487
222
367
479
319
275
347
447
230
331
211
347
359
387
422
494
287
218
254
355
447
395
311
351
287
330
307
219
147
307
251
286
391
371
230
315
371
247
359
203
231
291
247
251
242
391
262
206
362
351
159
367
247
295
295
267
235
427
355
335
167
283
254
322
159
191
211
343
367
194
311
315
154
135
418
422
278
183
327
379
535
203
307
274
275
239
307
310
399
319
327
311
379
190
323
331
275
311
350
451
287
307
291
395
410
383
255
471
387
163
162
335
327
314
423
259
343
359
319
223
262
335
198
355
263
295
83
267
315
346
362
223
323
390
330
454
503
194
194
367
355
431
26
294
211
342
135
455
219
315
279
411
379
247
295
347
287
315
371
275
383
295
406
463
251
291
247
395
315
371
295
183
139
246
115
279
274
283
347
335
283
271
387
283
327
363
255
347
223
131
235
295
350
242
171
275
210
459
246
243
247
243
319
263
275
327
183
395
334
235
275
223
351
335
303
263
283
367
247
347
355
302
270
271
158
195
403
450
363
387
307
167
342
443
251
287
275
255
243
223
386
363
263
287
254
306
323
394
487
382
278
315
382
283
318
234
370
419
243
279
231
330
303
175
246
315
279
223
306
283
267
327
306
238
315
346
231
246
330
387
363
199
283
263
307
419
263
275
291
303
330
355
254
414
299
227
358
215
299
383
355
383
254
295
167
362
375
330
315
434
287
191
311
267
343
287
243
295
235
475
363
283
438
295
351
219
250
286
279
391
383
171
346
375
255
167
387
290
374
307
267
334
379
403
339
363
255
227
391
226
259
319
410
410
339
399
263
271
302
347
203
319
243
255
167
287
343
379
374
267
562
