356
559
510
647
378
626
407
657
375
621
418
527
446
639
431
683
461
771
451
766
391
815
499
475
399
690
486
557
387
545
430
773
415
670
435
799
482
619
519
663
587
641
397
723
501
570
463
591
447
603
447
545
382
650
475
498
449
710
557
655
287
591
449
730
507
722
518
692
495
633
471
666
431
599
351
629
535
694
491
772
423
591
479
613
337
874
645
670
536
542
547
795
427
617
463
734
322
582
415
507
613
621
582
590
503
543
391
765
399
763
621
555
466
672
555
579
603
689
381
490
418
664
566
654
543
769
375
719
450
631
361
827
581
679
577
719
420
731
506
706
494
773
542
623
430
699
523
683
493
513
525
710
555
627
551
630
511
683
394
622
482
633
543
715
531
709
387
709
446
694
420
619
565
666
497
676
487
617
566
771
377
670
518
687
498
662
451
774
523
598
365
632
618
563
546
609
530
693
375
693
523
594
319
727
591
783
431
641
401
535
410
695
459
691
546
607
646
591
370
589
265
567
445
727
497
591
373
700
333
635
502
586
437
710
415
705
506
655
553
642
579
674
522
686
501
799
462
644
443
690
509
611
357
807
486
615
387
697
467
666
387
579
378
551
329
575
322
631
495
694
354
800
497
711
595
703
522
653
459
646
475
832
427
637
467
503
300
726
342
814
362
743
513
717
470
703
481
696
553
563
647
531
519
608
451
583
482
641
594
670
349
742
563
635
439
746
346
659
466
839
509
751
581
731
446
719
505
637
517
793
375
659
369
763
405
767
430
556
378
659
614
643
310
587
443
703
365
635
535
657
553
689
518
714
411
542
559
717
546
591
422
733
623
698
482
583
401
630
533
683
431
651
451
667
590
657
487
546
419
646
451
643
303
595
513
610
495
709
450
506
555
691
441
677
287
749
351
691
407
650
423
627
603
673
519
673
498
665
429
663
508
591
471
587
405
667
497
631
475
707
423
683
427
693
323
657
552
743
415
546
511
765
469
595
514
669
459
759
422
675
359
626
319
643
311
690
377
601
377
645
629
763
527
519
434
670
543
669
406
643
375
485
514
739
558
677
549
687
587
583
413
705
523
679
467
679
383
737
451
673
514
723
451
513
566
713
533
581
339
725
418
713
471
595
431
678
502
407
207
469
0
367
223
623
395
670
351
550
461
739
379
582
467
347
466
421
411
398
371
426
417
350
523
368
455
585
377
447
453
565
447
387
522
587
475
395
403
530
547
304
350
405
524
265
426
301
531
315
483
375
310
423
409
453
353
396
475
373
498
319
462
403
483
411
510
413
429
385
283
487
474
163
569
403
387
319
383
547
473
389
523
462
401
323
405
482
415
506
571
399
457
282
499
354
410
490
415
473
554
331
407
339
407
465
195
334
340
395
439
579
380
371
339
389
381
359
303
386
318
534
546
398
458
426
398
462
458
358
402
470
374
446
466
322
450
470
402
458
394
334
566
370
570
355
346
310
403
258
445
315
487
423
375
303
330
423
654
311
395
397
351
436
393
457
390
267
395
278
435
391
378
387
370
315
523
462
562
355
221
357
373
383
478
501
411
410
538
398
503
459
545
419
372
389
317
279
511
417
499
315
398
367
215
479
418
405
233
424
278
447
426
421
394
547
434
498
400
355
442
327
380
426
383
351
453
371
459
482
463
413
274
372
443
343
437
467
211
469
423
301
501
430
362
379
401
517
431
461
571
367
361
335
367
334
389
271
267
347
355
359
354
271
513
303
495
478
445
323
537
251
431
571
439
527
411
638
313
364
266
363
465
319
469
470
439
386
397
419
282
431
421
350
295
374
502
418
433
500
554
247
473
361
531
398
545
465
523
426
395
381
523
355
312
454
390
209
565
434
490
307
379
306
447
517
410
546
389
306
311
511
359
283
323
460
421
319
551
513
447
377
311
484
490
419
475
321
363
514
323
463
377
477
491
321
457
463
414
326
455
307
314
305
411
356
494
458
291
305
478
314
439
349
499
431
454
602
485
422
510
338
430
495
485
403
459
406
494
359
373
349
493
492
357
515
509
191
435
465
495
446
363
383
433
483
427
561
334
403
407
439
470
503
487
379
535
483
365
335
349
470
451
358
231
429
441
334
529
332
454
507
475
461
385
377
415
429
361
335
401
436
357
461
453
502
459
397
498
427
407
395
419
336
458
437
389
387
410
583
366
355
363
493
567
458
473
375
405
546
309
476
442
401
508
465
393
310
443
542
530
539
467
419
400
462
427
443
503
453
418
430
367
359
548
410
581
255
510
381
458
315
298
322
458
403
391
338
445
467
499
378
293
210
299
397
421
378
366
339
422
333
302
337
447
631
