533
663
371
579
394
639
398
519
355
675
459
679
411
730
369
714
347
543
354
695
398
623
530
767
447
711
561
823
457
662
379
775
478
803
639
695
507
735
489
627
458
535
515
718
403
691
370
795
383
483
446
614
351
687
535
607
523
634
519
687
495
743
534
683
486
739
366
667
533
703
327
671
523
779
538
646
443
719
459
651
450
631
379
595
499
635
398
747
503
679
455
689
475
654
490
685
391
715
511
810
367
650
579
693
499
555
515
722
563
714
390
743
447
638
595
769
446
582
439
731
418
714
479
706
503
639
363
659
455
695
490
699
506
763
454
603
611
610
406
631
446
691
535
715
503
679
551
825
438
697
407
774
419
591
431
602
570
659
471
687
366
707
627
679
471
662
383
747
431
678
543
659
538
587
515
723
463
759
567
523
523
914
466
655
555
647
603
547
455
782
487
739
477
595
634
774
394
842
497
675
481
511
507
767
458
571
419
735
383
645
493
638
343
719
318
607
470
619
495
611
455
621
535
771
479
723
547
783
466
782
347
683
351
555
398
899
606
719
491
779
535
661
455
683
511
682
547
635
487
679
351
579
417
631
651
635
457
643
466
731
526
743
383
679
503
619
539
622
634
630
523
755
527
671
419
755
395
607
487
630
483
599
475
651
531
603
441
651
431
511
515
647
523
722
390
647
350
647
455
683
479
686
511
686
495
595
555
666
522
642
542
539
345
651
359
742
335
503
567
667
495
573
471
675
569
695
367
659
451
599
454
739
525
719
395
555
338
599
502
809
595
570
335
774
351
650
403
527
331
550
355
771
622
706
506
571
471
631
522
559
411
694
403
743
351
675
511
743
607
663
587
607
526
799
435
627
374
622
423
567
547
623
525
679
591
769
379
787
387
603
586
602
499
439
327
567
471
802
419
850
359
595
410
701
619
711
525
723
423
707
459
619
387
631
491
731
443
543
283
719
475
687
367
635
303
654
435
718
427
763
351
701
439
623
479
635
334
703
511
655
643
673
450
559
611
755
427
698
606
655
335
691
543
699
299
711
395
622
509
806
451
782
451
587
367
674
527
587
515
598
458
587
503
634
591
758
647
702
539
606
483
659
455
631
507
555
362
615
627
663
447
667
463
678
367
691
615
474
0
395
219
355
191
647
467
686
395
566
291
611
407
278
511
551
478
371
498
498
439
363
591
519
315
563
247
371
551
426
386
551
510
403
451
358
455
326
527
542
483
310
431
454
387
371
483
475
502
437
519
465
467
510
501
423
371
490
535
483
419
402
463
495
413
455
515
559
459
387
359
311
366
391
314
443
487
435
570
385
527
422
471
387
351
374
543
335
435
511
497
427
554
306
490
346
407
523
318
363
387
399
503
466
401
403
562
351
399
338
535
371
522
443
407
446
391
503
389
206
475
479
446
371
610
259
607
327
474
291
583
479
575
435
462
351
443
435
342
403
411
479
319
475
614
359
343
511
351
379
558
345
370
539
475
514
395
334
499
379
551
499
477
315
550
511
491
487
446
371
419
643
438
323
479
475
375
339
343
367
451
443
406
543
419
341
499
343
275
407
357
455
477
491
559
491
431
334
299
366
291
503
454
503
475
370
470
319
427
519
438
487
479
439
531
415
306
259
594
495
399
527
507
339
431
447
511
363
379
351
391
370
506
331
614
355
225
223
375
322
443
582
442
339
406
447
334
387
375
450
495
433
527
535
434
411
506
439
559
423
547
266
626
319
367
427
358
399
395
423
610
322
446
339
626
455
547
555
338
377
435
395
431
466
411
290
451
523
338
375
426
505
327
374
367
502
403
547
379
314
563
523
331
519
390
435
415
523
487
503
575
326
455
257
507
334
466
367
455
475
407
335
459
306
315
479
518
542
315
514
510
507
421
435
622
383
443
390
619
479
487
291
475
326
511
359
483
502
551
438
467
483
431
443
534
570
459
307
463
434
223
415
646
314
342
550
459
463
547
430
443
307
403
357
431
323
427
414
495
434
571
383
595
419
374
323
291
303
479
379
523
334
395
403
566
390
603
443
511
595
451
443
382
535
591
410
423
495
435
415
551
419
515
454
451
514
511
379
423
410
451
523
423
479
439
451
491
474
447
543
619
354
523
407
426
411
555
475
322
351
529
283
447
439
391
402
635
570
402
379
482
571
443
471
343
407
425
415
361
450
394
467
517
511
483
339
450
447
462
275
451
470
455
351
403
362
511
219
459
470
311
458
435
439
371
535
323
415
462
395
398
410
451
403
431
491
495
430
283
383
590
474
463
390
383
598
426
459
554
435
559
463
358
394
395
351
475
374
330
497
655
515
631
579
554
899
