245
635
361
563
333
545
289
574
339
389
470
427
395
476
325
531
445
659
302
455
300
587
347
406
289
533
306
531
374
461
276
526
427
643
403
522
423
525
523
531
435
538
503
337
363
507
435
499
343
481
350
555
393
564
375
542
302
465
303
477
393
541
387
569
430
555
424
572
233
403
259
646
253
531
387
611
359
515
383
679
247
356
455
539
395
443
265
491
299
571
208
534
313
594
270
603
305
611
266
607
275
467
375
447
416
541
327
423
261
314
378
447
363
627
511
655
345
477
309
571
347
601
319
517
367
382
355
570
483
497
387
499
143
575
324
572
301
523
258
557
270
581
262
591
291
478
167
499
358
407
340
438
301
518
403
621
414
635
319
463
491
659
407
527
321
431
446
617
292
594
302
433
333
467
341
547
431
469
414
561
283
478
462
584
290
603
311
455
361
369
314
586
441
465
371
605
245
501
364
569
291
567
386
611
243
512
395
514
413
499
343
558
293
519
277
579
319
483
214
541
485
527
318
539
363
518
314
434
319
675
302
510
301
389
418
442
264
539
361
489
359
659
323
566
342
610
355
494
391
482
309
477
381
573
299
687
177
627
423
587
461
469
285
486
303
535
475
447
391
595
247
551
331
402
367
626
331
706
330
469
179
510
334
469
381
534
345
495
355
581
384
418
461
538
363
582
281
397
255
475
261
582
446
687
311
384
478
729
515
671
363
642
529
594
371
537
346
491
359
526
279
628
251
471
332
543
255
571
311
611
381
589
399
543
383
659
247
542
317
594
465
468
209
542
417
443
439
477
322
437
390
674
413
534
463
642
447
411
401
587
290
479
305
571
311
554
349
486
271
635
414
664
254
381
363
586
287
519
382
445
385
483
377
587
299
589
245
542
219
310
379
515
359
481
423
637
322
491
406
502
331
665
365
473
210
470
321
587
332
526
442
418
329
556
387
489
254
547
306
664
395
594
341
610
487
562
359
563
328
486
471
447
474
686
290
547
454
503
435
689
411
609
347
646
265
488
395
510
349
563
350
545
259
431
285
517
314
645
265
601
445
573
235
579
291
558
379
527
386
622
405
535
397
451
434
429
359
603
379
678
353
789
342
595
393
531
359
591
325
639
293
487
367
497
329
442
343
439
101
389
21
322
209
605
403
666
133
443
366
494
374
273
324
322
357
419
415
359
298
355
291
407
221
261
266
427
295
203
372
435
366
294
419
394
330
289
398
325
306
247
319
274
373
322
338
293
393
303
291
375
439
375
199
251
303
403
331
371
330
306
369
287
314
311
435
269
321
311
271
209
373
361
250
337
339
277
307
322
373
155
345
347
375
285
416
338
502
310
355
299
283
316
387
355
313
338
207
303
303
399
347
278
391
263
669
392
311
197
274
361
345
302
297
431
383
263
333
199
322
185
381
319
245
329
439
353
380
164
333
377
203
397
408
276
439
323
147
369
417
391
326
333
224
285
324
333
327
407
427
250
346
371
414
283
485
224
455
233
361
237
345
303
158
243
330
347
337
351
367
375
373
251
410
265
429
323
271
479
334
287
293
278
379
440
385
388
459
371
490
207
297
407
306
319
373
327
330
294
422
191
395
249
326
355
385
475
422
209
319
347
271
187
351
415
281
370
346
311
365
159
268
309
379
225
391
269
285
171
329
301
307
307
302
339
293
278
351
290
351
435
315
234
403
457
370
251
255
395
373
350
307
267
355
210
183
329
339
290
309
253
327
167
398
158
327
328
401
305
449
363
349
337
390
259
329
185
251
287
406
319
322
514
313
257
394
277
189
349
287
339
163
434
213
327
239
314
423
390
251
358
291
358
419
231
273
423
340
270
281
355
163
329
350
351
191
419
386
301
321
263
275
375
337
141
463
319
465
375
439
305
488
235
291
211
347
332
341
323
338
306
325
283
354
281
407
281
381
333
459
313
332
322
331
237
221
335
281
255
328
327
278
298
371
311
302
211
319
223
322
303
386
327
239
281
263
279
438
367
311
291
402
339
350
344
435
205
233
252
285
368
331
201
295
365
358
377
275
395
399
330
318
281
339
305
205
367
261
290
446
305
287
399
343
281
405
373
341
321
423
289
177
339
370
270
380
463
299
289
342
295
342
482
310
327
290
193
357
243
315
324
319
282
265
359
264
278
323
251
290
438
270
139
301
289
384
339
287
255
375
269
447
419
339
371
419
235
271
353
343
314
446
362
501
346
242
383
251
330
263
379
201
250
385
419
309
383
302
303
382
339
495
427
321
323
271
161
419
326
219
279
385
321
231
200
215
359
306
214
369
358
319
231
157
262
407
491
258
130
298
266
271
127
250
361
