422
571
447
611
387
631
486
391
447
611
367
619
350
615
363
567
447
575
287
670
362
619
415
659
338
642
402
643
423
530
463
635
410
539
462
543
407
431
403
635
395
555
243
686
387
587
491
747
486
562
411
526
319
546
378
439
335
595
311
691
363
662
427
563
499
691
507
451
395
703
495
538
367
551
447
603
451
674
362
626
391
503
307
587
579
603
314
494
335
722
335
619
435
655
431
698
475
775
567
478
379
583
419
663
590
567
487
627
467
771
515
607
398
623
486
667
499
539
262
634
371
483
559
539
523
603
494
587
571
659
394
631
574
659
279
579
335
586
447
590
399
742
330
647
455
575
431
715
395
599
418
706
387
478
355
519
511
666
375
523
383
775
447
555
295
599
503
603
431
651
475
587
386
543
438
507
367
790
326
675
459
474
343
570
431
594
395
559
387
534
467
566
407
591
295
667
515
607
279
542
295
611
382
599
402
727
427
611
567
671
435
578
422
595
279
666
199
678
483
707
463
731
403
611
526
679
419
607
307
570
274
515
335
579
451
555
475
607
455
543
474
539
475
671
527
574
190
599
302
635
466
647
383
594
342
803
523
727
427
727
511
542
447
639
399
535
426
607
426
603
311
683
515
519
407
694
479
671
335
615
430
687
355
499
399
635
467
591
363
447
370
658
399
667
490
634
427
703
511
658
535
639
471
510
523
695
511
563
394
539
511
619
283
599
395
518
523
443
475
586
495
419
538
587
403
555
502
771
571
514
463
667
543
482
427
663
278
587
370
583
351
458
487
371
471
599
371
531
450
651
263
603
394
767
439
631
531
674
431
542
391
619
382
463
435
627
483
431
375
639
479
563
419
575
639
603
551
555
435
507
483
635
431
799
587
591
335
599
251
579
271
467
426
611
491
639
267
479
391
671
522
735
431
667
451
499
354
639
527
655
367
571
367
755
355
459
351
551
427
615
395
483
470
654
387
491
362
654
523
551
423
439
387
719
483
666
331
707
319
607
366
543
463
667
306
467
463
559
462
603
311
671
430
543
367
619
327
487
307
566
431
763
398
607
450
739
431
479
359
647
395
542
363
579
363
626
347
671
479
510
575
603
535
638
443
622
327
595
315
682
463
555
446
571
471
479
463
315
55
315
251
439
219
618
346
575
322
655
350
663
398
459
359
359
407
407
463
355
331
551
399
423
355
255
507
351
495
315
391
454
406
291
427
463
539
342
395
386
391
410
319
342
387
247
375
439
371
286
319
407
315
506
482
271
375
271
455
414
339
354
434
379
371
191
443
383
451
295
499
339
387
263
410
222
607
299
319
443
342
523
367
335
310
415
263
190
427
247
343
275
434
347
498
419
515
467
478
402
455
454
299
450
526
219
378
411
335
451
375
395
487
490
387
351
487
471
251
347
479
371
482
323
530
483
419
314
339
446
362
343
438
427
363
427
431
419
499
319
423
555
535
474
482
427
335
195
499
355
415
155
295
438
426
582
343
367
415
307
583
299
399
242
411
399
423
338
406
443
330
343
311
439
431
587
566
299
406
387
307
435
430
451
595
327
386
351
466
430
443
503
370
275
403
239
463
459
319
314
534
522
295
379
406
318
359
351
399
339
399
351
491
483
411
462
527
494
339
423
375
451
387
315
391
339
423
263
415
283
466
407
430
319
407
350
450
487
263
486
491
447
391
287
379
291
331
303
411
423
498
231
459
342
307
342
575
394
351
190
378
347
351
399
423
399
535
471
391
267
323
391
291
351
287
387
363
467
399
291
459
359
467
422
559
350
414
394
423
511
295
439
279
491
255
471
431
299
263
274
490
378
474
367
391
411
346
462
287
399
511
355
323
291
371
499
523
431
391
511
382
286
419
438
347
255
319
287
531
383
302
343
307
378
510
399
390
363
355
363
503
343
335
271
375
446
343
347
311
419
335
342
323
407
395
431
515
503
467
255
275
347
518
231
271
315
343
379
319
491
511
287
298
506
387
303
483
362
379
407
403
311
418
451
467
454
358
423
318
479
382
323
359
491
503
495
531
423
339
431
339
431
571
358
455
407
298
323
459
267
339
423
347
454
203
351
403
479
462
243
303
283
390
507
579
299
494
311
319
307
435
439
427
339
378
551
426
431
422
230
258
434
442
471
530
343
466
355
491
363
379
355
350
315
415
339
366
423
327
419
447
355
443
394
251
495
511
415
382
455
311
407
435
454
239
419
395
335
399
307
414
339
299
323
363
299
375
379
370
247
271
463
423
346
415
422
391
339
351
231
319
323
259
443
435
551
379
459
347
291
383
350
387
311
362
338
319
467
311
386
226
459
158
74
411
583
