305
722
451
529
429
639
350
451
407
562
424
567
275
515
271
458
488
779
561
469
273
505
506
665
455
501
441
666
455
515
413
467
407
642
315
650
398
682
370
653
451
645
294
583
390
473
431
639
375
653
263
647
290
743
203
495
482
565
490
526
450
543
295
598
387
643
305
657
499
565
330
599
335
669
475
539
425
687
362
686
312
651
537
453
524
579
525
597
335
670
471
587
363
549
299
685
426
663
257
622
485
582
363
575
490
631
265
535
317
586
207
625
413
659
402
566
613
547
310
610
563
599
379
547
481
595
485
658
457
798
383
633
511
547
270
525
379
490
550
454
423
664
367
571
294
563
370
543
370
567
327
610
431
690
249
581
417
430
329
405
411
683
246
701
435
587
407
503
443
453
386
527
498
613
383
690
375
494
398
465
282
503
360
626
559
577
258
457
331
587
355
691
359
502
199
549
403
681
423
634
567
639
287
614
398
487
431
633
430
650
255
491
399
661
271
615
507
595
401
483
268
535
319
559
442
523
319
562
322
589
403
369
415
573
235
651
413
738
310
505
375
623
441
591
327
615
214
567
463
678
406
407
419
663
297
531
342
538
242
515
302
407
205
557
431
563
349
607
339
669
347
490
457
591
373
477
459
605
363
490
481
454
295
566
567
631
419
494
365
674
483
495
342
621
322
531
467
457
328
669
418
587
262
648
394
719
383
694
355
622
479
634
167
502
319
667
346
426
429
538
374
609
247
607
376
531
385
534
303
569
353
542
254
469
423
531
360
489
337
711
213
711
386
587
423
519
352
691
504
751
477
497
311
650
283
661
363
563
278
563
363
594
339
473
439
762
427
507
287
615
369
695
338
534
210
459
347
645
477
538
405
669
255
627
295
539
466
498
514
455
373
490
417
626
527
498
433
682
423
402
403
575
385
743
423
525
418
455
410
478
619
522
631
497
421
518
423
608
314
525
310
789
434
494
319
643
526
701
495
683
415
474
319
631
477
661
481
683
431
690
267
611
383
385
402
635
331
523
311
621
462
651
415
571
415
699
501
382
371
519
354
570
474
471
215
561
507
623
402
589
405
443
371
683
339
647
409
593
505
403
410
645
356
685
559
591
339
517
379
559
535
497
482
683
363
518
285
266
97
401
176
431
109
475
335
555
330
539
375
522
355
622
531
261
328
295
315
391
259
411
285
339
286
489
383
399
387
437
334
343
449
365
311
383
395
338
323
301
383
401
431
409
521
367
157
539
426
459
335
367
326
398
360
257
339
330
271
335
415
307
239
231
511
315
381
325
495
367
318
447
479
502
326
245
303
273
271
291
455
435
505
315
314
443
467
274
571
451
334
245
419
274
267
353
494
514
319
403
467
403
480
530
273
381
326
407
533
287
260
378
467
329
409
405
333
201
329
388
299
399
307
459
541
190
482
283
370
439
318
371
222
286
399
115
391
391
409
293
479
465
454
263
310
249
371
450
414
191
0
291
426
313
331
366
122
369
389
290
294
315
387
340
337
471
402
249
431
224
461
303
414
383
461
423
403
299
327
231
335
374
467
471
251
483
404
377
397
427
535
419
503
259
363
350
362
373
460
309
258
343
231
319
546
411
307
295
307
274
444
318
351
327
255
363
487
262
363
521
325
238
299
421
285
345
369
325
466
302
251
295
321
323
323
402
399
351
385
394
387
315
367
326
334
154
282
258
460
319
359
318
303
351
413
507
290
290
365
215
430
171
474
267
307
378
447
517
517
303
299
307
343
343
222
343
286
339
430
210
413
477
371
331
475
383
379
291
397
279
367
191
393
353
501
275
443
295
431
295
471
461
442
235
385
445
317
277
479
351
277
357
231
514
462
311
327
373
290
327
267
323
421
289
386
357
319
435
343
233
419
393
347
441
447
455
527
383
279
359
354
398
266
375
391
478
409
267
295
435
410
229
339
261
481
469
423
369
230
455
263
402
249
413
434
523
406
407
397
399
443
466
369
411
263
223
285
367
402
439
385
521
359
411
339
479
358
422
375
365
407
313
280
355
335
561
411
283
431
261
394
249
433
360
371
387
417
260
398
307
345
401
298
422
433
233
265
447
273
319
361
369
399
377
343
419
393
479
409
379
493
275
434
356
315
291
383
323
265
219
562
381
363
409
345
187
346
374
365
501
263
453
386
463
495
418
359
373
355
290
358
335
305
338
502
327
323
202
223
315
391
311
407
351
443
330
338
479
455
357
377
325
412
406
287
269
451
431
299
542
371
298
329
253
310
195
519
345
335
423
315
489
399
350
306
385
399
461
462
289
143
475
333
193
297
214
253
295
301
355
382
311
271
441
455
675
