359
439
275
511
279
599
255
451
307
655
203
511
355
559
455
559
275
387
367
523
343
551
207
519
259
579
267
695
331
631
323
611
283
523
243
491
291
447
259
367
423
639
199
691
211
523
263
575
395
619
335
659
151
591
187
587
379
439
275
503
555
587
267
663
263
507
399
423
291
507
359
591
383
623
363
431
379
467
315
427
351
491
491
411
195
639
315
479
323
503
275
443
327
599
383
499
279
647
263
443
303
543
171
535
247
559
263
415
379
495
467
655
435
607
275
583
231
583
415
479
299
535
183
535
339
571
191
539
223
411
291
635
363
511
355
447
387
667
323
515
147
583
183
587
359
635
235
535
379
515
143
515
187
551
351
363
335
503
147
539
239
523
423
399
343
499
311
543
275
399
223
451
315
507
247
427
355
395
323
527
327
515
311
339
311
719
411
667
315
583
403
415
447
531
375
499
255
415
287
451
311
491
223
555
375
479
347
479
247
499
399
523
391
623
207
507
355
519
415
599
311
603
311
495
271
487
195
459
223
579
323
511
427
575
395
543
243
547
343
539
279
371
327
483
239
427
271
683
291
507
203
507
223
467
427
595
371
515
327
447
395
679
375
455
331
547
427
463
455
567
111
571
107
631
347
523
307
527
391
483
239
591
371
531
243
563
355
571
275
643
391
699
423
483
351
543
223
487
231
535
307
619
227
563
291
527
519
639
359
535
243
463
419
627
195
491
319
599
135
531
307
599
395
455
303
595
355
495
363
539
247
531
327
487
323
571
355
579
287
399
535
459
447
543
83
387
231
367
387
495
295
543
467
531
319
711
283
459
391
451
347
551
403
411
235
547
87
507
415
607
439
543
191
575
299
519
371
499
263
567
543
487
243
467
423
679
279
555
227
503
327
531
327
483
463
535
299
659
419
523
351
519
307
559
335
507
155
499
479
591
335
615
291
455
99
683
531
523
327
407
443
575
243
391
223
543
355
511
367
531
387
715
303
551
219
723
243
495
215
511
523
399
235
471
379
439
415
495
323
679
211
295
219
487
279
427
311
379
303
595
155
571
443
591
351
511
251
499
267
579
247
587
179
555
331
415
371
491
375
539
219
659
287
467
291
571
371
519
435
411
307
379
335
423
499
511
299
75
0
255
15
227
71
395
351
499
239
543
407
443
355
247
275
271
371
291
159
223
343
271
403
239
343
383
215
227
259
379
275
199
275
459
299
491
255
259
251
287
275
255
239
243
247
283
239
259
187
439
319
375
311
151
151
335
387
283
303
139
351
279
179
347
151
231
179
259
271
267
279
255
335
343
291
311
279
303
387
187
459
371
219
283
367
447
371
283
323
423
391
419
359
323
211
307
351
283
239
163
327
23
251
275
251
155
483
231
359
335
431
263
387
259
247
379
299
419
259
255
451
315
443
239
447
403
535
387
415
319
299
387
303
399
275
371
295
331
475
231
291
399
479
259
327
271
339
351
291
183
279
355
447
483
243
179
443
119
315
183
215
175
163
275
355
271
343
319
383
311
235
331
427
399
247
187
215
223
291
323
339
191
263
235
235
255
411
219
263
363
219
219
263
323
343
203
275
363
227
255
255
351
235
247
371
315
195
439
287
267
383
175
223
219
491
203
351
239
347
235
179
295
291
279
347
387
211
187
327
203
259
239
263
303
419
255
355
227
371
167
439
159
231
247
127
183
247
223
139
311
219
331
383
435
303
303
419
315
195
207
239
263
271
207
191
283
283
243
219
271
407
287
203
175
303
463
211
279
183
219
239
151
351
259
287
251
387
231
311
247
259
187
299
335
259
315
323
307
387
291
379
179
427
79
391
275
303
251
319
163
351
323
355
303
407
295
391
263
147
259
283
267
307
327
183
247
207
311
383
295
215
327
143
451
239
307
403
343
115
183
343
327
243
223
319
223
331
299
311
263
463
315
275
235
299
407
195
391
247
55
423
171
295
195
223
315
215
231
459
267
271
95
131
215
251
295
275
187
375
295
263
151
395
243
251
239
315
339
303
187
283
283
431
255
395
119
303
287
319
231
343
151
247
155
295
455
299
123
259
219
339
247
379
223
391
227
395
391
219
211
203
219
467
351
323
371
303
219
423
219
399
263
395
227
167
187
119
187
267
247
303
295
371
443
287
283
307
247
219
323
375
115
299
291
3
291
375
311
127
279
279
331
255
231
231
283
255
311
363
199
235
327
239
187
319
207
451
399
303
275
219
263
159
339
139
299
283
35
167
303
247
163
431
375
267
243
403
343
255
263
287
367
327
319
255
359
319
251
359
235
335
239
223
147
295
187
223
259
179
355
339
519
407
407
435
571
