311
523
314
587
367
407
327
498
271
467
183
567
187
475
459
546
243
387
163
458
283
598
291
522
290
515
374
499
302
507
195
535
362
487
255
579
358
454
334
431
251
423
411
475
471
543
279
367
330
518
307
483
347
583
307
415
263
534
183
371
335
483
250
547
155
371
403
375
415
495
311
474
278
575
267
439
390
367
167
575
395
599
311
470
247
578
207
382
327
470
371
463
451
551
298
399
371
499
206
327
350
495
287
451
258
579
311
571
243
611
286
547
318
351
283
479
470
455
503
542
215
462
127
443
267
439
203
563
315
475
235
415
291
447
299
450
183
651
303
507
167
491
370
499
315
547
363
427
335
418
231
447
299
387
379
591
291
531
267
670
275
399
274
571
426
423
170
330
171
479
295
419
255
534
191
538
331
539
315
603
279
591
170
338
267
426
319
443
307
539
190
423
298
483
326
375
231
511
362
478
323
515
207
494
463
431
295
555
407
619
255
530
366
487
262
491
259
407
323
391
275
559
299
483
311
363
318
430
219
539
191
391
375
522
403
419
387
507
279
546
458
510
263
486
231
615
294
595
251
555
347
338
291
455
187
490
283
394
335
339
287
391
198
463
299
522
99
431
203
483
355
579
374
571
479
431
231
579
243
419
219
402
230
667
174
515
310
518
227
554
231
514
283
583
255
455
271
399
235
535
471
527
295
595
438
366
163
451
295
655
266
570
235
411
311
522
431
259
346
619
146
419
307
519
219
443
355
442
383
330
331
575
367
567
399
354
322
502
399
431
315
447
379
427
267
411
255
491
290
475
118
439
267
627
195
595
399
367
302
450
346
507
247
435
235
415
187
387
347
475
363
558
418
491
243
415
359
499
327
503
367
543
307
615
215
682
255
462
343
367
271
439
415
543
263
522
375
667
411
743
243
439
303
447
359
559
366
579
283
491
223
607
391
591
383
495
315
394
391
507
326
547
215
614
338
431
542
371
383
519
318
446
295
519
275
647
371
530
331
355
419
386
435
475
299
563
218
430
319
582
307
439
235
387
327
515
227
478
183
507
282
482
378
607
290
455
382
435
386
563
342
579
366
555
310
471
295
535
375
491
267
635
343
579
259
567
263
619
339
459
275
463
334
410
351
443
315
266
0
107
55
191
11
439
187
435
359
351
311
515
347
315
79
311
203
263
290
302
211
343
191
275
339
230
219
219
391
195
250
247
346
303
279
275
187
182
383
159
235
263
319
323
115
263
254
247
267
275
387
295
295
339
242
147
387
358
207
238
311
367
259
239
411
251
415
187
227
230
247
199
359
387
378
287
227
351
243
407
311
135
255
211
271
170
367
271
294
334
311
287
299
231
374
223
346
403
150
135
362
411
179
91
339
294
287
235
310
419
131
238
302
227
291
191
371
295
259
315
339
202
251
271
335
243
434
183
283
343
263
95
351
347
219
179
411
275
191
351
399
187
311
138
163
342
226
226
175
451
359
283
183
295
271
278
231
194
190
346
347
235
455
439
246
207
258
266
227
198
223
151
371
95
203
307
166
371
167
194
311
131
198
435
171
286
179
323
347
294
351
311
315
347
347
187
179
263
291
222
259
303
303
291
290
263
327
374
299
283
258
379
371
247
247
131
370
275
283
243
395
151
307
275
295
186
326
295
359
239
383
331
335
299
323
255
339
367
191
179
227
199
286
259
415
267
263
243
339
255
319
147
423
207
303
355
303
219
310
367
287
278
138
231
291
223
291
162
351
251
155
179
295
270
238
119
267
155
242
307
279
442
262
150
374
259
242
350
266
222
223
154
310
279
287
127
219
231
210
327
282
311
343
383
238
255
295
251
287
86
267
367
214
331
323
251
343
310
330
107
286
291
359
266
251
150
259
327
287
187
382
243
315
466
258
127
259
242
355
190
251
255
371
239
219
111
131
279
335
270
266
271
294
191
166
295
294
287
207
334
391
294
291
91
227
263
327
167
215
371
206
235
115
179
395
206
239
191
247
243
351
162
255
239
302
130
371
343
371
227
135
378
154
255
315
331
347
295
223
190
382
175
203
255
355
203
211
139
435
239
263
279
150
430
194
335
415
334
415
303
167
374
223
394
358
279
263
231
143
287
487
351
231
223
366
82
343
203
350
210
291
298
303
307
307
251
475
239
291
206
415
195
331
198
379
191
247
339
295
386
330
327
219
275
439
271
242
251
223
231
339
274
206
146
290
243
187
319
262
294
331
463
134
235
258
382
87
275
394
343
379
379
291
158
271
263
238
222
183
254
274
191
235
219
367
370
175
174
354
191
247
210
283
322
351
159
358
406
303
251
307
242
402
319
359
646
