250
567
361
379
394
483
427
431
343
467
317
634
265
543
342
527
358
645
341
519
110
618
354
302
266
497
354
397
390
442
122
586
227
537
279
685
454
571
251
535
203
395
279
565
339
511
429
457
365
471
213
603
307
490
303
469
215
471
407
499
274
555
281
497
223
587
431
579
370
375
366
579
349
385
231
642
499
405
246
590
306
543
347
439
245
549
186
563
315
467
345
545
111
465
450
626
255
515
374
487
239
555
103
607
351
355
311
487
297
527
357
519
451
467
382
451
293
407
227
411
195
479
171
399
255
479
335
579
347
574
235
494
334
543
326
415
233
581
327
690
254
455
223
418
375
391
187
538
475
533
281
399
314
661
407
627
302
471
319
527
250
559
295
669
315
427
319
415
271
597
423
551
415
334
367
567
487
583
370
599
297
489
215
531
195
723
383
571
495
487
342
499
351
689
343
435
297
614
315
359
374
591
294
494
310
494
263
531
358
487
419
519
327
531
325
430
397
485
427
579
283
574
378
635
195
618
255
473
401
419
115
513
503
527
250
419
342
369
257
447
411
622
343
387
490
661
191
465
407
394
403
453
215
506
357
483
409
650
295
375
323
687
417
474
267
479
411
462
267
602
430
783
237
550
271
535
363
527
355
474
401
395
291
703
269
475
373
558
394
459
383
607
306
399
191
439
266
458
511
539
250
447
273
597
283
627
407
431
483
626
291
413
270
455
251
415
358
586
374
437
395
643
415
459
350
563
389
630
331
583
315
614
443
573
369
503
411
699
301
607
343
531
363
451
413
507
231
518
230
705
351
333
291
702
235
611
323
483
319
539
286
379
275
579
382
542
483
390
417
503
373
475
346
587
339
682
231
450
438
330
425
593
407
583
499
525
354
662
438
431
338
543
359
630
362
395
371
503
247
567
371
442
342
627
289
407
262
403
235
554
165
515
351
533
279
382
329
478
337
607
313
623
315
486
197
433
287
571
290
415
279
469
267
602
179
587
255
377
303
363
206
615
187
597
223
550
198
427
482
555
263
418
287
690
163
455
357
423
314
509
327
547
359
467
394
406
279
507
415
487
209
627
375
459
227
551
443
611
278
683
341
578
315
602
435
571
259
622
386
525
371
621
301
543
470
407
329
255
11
179
71
195
63
631
355
523
171
433
327
458
426
455
286
339
299
317
306
498
406
418
354
313
386
282
267
303
254
279
346
379
291
258
321
271
315
275
330
206
159
163
274
223
271
521
171
207
194
295
259
279
263
350
243
302
222
245
339
333
451
171
150
402
329
323
259
427
339
310
442
191
401
314
339
239
395
398
370
219
215
195
323
390
246
371
323
211
227
393
315
299
330
327
359
274
471
255
363
255
291
291
215
219
250
463
255
249
289
299
194
219
323
363
347
209
367
362
334
241
255
453
330
346
442
418
274
334
418
186
402
298
482
326
222
498
262
158
454
378
466
366
354
342
230
218
274
403
195
199
315
262
342
179
338
318
385
227
311
413
379
290
161
366
299
395
237
227
279
325
139
285
266
470
418
331
211
407
179
367
395
201
310
318
251
330
390
142
282
398
242
129
322
291
315
265
227
447
221
267
335
322
422
123
286
354
375
275
215
354
349
318
439
271
353
191
309
309
203
222
415
347
351
393
487
294
451
299
251
319
286
311
267
199
391
195
242
231
427
334
187
239
239
197
215
418
285
311
178
365
335
315
417
475
366
378
327
387
299
198
342
231
286
211
331
303
435
427
291
447
126
331
251
338
359
306
247
231
354
179
263
131
351
399
291
223
306
273
305
163
459
399
315
355
207
387
399
342
339
202
455
215
217
211
155
167
302
243
319
275
403
251
402
330
195
155
279
347
251
386
434
327
286
393
297
223
447
365
342
286
275
127
370
217
374
399
367
299
249
306
143
307
523
158
375
309
335
366
451
430
267
415
397
127
291
255
307
226
219
359
309
325
359
375
295
259
235
287
319
398
167
179
339
475
251
227
235
358
289
286
395
298
199
343
334
191
325
214
358
397
195
334
367
222
235
315
301
491
426
259
259
335
255
255
271
131
301
237
235
263
274
441
411
271
211
194
430
411
185
259
110
171
367
219
155
315
311
170
359
394
430
239
350
335
131
295
387
291
327
333
427
270
347
321
190
221
358
281
353
145
283
291
454
127
254
487
215
375
179
103
385
291
242
255
203
259
253
211
199
306
311
422
285
247
287
255
275
262
314
439
297
257
439
318
422
186
389
383
307
287
427
231
331
409
391
335
307
347
205
255
274
295
142
187
347
267
373
299
257
131
190
187
397
281
159
242
199
351
129
283
379
431
483
306
418
718
