415
523
439
463
315
503
455
575
339
559
323
439
311
627
255
591
503
551
391
415
363
567
275
503
251
599
223
526
471
575
335
655
307
715
399
587
447
539
323
495
411
347
315
559
350
563
403
587
459
531
347
767
411
419
351
431
387
567
383
587
475
623
359
594
547
463
507
571
495
543
351
447
331
719
407
471
435
703
383
695
383
539
467
395
399
675
387
659
335
671
367
571
407
486
399
639
315
579
303
563
407
451
515
495
411
491
371
675
415
675
319
491
515
727
335
639
383
523
403
587
343
595
483
491
295
515
371
519
575
527
375
543
455
595
219
523
275
463
315
591
439
679
619
530
479
531
255
535
275
579
259
555
351
591
475
479
419
651
347
507
295
743
367
583
499
535
167
619
191
611
379
571
411
539
303
539
495
487
502
503
363
718
339
499
430
611
263
619
371
511
219
483
427
615
367
511
435
523
255
539
303
475
203
423
299
619
455
611
363
695
351
535
383
587
323
551
379
639
303
667
487
479
479
659
399
639
427
583
331
387
219
619
283
559
371
675
419
558
407
751
347
635
279
555
267
535
303
419
327
587
303
587
379
739
323
595
335
615
331
563
339
471
443
543
363
515
403
651
355
527
419
535
223
631
259
415
451
595
271
531
383
539
283
567
435
663
435
551
451
699
335
679
351
727
387
439
451
399
387
455
495
447
403
383
523
571
239
723
386
570
311
523
323
487
363
459
271
527
263
555
407
423
327
567
311
499
383
403
359
583
407
615
411
731
227
498
295
671
443
651
307
527
307
539
195
503
371
495
355
567
371
543
315
467
431
547
451
627
291
531
419
611
367
647
339
514
363
571
271
519
375
435
435
599
379
571
319
695
287
659
383
411
363
559
507
491
403
575
423
575
347
639
415
699
347
555
303
467
367
703
339
403
359
447
495
679
223
551
407
599
431
519
403
491
295
583
347
487
447
639
351
471
499
459
255
571
379
527
279
379
379
611
315
538
379
483
431
531
167
347
303
615
379
591
303
611
383
719
511
659
407
571
431
603
323
499
335
559
363
547
263
603
287
667
467
711
347
643
375
583
507
527
279
571
315
443
343
595
163
583
503
583
315
499
439
471
583
643
411
743
483
611
219
639
483
639
503
331
0
199
7
199
50
423
207
614
367
575
383
495
367
199
378
291
339
230
271
339
343
435
239
259
331
311
271
239
415
311
403
387
415
367
335
331
435
287
439
275
223
415
287
447
339
339
451
219
339
299
383
239
359
327
443
235
323
243
323
275
479
263
351
187
407
147
439
366
419
363
283
179
458
311
363
387
311
243
411
303
379
315
223
307
487
315
259
303
291
319
163
283
243
294
403
123
399
327
259
323
363
323
347
315
207
515
427
295
335
311
351
291
367
251
379
219
246
319
439
415
459
287
259
347
355
331
295
351
335
355
335
379
295
363
523
415
419
247
455
387
523
299
415
275
351
311
275
359
307
355
315
343
407
79
267
387
355
279
343
263
335
467
267
219
211
443
279
339
251
335
411
363
503
211
351
399
299
179
259
327
379
299
319
439
327
323
339
439
379
315
331
275
455
275
199
231
387
375
291
295
271
271
347
295
479
427
307
363
435
223
283
339
355
387
283
203
387
359
439
291
351
231
335
355
395
319
391
203
339
359
247
215
367
387
163
159
355
339
399
339
431
323
299
219
299
403
371
299
286
366
383
431
351
275
343
247
295
315
363
323
355
283
207
303
203
191
367
283
259
343
427
387
251
347
423
355
299
219
323
199
279
395
299
323
307
335
327
331
379
275
291
331
183
347
375
463
179
243
303
375
319
163
231
319
407
323
319
159
359
355
367
319
343
411
383
323
331
411
419
311
455
370
243
235
443
411
251
307
347
399
171
335
215
407
379
443
227
391
239
315
439
339
327
179
263
339
203
311
419
383
459
311
315
387
411
219
279
251
423
331
327
262
331
463
363
287
271
323
319
375
235
239
343
335
311
419
471
391
315
347
399
267
351
351
414
255
43
287
375
199
271
423
379
267
203
403
411
163
407
335
447
223
443
451
366
367
399
347
239
179
291
287
275
447
379
319
375
271
295
323
239
263
295
467
399
359
487
295
267
299
295
399
419
231
335
387
435
363
335
251
279
263
407
235
387
211
411
387
479
407
319
183
331
307
443
279
279
315
179
415
295
367
267
383
395
263
283
191
403
355
499
347
383
467
327
439
415
439
199
131
403
295
239
250
391
214
211
270
319
347
255
395
183
307
315
283
323
315
331
371
295
335
315
179
435
255
279
359
383
383
243
275
363
415
175
295
226
291
255
299
311
251
363
215
355
523
