359
651
343
483
391
599
363
511
351
519
287
583
443
619
371
615
379
515
403
627
443
647
339
687
579
747
547
551
499
703
363
623
359
551
463
667
531
719
307
583
335
539
399
539
331
571
375
611
311
543
395
587
483
435
267
615
279
603
283
595
423
483
455
519
487
611
467
499
391
667
439
579
407
599
207
691
435
559
507
643
499
563
331
539
463
687
431
475
283
519
559
635
251
555
319
519
419
655
395
635
411
591
235
515
455
603
259
475
407
423
279
439
439
611
359
547
343
551
343
451
367
567
363
547
411
575
251
587
315
715
231
671
519
463
387
487
411
575
279
527
443
667
403
659
487
615
575
727
459
555
475
683
439
703
335
591
375
551
439
599
435
687
239
715
443
619
419
443
539
595
579
599
467
739
339
591
439
583
499
547
439
611
391
675
479
539
287
603
543
599
487
599
351
555
475
511
279
691
471
631
187
651
327
607
399
523
375
631
323
443
191
535
387
491
375
619
503
619
383
571
447
411
303
703
407
535
275
555
391
607
355
559
415
511
567
711
347
611
299
675
527
651
371
423
435
487
343
551
275
487
339
439
415
631
471
543
367
563
427
647
339
643
311
651
347
599
315
511
335
515
247
591
567
575
479
599
439
735
359
627
383
639
307
535
459
627
419
539
587
763
355
543
411
671
499
547
347
647
359
471
475
471
451
619
327
563
327
655
307
523
403
659
299
611
411
667
495
611
275
659
387
747
431
719
227
515
491
595
355
587
587
595
539
615
327
723
395
611
323
543
455
551
343
599
383
539
403
443
419
679
403
591
331
543
407
515
379
567
307
479
507
687
351
555
443
551
395
619
391
635
259
495
483
635
223
543
291
555
527
455
319
667
339
595
423
675
303
523
379
575
475
591
387
671
255
683
475
499
339
651
327
571
359
611
247
531
495
683
319
543
259
591
411
731
367
599
423
535
335
631
235
627
351
763
327
491
415
575
419
527
451
711
463
535
419
607
463
499
291
467
415
575
427
551
519
491
451
495
427
655
311
551
375
607
459
595
375
559
251
579
435
587
491
755
331
603
367
587
391
443
283
619
339
719
475
431
439
499
363
571
475
607
467
655
259
607
359
587
371
595
275
739
463
551
395
667
575
267
111
251
23
255
155
651
283
607
439
599
355
599
399
379
359
299
219
251
223
283
387
319
235
295
443
335
139
279
443
447
331
227
367
403
323
395
399
467
355
335
387
487
503
419
411
475
503
399
427
371
487
323
339
311
407
275
327
435
355
255
615
427
455
459
399
327
295
315
387
363
399
323
411
435
335
375
363
411
283
375
399
371
347
383
307
363
507
287
371
411
315
399
483
363
343
371
419
591
159
235
375
379
311
371
203
331
363
403
343
467
307
391
307
315
351
375
319
475
223
347
431
503
403
491
571
419
279
415
515
259
363
411
283
327
551
383
379
423
307
255
315
339
463
411
351
283
355
299
359
391
331
307
307
435
351
451
375
491
263
395
203
355
519
355
351
359
403
307
287
411
367
259
311
431
347
459
399
479
359
411
367
371
359
255
399
235
455
363
239
399
363
391
259
439
419
223
387
303
299
535
459
319
287
387
355
235
291
367
363
411
375
243
371
299
503
327
455
331
295
267
359
331
483
443
243
475
463
347
327
379
519
391
375
447
387
387
375
339
339
383
435
279
423
371
379
375
375
379
411
311
347
371
427
439
527
495
479
343
395
215
359
351
347
387
359
459
395
455
379
487
251
419
411
419
363
315
463
467
331
491
391
363
367
363
339
511
431
263
415
335
535
407
415
387
407
223
419
419
383
279
639
283
351
363
255
279
255
331
339
343
399
343
339
563
403
339
375
347
487
415
467
399
315
475
471
239
275
399
455
299
439
415
335
227
347
355
439
331
307
455
407
347
467
275
287
519
367
459
455
447
407
403
383
419
303
251
239
435
331
367
451
515
507
435
415
535
283
299
271
243
367
331
335
331
447
315
207
335
527
319
295
399
287
371
451
411
363
443
439
291
367
351
311
339
451
443
423
383
291
207
375
475
335
207
395
351
419
403
455
307
427
227
407
507
335
479
439
423
351
295
363
399
335
299
435
359
323
247
419
335
283
315
343
435
367
211
383
271
475
351
327
331
323
407
407
247
399
363
343
323
303
283
435
467
311
319
311
415
443
447
495
407
155
375
443
335
347
443
443
327
503
411
331
371
459
223
491
407
371
435
303
359
247
379
423
431
479
263
431
431
371
323
351
371
287
415
403
363
303
279
399
283
379
307
479
343
423
311
527
447
347
195
287
179
327
343
251
247
367
443
271
207
431
359
303
467
