535
647
327
683
287
463
259
531
323
503
447
459
459
559
379
527
319
459
271
487
471
607
279
455
231
391
175
479
411
511
515
691
335
471
319
547
367
567
251
483
283
543
211
563
551
475
459
495
211
483
299
467
323
459
467
579
243
479
315
471
543
575
243
463
363
559
403
683
303
579
383
515
223
571
531
487
395
627
355
539
499
499
399
547
343
607
483
631
387
523
403
563
471
519
271
463
319
603
315
599
331
507
455
591
399
495
355
467
539
671
359
511
475
515
143
703
211
679
287
615
399
543
395
651
323
567
335
447
547
655
383
523
355
451
271
459
235
591
335
735
387
491
379
539
551
667
355
539
351
451
287
543
363
579
299
535
259
539
191
539
391
579
351
567
303
567
179
499
323
603
327
535
347
619
303
487
339
539
387
455
295
515
359
535
463
659
339
567
455
495
343
651
327
603
371
607
383
275
455
419
503
487
227
571
515
571
219
531
399
587
495
511
343
475
443
491
327
691
351
635
383
667
387
687
539
359
343
623
275
359
331
527
487
519
203
643
411
459
427
547
443
511
207
631
359
519
323
539
323
543
323
595
343
575
419
543
523
659
343
471
371
555
427
535
371
511
399
535
323
347
267
647
383
563
299
583
299
571
295
499
291
483
287
395
507
515
295
583
503
739
275
563
327
467
195
659
315
531
227
587
411
507
415
459
319
555
351
543
467
575
271
483
355
527
323
639
355
575
291
539
359
675
499
651
375
503
263
499
307
655
335
555
379
655
171
607
435
591
283
531
435
583
559
503
343
507
211
475
539
423
291
619
367
447
335
539
303
475
375
491
343
475
243
447
187
523
323
619
271
531
215
535
315
519
411
567
375
591
351
559
251
507
367
475
415
631
291
583
303
539
307
499
263
479
263
383
419
559
363
367
383
467
311
483
403
567
299
403
287
519
375
591
335
595
359
539
451
603
259
687
319
655
327
559
319
651
331
451
359
647
331
483
355
531
347
439
255
507
363
387
315
627
323
475
323
743
359
579
271
543
379
459
255
639
263
595
355
595
315
419
475
503
383
559
511
615
367
555
259
563
311
519
343
535
367
467
439
675
395
391
311
755
447
567
287
575
463
475
431
587
411
571
339
583
303
531
447
183
99
247
59
283
23
543
179
475
195
559
483
503
343
299
327
359
403
263
419
391
255
439
475
311
459
315
211
203
463
371
427
211
251
355
427
419
231
311
247
315
295
407
391
187
475
247
227
263
255
375
255
171
283
391
319
203
319
415
275
267
331
323
323
391
279
243
339
247
335
267
483
287
339
235
339
479
331
483
387
299
387
315
283
387
363
283
223
251
215
291
183
435
295
231
355
347
251
423
307
327
259
263
191
387
495
299
339
391
271
491
383
323
371
311
331
359
375
247
291
199
275
371
271
235
455
339
415
311
507
295
431
339
271
519
295
427
387
367
223
159
379
471
315
339
443
371
399
303
307
179
131
323
299
159
483
391
475
107
343
383
403
275
435
447
359
179
219
135
243
339
315
259
367
319
323
259
223
383
259
267
299
323
79
343
371
195
275
259
387
331
311
379
327
227
451
399
467
379
215
187
319
307
239
235
415
259
339
227
183
363
311
391
199
183
363
247
439
403
271
355
267
431
211
375
487
351
399
271
271
375
363
339
227
307
283
347
379
411
279
367
415
295
459
219
203
299
191
331
391
335
415
463
451
367
343
71
395
259
235
315
375
295
295
271
343
311
247
447
427
431
307
291
315
235
375
207
323
287
219
279
487
387
267
187
371
311
331
363
391
203
427
267
359
315
407
203
495
383
167
263
175
183
235
367
359
343
235
323
323
255
135
223
307
259
163
299
363
327
219
179
279
311
267
315
347
435
311
239
323
319
331
259
263
383
451
363
187
283
423
179
203
279
307
335
179
211
331
267
199
331
219
331
383
463
327
351
247
179
347
279
223
231
375
259
355
291
275
311
431
331
235
183
347
175
295
155
355
439
243
295
303
331
383
291
291
191
343
403
303
247
347
195
351
351
311
375
315
335
419
323
339
375
331
219
355
303
487
375
371
363
263
303
315
283
287
327
391
187
359
199
275
263
383
367
311
323
335
219
459
383
223
467
327
279
299
215
283
235
423
347
327
247
227
319
287
223
275
327
411
355
367
335
275
271
227
223
463
359
331
235
351
411
335
187
387
415
207
347
275
111
263
351
295
303
171
423
399
307
339
347
231
319
455
419
303
187
319
247
303
247
375
267
339
339
267
371
395
303
387
307
415
323
347
203
423
255
339
255
323
447
431
335
267
227
267
91
275
163
191
227
363
251
227
87
303
543
