475
507
235
459
247
539
275
527
351
519
323
451
259
423
279
411
427
559
299
491
419
503
315
507
315
535
423
331
503
455
387
467
435
635
363
487
439
535
283
571
295
683
227
455
223
547
303
435
327
487
359
623
347
595
159
491
283
675
299
395
347
463
323
531
383
511
231
519
251
599
299
535
219
463
387
627
371
511
375
523
299
607
351
531
427
379
207
479
207
583
331
595
527
507
447
531
395
543
403
451
327
415
251
527
239
463
155
355
247
479
367
555
439
591
203
479
283
539
351
459
351
511
295
627
347
575
347
527
347
583
471
715
247
395
275
407
327
579
291
559
399
451
215
531
463
503
379
379
415
551
303
343
471
507
307
531
271
519
391
499
383
711
255
587
219
423
323
443
327
535
331
499
247
571
411
659
255
603
435
399
411
571
235
623
163
363
359
503
435
471
299
535
271
611
351
415
399
547
107
571
291
407
295
467
347
575
187
575
467
511
251
599
339
543
359
583
263
351
383
483
195
403
439
479
435
583
267
487
307
543
143
431
319
487
279
555
431
611
235
527
319
491
359
559
295
591
259
431
379
547
319
515
459
647
419
347
355
535
263
431
299
499
315
427
135
619
327
459
279
523
391
483
323
459
519
435
299
455
263
447
323
371
359
435
311
507
335
455
315
499
359
487
319
475
331
539
259
643
351
535
303
483
179
619
171
547
263
599
383
455
299
423
239
495
395
563
151
567
463
387
223
603
287
435
407
411
307
531
175
495
259
567
423
671
383
487
307
515
379
443
267
431
387
507
331
367
251
487
375
427
411
427
415
443
315
499
391
543
427
371
319
551
375
475
371
631
411
539
443
475
239
607
399
599
447
447
395
547
375
343
303
619
275
535
283
535
195
619
275
523
151
419
311
459
427
479
447
595
111
407
395
411
383
519
271
519
403
355
411
603
167
439
347
407
235
571
243
559
363
543
291
551
231
447
243
559
279
623
291
499
351
507
427
487
447
487
355
375
355
487
347
535
251
435
451
551
319
539
247
567
355
627
199
495
175
667
271
535
379
551
359
403
335
523
247
671
279
439
183
559
291
551
467
647
295
483
343
619
463
423
359
615
235
595
323
531
179
303
311
579
299
455
435
595
239
439
323
319
35
267
91
207
0
539
287
487
351
363
423
399
279
323
255
359
255
331
331
295
255
227
259
99
307
235
175
331
419
331
123
259
347
395
291
315
335
343
131
255
235
147
291
195
327
183
315
291
403
315
359
227
303
263
339
179
407
255
447
407
167
319
299
355
331
307
307
283
167
367
255
331
391
287
371
283
323
331
295
171
395
187
319
191
219
323
351
207
319
155
255
259
251
271
211
383
247
339
343
143
519
395
331
259
399
327
303
259
419
359
215
367
247
215
295
295
287
303
311
219
459
275
219
307
231
295
323
295
227
235
211
291
259
199
251
295
183
203
335
259
271
371
271
99
347
215
275
343
195
235
303
375
311
231
347
355
239
331
255
427
371
195
311
191
295
219
459
223
279
279
191
251
307
339
347
131
455
327
195
295
243
39
267
211
267
275
203
279
387
235
315
223
187
227
327
279
275
367
163
91
379
179
239
395
295
379
255
471
411
279
279
335
443
279
335
339
307
487
131
131
407
351
307
263
223
215
319
231
279
211
143
275
371
391
203
351
295
371
211
343
231
335
239
179
323
235
247
199
403
191
467
175
355
339
315
279
283
215
319
215
243
251
135
127
315
383
331
367
511
323
227
359
387
235
243
203
231
411
127
303
279
379
139
275
223
323
343
339
335
223
283
247
127
399
431
107
359
207
375
275
335
91
267
171
135
367
371
307
211
235
331
235
315
279
343
199
375
191
251
363
359
199
275
187
127
315
191
199
387
207
263
119
295
227
315
323
343
367
331
203
267
411
251
267
391
283
263
299
255
287
251
135
215
275
343
183
279
375
371
251
307
331
339
299
279
387
219
191
427
283
383
311
331
343
487
255
131
327
331
295
159
439
339
211
175
239
283
195
279
359
391
107
363
339
331
331
367
259
327
335
375
319
399
211
279
463
159
315
391
131
291
319
463
179
327
363
343
259
335
239
343
331
219
247
431
323
463
255
387
279
235
207
315
331
255
371
367
267
255
283
371
291
311
291
391
291
211
279
279
403
375
363
239
99
307
375
319
159
271
335
423
267
287
231
279
191
303
243
311
387
387
375
275
327
195
315
299
239
259
95
375
275
187
303
323
227
367
403
343
295
307
343
315
187
367
199
255
343
431
339
195
423
263
171
375
291
235
163
311
299
231
267
407
239
451
255
231
263
211
279
335
183
331
91
255
511
