471
627
243
658
311
639
442
567
347
703
499
718
326
827
410
695
351
603
359
534
378
570
347
607
451
635
283
787
398
694
265
463
414
715
515
651
501
631
351
451
205
634
379
835
439
613
378
739
443
531
454
731
414
643
409
725
334
607
463
655
410
639
367
623
467
643
353
541
447
531
399
547
386
722
303
551
230
647
491
595
361
567
359
619
307
703
519
747
403
655
497
599
535
523
375
607
466
614
583
522
411
635
502
654
415
635
363
691
463
615
522
691
391
567
427
610
531
615
479
818
173
679
359
439
429
611
339
654
387
719
378
715
293
701
359
759
399
678
497
662
367
723
451
579
447
587
471
563
315
682
283
526
471
623
298
730
439
507
463
499
471
557
525
638
411
607
311
647
466
595
291
654
330
547
338
590
437
659
383
687
363
563
422
646
535
719
345
689
481
611
567
642
411
798
391
577
491
723
498
555
474
498
466
559
355
578
479
677
489
699
387
463
391
619
281
614
271
565
410
569
382
635
499
769
579
679
446
563
447
583
495
537
379
587
483
653
443
619
375
679
571
491
323
673
434
631
441
599
495
659
493
793
358
797
467
685
459
663
402
511
514
707
327
621
290
505
438
507
471
683
322
631
383
781
430
639
507
611
429
595
446
630
407
597
502
674
499
719
521
569
399
591
369
719
558
551
427
569
605
717
255
667
379
607
523
595
574
651
395
659
399
619
346
795
454
627
269
749
379
507
485
639
535
491
423
723
286
534
450
762
287
535
478
677
479
715
378
627
451
701
469
838
402
706
439
689
443
523
594
610
375
611
523
549
495
731
358
690
287
735
391
587
407
590
414
579
431
603
526
595
451
659
311
491
365
674
526
602
369
542
431
734
515
699
591
666
451
590
383
698
399
683
465
755
242
653
431
513
495
579
387
799
489
653
378
643
481
483
438
617
362
542
458
711
411
619
431
550
519
687
459
657
399
571
447
643
379
575
487
571
341
665
494
611
459
710
409
603
374
678
523
626
254
562
339
718
363
670
503
694
449
610
355
627
467
719
371
607
402
773
490
635
467
718
503
627
389
701
450
787
551
579
418
614
526
550
567
694
425
703
363
683
487
681
434
703
474
577
479
650
507
471
307
655
578
583
443
363
299
407
135
479
95
515
399
619
371
779
411
751
633
375
419
578
514
475
446
390
389
451
399
359
441
579
359
354
307
393
490
367
379
338
347
311
342
435
418
367
366
273
343
386
407
415
359
458
247
471
387
473
519
519
390
347
326
391
201
397
559
546
614
521
387
270
507
386
466
374
339
447
319
315
295
367
331
467
355
271
438
274
382
447
545
343
379
471
355
479
298
430
570
421
367
211
355
298
359
371
342
470
415
307
475
433
345
314
323
494
575
379
459
403
407
334
422
359
355
363
367
435
414
378
394
554
514
414
534
402
338
374
506
466
398
498
494
310
346
582
406
470
642
310
462
406
334
267
399
333
433
306
443
338
393
365
374
475
434
347
555
371
350
351
478
350
194
403
527
447
362
310
387
402
499
387
415
310
419
250
491
398
295
429
519
367
467
298
667
470
367
371
411
335
371
322
451
469
334
389
509
366
419
339
391
455
501
365
427
306
433
347
349
295
474
339
462
510
287
354
423
450
407
439
434
399
417
239
291
323
246
201
553
359
526
387
582
431
445
474
357
449
439
383
394
407
382
378
230
443
378
575
418
379
427
399
287
378
357
458
279
459
318
395
286
267
442
519
382
418
402
303
374
299
422
423
435
393
423
226
333
470
299
298
453
467
407
455
453
379
259
387
439
451
299
381
385
363
375
259
470
403
389
295
539
346
363
447
387
403
427
222
411
447
286
509
419
202
547
547
519
363
462
326
466
402
438
445
411
326
299
401
415
317
283
403
379
399
347
331
363
470
330
499
475
358
409
334
339
283
401
283
391
555
402
250
465
238
366
354
327
295
283
479
222
470
498
398
306
335
407
374
443
341
465
430
415
451
309
214
287
439
419
289
315
319
471
450
407
491
315
335
395
274
401
481
442
382
327
415
561
407
359
494
351
265
495
407
471
327
381
315
490
514
455
242
627
487
311
515
435
523
339
335
415
471
407
411
367
218
331
403
399
451
499
435
367
443
350
407
395
399
401
362
267
286
350
450
323
357
351
374
315
387
299
222
485
347
327
409
463
291
423
429
247
279
382
473
371
355
327
346
282
326
271
358
454
391
422
387
411
489
538
198
355
427
187
309
235
290
445
210
455
427
379
382
491
393
423
511
403
489
250
399
563
391
487
389
527
406
453
371
383
379
362
339
417
455
286
362
319
339
377
367
241
690
