439
479
391
595
311
559
387
499
367
579
203
707
235
615
335
495
455
531
311
507
479
303
395
559
391
555
251
559
395
567
283
439
455
599
327
595
391
479
295
411
403
463
407
479
423
371
383
479
487
639
343
423
271
547
419
607
235
567
443
563
303
459
307
563
255
643
371
551
287
571
395
571
431
495
459
459
355
535
427
491
311
503
259
607
319
499
307
399
399
547
423
611
451
539
343
447
411
567
291
555
303
495
279
483
351
503
283
563
347
515
383
575
283
607
327
567
283
703
371
611
319
391
335
515
407
455
327
755
387
667
359
603
271
639
351
667
451
575
419
519
335
511
371
555
367
547
263
543
283
559
435
519
291
415
355
563
495
547
339
395
359
703
239
455
391
531
219
463
307
719
307
531
507
559
227
535
331
583
227
459
371
583
231
599
371
539
343
479
363
559
379
631
243
459
303
487
243
507
251
403
331
495
371
531
351
571
295
507
435
615
387
679
291
535
387
459
419
631
331
519
343
443
363
575
215
463
487
607
267
539
175
483
183
551
243
463
311
555
467
675
367
591
307
515
319
547
327
587
327
495
227
407
391
583
287
671
379
611
239
463
323
543
471
611
391
675
367
499
371
451
331
503
283
419
399
603
455
547
435
463
311
459
311
515
355
755
399
539
451
471
351
431
395
539
495
559
415
559
287
499
335
571
303
607
459
655
295
423
311
515
295
543
331
471
363
603
347
679
295
687
359
539
367
435
363
455
327
483
199
607
355
571
435
675
275
551
299
619
271
619
383
515
211
511
291
551
399
575
423
579
339
583
435
551
371
555
303
495
347
563
279
507
239
539
347
591
339
539
463
555
455
547
419
455
343
631
271
567
303
467
379
435
243
539
395
527
299
591
267
539
455
583
303
523
375
527
355
567
383
627
355
639
319
491
347
459
251
419
435
511
459
595
451
719
239
603
339
547
275
631
371
535
219
583
403
571
331
459
251
479
275
463
403
627
271
507
407
567
271
499
347
379
347
519
367
587
355
479
539
615
371
623
351
651
387
571
407
615
231
447
395
635
323
619
251
591
299
495
347
551
463
559
299
435
291
551
335
511
215
619
355
531
375
591
239
611
135
407
363
507
387
647
351
463
411
535
403
331
127
271
0
215
43
739
371
471
251
415
295
407
251
415
119
247
375
235
359
283
183
203
247
207
463
291
243
239
355
327
475
331
439
359
179
463
335
375
323
183
343
359
371
295
199
223
391
251
455
323
331
255
219
327
239
307
283
427
347
363
451
199
355
487
187
339
223
275
299
223
411
235
255
391
291
303
411
251
235
311
319
79
431
283
419
227
375
299
331
335
283
271
403
355
303
259
219
279
287
543
395
351
247
175
311
311
283
275
331
315
323
311
331
323
323
211
435
299
339
399
291
343
455
263
283
427
459
383
331
323
315
255
335
251
311
255
415
387
347
247
283
227
519
187
323
311
323
435
263
311
371
311
203
207
359
243
323
271
287
219
211
291
475
207
235
175
447
355
411
295
451
335
183
323
55
331
271
303
323
335
163
151
255
287
287
327
363
387
399
355
343
231
319
107
391
331
219
147
443
371
247
267
415
299
279
211
251
311
411
311
311
315
363
407
231
135
319
351
295
263
367
383
295
183
511
183
295
431
383
303
299
251
487
343
195
363
287
303
283
355
403
347
279
383
355
375
411
235
347
391
523
347
347
363
359
239
259
239
139
303
203
291
227
303
219
367
323
295
283
239
323
387
335
299
255
291
107
299
299
295
267
187
327
303
471
407
215
315
427
299
343
375
159
203
323
359
311
311
367
299
327
411
199
315
271
307
407
255
211
391
43
203
367
383
275
399
339
503
323
271
335
243
419
183
263
451
259
283
399
315
223
295
291
239
267
491
303
211
367
319
319
291
327
311
295
295
343
311
267
383
427
359
303
331
319
239
195
391
343
147
335
415
351
391
287
291
311
227
427
223
219
311
339
359
279
339
379
223
255
83
179
271
267
163
267
179
283
287
83
435
303
411
279
283
363
275
259
339
367
227
363
147
359
227
311
475
331
199
307
259
359
275
379
275
351
263
351
343
363
199
191
307
403
287
359
227
211
267
375
263
363
247
411
295
171
195
255
283
327
303
371
219
439
87
355
511
367
283
291
247
359
191
319
223
291
243
335
379
287
363
411
299
347
295
451
315
283
299
367
335
327
139
307
175
267
247
439
239
331
287
303
327
287
359
351
279
371
367
247
475
307
243
307
251
363
323
391
247
319
255
395
59
147
187
471
239
307
119
263
267
263
343
351
167
351
279
247
279
283
367
131
423
327
319
343
583
