395
567
251
594
398
642
291
610
258
695
211
490
325
649
239
567
306
543
426
647
386
589
235
610
339
569
446
414
335
647
465
603
518
651
427
597
326
523
394
543
299
538
475
551
351
570
374
694
387
631
389
699
374
527
373
487
262
498
451
734
299
622
391
522
402
735
393
562
525
535
153
574
341
503
275
631
433
561
382
563
343
519
438
637
305
483
375
507
351
630
435
627
381
643
271
587
358
599
295
579
310
551
375
623
345
742
215
527
385
482
325
666
483
647
347
477
255
515
374
467
379
513
351
670
411
615
291
526
537
585
522
570
411
595
331
419
323
486
283
347
363
487
355
655
443
583
418
631
503
666
391
522
489
581
290
635
334
662
174
563
371
522
263
773
398
698
449
566
419
699
294
431
466
587
458
639
343
541
433
490
291
591
279
371
467
543
327
478
343
614
469
491
279
659
310
754
379
591
367
599
378
675
363
545
402
663
550
547
390
535
431
637
391
630
247
363
251
547
379
467
339
669
275
603
361
661
325
707
279
463
215
642
423
547
443
563
421
473
442
610
451
690
342
659
281
498
255
474
377
519
271
501
309
595
255
586
489
341
435
542
255
659
415
526
479
495
323
599
474
543
299
658
559
645
299
417
355
627
363
506
471
531
183
467
386
631
495
518
345
507
431
570
341
618
407
557
547
350
386
519
491
659
339
523
443
513
358
653
333
615
315
635
457
575
283
603
390
533
371
534
354
465
353
499
234
563
443
567
378
650
463
466
419
591
406
727
419
507
346
427
406
553
289
663
447
447
475
503
343
597
350
734
317
551
363
546
327
649
365
639
354
554
323
519
411
511
347
443
475
507
467
491
409
619
358
523
398
471
257
570
495
519
467
670
411
547
493
573
255
727
270
591
283
659
250
787
147
658
382
619
346
597
417
535
397
477
403
606
383
591
329
467
507
627
393
419
470
639
399
651
542
671
441
559
355
622
387
551
439
573
519
559
279
659
325
671
330
571
410
571
487
519
371
474
311
595
387
549
367
659
399
545
458
555
395
419
323
611
459
767
538
603
487
626
379
598
365
615
375
746
313
363
490
675
390
731
398
542
399
682
350
537
431
682
419
543
415
559
299
671
235
603
482
603
399
582
447
419
0
331
193
350
47
434
345
611
395
615
337
491
505
455
302
503
455
379
259
366
305
430
291
186
331
391
290
467
345
189
391
206
313
395
379
311
363
311
175
365
363
238
427
327
455
423
377
263
429
286
355
407
351
437
363
291
361
391
383
299
403
391
505
387
287
275
319
327
411
383
263
334
447
198
354
142
299
375
339
525
281
307
323
265
483
374
322
323
441
363
414
531
443
413
361
290
335
247
387
331
327
477
242
247
375
207
282
343
361
255
393
283
198
287
427
251
402
335
458
422
301
329
254
333
259
331
473
438
495
367
506
355
350
271
350
343
531
410
271
331
515
263
251
301
609
323
259
299
375
290
302
435
339
263
265
365
386
327
411
395
467
435
375
389
379
414
433
263
339
283
337
315
346
395
295
415
387
365
395
331
482
322
319
394
469
455
562
354
493
439
263
343
458
289
463
279
363
382
307
337
315
343
307
175
471
167
294
437
383
319
275
406
203
306
287
379
374
451
455
263
381
347
375
447
447
355
423
326
375
335
355
222
415
247
402
382
399
323
491
374
345
334
326
315
307
231
353
375
503
406
453
571
441
319
346
379
258
93
394
443
459
271
338
325
291
265
438
491
511
322
407
405
341
354
383
269
495
282
419
211
290
543
319
250
383
458
314
299
423
490
275
359
513
255
287
283
335
442
238
295
355
327
321
405
355
255
235
367
455
355
407
311
303
402
447
350
421
254
391
261
353
319
319
429
243
341
261
367
353
357
351
246
527
406
445
403
411
158
289
318
455
221
311
335
354
331
339
314
255
333
417
331
283
414
307
193
383
415
227
231
346
434
411
479
449
231
281
422
401
437
361
315
317
395
291
326
363
357
423
395
350
403
399
267
491
287
271
423
355
279
383
403
346
314
471
267
450
413
331
239
311
225
527
413
379
386
271
231
271
399
383
386
335
455
403
315
415
263
89
322
310
371
447
307
331
418
367
247
379
199
367
191
507
355
293
263
399
467
339
390
243
303
350
287
443
394
447
370
354
383
291
421
307
226
411
203
390
314
371
419
291
314
307
214
438
166
443
179
343
318
171
330
355
331
401
450
517
222
399
327
386
395
427
391
387
318
382
335
395
278
459
351
410
323
407
321
478
230
339
171
195
331
549
194
323
386
390
278
478
241
405
411
345
235
274
371
278
291
242
403
418
441
317
267
246
565
