455
559
415
639
499
671
331
599
323
603
399
707
523
571
575
659
587
659
511
607
359
683
459
639
451
587
383
623
315
683
539
559
459
851
435
659
455
619
507
635
399
739
531
567
367
759
327
603
471
695
443
691
343
631
511
639
391
615
347
519
495
607
687
631
379
551
563
439
459
423
447
667
635
683
343
679
451
547
399
691
455
843
491
599
479
683
463
699
623
667
523
671
463
651
539
555
651
731
431
667
455
595
643
583
611
635
435
531
603
643
427
659
339
863
403
639
467
539
447
499
399
611
451
755
427
591
615
647
635
699
443
579
599
675
483
575
455
583
507
679
551
739
515
699
479
747
467
719
519
563
431
659
267
783
459
683
355
567
379
611
483
499
347
731
275
635
375
579
439
531
515
571
571
735
547
771
511
719
403
723
559
587
343
707
419
599
579
655
391
607
559
543
451
623
459
623
327
815
435
639
491
735
327
435
563
703
499
619
427
599
355
711
419
687
351
535
471
823
343
563
487
707
499
659
583
695
379
591
363
735
355
587
459
727
479
515
611
563
667
595
499
675
511
551
463
651
323
507
431
547
563
607
439
607
291
567
291
555
423
631
475
555
367
559
447
599
439
499
411
715
551
591
639
807
563
667
591
643
339
619
495
683
455
571
535
643
447
719
539
695
595
595
391
623
395
771
407
575
435
731
431
739
395
615
543
639
487
595
539
647
515
591
367
703
459
699
467
683
427
627
503
691
491
635
367
691
399
535
403
711
443
687
419
719
495
567
539
519
415
515
499
823
463
503
419
707
299
707
479
579
295
703
387
611
459
507
651
471
515
635
463
715
475
607
407
639
355
651
403
615
379
671
603
671
415
711
599
583
331
683
435
743
419
691
651
643
487
691
511
707
267
595
459
583
431
543
571
583
327
503
519
679
395
575
539
659
371
611
519
619
587
679
503
631
339
595
483
707
447
611
523
639
423
499
371
711
419
715
479
747
375
595
543
595
351
603
483
587
243
487
367
827
395
787
503
511
391
635
563
707
363
611
467
699
519
491
363
551
339
599
375
639
335
655
395
639
531
659
615
595
519
643
427
575
419
595
459
715
419
739
255
727
395
699
499
731
503
563
399
723
427
699
563
719
479
575
467
395
0
363
47
311
51
607
539
531
483
587
471
539
479
247
391
387
563
403
435
327
575
411
291
315
455
219
479
423
455
511
459
411
527
355
451
543
399
427
419
463
411
327
363
375
615
443
455
283
471
443
427
399
323
499
487
355
375
307
467
343
307
403
355
299
391
447
491
515
363
363
371
223
435
491
423
419
575
271
455
635
379
423
267
403
503
551
427
547
259
451
287
311
487
531
411
327
387
391
467
487
463
479
551
343
403
323
431
431
467
495
403
351
531
311
323
239
435
399
295
191
443
431
419
391
423
495
507
491
459
427
471
371
387
535
283
475
375
483
527
383
467
475
471
559
395
499
419
483
419
403
371
359
383
335
483
399
383
547
495
459
403
331
335
335
427
507
447
423
427
511
291
499
455
343
427
479
383
499
359
315
307
375
319
351
403
339
375
507
519
487
347
347
459
431
399
271
463
479
399
399
415
499
383
435
391
507
479
527
399
407
543
295
455
471
387
403
359
423
263
419
559
435
551
527
407
559
323
455
439
339
451
411
439
415
475
243
431
395
451
283
383
279
271
331
367
463
475
503
451
467
431
367
483
435
451
523
379
379
539
459
519
419
303
355
363
379
451
459
563
523
451
479
423
323
335
535
379
407
355
267
531
423
307
407
495
379
579
519
367
495
283
395
555
555
503
399
403
455
363
399
551
467
535
431
411
463
483
499
427
335
515
359
423
447
303
467
431
403
463
455
447
371
331
443
367
499
327
495
411
431
311
371
287
523
499
231
279
471
419
371
607
379
447
559
399
555
383
283
459
459
387
303
407
511
379
407
435
495
523
395
487
551
483
339
583
483
503
451
443
607
363
371
467
315
431
487
499
391
503
431
419
379
271
407
447
415
359
423
535
539
255
495
439
379
383
467
427
507
595
287
343
547
467
415
279
255
423
391
447
407
487
379
387
355
375
383
511
403
419
379
495
395
339
563
371
367
475
343
471
423
427
347
595
399
467
375
395
371
479
391
435
459
475
635
411
435
459
407
435
571
391
587
327
459
427
295
515
243
463
475
407
555
547
495
487
335
407
255
499
447
479
335
419
343
315
387
359
535
439
335
419
459
355
475
427
323
395
443
271
587
495
463
459
355
463
575
375
507
391
483
415
339
443
403
471
463
499
327
671
455
435
279
359
527
383
427
419
319
411
503
539
519
495
491
519
975
