635
611
495
777
477
794
459
665
558
655
594
691
482
643
473
759
487
715
363
639
479
707
555
617
409
707
426
633
497
739
503
661
431
810
450
622
503
647
251
549
557
871
482
651
687
645
507
691
391
754
475
845
446
562
391
603
291
687
586
815
421
795
355
687
491
553
507
671
437
649
498
649
515
665
402
762
469
709
339
722
567
710
393
677
547
649
373
741
491
691
523
682
538
639
431
554
539
758
525
723
499
731
330
778
530
807
582
581
435
730
382
747
467
661
603
815
429
631
451
547
509
557
447
711
406
549
423
715
654
567
526
799
502
805
402
674
541
638
395
614
517
802
494
645
514
718
499
637
527
737
473
639
431
674
597
709
539
655
574
739
411
631
343
611
614
806
435
854
430
721
527
583
545
563
430
650
543
834
398
625
479
763
411
803
601
623
447
795
442
805
605
730
581
811
421
675
531
606
658
747
247
675
594
722
479
729
503
665
495
603
473
727
637
719
297
590
415
743
646
819
486
670
475
751
657
711
554
587
441
719
511
742
401
663
471
767
367
737
455
730
411
681
466
727
511
603
502
678
375
682
330
634
434
483
437
614
427
830
525
662
555
727
351
622
575
659
454
723
487
669
334
753
450
658
485
543
403
559
458
771
523
791
495
666
494
733
481
711
531
747
499
695
366
711
385
658
519
777
441
561
553
749
263
650
495
543
466
695
322
527
339
623
510
651
322
675
459
543
462
671
683
654
630
771
451
715
519
778
603
659
443
741
439
889
591
671
542
671
551
767
607
666
363
627
347
715
571
755
483
678
438
807
507
755
575
769
475
802
426
594
435
575
419
697
467
699
573
657
682
859
419
587
498
661
566
663
435
539
391
563
382
815
527
773
399
730
393
701
543
675
579
603
267
769
367
667
425
711
295
611
546
677
546
721
267
758
486
593
531
495
486
803
439
561
354
695
650
609
567
707
534
615
494
625
607
542
407
721
475
725
383
618
407
591
555
725
517
742
485
687
569
669
527
687
534
459
426
719
450
605
519
763
514
731
371
634
431
754
458
682
570
743
461
749
659
635
483
671
473
693
375
787
441
639
571
614
591
669
522
679
578
785
445
594
509
597
491
798
563
731
491
687
565
801
447
663
537
483
83
561
151
407
113
579
483
679
435
791
470
677
590
470
474
538
370
422
467
514
407
535
479
483
461
425
434
335
467
387
387
457
373
475
377
445
543
443
467
522
423
462
394
450
378
463
378
327
442
543
439
571
482
434
485
399
531
483
541
519
403
381
506
409
415
486
487
407
538
515
571
399
503
434
473
511
317
455
355
358
287
386
530
503
407
495
323
471
549
385
435
419
465
483
390
358
487
493
495
442
427
495
518
491
558
545
398
417
499
527
325
595
530
573
507
357
419
475
507
431
490
403
487
375
458
459
562
582
415
387
414
322
507
361
606
350
555
453
399
507
482
449
519
517
399
443
521
453
383
289
495
483
607
543
507
423
581
459
375
415
414
411
491
423
471
366
495
426
447
437
567
434
602
343
487
375
538
543
502
430
483
495
371
407
574
409
491
475
407
499
527
375
483
413
519
433
523
418
591
411
233
465
443
377
455
359
379
299
431
413
481
461
483
375
473
466
271
401
587
469
481
507
587
387
486
487
515
599
443
377
567
341
394
447
518
511
511
431
439
626
611
347
415
482
473
251
403
379
339
422
545
391
503
435
467
429
499
467
497
282
455
363
423
447
375
394
479
411
521
478
450
397
603
379
411
329
439
439
346
437
447
463
591
595
361
411
517
418
471
419
490
351
263
547
518
462
554
485
331
387
498
439
399
306
471
497
451
502
511
451
467
279
658
335
591
511
493
487
399
422
435
421
475
499
575
487
497
442
415
562
414
611
409
561
539
437
493
383
587
494
354
454
406
339
442
483
398
341
449
441
467
467
591
482
438
547
415
439
449
515
525
397
263
439
558
463
506
426
511
483
479
431
495
506
566
475
502
399
437
405
575
551
427
411
415
445
383
475
375
298
439
501
547
559
571
582
407
406
457
466
597
430
518
359
507
339
407
547
507
442
495
443
506
363
535
417
403
483
449
355
497
410
457
610
549
459
622
399
390
419
383
323
479
326
383
339
462
445
558
455
585
399
314
514
501
455
451
358
403
465
495
415
534
477
307
369
439
573
415
494
323
511
458
342
497
387
499
450
491
543
407
565
635
431
430
483
711
501
311
351
423
505
574
415
525
365
487
406
465
338
479
562
553
345
511
497
593
387
363
451
491
399
422
383
399
433
397
455
526
587
377
457
411
515
349
427
551
459
351
387
478
482
327
371
271
575
