331
527
423
639
351
535
243
375
371
547
295
527
339
543
299
527
371
678
339
450
367
503
299
531
347
591
374
455
411
479
439
443
235
515
507
655
427
487
491
402
435
519
387
515
287
543
443
539
359
579
451
559
355
551
426
503
203
567
427
599
315
415
395
426
351
315
403
451
267
567
351
499
315
511
319
483
319
467
219
491
263
559
315
503
223
667
339
455
451
591
371
495
435
507
315
487
271
735
367
491
383
383
427
527
427
551
263
563
387
459
467
435
295
463
319
507
311
607
375
527
279
511
359
511
331
555
335
487
463
439
375
463
375
495
215
611
323
599
415
443
471
475
435
587
443
543
359
459
227
591
519
547
219
523
287
503
335
494
367
583
351
467
307
659
387
527
339
443
399
427
419
511
478
635
279
591
319
431
271
507
307
535
275
439
191
515
267
487
487
563
383
575
395
747
279
543
251
523
379
575
271
483
475
415
463
731
347
531
355
543
339
515
323
459
443
459
567
559
299
707
271
427
407
715
407
635
299
479
287
503
463
487
459
439
187
379
251
591
383
615
407
607
447
391
327
595
147
431
347
435
295
587
455
539
295
491
443
495
359
543
227
423
239
623
383
598
271
559
335
571
407
579
291
543
167
619
383
399
363
559
415
395
363
463
435
659
351
583
283
511
303
567
339
643
379
543
367
495
255
495
415
547
159
547
323
399
367
399
287
563
275
495
311
483
259
443
243
511
235
527
467
491
291
479
351
579
339
555
375
463
383
459
379
595
339
559
383
486
199
615
439
559
371
639
263
527
443
431
251
711
383
575
399
535
299
603
163
715
459
611
363
695
311
459
511
531
407
643
291
603
399
511
303
479
215
467
287
519
383
435
255
707
331
555
439
594
387
475
323
547
403
483
467
427
279
363
295
603
359
767
271
591
267
431
247
487
151
683
495
603
467
647
287
527
383
611
407
427
243
515
283
419
291
547
303
639
279
539
414
491
259
463
535
543
263
511
343
559
411
595
283
639
527
611
427
410
255
639
395
651
455
639
339
551
346
519
419
463
215
538
403
595
371
623
351
507
291
643
459
627
355
655
363
507
359
562
367
431
247
618
287
483
375
563
399
627
311
539
342
507
271
591
435
555
319
623
207
210
187
247
183
207
59
503
299
563
435
563
251
567
411
238
303
183
355
375
379
239
259
391
351
470
487
479
191
419
279
303
447
311
431
355
367
347
415
363
275
423
439
367
351
279
327
459
287
375
267
355
430
343
302
307
263
295
355
331
311
251
363
243
327
323
555
263
351
407
251
355
327
382
219
411
351
367
319
391
359
375
479
451
235
199
351
267
415
335
327
351
263
227
347
351
491
311
311
411
199
323
331
219
291
291
331
407
347
239
359
323
319
283
239
287
439
291
375
319
431
295
399
363
343
463
391
519
439
279
435
291
419
275
355
119
371
495
307
307
387
339
279
327
403
375
319
375
443
163
267
227
263
307
227
291
311
311
427
415
335
251
291
391
247
283
299
375
307
307
271
299
411
407
399
431
231
483
383
395
287
263
239
315
311
251
383
339
387
195
279
303
415
247
291
291
387
191
323
222
371
342
439
239
439
327
371
275
415
271
227
507
354
231
255
407
283
383
435
363
327
339
299
135
363
267
343
175
295
311
359
275
359
343
443
275
315
331
459
367
395
295
463
431
355
243
271
271
343
255
394
355
319
299
215
279
255
311
479
391
271
307
239
187
347
391
259
247
367
311
443
491
199
335
375
251
219
431
299
407
291
359
243
398
351
179
407
211
335
403
355
343
371
287
255
219
499
363
507
235
259
75
315
175
339
347
427
387
339
315
259
379
219
415
419
335
291
335
411
319
363
291
443
367
343
303
295
295
422
367
290
255
391
291
274
227
171
127
403
279
311
315
367
351
271
287
239
239
367
359
175
411
291
243
195
387
403
255
295
215
287
327
363
299
231
315
395
375
331
355
299
303
314
343
435
299
315
263
383
279
447
135
347
335
355
183
383
222
307
135
395
259
275
251
375
219
259
231
315
459
311
275
251
359
319
279
255
351
379
263
335
315
295
267
343
275
223
415
247
399
439
302
291
383
143
403
447
251
199
427
395
375
315
311
383
183
387
311
258
267
243
343
327
343
291
311
243
395
427
355
315
107
303
299
195
339
251
335
307
363
371
339
243
267
427
135
315
331
299
335
339
323
407
371
259
331
319
219
327
211
291
303
451
299
435
155
290
314
243
335
347
307
343
375
323
355
243
335
295
331
207
259
323
203
343
119
275
371
447
427
215
323
251
247
403
331
223
299
339
303
243
311
499
343
335
263
391
743
