355
634
243
655
443
467
403
555
474
537
299
507
423
410
254
490
291
370
399
627
402
571
413
471
459
614
242
615
342
495
359
579
415
491
326
683
331
687
363
525
421
643
419
427
243
603
230
614
455
494
327
479
386
609
366
639
267
459
198
479
511
619
386
443
505
615
355
702
457
735
275
451
425
499
339
753
450
410
538
575
419
638
338
607
537
575
267
634
374
477
299
626
403
569
307
671
467
543
431
683
494
567
395
619
271
562
371
499
407
689
437
507
419
519
231
645
491
706
387
710
270
599
314
567
347
691
523
675
347
551
355
611
347
607
335
563
194
587
339
469
445
621
255
633
295
571
378
671
323
539
367
482
410
578
295
615
363
539
418
607
579
614
407
491
447
643
278
543
323
535
323
591
335
455
466
522
503
695
395
593
219
491
355
519
387
527
362
591
315
625
226
554
551
657
309
679
359
490
234
731
403
653
467
583
217
547
246
479
371
555
382
679
433
643
191
677
283
458
391
559
334
671
335
619
495
487
302
515
379
611
155
513
267
557
297
658
321
634
462
663
491
719
366
467
426
627
319
593
511
491
259
571
335
499
346
643
411
639
387
438
498
591
267
699
491
567
239
715
243
623
347
511
379
582
499
415
331
715
438
442
351
645
366
646
353
537
319
578
363
647
251
526
487
545
506
498
495
495
283
687
438
727
271
571
366
459
403
643
306
711
459
559
415
514
402
619
335
479
431
611
471
575
471
463
503
583
346
667
323
602
498
591
431
586
330
699
354
586
379
675
415
615
374
771
339
587
301
531
423
419
266
635
390
699
486
611
455
646
386
498
306
587
387
562
283
494
502
639
385
553
359
554
287
485
371
703
407
582
283
567
434
655
498
537
463
738
351
487
486
562
327
603
427
610
330
610
351
467
547
618
467
671
467
646
323
527
395
499
425
670
307
598
407
559
349
603
235
590
507
527
411
587
290
522
414
563
278
410
255
511
471
551
415
494
314
625
359
779
227
514
315
623
343
610
489
599
382
595
462
591
289
585
366
541
327
479
411
486
386
515
387
507
499
603
278
639
215
635
358
591
387
518
306
530
383
542
375
630
411
686
427
663
243
659
371
626
467
567
326
823
415
538
343
651
403
641
319
273
86
299
179
331
0
579
595
547
363
810
355
626
373
473
443
422
499
354
289
263
258
323
351
309
346
362
323
397
327
343
463
443
203
403
387
429
335
378
439
162
403
298
333
254
431
363
499
299
346
323
271
483
306
337
287
162
415
338
275
363
402
361
431
453
359
307
327
475
311
399
331
231
222
299
535
363
471
427
383
395
402
391
327
302
510
415
337
273
371
381
294
141
222
459
499
355
418
446
306
310
267
281
487
315
439
291
367
358
474
387
315
201
414
433
215
286
299
247
315
389
334
315
326
407
279
386
455
327
387
379
343
278
474
483
273
333
354
315
351
321
414
379
367
267
353
355
426
165
199
291
329
306
439
313
346
353
471
347
435
447
403
385
338
462
434
266
453
426
351
239
226
250
366
343
343
491
294
295
149
307
313
341
215
511
319
265
346
511
327
431
327
313
491
469
347
431
307
303
173
259
483
355
322
191
359
462
335
326
343
369
387
399
259
311
494
387
338
247
409
350
279
318
339
339
374
363
439
370
431
323
246
458
415
359
303
183
303
363
383
391
371
382
343
422
291
379
179
399
233
358
425
227
335
533
495
471
394
223
298
379
247
227
314
365
381
411
382
230
283
359
265
370
355
387
375
513
463
269
283
353
323
295
330
233
406
335
302
226
471
387
374
318
403
339
250
246
375
234
282
379
427
326
279
383
411
359
371
302
334
285
469
317
287
379
286
431
417
259
369
395
466
487
379
399
387
287
467
269
343
371
327
471
550
379
443
427
471
257
413
367
279
258
271
379
511
255
295
335
466
262
367
351
367
495
423
311
262
359
467
287
467
450
331
453
423
363
429
338
439
467
567
303
318
343
373
339
395
335
322
422
323
411
347
334
323
302
361
243
363
367
347
367
226
186
353
267
278
275
491
443
323
391
450
395
130
399
394
367
562
222
363
399
326
431
295
279
454
347
299
178
171
470
263
346
247
259
375
391
394
295
383
331
313
305
273
426
274
295
398
307
343
391
463
262
375
271
359
419
319
359
419
390
243
95
351
210
247
447
499
283
383
331
367
370
354
467
327
347
222
254
381
363
327
187
447
501
315
243
307
246
503
434
331
330
387
231
387
229
415
282
335
371
365
339
371
517
198
286
446
366
299
199
323
275
366
339
399
233
419
322
371
339
323
394
369
139
211
274
279
293
383
355
515
331
411
815
