491
759
579
755
351
723
323
679
499
603
419
739
351
555
443
627
467
623
431
663
431
415
519
611
531
671
463
751
431
675
471
671
319
619
383
635
391
687
423
607
479
707
515
611
559
691
303
727
711
663
411
751
383
627
447
543
315
619
315
747
459
579
479
571
363
715
435
639
491
547
443
627
431
667
431
551
575
651
407
603
559
647
491
635
475
619
383
643
439
839
459
731
471
771
407
631
523
715
443
607
463
623
443
631
315
575
459
679
543
627
439
591
463
595
459
603
495
695
543
675
515
599
383
759
571
595
475
875
363
687
503
775
495
587
579
655
407
535
467
563
551
715
363
463
359
643
387
591
431
551
407
735
475
707
331
671
563
575
463
675
583
699
523
663
483
579
431
531
303
615
519
779
311
715
331
495
539
615
447
571
371
647
475
599
355
639
527
667
307
699
363
731
491
791
427
567
443
567
355
595
527
619
567
459
515
655
367
791
443
439
643
555
235
715
415
731
515
639
531
719
315
663
275
883
407
699
375
587
583
615
391
643
435
771
443
531
571
607
543
679
391
663
435
643
487
463
503
663
391
723
531
703
275
579
431
563
475
579
659
611
391
723
383
563
463
659
387
687
595
667
495
563
495
771
523
743
359
791
427
627
479
711
579
635
491
615
443
667
403
723
639
711
335
623
519
631
359
755
467
647
435
591
503
771
459
691
443
731
419
323
391
695
431
675
335
755
415
659
375
687
471
651
479
635
531
511
415
707
275
711
527
743
411
711
371
703
451
639
419
695
287
631
363
783
475
551
375
739
419
619
371
599
455
571
491
583
371
507
511
555
467
763
399
543
479
599
399
575
655
731
295
579
451
499
523
595
531
727
459
687
671
723
307
595
491
551
347
695
291
619
479
567
399
695
387
511
555
691
515
623
427
703
507
651
543
587
399
523
535
527
435
595
623
651
431
739
479
627
523
643
547
667
479
523
503
775
423
831
447
775
503
703
635
567
315
719
455
695
631
751
403
691
287
591
471
707
435
607
499
695
451
603
599
651
447
611
351
643
487
583
531
631
459
567
507
731
419
563
443
711
479
519
451
687
523
843
559
635
411
595
503
595
379
655
451
699
491
591
559
499
571
567
427
719
479
719
415
383
0
427
131
359
139
783
427
723
359
775
547
603
455
367
403
375
435
487
519
507
483
403
435
547
467
475
503
403
387
403
471
307
635
535
579
339
347
459
455
431
511
511
419
423
475
423
479
391
371
491
363
523
395
275
467
447
411
435
563
451
327
455
359
375
563
415
411
479
411
323
415
463
535
367
371
391
423
347
455
327
355
443
403
591
467
323
351
503
515
487
343
371
583
367
355
411
479
467
591
435
431
283
435
375
603
399
503
463
667
375
399
383
611
479
475
391
311
399
371
415
375
435
355
523
479
495
551
455
491
399
427
479
367
463
443
447
399
403
555
395
495
311
411
503
423
523
663
499
383
383
399
467
475
495
399
335
455
571
419
331
435
315
475
419
399
411
491
467
375
363
511
479
463
371
427
363
447
355
439
383
419
491
427
283
411
459
487
419
459
415
495
511
567
311
503
327
431
347
323
203
519
375
323
391
503
343
399
247
499
363
375
495
535
375
387
503
435
567
507
387
527
411
479
359
443
311
347
527
479
539
407
391
291
307
371
495
415
479
591
491
419
415
339
359
467
415
451
351
475
491
335
411
511
435
443
351
503
363
443
467
379
335
359
399
443
443
435
387
507
455
499
415
359
355
423
387
443
527
535
459
579
387
463
259
467
447
271
303
675
379
415
299
359
563
579
311
527
279
439
387
463
279
419
323
551
283
571
391
439
475
487
507
579
411
411
379
479
463
351
339
547
431
427
395
495
387
431
379
483
515
367
303
427
375
555
399
507
383
355
423
475
363
263
359
483
351
395
415
391
511
511
423
491
431
267
427
455
439
403
411
551
435
515
371
343
327
439
423
411
427
411
339
347
479
347
367
499
463
467
451
515
527
307
363
471
599
587
463
439
443
299
471
511
427
571
431
531
435
343
327
371
399
443
379
395
379
419
435
283
531
467
503
327
367
399
515
435
399
335
287
403
511
491
267
411
603
419
347
311
343
335
639
455
395
379
379
495
435
287
503
391
403
303
383
407
667
455
271
303
411
351
499
435
459
439
507
427
235
591
399
527
455
295
363
387
735
587
451
567
439
483
503
307
431
475
507
347
347
459
487
531
375
567
383
431
271
427
579
379
339
431
331
399
447
435
467
491
511
427
311
547
411
427
307
511
351
431
591
483
571
379
347
415
355
403
299
271
283
459
267
491
383
439
359
195
639
