243
367
315
567
419
543
515
583
303
643
435
499
319
515
611
507
599
439
283
467
335
535
243
615
235
539
175
567
375
447
355
619
435
547
251
511
367
523
143
611
371
599
399
643
267
515
295
535
399
583
351
423
291
515
375
571
283
555
355
411
391
603
387
479
279
635
263
575
447
671
251
523
359
399
459
523
403
747
303
655
367
475
435
355
407
455
387
687
299
499
491
447
175
787
311
463
395
507
263
455
363
639
379
379
311
339
339
451
443
651
451
547
451
519
267
567
371
531
251
475
311
523
363
671
423
507
291
619
439
547
471
679
371
475
355
583
271
455
263
627
375
619
371
703
387
439
335
635
223
623
399
687
275
547
335
599
247
511
347
587
411
495
399
495
367
531
331
503
419
435
323
615
375
575
295
531
399
535
347
459
187
527
311
555
359
611
331
487
455
719
231
547
319
655
259
599
295
539
231
547
431
519
443
615
411
695
379
551
307
563
419
487
259
471
343
571
439
511
223
535
379
487
303
595
587
543
283
479
363
471
475
479
331
567
215
427
387
539
327
519
275
523
371
399
371
543
427
483
383
579
407
591
291
639
407
471
299
671
391
547
287
487
439
499
407
635
387
611
291
623
535
711
307
587
283
567
439
523
291
659
267
471
359
551
331
507
359
527
495
507
431
475
411
671
491
519
303
555
247
639
267
459
339
691
383
643
407
327
383
743
351
503
187
667
399
451
443
655
203
547
363
575
463
443
347
587
231
535
335
571
299
391
431
739
255
439
239
539
491
699
567
711
215
579
311
543
343
615
455
503
255
535
375
563
239
467
379
523
407
439
399
371
307
427
287
591
291
451
395
479
387
491
359
575
275
523
399
563
363
483
395
495
375
519
279
411
443
555
379
435
319
571
387
591
247
395
323
643
323
359
467
359
367
463
475
551
291
447
235
611
283
627
391
619
263
635
275
567
375
479
451
463
395
443
387
591
339
671
363
663
459
451
463
567
339
735
271
583
163
575
247
531
339
611
363
615
347
511
399
591
435
479
467
535
279
523
231
459
347
599
323
755
447
539
319
515
295
571
367
595
235
571
479
579
555
547
415
595
279
583
307
671
379
571
307
583
307
523
411
591
359
431
395
447
291
499
515
167
23
239
91
167
0
483
223
563
171
583
167
523
387
295
379
275
271
371
307
187
263
223
239
483
399
259
279
119
363
299
307
255
459
283
315
219
315
359
363
379
287
279
191
275
243
287
315
387
383
243
267
403
291
375
279
411
379
227
251
327
187
251
475
339
375
527
167
327
267
271
439
239
371
195
327
111
323
259
299
279
263
223
391
139
387
395
407
363
379
171
363
207
355
387
415
251
283
383
399
275
371
251
299
263
339
331
471
319
191
207
307
375
171
295
251
271
255
407
327
299
351
127
431
191
259
315
215
339
375
339
363
343
339
355
375
227
207
343
359
239
455
279
307
327
303
363
367
279
247
323
415
195
307
367
419
271
419
179
359
431
315
403
263
327
131
303
275
399
259
247
347
335
315
271
295
343
315
303
407
451
407
307
451
283
503
307
307
263
343
331
371
327
271
303
255
115
339
403
451
375
271
135
243
351
467
343
407
363
343
407
379
279
343
355
307
355
263
271
155
287
499
263
243
267
359
331
339
271
443
287
323
343
175
267
319
359
327
407
295
147
175
203
423
263
243
299
279
279
175
307
331
427
527
411
347
443
307
447
399
271
335
139
283
267
347
407
435
443
431
339
227
419
399
295
531
291
227
379
219
343
219
387
403
271
471
335
291
275
279
267
323
211
447
163
399
231
331
383
159
343
307
231
363
187
319
255
211
439
287
407
375
371
383
391
299
331
291
299
271
367
475
283
399
287
355
263
415
195
363
451
243
371
415
231
291
351
271
271
319
263
335
211
319
275
227
259
299
259
311
431
383
203
383
207
411
235
299
495
291
343
495
431
367
371
351
359
207
283
343
379
347
343
303
327
279
415
387
215
295
411
387
327
351
323
387
423
267
275
307
271
267
271
343
307
403
387
363
123
351
303
279
271
535
335
419
135
287
287
299
199
439
319
423
423
247
143
283
191
387
263
315
367
451
467
347
347
355
367
407
311
339
323
291
327
435
343
475
287
231
319
255
339
327
283
275
299
191
391
399
303
263
175
459
379
343
431
243
347
299
291
367
275
291
87
367
367
315
295
215
299
347
335
291
363
191
147
491
371
467
443
215
259
207
327
283
231
295
235
271
307
327
371
243
431
183
283
251
279
331
255
355
307
391
275
279
359
383
375
355
467
363
247
215
251
295
191
267
519
347
451
519
371
391
195
283
751
