470
775
515
820
503
688
615
597
424
790
388
483
445
525
410
669
532
566
477
730
478
672
440
718
450
442
347
579
584
559
533
556
640
703
538
662
432
634
586
802
352
490
371
754
473
744
602
741
581
715
462
668
575
648
425
761
491
777
413
851
637
874
407
627
515
597
366
548
571
800
272
688
312
806
440
691
624
663
532
694
427
662
398
733
469
664
596
671
394
707
530
599
518
677
474
687
429
653
361
766
512
711
347
666
463
710
513
746
517
619
620
828
332
709
335
621
416
719
466
604
443
578
472
635
433
620
422
710
376
973
456
648
382
738
510
649
485
730
556
799
557
588
386
854
437
804
475
616
567
768
535
641
566
674
374
790
546
655
409
702
503
693
603
620
516
709
576
502
606
700
466
532
450
624
299
650
445
686
428
769
529
573
488
654
609
697
473
591
501
655
402
646
744
618
343
711
450
794
453
739
460
715
513
603
487
658
450
777
556
803
502
638
539
624
488
656
461
703
377
715
553
738
427
614
523
693
502
605
429
708
405
726
413
656
551
811
424
681
491
730
253
727
521
744
514
755
444
679
563
655
362
711
435
838
480
764
555
746
420
857
487
753
447
642
510
631
418
688
409
633
414
588
632
713
470
640
496
634
421
679
652
751
658
609
483
591
456
707
551
810
309
708
399
590
574
668
579
636
579
659
500
713
563
544
500
734
409
756
455
765
393
459
414
723
519
752
461
625
464
719
491
657
325
601
569
747
450
504
389
729
475
787
480
755
448
666
534
641
419
803
528
682
442
559
495
599
382
674
373
648
473
602
271
579
594
689
547
583
378
667
496
749
443
732
475
805
355
791
641
639
502
716
457
762
501
540
512
479
403
663
296
848
357
879
637
792
547
814
556
652
492
556
395
590
419
596
384
626
535
743
496
705
599
861
489
752
623
544
553
734
392
770
385
684
396
768
445
784
544
683
575
622
341
691
441
714
557
522
340
634
470
739
472
564
572
734
627
763
430
681
543
768
380
737
465
671
467
629
533
665
503
514
706
794
573
539
536
728
461
755
577
760
392
666
517
670
503
622
464
676
503
779
485
647
390
651
464
599
497
888
453
603
533
746
475
714
609
466
380
592
385
751
605
619
495
816
523
548
254
400
303
375
142
623
392
646
475
744
548
616
496
355
584
499
406
502
298
350
492
525
453
321
407
483
532
456
436
521
577
446
532
494
364
583
525
528
557
403
323
505
465
458
500
477
537
371
499
578
502
286
539
431
234
409
533
517
311
443
500
650
436
503
418
630
299
357
428
455
566
510
562
469
447
405
468
529
481
445
550
329
597
459
323
488
428
472
439
479
456
380
352
444
382
568
407
555
361
416
514
328
327
559
356
498
420
419
406
456
306
460
434
368
397
400
406
443
372
358
372
553
481
521
361
393
453
517
621
445
425
289
541
457
329
405
441
529
353
641
633
545
429
429
577
489
422
390
485
440
405
342
535
402
444
411
451
413
306
583
644
582
611
367
443
533
464
512
475
356
490
348
399
454
408
484
286
410
271
425
391
372
511
478
462
492
456
457
511
477
518
381
489
475
412
231
671
501
376
283
562
498
407
341
382
410
502
500
494
479
407
394
331
365
407
407
573
480
430
324
516
439
414
570
449
457
499
307
377
467
312
449
439
378
326
476
293
571
582
529
446
222
560
479
395
303
487
329
426
485
498
403
540
551
479
438
518
420
490
271
314
555
271
312
440
372
463
365
536
458
478
436
596
400
487
364
285
294
366
338
560
426
566
424
433
552
454
524
358
534
482
444
572
409
550
364
396
467
463
424
484
423
540
453
507
582
414
523
599
444
368
436
513
455
457
488
485
355
511
480
607
373
487
459
594
504
420
314
366
430
460
356
414
536
343
477
539
471
439
536
264
436
505
225
357
470
457
323
526
464
436
446
528
515
515
392
536
469
456
622
598
492
497
390
508
482
551
399
545
563
567
586
403
462
554
234
558
565
606
505
408
395
382
320
354
408
408
276
482
557
420
459
569
275
374
470
459
700
412
437
471
474
459
618
529
406
464
484
425
506
640
572
421
431
506
443
644
533
468
467
451
514
476
293
475
385
485
393
715
482
553
468
469
290
387
450
491
431
523
476
511
438
545
377
498
663
567
457
617
442
441
472
377
306
559
398
382
521
366
507
413
389
405
262
548
348
551
443
498
588
474
533
417
510
467
517
622
473
397
542
454
478
337
446
406
481
419
332
453
408
448
433
431
540
287
434
428
376
658
301
401
340
461
434
503
456
239
394
433
350
512
312
476
428
264
459
463
304
459
393
623
379
372
506
725
689
