499
671
475
643
475
635
343
647
451
651
423
559
499
663
347
563
439
619
299
567
347
623
499
527
223
603
367
603
543
647
379
711
423
655
319
647
531
655
263
567
627
699
195
583
427
683
471
675
427
543
395
575
327
707
407
563
387
455
343
667
459
471
375
575
431
659
399
631
559
531
355
499
399
743
407
575
451
719
367
599
567
635
455
559
523
591
363
699
427
551
307
447
383
595
403
667
479
663
643
575
419
551
319
551
515
543
463
707
479
519
331
831
479
603
531
439
495
639
475
647
482
775
267
551
467
658
423
611
471
631
427
639
431
567
383
643
415
703
435
563
323
531
519
747
415
567
399
491
483
587
503
579
487
735
483
587
359
591
299
535
439
571
355
751
431
627
403
663
427
574
351
639
639
655
435
683
587
707
463
511
355
622
483
635
487
635
475
747
427
675
547
691
447
743
375
619
499
583
491
651
419
707
355
643
387
703
307
675
503
587
411
595
551
766
407
551
427
583
467
363
467
683
371
611
443
663
423
707
415
647
303
723
415
599
403
619
447
683
383
567
215
747
359
491
566
531
547
563
331
707
499
603
454
643
599
607
411
639
411
691
311
783
427
575
503
643
507
683
439
695
403
575
335
599
507
675
351
583
391
579
443
595
251
563
419
751
403
567
539
611
367
539
491
679
383
603
519
583
571
675
327
579
375
639
423
595
399
587
327
599
466
839
423
551
443
471
567
639
431
603
483
787
407
611
435
671
435
547
323
739
507
719
371
823
291
575
411
790
395
523
363
651
319
571
571
647
347
654
459
679
455
687
379
654
435
599
491
723
423
587
335
615
395
603
379
590
338
591
531
691
471
699
575
599
359
707
507
587
275
551
379
727
383
451
547
511
395
695
467
619
555
579
371
803
495
555
459
487
499
559
519
699
595
527
407
735
299
479
491
599
427
599
547
743
463
559
403
575
427
735
491
631
467
571
243
687
427
487
427
687
343
807
403
551
467
647
503
667
346
443
363
503
523
763
295
767
379
579
383
639
371
651
483
639
323
527
303
699
499
655
431
639
319
599
523
767
323
591
515
611
411
575
503
579
391
587
423
603
415
779
467
615
587
619
467
731
475
615
435
735
451
595
503
711
487
735
475
371
43
271
227
431
0
691
331
711
343
522
283
651
391
411
395
567
511
299
435
283
391
359
319
459
499
347
379
395
547
435
291
375
323
295
407
206
351
371
459
407
215
315
539
511
479
347
503
359
499
475
415
295
403
343
307
447
231
447
490
295
387
491
459
479
419
371
283
431
591
415
239
391
623
467
419
403
515
495
551
374
359
395
343
323
399
559
411
463
343
423
343
403
543
407
343
399
339
495
463
479
371
483
383
315
459
447
499
439
515
503
419
315
327
439
355
335
283
423
327
375
403
327
355
479
359
555
383
371
467
359
411
330
451
435
351
435
447
451
419
487
319
411
387
431
527
431
359
435
403
458
271
319
439
415
451
359
539
351
295
547
495
339
407
391
395
483
295
351
339
315
431
587
427
527
399
495
459
499
343
283
451
311
435
275
347
447
439
339
391
427
547
447
487
467
343
459
423
431
203
403
507
391
455
575
482
347
563
530
375
547
439
535
179
371
295
243
555
511
383
503
375
434
471
295
467
347
431
259
346
299
499
487
327
335
522
355
454
395
475
263
451
431
463
335
359
255
375
475
527
407
459
495
439
535
511
483
571
499
467
291
475
467
383
351
547
402
519
367
559
483
563
359
330
479
523
419
239
379
331
403
295
559
515
455
387
427
359
331
407
467
539
411
455
267
423
283
475
523
439
475
371
299
339
415
431
443
443
334
227
515
451
335
471
447
435
463
463
383
447
342
391
343
279
475
203
467
371
431
539
527
447
423
391
487
387
391
207
363
407
383
515
291
415
499
359
391
323
403
427
438
383
519
423
571
483
431
391
439
555
459
415
323
382
471
511
495
375
443
431
335
423
347
394
331
435
375
443
295
271
379
619
527
439
435
411
299
423
391
395
387
395
379
319
423
355
559
459
399
355
271
523
423
447
335
399
215
439
363
459
379
391
539
519
411
455
367
559
227
319
363
431
327
435
355
414
339
411
411
423
407
487
507
487
491
391
459
555
299
443
359
515
383
311
355
367
391
351
451
611
375
430
299
487
391
411
183
419
455
511
327
563
491
531
431
519
395
335
367
447
303
411
451
643
267
451
575
419
411
583
219
355
447
531
275
475
562
523
391
351
443
367
303
391
303
415
379
543
355
507
507
371
323
303
375
423
527
351
323
307
459
475
299
527
335
215
431
247
403
267
263
275
319
190
263
307
519
