299
711
307
479
355
435
255
531
347
527
183
355
391
499
343
603
443
627
407
603
275
615
395
519
271
547
255
795
307
539
431
659
347
499
319
395
343
463
267
571
235
763
355
563
259
567
559
515
383
491
315
503
511
591
311
435
279
579
259
623
287
439
295
535
387
435
283
499
455
563
179
435
211
447
175
371
335
615
407
543
455
267
303
483
295
635
399
487
367
619
279
431
275
519
351
463
279
579
391
531
411
407
247
455
343
631
391
587
355
699
167
543
351
503
211
687
431
483
135
499
455
459
355
431
343
511
351
535
471
587
279
563
243
631
415
595
283
483
255
531
367
579
399
511
343
627
499
523
251
419
383
547
375
519
259
639
371
559
451
535
327
631
375
483
371
599
399
475
299
555
419
711
315
515
171
563
387
447
383
443
515
507
323
675
151
439
295
479
499
651
207
527
571
491
543
599
403
467
335
591
323
615
339
495
223
707
343
463
231
587
387
463
279
623
303
559
343
563
319
539
399
579
423
439
383
499
407
535
339
523
339
519
315
475
371
619
511
439
335
599
351
459
115
595
311
695
371
559
315
403
335
555
407
595
347
623
455
563
383
599
275
527
179
455
419
587
287
527
283
579
347
515
423
583
347
571
295
595
347
611
435
451
363
539
327
507
279
379
555
507
435
619
283
503
495
507
431
567
407
523
331
499
303
395
343
675
579
679
315
687
235
579
323
607
91
463
355
523
399
427
343
635
423
487
335
603
271
583
407
555
299
507
267
551
447
551
467
523
459
559
343
483
467
455
507
555
315
407
339
455
391
479
343
579
223
375
315
687
427
439
451
431
183
511
419
563
443
451
555
559
431
583
323
515
267
511
323
515
259
623
419
603
383
515
215
555
431
535
383
643
267
531
355
475
323
531
351
679
343
563
447
499
339
495
363
503
271
395
315
455
403
359
335
431
287
551
379
547
399
547
435
547
335
571
367
583
423
539
223
591
359
623
331
571
439
539
311
387
351
419
303
483
183
643
299
675
171
519
391
583
379
423
395
499
171
487
339
679
435
491
367
503
323
591
307
627
347
599
435
471
335
515
399
491
427
599
351
635
347
391
355
799
299
615
263
507
363
535
271
607
283
483
523
723
323
475
275
311
0
339
139
191
2
599
343
499
235
403
351
567
559
287
387
359
403
343
279
255
339
403
327
247
343
167
311
383
347
327
355
415
319
175
399
291
431
291
255
355
407
423
323
219
391
363
259
295
275
291
399
355
339
379
203
183
295
411
367
311
299
283
303
251
415
435
351
223
283
323
251
299
247
283
327
263
327
343
459
271
399
239
347
311
183
355
295
295
343
235
367
387
343
307
227
403
335
131
387
339
507
383
219
127
419
311
303
371
419
323
271
359
331
387
211
279
391
387
375
283
335
171
279
359
315
283
415
315
259
215
327
295
187
279
423
343
355
67
307
235
495
335
395
267
271
231
359
311
195
375
319
459
459
263
211
227
247
407
255
347
247
299
387
191
291
207
327
235
215
271
291
351
419
275
263
379
243
399
343
203
255
231
195
287
431
407
335
215
367
243
467
315
343
255
391
227
335
179
399
271
431
323
427
311
235
251
231
375
347
403
267
299
403
267
539
199
411
295
287
311
283
259
355
395
483
319
403
275
319
323
331
139
187
307
359
335
319
307
467
323
411
387
303
199
327
259
375
291
303
327
427
383
423
231
423
387
411
399
319
343
479
339
263
303
447
323
247
359
423
475
327
275
327
323
331
239
295
331
271
439
335
347
151
175
475
495
255
243
207
415
287
387
279
331
275
243
495
143
291
283
231
447
311
299
367
371
291
411
327
267
387
115
291
295
247
363
359
203
307
303
375
307
431
195
283
243
395
271
399
343
307
439
535
303
451
515
387
339
351
235
287
339
287
239
183
371
275
331
339
187
367
283
263
331
507
343
427
363
443
371
419
291
159
259
371
367
259
327
183
399
255
371
367
223
167
323
187
343
507
255
107
367
455
319
447
351
407
267
291
235
323
219
411
303
467
319
347
315
291
167
407
427
239
279
311
223
279
343
355
315
215
255
307
323
351
327
355
403
403
291
291
319
391
255
323
447
295
335
203
411
359
363
343
299
439
263
383
339
227
259
231
211
275
287
315
355
359
327
431
111
415
295
315
331
423
231
367
279
319
431
387
223
207
459
295
383
387
367
411
287
271
291
327
403
255
315
243
387
439
331
203
319
155
231
347
271
271
283
247
287
239
367
503
511
119
179
275
235
239
247
283
291
315
255
279
359
423
335
411
399
539
243
451
383
275
307
267
255
247
247
359
355
523
559
399
735
