427
597
367
657
567
775
411
477
419
450
393
591
382
670
303
551
507
665
411
599
481
651
351
767
427
467
275
559
447
583
353
671
295
641
391
643
431
501
515
666
502
587
391
749
375
701
342
690
419
687
495
615
433
574
501
579
443
627
446
451
275
591
479
571
263
634
473
639
318
477
387
443
325
721
433
654
607
603
293
650
378
581
349
527
297
691
471
523
395
610
399
579
463
623
339
558
495
645
467
695
566
541
270
734
294
639
373
627
302
673
327
455
285
410
343
623
419
629
371
638
378
663
547
707
367
543
390
749
478
654
347
623
369
590
359
555
377
735
206
593
462
662
409
647
489
753
395
510
391
743
291
515
491
618
379
545
519
573
438
575
419
679
278
582
379
546
470
502
418
705
391
630
441
699
545
497
417
647
627
845
537
578
359
727
271
577
483
703
450
695
418
623
331
557
485
663
407
745
539
545
335
703
462
633
550
738
573
587
390
662
343
567
410
547
443
659
442
631
499
647
535
581
391
591
403
601
275
578
467
499
359
606
390
729
451
773
361
611
403
663
398
651
466
661
323
566
345
670
313
671
337
613
411
563
482
627
442
699
401
599
455
611
455
583
506
499
454
702
427
501
519
439
377
639
469
687
391
689
362
691
491
619
451
629
451
674
343
579
459
587
298
678
431
710
329
563
323
702
391
575
398
738
366
666
386
691
443
633
525
526
431
681
407
607
463
590
350
695
307
699
433
647
483
587
471
615
459
535
423
755
507
603
395
509
469
626
425
678
399
677
325
703
447
575
397
531
443
419
235
745
445
558
295
669
503
501
294
565
367
595
310
677
330
530
478
685
383
577
497
574
423
807
459
695
439
599
391
581
386
695
323
571
363
575
383
739
498
571
379
647
482
539
241
682
323
685
399
537
395
651
473
731
474
547
233
571
167
527
571
606
531
662
535
655
402
594
439
603
466
671
291
615
518
607
351
738
446
694
426
603
405
639
282
786
614
603
454
630
185
575
457
595
327
669
258
689
443
758
431
539
443
645
339
603
379
566
389
535
249
678
379
651
371
671
501
403
447
489
458
698
387
523
531
487
338
658
339
563
402
647
411
509
503
699
459
698
395
651
382
721
399
439
262
571
389
615
427
511
121
290
91
199
0
455
526
449
391
521
407
533
355
418
401
373
355
470
239
246
410
370
443
346
515
525
299
353
355
421
287
307
319
406
318
387
442
450
391
277
442
183
527
327
409
451
317
531
434
602
307
290
433
359
423
415
491
367
238
403
358
491
439
391
465
322
321
273
425
433
258
283
299
295
337
395
315
357
411
427
371
427
465
358
446
227
501
347
491
387
419
413
365
361
463
286
357
389
429
422
462
327
283
266
358
285
343
419
426
263
407
351
283
423
457
335
327
243
397
393
470
470
418
386
274
322
306
410
418
414
478
426
498
150
350
322
470
366
402
410
346
270
446
386
422
303
258
359
302
387
478
255
523
475
375
395
433
457
445
373
443
613
451
411
510
389
327
379
291
354
391
386
481
393
465
146
303
433
330
358
367
422
278
346
311
391
233
363
487
501
482
455
359
394
353
335
377
371
303
375
411
357
414
347
433
339
363
335
463
457
261
282
425
515
343
402
361
403
387
387
417
530
245
391
431
467
447
331
403
443
455
330
338
434
355
271
367
454
534
351
486
245
482
310
351
339
331
387
361
389
517
491
387
431
306
359
327
385
407
455
379
358
463
270
321
323
439
310
489
559
434
429
553
430
267
447
339
381
387
359
357
543
438
321
251
407
443
343
243
423
445
306
362
311
362
294
326
331
427
365
277
335
421
393
533
338
399
553
415
462
339
398
482
305
434
455
519
409
397
481
499
458
346
369
443
255
327
287
315
474
419
275
515
403
375
471
493
349
450
295
443
385
493
355
349
463
486
367
338
394
378
287
533
281
422
351
459
311
349
303
423
443
355
349
511
311
331
491
343
530
362
306
310
253
518
447
294
243
338
354
294
287
283
373
370
537
235
275
350
319
329
361
467
451
431
523
374
315
391
451
451
290
487
390
382
455
439
237
461
365
267
283
319
326
415
454
303
371
415
215
423
478
359
443
403
375
398
378
495
283
315
431
469
393
467
441
255
378
277
421
405
315
322
315
523
310
435
401
403
366
483
294
419
235
257
395
257
362
270
354
301
405
414
477
415
322
421
347
363
311
362
531
406
387
399
421
423
285
379
418
327
381
377
334
259
399
362
367
387
454
345
375
367
403
365
491
387
366
433
351
275
349
487
543
378
430
523
491
430
422
507
253
327
391
314
175
303
323
493
390
467
479
469
578
487
666
