407
591
383
479
471
627
451
723
335
735
403
619
411
719
367
635
451
679
399
603
419
619
399
595
431
607
299
691
571
619
503
691
527
675
503
731
471
595
295
583
307
739
355
663
431
583
455
635
391
723
523
615
527
487
395
651
375
571
391
475
467
747
439
579
483
675
451
583
411
579
539
739
371
567
479
559
535
463
471
659
387
619
371
567
483
771
535
603
467
571
303
563
479
551
343
779
479
679
403
499
463
759
431
547
519
627
511
583
407
603
419
687
323
635
363
523
475
607
483
511
431
675
387
595
471
655
439
683
447
443
379
383
407
631
371
619
423
579
515
583
431
447
443
739
563
615
331
675
523
583
399
723
503
459
327
603
399
675
523
687
399
679
387
635
319
579
423
523
415
731
447
623
263
599
399
739
271
675
439
667
223
635
507
567
379
643
423
667
547
651
307
583
335
583
443
491
399
659
519
567
547
687
315
531
339
723
323
555
547
631
387
623
375
807
475
627
375
671
399
643
343
543
427
667
483
583
491
499
439
391
543
491
459
675
475
511
439
719
551
623
515
743
519
703
375
627
451
639
287
707
327
595
511
827
319
575
491
695
335
563
499
595
475
507
391
623
451
639
579
415
439
667
427
571
515
415
527
547
471
591
519
687
439
695
271
703
327
663
355
691
467
639
375
747
363
655
411
615
351
655
495
647
423
635
547
663
375
623
567
611
423
667
435
559
331
679
379
647
407
815
531
655
423
635
367
651
291
515
447
547
431
623
463
619
323
675
443
367
519
799
583
691
523
743
307
587
411
635
499
531
547
591
427
503
415
571
259
679
379
523
391
659
431
651
359
639
387
607
403
591
383
635
507
683
407
651
387
639
371
627
407
531
239
715
407
763
267
691
355
695
375
503
367
599
379
575
459
683
363
699
351
563
495
683
331
635
479
603
555
543
291
611
447
615
467
731
559
635
499
667
339
487
383
483
419
671
511
579
623
595
363
615
347
651
359
591
487
555
551
535
331
679
311
615
555
643
591
687
491
547
283
499
399
519
439
591
367
719
507
731
463
671
479
539
487
611
343
547
487
631
471
463
391
659
295
679
347
599
347
603
411
731
491
483
487
659
371
467
371
539
343
563
355
603
447
591
515
227
91
327
111
307
83
675
263
571
447
503
279
623
427
467
291
271
351
303
499
247
383
391
287
379
415
455
391
343
271
359
503
395
287
471
459
439
483
503
443
415
287
511
347
375
503
255
387
403
371
367
207
455
195
351
463
359
399
463
487
411
483
495
419
207
379
355
459
427
303
319
271
295
475
307
387
443
467
567
423
419
503
559
527
515
407
443
355
207
399
251
371
215
431
607
483
323
347
275
235
343
343
415
435
375
255
359
419
319
303
371
395
395
475
419
407
415
543
347
487
255
507
483
431
275
475
379
471
323
399
239
395
411
467
523
443
439
407
451
555
371
463
383
507
487
519
343
303
367
407
399
215
391
463
423
383
359
423
431
331
423
335
475
391
367
375
423
483
411
163
399
211
283
579
387
387
387
555
347
319
471
455
459
323
291
487
515
259
311
411
435
587
199
323
283
411
483
463
315
367
315
479
343
439
507
503
435
515
427
375
371
455
359
451
311
447
411
471
331
383
487
439
407
375
303
371
363
447
263
255
407
223
383
423
215
403
351
475
415
287
299
455
479
255
183
251
315
315
267
295
355
311
339
387
371
351
515
391
343
347
347
519
407
359
331
487
379
387
415
471
359
495
399
543
315
419
411
487
363
451
491
495
375
483
431
523
543
447
395
555
463
567
419
327
359
431
511
359
299
291
459
415
431
383
427
287
335
343
391
435
355
403
419
435
211
335
439
455
487
559
367
391
399
275
371
347
383
415
327
299
463
463
415
307
447
395
375
543
243
375
243
359
367
355
407
475
263
471
371
363
367
563
479
395
535
363
363
319
547
403
235
535
427
427
539
503
275
395
383
435
335
451
263
363
479
487
379
363
403
407
471
531
379
399
463
443
423
391
255
551
319
535
299
443
319
295
367
427
359
455
283
327
347
511
363
331
355
503
375
423
299
375
319
511
527
427
439
311
147
555
267
295
423
347
343
423
347
499
503
475
407
395
391
315
367
451
307
363
247
415
375
423
427
339
487
359
439
379
443
335
271
419
227
383
287
339
295
435
411
327
379
427
487
387
395
359
439
319
435
415
519
503
355
239
415
351
391
555
403
459
419
375
459
383
383
415
307
379
359
399
491
451
423
523
463
359
503
347
427
435
283
327
503
475
475
487
379
359
399
439
423
443
467
367
315
355
355
519
447
447
487
227
115
263
303
335
419
