571
903
551
755
535
719
671
719
595
715
683
883
487
811
491
751
587
787
611
827
567
727
519
767
579
847
503
839
603
743
543
707
647
927
675
899
495
703
531
747
575
683
587
771
631
735
579
755
711
875
667
795
703
863
543
731
635
895
667
823
571
775
579
791
731
891
611
711
575
703
635
883
615
675
463
951
623
887
631
703
663
815
583
759
659
767
691
699
563
683
443
711
627
659
619
887
563
819
647
711
715
743
703
643
683
787
267
787
499
843
543
687
647
815
587
807
667
807
503
779
763
835
559
743
647
831
643
807
595
747
595
847
575
1019
691
847
647
799
559
811
627
815
631
811
591
803
599
871
755
935
715
911
671
863
667
883
715
767
479
951
771
763
627
723
715
775
643
883
467
931
519
827
675
743
639
955
659
803
615
731
559
867
535
831
611
743
551
667
579
871
611
919
731
947
559
907
479
767
531
735
651
799
535
775
667
779
707
835
631
799
443
979
579
807
491
851
643
751
671
667
591
783
615
807
531
911
523
763
715
771
499
803
591
839
483
775
595
763
683
743
615
751
563
731
627
823
583
879
623
859
455
747
623
831
711
879
583
915
499
791
527
979
571
619
651
983
751
791
579
887
623
971
635
695
535
691
635
643
551
871
587
743
607
687
551
683
739
875
539
719
475
695
799
867
555
735
607
819
435
811
575
863
599
783
667
919
563
859
507
867
611
735
671
1067
695
815
487
835
687
763
583
871
551
835
707
879
599
951
699
791
647
659
699
871
619
671
559
739
559
615
615
903
583
715
611
759
587
839
651
783
699
719
575
787
559
803
491
683
507
783
715
963
567
731
639
827
551
667
587
739
575
795
635
735
659
659
695
715
627
811
543
839
515
755
643
723
667
635
635
727
471
679
535
839
711
735
659
787
587
683
687
971
731
819
659
847
511
843
663
799
503
787
615
867
583
807
651
835
499
719
599
771
587
703
583
719
575
623
495
819
603
747
451
859
695
703
591
879
647
839
619
895
403
643
683
747
591
947
675
739
563
703
611
783
575
783
523
891
575
835
407
859
547
623
611
871
575
775
495
823
595
831
583
787
643
671
567
687
507
863
527
763
495
883
579
767
503
679
639
843
671
667
491
703
551
611
559
607
367
495
391
323
159
743
591
831
623
639
595
755
559
575
567
571
631
611
499
479
671
579
591
567
627
291
555
511
515
507
603
527
527
539
555
683
559
475
515
491
715
571
587
531
663
675
607
439
631
599
559
671
651
475
743
447
543
511
543
631
627
563
651
471
607
527
591
523
623
635
567
655
619
395
611
563
599
635
599
567
695
551
591
631
607
559
455
583
479
643
587
415
595
591
623
551
659
675
627
575
647
675
491
491
571
455
643
587
579
635
511
447
647
515
571
727
487
423
571
535
559
507
471
563
663
699
627
579
539
719
443
611
595
527
539
571
571
695
599
455
567
639
511
515
563
727
727
563
719
615
563
519
595
663
591
551
643
591
671
571
467
627
479
507
655
651
595
607
591
715
679
555
499
475
547
555
667
579
511
363
543
639
631
523
551
575
687
483
591
627
575
527
603
635
555
431
635
695
547
607
619
539
571
539
543
451
479
551
623
647
455
567
627
551
691
311
483
611
647
555
699
579
591
543
695
643
447
567
667
691
527
635
639
659
579
527
471
623
579
535
439
531
567
583
583
675
467
475
539
483
535
543
495
727
503
571
635
687
555
535
535
503
507
691
603
547
623
427
567
675
619
603
719
495
579
331
667
519
507
587
479
491
559
551
595
499
579
583
491
495
603
619
447
583
639
399
591
435
595
591
619
511
535
687
563
583
655
487
567
479
563
547
587
471
535
603
507
635
635
447
567
671
591
511
531
439
651
527
767
643
699
607
523
607
599
483
539
543
623
451
591
687
491
463
555
539
671
499
679
651
571
395
607
615
399
587
547
519
651
567
515
667
851
619
667
447
507
495
431
627
551
619
547
603
475
491
659
519
575
567
447
707
563
547
579
471
503
447
535
515
607
483
667
483
587
535
727
531
579
583
631
599
595
591
627
651
395
467
519
631
731
515
647
399
559
459
511
567
547
583
591
619
519
523
635
571
419
531
487
695
427
523
619
531
431
595
535
507
639
575
587
567
643
495
579
583
555
571
555
711
467
467
767
563
491
527
711
571
631
575
607
503
731
515
679
503
679
383
607
663
551
587
503
575
475
491
579
739
527
479
667
599
607
559
471
495
603
599
747
495
675
579
531
515
671
583
483
655
543
547
583
607
699
551
715
639
631
431
507
663
615
655
743
647
483
535
511
487
459
515
419
539
343
239
491
475
