618
619
619
614
618
619
619
617
622
619
623
623
619
618
619
615
621
463
615
619
626
619
615
619
622
463
618
622
617
619
619
466
615
619
622
623
619
619
615
618
615
619
618
615
622
619
615
619
618
615
622
618
615
623
615
615
619
615
619
623
619
619
618
622
618
618
615
617
615
618
615
618
619
619
622
622
614
619
618
466
615
459
619
615
619
618
618
619
619
623
619
617
617
615
621
617
615
615
614
619
615
615
618
614
619
623
618
615
615
619
619
617
622
623
622
466
615
615
615
618
619
615
617
461
614
623
619
463
615
619
615
619
615
623
615
619
623
623
619
619
622
615
619
615
619
619
617
618
622
619
618
618
619
618
619
619
615
619
615
618
617
623
615
619
622
619
618
619
619
619
618
613
618
618
619
618
621
619
618
619
622
619
617
619
615
619
619
622
617
619
617
619
615
463
617
613
617
618
615
618
621
618
619
619
618
617
619
619
615
619
611
615
617
623
614
615
618
622
619
619
619
619
619
619
619
463
615
615
619
463
622
617
619
613
617
621
619
618
614
619
618
619
619
619
618
619
619
619
618
618
627
621
617
619
615
618
618
619
618
619
619
615
622
618
617
619
618
619
618
617
619
619
622
619
615
615
621
615
619
623
615
618
618
617
615
618
619
619
623
618
615
623
623
615
619
618
615
619
618
618
617
615
618
619
619
619
619
618
615
615
615
621
619
619
614
618
619
615
615
621
614
619
615
619
619
467
623
619
618
623
619
622
618
619
619
623
615
619
622
617
623
617
611
615
619
615
619
621
619
618
622
615
614
619
619
615
619
618
615
615
615
619
613
615
618
618
619
463
619
619
622
462
619
617
619
617
623
619
615
615
615
619
619
617
623
615
617
615
623
619
619
615
613
619
614
622
617
617
619
619
623
618
619
621
619
621
618
619
618
615
617
619
618
615
615
622
619
618
619
619
619
622
622
619
619
619
621
618
617
615
619
623
617
615
618
615
615
613
622
618
615
619
619
615
619
618
615
619
617
617
619
621
622
615
619
623
619
615
619
619
619
619
615
618
619
619
617
619
619
618
615
619
618
623
615
615
619
618
611
619
617
619
611
614
619
618
619
619
614
619
619
619
618
619
619
619
619
617
617
611
615
619
619
618
619
619
626
618
621
623
615
619
618
619
618
619
617
621
622
615
622
619
618
619
622
619
618
622
619
619
617
623
619
617
622
622
619
619
618
619
619
615
618
618
622
622
617
619
615
623
619
618
619
618
619
617
617
615
622
619
621
615
618
615
617
617
619
619
619
619
618
615
618
619
617
618
615
619
619
619
618
615
619
622
619
619
615
615
619
619
618
619
614
618
619
618
619
618
621
615
623
613
615
615
613
615
619
615
619
623
626
615
619
619
619
619
619
615
615
619
619
615
615
619
619
619
619
619
611
619
619
619
619
617
615
622
619
615
619
617
619
618
614
622
619
623
619
619
622
618
619
622
615
615
618
617
621
615
619
613
613
615
623
618
619
615
619
619
615
621
619
619
619
615
622
626
622
623
626
623
619
618
618
615
615
611
615
619
614
619
619
615
619
618
619
615
615
619
619
619
615
617
618
615
615
619
615
619
622
619
619
622
619
615
617
618
618
619
619
618
613
617
615
619
615
617
619
615
619
619
619
623
617
615
618
615
615
617
621
615
622
626
627
619
621
622
619
619
622
618
619
622
619
617
619
622
619
619
622
621
615
619
618
619
619
621
622
619
615
619
615
619
625
619
615
617
618
615
615
618
619
619
623
619
615
618
619
615
611
622
619
619
615
621
622
619
614
626
619
615
617
619
619
615
615
618
615
619
619
614
619
615
615
615
619
618
615
619
615
619
613
619
619
617
618
615
619
618
619
619
613
615
619
613
615
619
618
619
619
617
615
619
622
613
615
615
618
619
611
619
619
617
619
622
617
615
619
618
617
618
619
615
619
619
615
619
619
619
619
615
618
614
615
614
615
619
607
615
619
619
619
619
619
623
615
622
615
615
623
618
617
619
622
619
619
619
619
618
617
621
615
619
615
619
615
618
618
618
623
619
619
615
618
618
619
619
619
618
619
619
619
617
619
619
622
619
619
615
615
619
615
615
615
619
618
615
618
611
619
617
615
618
615
622
615
622
619
623
619
623
615
615
615
619
619
623
618
619
615
619
619
619
619
619
618
617
622
622
619
619
615
615
619
618
622
617
619
622
615
615
617
615
615
619
619
614
622
617
617
615
619
619
615
619
619
619
619
619
615
618
614
622
619
619
615
622
617
619
618
619
617
615
615
614
618
617
615
619
323
1126
1255
522
795
1313
