903
679
902
903
906
903
903
903
903
903
903
902
903
903
903
895
903
903
902
902
903
671
903
903
905
903
903
903
902
679
903
903
897
902
903
903
903
677
902
903
903
678
903
906
903
902
903
674
899
903
898
903
903
679
898
903
907
899
903
679
906
903
903
679
903
902
903
679
903
679
903
674
903
903
903
675
899
903
897
679
902
903
905
679
898
903
897
903
903
679
902
899
903
907
903
678
903
683
902
898
903
899
903
679
898
679
903
903
903
901
903
675
903
899
906
679
902
679
903
679
903
903
899
903
895
903
903
679
903
903
903
678
903
675
903
903
903
902
902
902
903
903
903
674
903
903
903
903
903
901
903
667
903
902
903
903
903
903
903
679
903
675
898
671
898
903
903
674
894
902
903
902
910
903
903
675
902
679
899
679
902
675
903
903
903
679
903
673
903
682
899
674
899
679
903
903
903
903
903
902
903
673
903
903
903
674
903
903
903
679
902
674
901
671
902
679
898
902
903
674
903
897
903
683
903
891
903
679
906
897
903
679
903
903
903
679
907
678
899
679
903
898
902
903
903
898
894
677
903
903
903
890
903
903
897
679
902
674
898
899
907
903
898
903
903
902
903
679
903
677
907
898
903
679
903
679
903
903
903
675
903
679
903
903
903
894
907
903
903
679
907
902
902
902
903
679
903
899
903
899
902
679
903
679
903
678
903
679
903
678
903
675
902
902
901
903
903
903
898
907
899
903
894
902
903
902
898
903
902
903
902
903
903
683
903
903
903
903
902
679
903
679
903
679
905
674
898
679
902
902
899
903
903
898
903
902
903
898
903
678
907
903
894
903
903
679
903
679
898
902
902
679
903
902
907
679
903
902
903
903
903
903
903
903
903
678
902
903
903
679
903
903
903
903
906
679
903
679
903
903
903
903
902
907
903
903
903
897
903
903
903
901
903
902
903
675
903
679
902
903
907
903
903
677
903
902
903
903
903
678
903
903
903
679
906
679
903
903
907
899
903
895
903
683
903
903
903
674
903
903
903
683
903
679
901
678
907
899
903
903
903
679
903
899
903
678
899
903
905
679
903
675
899
898
903
678
901
903
903
679
903
681
903
678
898
679
903
903
903
903
902
679
903
905
903
679
903
899
899
903
902
903
903
901
903
903
903
906
899
902
905
907
903
901
903
902
902
903
906
903
903
906
903
906
899
903
906
902
899
903
902
903
903
903
903
898
903
903
895
910
903
903
898
903
903
902
902
903
898
903
902
903
903
903
903
903
903
903
895
902
906
899
903
903
903
903
903
902
903
902
894
899
903
895
898
903
906
903
899
901
903
910
903
902
899
898
903
903
898
903
903
899
903
902
899
899
903
899
902
903
903
907
899
907
903
903
902
906
905
902
903
898
903
902
903
911
915
927
895
903
923
915
895
919
915
915
911
907
907
915
915
915
911
923
931
915
915
919
919
915
2343
899
903
902
898
902
889
903
898
903
903
903
903
895
899
898
899
903
903
903
903
903
903
903
903
899
903
891
894
903
903
899
903
895
903
903
901
893
903
898
903
903
903
903
902
903
903
902
909
891
901
903
902
903
902
903
903
899
899
903
903
903
903
901
903
902
898
903
894
902
903
902
895
898
903
902
903
906
903
903
903
903
903
899
903
903
903
903
679
903
903
903
902
903
898
903
903
903
887
903
903
897
903
903
903
903
903
903
899
903
903
903
903
903
897
903
899
902
903
903
907
903
898
903
903
903
903
903
902
898
903
903
906
903
902
899
903
902
903
903
903
906
902
903
902
903
903
902
903
903
903
902
903
903
903
902
903
902
903
902
903
903
903
907
903
903
902
903
902
899
903
897
903
903
903
903
899
898
906
903
903
902
903
903
903
902
903
903
903
902
903
898
903
903
907
903
903
907
906
903
903
902
894
903
903
903
903
902
903
902
899
903
903
909
903
903
906
903
902
899
903
903
903
902
903
899
902
903
903
903
903
899
903
679
903
906
903
903
907
903
903
902
899
899
903
899
903
903
898
903
907
903
906
901
898
910
902
903
903
898
903
902
903
901
903
903
899
901
903
903
903
903
903
903
903
899
903
903
895
894
902
894
906
903
906
903
898
903
907
905
903
899
903
905
905
899
898
898
903
903
901
903
903
895
898
898
903
903
903
898
899
903
906
894
903
907
903
903
898
899
903
903
897
903
903
899
903
902
903
903
903
903
903
903
902
903
899
903
902
902
903
903
903
899
903
907
903
901
903
903
895
905
903
903
903
903
906
903
898
903
903
899
903
902
903
903
899
903
899
899
903
903
903
903
903
903
891
903
414
143
467
0
1542
446
