600
599
595
601
603
603
597
596
594
601
598
600
597
593
598
604
594
605
600
600
595
599
603
594
594
600
600
601
600
597
597
597
598
599
600
597
599
597
603
603
604
597
594
599
599
598
593
597
602
600
596
599
597
597
599
594
597
596
594
594
599
594
599
597
593
599
594
597
600
597
599
591
597
599
593
593
595
599
597
600
596
598
595
598
597
599
593
594
599
594
599
603
599
599
593
597
600
597
599
593
597
602
594
595
603
603
594
600
597
594
603
596
594
596
597
604
593
603
597
599
603
593
597
600
599
599
596
598
600
597
598
598
597
595
599
599
601
594
603
599
597
598
603
593
594
603
596
594
597
596
595
599
599
600
601
597
599
593
599
603
597
600
599
594
594
597
593
594
598
595
593
600
599
603
599
597
593
594
600
600
597
596
595
600
600
597
594
600
598
602
597
597
595
597
599
598
594
594
598
594
599
595
596
599
598
593
593
603
598
597
599
593
595
599
599
599
594
601
594
597
597
597
595
603
595
597
597
603
597
594
596
598
603
597
593
594
599
598
598
603
600
603
594
596
594
595
593
594
597
596
604
597
594
598
603
594
594
594
593
597
597
596
596
604
594
603
597
595
597
595
594
603
596
597
600
597
593
594
597
596
603
603
595
597
599
594
603
605
595
598
597
594
599
596
598
603
595
604
595
599
597
603
594
593
603
599
603
599
600
603
595
602
597
594
596
600
599
597
593
599
597
597
596
594
594
600
599
593
594
603
594
603
603
597
596
603
600
596
600
597
594
597
600
594
598
603
597
601
600
597
594
599
593
596
598
602
596
594
597
602
595
599
604
596
593
599
594
598
604
598
600
594
600
603
598
605
595
603
591
603
598
604
603
597
603
599
594
599
594
593
599
599
603
598
604
600
603
594
597
593
594
593
597
599
598
597
599
600
603
593
599
596
597
593
599
598
599
596
593
596
603
600
603
596
600
593
603
604
599
600
604
600
593
603
597
594
595
599
603
603
594
594
595
594
599
599
593
596
594
599
599
599
603
603
600
598
603
600
596
599
599
597
603
594
599
594
598
596
594
600
597
594
603
599
604
599
596
600
593
594
599
598
597
604
598
597
599
594
597
594
596
603
593
594
599
599
598
594
595
593
591
597
594
593
594
599
598
594
594
594
593
597
600
594
596
597
594
600
594
600
598
597
597
594
597
594
599
599
598
594
599
599
599
594
598
599
599
603
599
595
597
600
600
601
598
603
597
599
599
594
603
597
595
597
595
594
599
599
603
599
599
594
594
599
600
596
596
594
597
599
599
600
597
597
598
594
600
594
601
595
603
595
594
597
601
593
597
594
596
599
597
594
599
593
596
599
594
603
596
597
594
594
597
598
598
594
598
603
594
594
599
603
598
599
595
593
594
599
594
593
595
594
604
594
597
599
597
594
594
599
595
598
593
598
601
597
597
594
598
603
596
599
602
597
599
596
594
597
599
603
603
596
597
593
600
596
596
597
598
601
598
597
597
597
594
601
595
597
603
600
603
603
598
595
599
599
597
600
604
597
593
595
596
600
597
599
597
593
594
603
600
596
594
599
597
599
594
596
597
594
598
603
597
603
603
597
600
594
604
599
599
597
594
596
601
598
600
597
596
595
598
597
594
603
595
596
603
597
597
599
603
598
596
597
603
596
594
593
596
600
603
593
599
599
594
593
597
601
600
593
599
597
603
594
596
600
595
599
596
598
597
597
598
594
598
597
596
601
594
597
597
603
599
599
603
603
604
594
600
597
600
598
599
594
598
595
597
596
598
599
599
598
597
597
594
603
594
593
603
599
597
595
594
597
593
597
594
599
593
600
597
595
594
598
594
598
596
594
595
597
599
600
595
593
599
607
597
598
597
600
597
593
598
603
599
598
597
604
600
597
603
593
597
594
594
594
595
597
600
596
594
599
598
596
600
595
597
597
597
597
604
594
594
594
599
598
597
596
594
604
600
597
597
594
599
597
594
599
595
600
596
603
600
596
598
598
596
597
596
597
596
594
603
599
600
597
597
597
600
594
598
597
594
594
594
599
597
600
594
594
598
593
597
603
595
594
597
594
594
596
597
598
593
600
596
607
593
594
594
596
597
600
596
599
596
594
595
597
598
594
595
603
594
594
597
597
597
604
603
600
598
597
594
603
597
603
604
597
596
593
594
592
594
603
599
603
593
598
597
597
604
597
603
604
603
598
594
597
593
603
593
599
603
601
600
597
594
604
600
599
594
603
594
593
598
596
594
600
594
603
603
598
596
595
594
596
594
601
594
594
598
596
596
607
596
596
598
596
235
597
339
33
1197
400
