582
572
583
583
581
577
582
573
583
573
575
582
573
571
583
573
579
573
582
578
582
582
573
582
579
578
579
582
583
579
572
579
578
575
583
583
583
582
567
575
579
583
583
573
571
582
582
572
569
577
567
577
573
582
573
579
583
572
579
583
578
567
578
579
572
573
582
573
572
578
583
573
572
577
582
583
582
577
573
572
572
579
583
582
574
583
569
572
568
579
583
578
582
579
582
567
567
567
583
573
577
583
578
573
567
573
582
576
582
582
569
569
582
579
583
579
582
583
579
573
583
582
567
573
583
579
575
579
575
582
573
579
583
571
575
573
573
582
573
582
583
582
578
568
575
583
573
583
583
571
582
576
577
573
583
583
581
567
583
575
568
583
582
573
567
582
573
583
582
567
573
582
571
575
567
583
571
583
567
568
583
581
579
581
583
573
574
572
567
583
575
578
582
571
583
582
578
573
571
583
583
573
578
579
577
573
583
583
575
571
577
576
573
582
577
572
582
579
578
573
579
582
568
583
568
578
583
582
582
582
579
583
568
578
567
573
571
571
573
567
582
573
582
582
578
578
567
582
583
571
582
582
573
573
579
575
573
571
582
567
582
575
583
573
583
573
577
581
578
582
582
575
573
573
573
583
569
575
573
582
571
572
582
582
583
572
583
581
572
573
575
573
573
581
568
579
579
582
581
571
583
569
579
568
579
582
572
577
583
583
576
572
582
577
572
572
567
567
572
583
567
582
579
567
579
583
579
567
571
578
573
582
583
568
573
573
583
582
569
583
582
578
582
575
573
583
573
582
582
581
577
579
567
581
572
582
583
581
582
583
573
567
579
575
576
575
582
575
582
575
583
582
578
571
573
583
582
577
578
575
583
583
582
567
579
582
579
573
578
567
571
578
568
583
571
579
575
573
583
581
575
572
573
572
573
567
583
578
582
571
582
582
583
575
583
578
567
573
573
567
573
577
583
575
582
583
578
583
582
582
582
582
581
573
575
577
582
579
571
577
579
583
573
567
567
572
582
568
578
571
568
583
577
571
582
583
579
573
573
577
581
583
582
582
583
579
575
582
579
573
582
582
582
571
568
581
581
582
583
575
572
577
571
582
582
578
567
582
573
583
575
579
582
577
577
580
582
583
573
573
579
569
569
567
573
569
582
572
579
579
583
569
577
583
583
573
583
583
574
582
583
571
569
578
568
569
568
572
583
572
578
571
583
582
582
583
579
575
567
582
573
583
582
583
573
582
579
567
577
582
573
572
574
573
582
569
583
581
571
571
581
583
582
578
583
582
571
571
573
578
571
582
583
583
582
573
573
583
573
573
577
583
582
582
583
574
577
579
581
577
583
571
582
581
578
575
571
571
579
573
583
583
572
579
579
569
578
569
571
581
573
579
583
582
577
256
289
301
273
285
289
289
285
297
273
281
273
281
277
281
281
297
285
285
289
289
289
269
281
285
2641
575
574
577
579
583
583
582
571
578
573
579
569
583
571
574
573
582
569
579
569
578
571
582
573
579
583
573
578
575
582
577
581
582
575
579
582
581
583
579
571
577
568
573
573
582
579
571
582
582
571
582
568
574
582
579
582
574
582
581
573
567
582
583
577
571
583
582
577
582
567
575
567
583
573
583
573
567
573
569
583
582
575
579
569
583
583
577
577
569
568
583
575
573
579
583
573
571
573
582
569
582
578
583
579
577
575
585
573
577
568
583
571
573
572
583
577
567
578
574
578
579
583
571
574
578
574
573
582
575
582
579
573
567
568
573
583
569
578
568
579
578
583
583
571
573
583
582
578
573
582
583
579
583
579
573
579
573
578
583
572
571
583
583
582
582
583
583
573
572
578
568
577
583
578
583
573
582
582
569
579
582
583
573
567
578
583
568
575
583
582
572
578
579
582
582
571
578
579
583
582
573
582
573
575
582
569
573
583
573
568
576
578
568
573
582
573
583
579
572
577
582
582
583
567
582
568
568
577
583
582
579
578
583
572
579
572
572
583
583
568
583
583
571
582
582
583
574
579
583
575
573
568
583
571
582
583
573
583
573
571
583
583
582
568
579
582
582
583
567
583
583
573
583
575
572
583
573
583
573
583
568
575
579
582
583
573
574
583
573
577
578
573
582
583
568
574
583
583
575
583
582
572
583
574
572
573
573
579
572
579
583
583
582
582
583
578
583
583
579
571
583
569
575
583
573
582
583
583
582
574
578
567
582
571
583
575
574
572
568
574
572
578
582
575
583
583
567
572
583
579
573
583
582
573
573
582
569
572
582
573
567
582
574
583
573
567
583
568
573
582
573
573
582
578
573
582
573
570
1162
903
232
525
1074
