227
2247
231
2173
231
2157
231
2185
230
231
229
230
227
171
227
2142
231
2274
229
226
231
2198
231
229
231
2145
233
2141
237
235
231
2139
230
2254
230
2134
230
2135
218
231
230
2150
233
231
227
2118
226
2110
234
175
229
2170
235
2179
230
2153
233
231
230
175
229
2153
230
2179
229
2171
230
2187
235
230
230
2257
235
2147
229
2221
231
2127
229
2290
227
231
230
2155
230
229
226
117
229
2187
231
2146
230
2205
231
2214
231
2223
229
2219
230
229
231
230
231
2153
226
229
235
229
229
231
231
2243
262
2275
231
177
231
2182
230
2213
230
2127
230
233
227
2181
266
2135
229
2115
226
2186
227
2183
235
2134
229
2169
229
2191
237
2207
230
175
231
2110
233
230
227
229
235
2130
230
2231
233
2243
235
226
123
2270
231
2142
233
231
229
2227
231
2205
231
235
231
235
235
2163
229
233
231
2171
229
177
231
2197
229
2213
227
227
226
231
229
2198
235
235
230
2215
231
2111
231
2179
230
2182
237
2227
227
2123
230
2125
235
2110
230
2169
235
2135
231
2191
229
117
230
2153
237
2141
233
2155
230
2130
237
231
230
2286
233
2121
231
227
235
231
227
2155
231
119
230
2271
231
2177
231
2219
230
121
230
117
227
171
233
2183
229
2298
235
2242
235
2198
226
235
231
121
234
2150
235
227
230
2207
231
2167
227
235
233
2237
230
2317
231
239
227
2121
230
231
227
2145
233
2106
230
2191
231
231
235
2149
230
2193
231
231
230
174
231
2191
233
2298
230
227
177
2339
2067
2301
230
2251
341
2257
230
2147
229
117
230
2137
231
2239
227
230
231
2154
230
2187
230
2222
233
2201
229
2158
230
2275
231
2153
231
2205
231
231
231
2153
235
231
235
175
230
231
231
2285
231
2146
229
2253
230
230
235
2199
229
174
235
2182
230
2165
231
118
226
2251
235
2279
233
235
237
2195
229
2134
235
235
231
118
231
2198
231
2199
231
2153
227
233
230
2123
230
119
227
2247
229
119
231
2113
229
2275
237
231
229
229
227
2199
227
2138
229
229
231
2171
230
119
229
2163
229
2278
233
2205
231
2221
243
2186
231
2175
227
118
235
227
175
2301
229
2159
231
2114
230
2299
235
2219
235
2257
231
119
231
2126
231
2174
231
2155
231
229
231
2129
230
2255
235
2211
233
2183
227
2195
229
2169
229
2139
227
2233
233
2147
235
229
235
235
227
2214
231
2289
235
2399
229
2205
233
2147
231
2206
237
2250
231
115
230
2109
231
230
231
229
231
235
226
229
233
2215
229
2275
233
231
233
121
229
227
231
233
235
231
231
231
237
230
231
230
231
235
230
230
229
230
235
229
229
233
231
231
231
235
231
231
230
230
230
227
235
237
229
235
233
231
230
230
231
231
230
230
227
227
230
226
231
233
235
231
230
226
235
231
235
230
230
233
233
231
233
231
230
235
231
230
235
227
231
230
231
231
231
230
2111
233
230
233
229
231
229
230
231
229
227
235
230
230
231
231
231
230
2279
231
230
227
237
233
231
235
237
231
226
230
231
227
229
231
231
231
227
235
231
235
231
235
235
235
231
231
231
231
235
230
231
231
235
230
235
231
231
233
227
235
231
230
229
233
230
231
229
230
119
231
230
231
231
231
233
231
229
226
237
231
226
231
227
227
231
230
229
235
231
229
227
174
237
235
231
235
226
231
231
230
230
231
119
231
231
230
231
230
231
229
231
230
229
231
226
235
229
229
231
174
233
231
229
230
235
227
230
230
237
229
233
230
235
227
231
227
235
233
230
231
235
230
237
239
237
233
235
230
231
230
230
235
225
233
231
229
230
235
235
229
230
229
231
233
230
229
230
229
229
231
230
233
229
235
234
231
231
229
230
235
235
231
231
230
231
235
230
229
237
229
230
230
231
231
237
2126
227
231
229
227
231
235
230
230
227
229
229
230
230
231
226
229
235
229
231
229
230
226
233
229
231
230
231
226
226
231
231
231
231
229
229
231
231
226
235
230
241
235
230
230
235
230
230
231
119
230
230
231
230
227
233
231
233
229
231
229
237
235
226
227
235
231
230
235
226
226
235
231
231
227
235
227
227
227
229
230
230
230
230
235
229
230
229
230
231
225
226
231
229
231
239
230
230
226
233
230
237
226
226
235
235
227
231
231
229
231
231
237
230
229
231
229
235
230
229
231
235
231
231
230
231
237
233
231
235
235
230
231
227
235
231
231
235
231
229
227
235
235
231
231
229
231
237
237
231
121
230
230
231
233
231
227
230
231
230
237
231
230
231
229
230
226
235
237
235
227
237
235
231
231
233
230
227
235
226
231
229
227
235
230
229
235
230
229
229
229
2111
229
230
227
227
233
231
235
235
235
231
230
231
229
237
230
229
230
2106
229
235
227
230
227
231
233
226
231
227
235
231
231
229
227
233
233
231
231
230
229
237
235
229
123
229
229
438
290
483
0
1923
53
