593
598
599
594
595
593
595
593
598
593
596
595
597
596
598
593
598
595
592
592
595
595
600
599
592
596
598
599
599
598
597
599
593
598
593
595
595
599
596
596
601
593
594
600
595
598
599
601
594
594
601
598
600
599
593
601
598
595
596
595
593
598
591
598
598
591
591
593
597
599
593
598
597
595
594
594
595
597
594
596
598
598
594
593
598
597
598
601
595
601
597
595
597
593
593
600
593
596
595
595
597
596
597
595
595
599
599
589
598
598
600
596
601
595
600
600
593
599
599
597
599
598
594
596
594
601
595
593
594
594
595
599
594
599
598
589
593
595
591
599
595
591
599
592
594
598
600
599
596
595
598
592
593
593
594
594
598
597
597
593
596
599
599
596
595
596
599
589
595
595
594
601
595
598
595
601
595
593
596
594
594
593
599
595
600
591
598
593
593
593
597
595
595
598
601
595
593
594
600
598
598
600
594
595
598
593
600
598
595
600
598
594
598
595
596
593
599
598
601
595
599
595
592
599
594
589
594
595
598
593
601
599
599
598
600
596
591
595
595
598
595
596
598
595
595
600
601
596
599
594
594
595
599
596
595
597
595
596
594
596
597
597
594
596
595
595
597
595
596
593
592
593
596
601
596
599
595
596
587
598
589
598
598
589
593
598
599
598
595
596
600
595
594
593
594
595
598
593
601
595
596
593
601
593
599
593
595
595
597
593
595
596
600
593
594
593
597
599
595
598
596
598
594
598
599
597
594
594
594
598
593
599
599
596
594
595
600
596
598
596
593
592
592
599
595
597
596
597
593
593
600
598
599
595
594
591
596
595
598
596
600
593
593
595
594
601
599
594
595
596
593
591
601
593
595
598
597
598
592
596
601
592
596
595
595
597
598
594
594
593
598
592
593
595
593
591
594
597
594
596
603
598
598
596
593
593
598
593
594
598
593
599
596
595
598
596
599
598
596
596
597
601
596
592
593
599
593
595
594
597
598
594
597
598
600
594
596
597
593
594
598
596
598
593
595
595
595
597
596
594
593
593
597
593
600
593
597
598
597
598
595
600
595
595
601
595
596
598
598
593
594
595
593
595
596
594
594
593
598
598
599
593
593
600
599
593
593
595
593
593
594
599
594
596
600
600
592
596
592
599
594
594
593
595
595
595
594
597
601
598
594
599
601
593
593
596
595
599
599
596
599
594
595
595
592
594
595
598
593
595
592
595
595
596
593
595
597
596
598
594
596
596
592
599
596
592
599
597
600
598
593
595
593
598
594
596
593
593
597
595
596
595
593
598
597
593
593
594
591
594
598
596
598
599
594
595
599
599
601
600
601
598
594
601
601
595
597
599
595
596
595
593
593
600
605
595
592
593
592
595
600
592
599
597
598
596
598
593
594
593
595
595
598
601
599
593
595
597
603
600
600
591
589
589
596
593
591
592
602
595
594
609
591
591
594
587
597
594
600
598
593
595
601
599
591
593
593
600
594
598
599
595
594
598
593
600
595
597
601
596
595
594
594
598
595
595
599
592
594
596
593
594
598
599
595
594
591
596
596
596
597
591
596
601
594
598
598
594
596
593
594
595
601
598
594
598
593
600
595
601
594
594
596
595
593
596
598
598
600
593
596
596
594
595
598
593
594
592
598
594
597
595
593
596
600
594
595
597
593
593
598
601
595
598
595
599
601
598
601
592
593
597
596
595
601
598
597
598
594
590
595
593
593
601
601
596
597
601
593
596
598
590
598
593
595
595
596
600
596
595
595
595
596
594
594
601
599
595
601
594
595
590
600
592
595
596
597
596
594
597
598
594
598
594
595
597
602
595
596
597
593
599
592
597
593
600
596
599
596
599
598
596
597
599
598
593
594
596
601
595
593
596
599
598
592
594
601
592
594
594
596
599
598
601
596
599
591
596
598
595
595
598
595
595
601
597
594
595
600
601
598
593
596
598
598
596
595
596
597
596
592
601
594
596
596
595
600
596
600
599
593
595
592
593
597
601
599
597
592
594
593
599
598
595
592
593
596
596
599
598
598
595
592
597
598
601
601
593
594
597
593
599
594
597
599
597
599
594
601
593
595
597
597
599
597
595
593
601
595
600
599
593
598
597
596
598
594
594
597
596
597
598
596
599
601
604
594
595
596
598
594
594
596
593
596
598
596
595
599
594
595
599
598
600
594
594
595
591
593
595
597
596
597
592
598
595
599
595
595
595
592
598
598
593
594
593
594
595
595
597
594
595
596
600
596
596
596
598
591
595
594
593
600
595
601
598
592
597
598
599
594
597
593
591
594
593
593
598
598
592
596
595
594
591
595
597
594
591
954
602
860
1155
0
795
