575
579
577
579
581
578
578
579
581
583
580
575
579
585
577
581
582
579
583
574
580
582
582
580
576
581
581
583
576
577
583
577
575
581
579
582
581
583
581
582
579
582
581
577
582
579
580
579
577
589
579
581
580
579
577
580
579
586
582
579
581
579
581
578
579
580
575
577
581
578
581
583
577
579
579
575
582
575
577
579
578
578
579
582
583
580
579
575
582
575
581
578
576
582
580
578
577
577
582
576
583
582
575
586
580
579
579
581
581
576
583
579
579
583
579
579
583
579
578
580
582
582
579
577
582
578
579
582
579
578
579
583
581
578
579
579
582
586
586
581
579
583
579
579
581
580
582
578
579
580
583
580
579
573
581
585
581
579
579
579
580
577
575
582
579
582
583
579
580
583
577
582
577
582
579
575
582
580
579
579
577
582
578
577
579
579
582
576
583
579
579
579
577
575
577
582
579
581
577
575
575
582
581
582
577
580
577
578
579
574
583
579
575
583
579
579
583
579
586
582
582
583
578
583
582
586
581
583
579
579
581
581
576
581
579
579
582
575
582
577
582
578
576
579
581
579
577
578
580
582
582
577
581
581
583
579
585
581
580
582
579
585
579
582
578
578
578
585
582
582
587
579
582
575
582
578
578
582
579
583
579
579
579
582
579
579
576
579
579
579
581
574
579
579
576
581
577
578
577
585
578
581
581
579
579
585
583
581
579
583
577
578
580
579
575
586
579
575
581
576
579
579
583
582
583
581
579
581
576
581
587
579
579
582
577
577
581
586
579
579
582
574
582
585
577
579
582
579
579
579
578
577
579
582
582
575
581
579
582
579
580
581
579
581
579
582
582
582
579
578
579
583
579
579
577
579
583
575
585
577
579
579
579
581
580
575
577
582
575
579
577
579
574
582
575
579
579
582
577
579
578
577
577
582
579
581
585
583
581
583
579
579
579
578
577
582
581
581
579
579
581
579
582
577
582
581
579
577
582
579
575
581
579
579
585
579
582
575
579
583
585
579
579
575
579
579
578
580
579
580
579
579
577
581
582
578
585
578
577
579
582
577
579
580
579
579
582
577
579
574
577
580
579
582
579
581
573
579
578
583
579
580
578
579
586
582
581
577
583
579
579
582
578
578
582
575
582
577
578
576
580
582
581
579
582
579
579
575
575
579
579
574
577
582
573
577
577
577
580
579
581
577
576
582
583
577
578
579
585
583
581
579
575
577
581
575
586
575
581
578
583
576
578
579
581
581
580
575
586
577
575
581
587
579
579
581
581
577
577
577
578
581
583
577
583
577
581
582
577
578
577
579
579
583
579
577
579
583
577
580
583
577
578
582
577
577
579
580
578
583
585
575
582
575
582
581
578
578
575
582
581
577
579
577
581
574
578
581
575
582
579
582
579
579
579
579
581
586
580
582
575
580
575
579
585
582
583
587
581
582
582
582
587
582
581
579
577
583
579
577
581
582
578
580
581
575
579
577
582
582
582
578
577
583
582
578
582
579
575
580
579
579
580
582
581
579
581
581
582
583
575
585
580
579
581
577
579
579
578
583
577
581
579
577
583
578
581
581
579
579
579
579
579
581
581
582
586
577
581
575
575
579
582
573
582
582
579
579
579
579
582
580
577
575
575
579
578
581
579
579
577
579
580
582
580
575
579
579
578
576
581
581
579
582
582
578
582
582
579
579
577
579
579
580
577
583
576
581
581
577
583
579
580
582
581
577
581
579
587
580
579
582
582
575
582
579
573
579
586
582
582
582
579
585
579
581
578
586
581
579
579
575
577
580
580
582
579
579
579
577
578
579
581
579
580
578
581
585
580
579
579
586
585
579
582
586
583
579
579
583
582
578
579
578
580
581
578
579
577
581
579
581
579
582
579
579
580
582
579
579
583
577
583
582
578
582
581
582
576
579
582
577
583
579
585
580
580
575
583
579
581
579
586
579
578
581
577
579
579
581
581
577
583
582
580
575
579
579
578
582
581
580
581
579
581
580
579
581
582
576
577
577
576
579
580
582
581
578
575
582
581
579
582
581
583
581
583
575
579
576
579
582
579
579
581
581
576
578
585
582
579
580
578
579
579
574
579
579
585
578
578
581
579
582
574
577
582
586
579
582
579
579
580
581
577
577
582
578
581
579
577
579
576
579
582
580
575
579
577
577
582
579
579
582
581
579
585
579
574
576
575
575
578
577
585
582
581
583
583
579
581
582
580
577
578
579
577
579
581
580
581
579
579
580
577
586
577
578
580
577
577
579
579
581
582
579
583
582
582
579
583
579
574
585
582
575
579
580
583
586
579
583
579
576
579
575
581
579
587
0
249
926
630
86
