979
971
970
979
979
978
975
975
967
979
970
979
979
970
975
979
971
971
971
970
979
974
979
978
967
979
967
979
979
979
971
979
979
979
974
979
979
979
978
983
983
967
979
979
979
967
979
975
979
975
978
975
979
967
975
983
970
975
970
979
974
979
979
979
979
974
979
971
975
975
983
967
979
966
974
979
971
975
971
975
979
967
971
979
967
979
975
967
967
967
979
979
967
975
979
967
979
979
970
975
971
979
967
971
975
967
971
979
979
975
979
975
971
967
979
979
971
979
967
967
979
975
967
967
967
978
971
967
967
974
979
975
979
979
970
967
967
979
979
967
979
974
979
975
978
975
967
979
983
979
967
967
979
967
975
967
970
967
971
979
979
971
979
975
967
975
975
979
979
979
975
979
967
979
979
967
967
975
975
975
979
975
979
975
970
967
983
975
974
975
971
979
975
967
979
975
971
967
975
975
978
971
971
979
979
979
983
974
967
979
979
967
978
979
979
978
967
979
967
975
979
967
967
971
967
975
979
979
975
967
975
979
979
979
979
978
974
975
979
971
975
971
967
971
967
979
975
979
967
974
967
979
979
967
967
975
979
975
971
979
979
967
979
967
979
967
979
967
967
967
967
979
967
967
967
975
967
970
975
974
967
975
979
979
974
975
967
983
979
979
979
967
978
971
967
975
979
979
979
975
979
979
967
979
967
975
979
970
979
983
979
970
971
979
967
967
967
967
967
967
979
975
971
979
975
967
967
970
978
979
975
970
971
979
971
979
979
978
978
975
967
979
971
975
971
983
967
975
979
967
970
971
983
979
975
975
979
967
979
975
967
967
979
979
967
975
974
974
967
979
975
979
967
970
983
971
978
975
978
975
979
978
978
979
979
975
974
970
974
979
967
970
975
974
967
979
975
971
979
979
974
975
970
979
974
975
979
975
967
978
971
967
979
967
975
971
967
967
967
979
979
970
978
979
967
971
975
970
979
967
983
979
967
979
967
971
978
967
971
979
967
979
979
978
979
979
979
967
975
967
975
975
979
967
979
971
967
971
979
975
975
979
979
979
979
971
979
967
971
979
974
975
978
978
978
983
978
967
979
967
970
978
967
971
967
967
979
978
979
967
971
979
967
979
975
979
971
979
967
975
967
975
967
975
979
975
979
970
967
979
967
970
975
967
983
979
979
979
975
983
975
967
979
970
975
967
971
971
975
967
974
983
967
975
975
971
967
971
975
967
967
974
975
979
978
979
971
974
975
971
967
979
979
967
979
974
979
979
971
974
979
978
974
970
975
970
967
978
983
975
971
971
967
979
971
971
974
979
971
967
979
979
967
970
975
975
967
967
971
971
975
974
971
978
971
979
971
970
983
979
974
975
967
967
967
974
975
979
971
975
970
967
979
971
983
999
1043
1035
1027
1031
1015
1027
1027
1027
1015
1043
1027
1027
1015
1027
1031
1027
1015
1035
1027
1031
1027
1023
1019
1023
1583
967
967
975
971
971
967
967
967
971
975
971
974
967
975
971
975
979
974
979
967
974
975
970
967
975
975
967
967
975
971
967
975
978
971
974
975
979
979
975
975
975
974
979
975
967
967
979
970
979
975
971
967
967
979
975
979
971
975
967
979
971
970
975
974
975
975
975
975
971
979
979
974
967
971
967
971
967
975
974
967
975
979
970
979
975
967
975
979
979
967
975
979
979
979
979
975
970
967
979
970
967
975
967
967
979
967
967
974
971
970
967
974
979
971
967
975
979
979
967
975
979
983
967
970
967
971
971
967
979
979
979
979
967
983
975
967
979
967
974
974
974
974
979
967
979
971
967
970
971
967
970
974
979
967
979
979
979
970
975
971
978
983
967
967
979
979
967
979
979
967
975
974
979
983
975
971
971
979
975
975
979
967
970
979
967
979
967
979
967
978
971
983
971
967
971
975
979
983
979
975
975
979
978
967
975
967
967
971
971
970
979
974
979
967
983
979
975
979
975
971
979
979
979
970
967
967
967
979
967
979
978
975
979
979
971
983
979
967
979
967
970
974
974
979
967
970
967
971
967
975
978
983
979
975
979
967
975
970
975
979
978
971
974
978
971
979
979
967
971
978
979
971
975
967
979
975
967
979
975
974
967
979
975
983
971
967
979
967
970
970
979
971
971
978
967
971
979
978
967
970
978
967
971
970
979
970
971
979
979
970
978
979
967
979
967
971
967
979
979
974
978
983
979
979
979
979
967
979
967
967
979
967
967
971
979
979
979
979
967
979
975
967
979
979
974
979
971
975
971
979
967
971
971
979
979
979
975
971
983
967
967
974
983
978
967
978
979
971
970
975
974
979
967
967
975
970
967
1634
1819
1967
1955
1947
1775
