727
726
729
727
725
726
725
733
726
726
725
723
726
731
727
723
727
727
727
723
727
725
726
723
727
727
727
726
726
726
727
727
727
725
735
727
723
727
727
727
727
727
725
726
727
727
727
727
727
727
726
727
723
726
726
726
727
726
727
727
731
725
723
727
727
727
725
725
727
725
731
727
731
725
727
726
725
723
727
727
727
727
726
731
725
726
725
727
727
731
723
725
727
727
726
731
723
729
723
725
727
727
725
726
725
727
726
727
723
727
726
727
733
729
723
727
727
726
729
727
726
727
719
726
727
727
725
725
723
731
726
727
726
723
726
733
727
727
726
729
727
731
727
725
727
726
723
726
727
731
729
727
726
725
731
731
725
726
726
726
731
727
726
727
721
727
727
731
727
727
723
727
727
726
727
726
726
725
727
726
726
726
725
727
723
725
727
727
727
723
723
727
723
727
727
727
727
731
727
727
727
725
725
726
727
725
726
727
726
723
727
727
729
727
727
726
725
731
725
726
723
726
726
727
726
731
727
727
727
727
727
727
727
727
727
725
726
727
726
727
727
723
726
727
727
726
735
727
725
726
727
723
726
727
719
726
726
727
730
727
726
727
726
727
723
729
726
727
721
727
723
727
725
727
727
726
727
726
723
726
729
723
725
726
727
727
727
727
719
727
727
727
726
727
727
727
725
727
723
725
725
729
726
726
727
727
725
727
727
733
727
731
727
726
726
727
729
727
723
727
723
719
727
727
726
727
719
721
727
725
727
725
723
727
727
726
727
725
726
726
727
726
727
727
726
729
729
726
727
729
725
726
727
731
726
727
727
727
727
730
727
726
729
727
727
727
729
727
727
735
727
727
729
729
726
727
727
727
726
727
726
723
727
727
727
727
727
726
727
726
726
727
725
727
726
726
727
730
726
727
726
726
727
727
721
726
726
727
726
721
727
725
726
727
726
729
727
725
725
726
729
725
729
726
733
729
725
727
727
731
726
733
726
727
727
727
726
727
727
729
725
731
727
727
726
721
726
727
726
727
727
727
727
729
726
727
727
726
726
729
729
725
725
726
727
727
725
726
727
721
727
731
726
727
719
727
727
726
727
731
727
725
727
731
729
723
726
737
725
731
726
725
727
727
727
727
731
725
726
731
730
731
731
727
721
731
727
719
727
723
727
726
721
727
727
733
727
726
727
727
727
735
727
727
723
727
727
727
729
725
727
727
727
727
725
727
725
723
726
731
719
719
726
723
721
726
725
727
727
726
726
731
726
726
726
733
729
729
726
725
727
726
727
723
725
726
727
729
727
726
731
725
726
727
725
727
725
726
727
727
723
733
723
731
731
723
727
727
723
727
723
719
726
727
726
723
725
726
731
727
726
727
727
729
727
730
733
726
727
725
730
726
726
729
730
723
722
714
726
722
738
726
718
722
718
730
726
726
714
718
730
718
722
726
726
734
702
718
718
718
722
722
730
731
727
726
726
731
727
729
725
726
731
726
727
731
726
726
726
727
723
726
727
729
725
726
726
727
727
723
727
731
727
727
726
733
731
723
726
723
727
729
726
725
723
725
727
727
727
727
726
725
723
727
726
726
721
717
726
726
727
729
726
726
727
726
722
727
723
726
727
729
726
727
731
721
727
726
731
726
727
725
727
726
721
727
719
723
723
726
719
725
726
723
726
726
727
723
726
727
726
727
730
725
727
726
726
725
719
726
725
727
723
726
726
726
725
726
725
723
726
726
731
721
727
726
727
726
727
727
721
727
727
727
727
726
727
727
725
726
726
726
727
726
717
726
726
731
727
723
725
730
727
727
726
727
726
726
727
726
726
725
721
726
730
727
725
727
727
723
726
726
727
725
723
726
727
727
727
725
727
726
727
727
726
726
726
731
721
727
726
727
727
727
731
726
727
727
727
723
737
727
727
727
726
725
726
725
725
731
727
725
727
727
727
727
723
731
731
727
727
726
725
727
725
725
727
731
731
727
733
726
727
727
727
731
727
721
723
723
726
731
726
727
727
727
727
727
727
727
731
726
727
731
727
726
727
727
726
725
731
725
729
719
731
729
731
727
723
725
723
726
727
727
726
725
726
727
725
723
726
729
726
729
727
726
726
727
727
725
727
727
731
721
727
725
727
722
730
726
727
727
727
729
719
726
727
727
727
731
725
727
726
727
731
727
729
727
727
729
727
725
726
726
725
727
723
729
726
726
723
727
726
727
725
725
727
731
725
727
731
726
726
727
723
722
723
726
725
731
733
726
723
727
727
727
723
727
730
726
726
727
727
727
729
729
727
729
725
731
723
726
725
727
727
723
727
727
213
467
0
251
813
193
