619
625
626
619
619
619
622
463
626
462
622
626
622
626
619
627
629
467
626
463
629
627
623
623
626
463
627
623
619
619
623
623
626
623
627
463
619
619
619
622
629
619
625
462
630
623
619
463
627
463
623
467
625
462
625
623
622
622
623
625
629
626
623
462
622
619
627
463
619
622
622
619
619
467
625
463
630
627
619
467
623
622
621
623
623
619
619
626
619
629
621
627
627
467
625
463
627
622
625
462
619
471
623
467
623
465
621
619
623
622
623
619
625
623
618
623
623
619
622
619
623
463
629
630
619
462
623
466
619
626
618
463
623
623
627
622
626
623
627
470
622
622
626
619
621
619
619
463
619
467
622
466
630
469
627
467
619
467
622
462
630
463
621
473
619
463
623
626
619
463
622
627
627
467
627
622
623
623
622
622
623
625
623
627
623
622
619
467
630
466
623
462
623
622
625
619
627
465
626
467
619
462
627
633
623
619
619
623
623
622
627
462
623
626
621
471
626
471
627
622
619
623
627
619
633
623
625
461
627
462
627
469
629
627
623
619
619
627
627
463
622
623
629
467
619
471
625
466
629
626
622
618
629
623
622
623
618
623
623
469
619
622
627
463
619
623
619
623
619
623
622
463
618
621
619
623
619
466
623
462
619
619
622
619
625
462
625
619
627
627
622
467
619
623
623
462
627
623
623
619
619
623
622
467
623
619
619
619
622
471
619
621
619
622
627
627
623
619
625
467
619
619
619
463
623
623
618
473
623
619
623
622
618
619
623
469
627
462
626
625
623
621
627
619
622
625
622
463
621
622
619
463
619
463
619
619
619
626
627
619
627
623
623
623
623
626
619
463
623
625
623
626
627
625
619
462
623
627
623
623
619
467
622
466
622
627
623
622
619
629
629
619
619
619
629
629
623
629
623
463
619
630
626
623
627
619
627
471
623
463
625
627
622
622
623
462
619
467
622
461
627
463
622
471
627
622
627
623
623
627
629
622
627
467
623
467
619
462
625
463
627
462
627
471
627
463
615
471
623
630
622
463
623
623
623
626
619
630
625
623
622
623
623
467
623
622
619
462
619
463
623
463
619
623
619
469
627
627
623
625
623
462
627
619
619
623
619
623
629
622
618
622
619
469
619
619
626
627
622
627
629
627
623
463
627
619
619
619
622
467
622
619
623
619
626
622
626
629
619
627
622
619
619
619
623
629
622
623
619
619
622
619
623
625
623
622
623
619
619
621
627
619
622
627
619
627
627
623
619
619
618
626
619
625
622
623
623
619
625
623
619
619
619
618
619
623
623
619
623
630
619
619
619
619
621
619
622
623
619
629
623
627
619
623
622
619
627
619
619
619
618
623
626
619
631
627
629
622
623
618
619
619
627
625
622
619
623
623
629
621
625
618
623
626
622
634
627
626
622
618
622
626
642
622
614
622
622
614
614
622
622
614
610
614
618
622
626
618
614
614
618
614
610
625
622
621
623
631
627
623
619
623
631
622
622
623
618
618
623
626
621
619
619
622
629
618
619
627
627
623
623
618
619
629
626
623
623
623
619
619
619
619
619
626
619
633
619
619
619
622
622
627
619
623
619
619
623
627
627
629
619
622
622
619
623
625
623
625
625
619
622
619
622
619
629
627
625
621
621
619
623
619
619
623
627
627
619
619
615
623
619
623
619
627
622
623
623
629
623
623
619
622
623
625
623
619
619
625
621
626
623
623
623
619
622
619
623
629
627
626
626
623
619
619
621
619
623
626
619
622
623
619
626
626
622
623
623
619
619
627
617
619
619
623
622
619
619
623
619
619
629
623
619
622
630
623
619
623
619
627
622
619
623
623
626
629
626
622
619
630
623
619
623
623
625
623
623
619
625
619
619
625
623
623
623
626
623
619
619
630
627
629
626
619
622
629
623
615
627
619
622
619
619
622
619
625
626
622
623
619
622
619
629
623
627
623
619
627
626
626
622
623
627
626
626
619
618
619
626
619
630
623
622
630
622
623
623
626
623
619
627
619
619
627
626
626
622
629
625
623
623
623
627
619
619
629
625
622
619
630
619
623
619
623
623
625
622
626
627
627
623
627
623
626
619
623
622
623
623
626
629
626
626
623
631
623
626
619
619
627
627
619
629
623
627
622
621
623
623
625
623
629
623
623
627
619
625
623
626
623
618
623
623
622
626
622
627
629
625
623
619
629
623
627
623
622
623
626
626
619
623
619
622
618
622
619
623
622
627
623
622
625
625
627
619
627
627
631
619
623
626
623
625
627
626
625
622
625
626
623
622
623
625
623
623
623
623
619
618
623
626
625
623
622
619
623
623
622
915
114
0
721
2007
539
