1039
1043
1039
779
1043
1035
1043
1043
1043
1038
1043
1043
1043
1039
1043
1047
1039
1043
1043
783
1043
1043
1043
1039
1035
1047
1043
1039
1043
1043
1043
1042
1035
1043
1043
1043
1035
1039
1031
1039
1043
1043
1043
1035
1043
1035
1043
1043
1038
1039
1043
1039
1043
1043
1035
1031
1039
779
1043
1043
1043
1043
1043
1043
1039
1043
1039
1035
1035
1043
1043
783
1031
1035
1043
1035
1043
1043
1043
1047
1043
1035
1043
1039
1035
1043
1047
783
1043
1043
1042
1039
1043
1039
1043
1039
1039
783
1031
779
1039
1043
1039
1039
1043
783
1043
1043
1043
1043
1043
1043
1043
1043
1043
783
1039
1043
1043
1042
1043
1039
1043
779
1043
1043
1039
783
1043
1043
1043
1043
1043
1039
1035
1043
1043
1047
1043
1039
1039
1043
1039
1039
1043
1039
1043
1039
1043
1043
1039
1035
1043
1043
1043
1043
1039
1043
1043
1043
1043
1043
1043
1043
1039
1047
1039
783
1039
1043
1043
1039
1031
1031
1039
783
1043
783
1038
787
1035
783
1042
786
1043
783
1031
1039
1043
1043
1043
1043
1043
1043
1043
1035
1043
1039
1043
1043
1035
1047
1043
1043
1043
779
1039
1035
1039
783
1043
1042
1043
783
1043
1043
1043
1043
1043
1043
1043
1043
1039
1043
1038
1039
1043
1043
1043
1043
1043
1047
1043
1039
1043
1043
1039
1039
1039
779
1035
1035
1043
1043
1043
1039
1043
775
1039
1039
1035
1039
1043
1035
1039
1039
1043
783
1043
1043
1043
1043
1043
783
1039
1035
1047
1043
1047
783
1043
1043
1043
779
1038
1043
1039
783
1039
1039
1043
1039
1043
1043
1043
1043
1043
1043
1043
1043
1043
783
1043
783
1043
783
1035
1043
1031
1043
1043
1043
1035
1043
1039
1039
1043
1043
1039
1039
1043
1039
1043
775
1039
1043
1047
1039
1039
783
1043
1043
1043
783
1043
1039
1043
1035
1031
1043
1039
1043
1043
1043
1043
1039
1047
1043
1043
1047
1039
1043
1039
1039
1043
1035
1043
1043
1043
1039
1035
1031
1043
1043
1039
1047
1035
1043
1043
1043
1043
1039
1035
1039
1047
1039
1039
1043
1043
1039
1043
1043
1043
1035
1043
1039
1035
1043
1043
1039
1047
1039
1042
1043
1043
783
1039
1043
1043
1043
1039
1039
1043
1047
1039
1043
1043
1043
1035
775
1043
1043
1043
783
1043
783
1042
1035
1043
1043
1031
783
1039
1043
1035
1039
1039
1043
1043
1043
1043
1043
1043
779
1043
1039
1043
1043
1039
783
1043
1043
1043
1043
1047
1039
1043
1039
1035
779
1043
1043
1043
1035
1043
779
1043
1035
1039
1043
1043
1043
1043
1035
1043
787
1047
1043
1043
1043
1043
1035
1039
1047
1043
1047
1039
1039
1043
1035
1043
779
1035
1043
1043
1042
1047
1035
1043
1043
1043
1043
1047
787
1043
1043
1035
1043
1039
1035
1043
1043
1043
1039
1042
779
1035
1043
1042
1043
1047
1043
1047
1039
1043
1039
1043
1039
1039
1043
1043
1039
1043
1039
1043
1039
1043
1039
1043
1043
1043
1035
1038
1043
1043
1035
1031
1039
1039
1043
1043
1043
1043
1043
1039
1038
1039
1043
1043
1043
1043
1035
1039
1039
1043
1047
1035
1039
1043
1031
1042
1043
1035
1043
1043
1043
1035
1043
1042
1039
1039
1031
1039
1043
1039
1039
1039
1043
1043
1043
1039
1043
1039
1043
1043
1043
1043
1043
1043
1043
1039
1043
1035
1039
1039
1043
1047
1038
1031
1043
1035
1043
1035
1043
1035
1043
1043
1043
1042
1043
1043
1039
1035
1035
1039
1043
1043
1043
1043
1047
1039
1039
1043
1043
1043
679
911
931
931
927
923
915
939
931
919
923
927
931
923
923
935
927
919
931
931
939
939
923
931
931
1575
1035
1039
1043
1043
1039
1039
1039
1039
1043
1043
1043
1043
1043
1039
1039
1043
1035
1039
1035
1043
1035
1039
1043
1035
1039
1035
1043
1043
1043
1042
1035
1039
1039
1039
1039
1039
1039
1043
1043
1039
1035
1043
1043
1043
1039
1043
1039
1043
1039
1043
1039
1039
1043
1035
1039
1047
1043
1039
1043
1039
1039
1043
1039
1043
1039
1039
1043
1043
1039
1043
1043
1039
1043
1043
1043
1039
1043
1043
1043
1043
1043
1043
1039
1039
1043
1047
1035
1043
1043
1039
1035
1039
1039
1043
1043
1039
1043
1043
1039
1043
1043
1047
1043
1043
1043
1047
1043
1043
1043
1039
1039
1039
1043
1043
1043
1039
1039
1039
1043
1043
1043
1035
1043
1043
1039
1043
1039
1039
1043
1035
1043
1043
1039
1043
1043
1043
1043
1039
1047
1043
1039
1043
1039
1043
1043
1043
1039
1043
1035
1043
1043
1031
1043
1047
1043
1043
1035
1043
1043
1039
1043
1043
1043
1039
1043
1043
1043
1043
1043
1043
1043
1039
1043
1039
1043
1043
1043
1031
1043
1039
1043
1043
1043
1043
1043
1043
1043
1043
1043
1039
1038
1047
1043
1043
1043
1043
1043
1039
1043
1047
1043
1043
1043
1043
1043
1035
1043
1043
1043
1043
1043
1047
1046
1042
1039
1031
1039
1039
1039
1043
1043
1043
1039
1043
1043
1035
1043
1039
1043
1035
1035
1043
1039
1039
1043
1043
1043
1043
1043
1043
1035
1039
1043
1043
1043
1035
1035
1031
1035
1047
1043
1039
1039
1043
1043
1039
1043
1043
1035
1043
1047
1043
1043
1038
1039
1035
1039
1039
1039
1043
1043
1043
1043
1043
1043
1043
1043
1043
1043
1039
1043
1039
1043
1039
1043
1043
1043
1043
1043
1043
1043
1043
1043
1043
1043
1039
1047
1035
1039
1039
1043
1035
1043
1043
1043
1043
1043
1039
1043
1043
1035
1043
1035
1043
1043
1043
1039
1043
1043
1043
1039
1043
1043
1043
1043
1043
1043
1039
1043
1035
1039
1039
1043
1043
1043
1043
1043
1043
1047
1043
1039
1043
1043
1043
1035
1043
1038
1043
1039
1043
1043
1043
1043
1039
1039
1043
1043
1039
1043
1043
1043
1043
1035
1043
1043
1039
1035
1043
1039
1043
1043
1043
1047
1039
1043
1038
1039
0
475
371
1519
2035
627
