386
385
383
378
385
378
389
383
379
383
383
383
383
389
383
389
389
383
386
389
390
388
389
389
387
2167
383
379
383
389
389
304
389
382
382
379
389
389
389
384
387
207
382
389
386
375
388
302
382
383
383
389
383
389
375
387
389
207
389
387
391
389
389
389
382
383
389
379
388
389
389
375
383
390
389
390
389
382
389
209
379
306
389
388
389
305
382
389
387
389
383
383
389
382
387
389
379
389
387
207
388
389
387
2189
389
386
382
385
389
389
388
389
379
386
382
383
388
387
387
390
383
385
389
303
383
387
389
2277
382
390
388
305
387
386
382
2152
379
385
383
391
388
207
389
2149
383
391
383
299
383
379
375
390
386
390
389
388
386
389
389
379
387
379
383
390
389
389
383
379
385
389
388
389
386
386
387
382
389
389
389
299
387
386
388
387
389
378
383
305
379
386
390
382
379
379
381
389
387
389
382
386
387
386
389
388
379
206
387
388
387
390
390
2146
389
388
387
379
382
387
389
386
387
387
386
388
383
383
389
379
379
389
386
383
389
387
387
389
382
386
382
382
387
379
383
382
382
383
378
2161
391
389
379
387
379
374
389
303
379
383
382
389
389
389
382
387
389
388
383
382
383
390
389
385
389
389
383
388
389
388
389
383
389
379
379
392
382
389
389
303
387
386
383
389
389
2203
379
383
379
383
382
379
387
387
389
303
389
304
382
385
389
386
383
382
387
385
379
389
385
379
389
379
383
2147
388
385
383
387
387
386
388
206
389
387
379
382
389
382
389
389
385
379
389
385
390
206
389
306
379
379
386
385
383
387
382
386
389
386
382
389
382
379
387
389
379
385
383
389
382
388
385
379
382
390
379
391
389
378
383
383
387
386
379
386
382
387
387
385
389
382
382
379
378
383
387
383
386
385
383
388
386
390
389
387
379
386
389
383
389
391
389
386
389
385
389
382
383
382
386
386
383
386
383
387
387
305
385
387
388
299
387
389
386
387
382
2173
388
305
383
383
387
2206
387
387
387
386
387
389
389
388
389
387
382
385
382
389
381
387
386
386
382
391
389
389
383
382
386
207
389
389
385
379
383
385
387
387
382
387
385
389
389
389
391
383
379
298
385
386
381
389
389
385
387
382
385
299
388
305
389
386
387
383
388
389
390
384
389
382
389
382
387
387
389
388
382
388
383
389
389
382
383
383
390
383
389
383
389
386
383
389
382
389
379
383
387
389
388
387
382
385
383
385
389
383
388
383
389
387
382
379
388
387
387
387
387
390
378
383
387
387
382
386
378
387
379
382
390
382
379
375
383
386
383
383
388
379
379
379
387
387
383
385
389
388
386
382
382
382
383
379
388
387
389
386
389
387
385
387
375
379
389
389
389
389
383
387
386
383
383
382
391
388
383
386
387
387
387
382
382
382
387
386
382
387
387
387
388
390
391
390
391
387
387
386
389
389
389
383
383
385
389
384
386
391
387
388
383
379
388
389
385
390
383
379
385
389
387
389
387
389
388
383
382
387
382
390
379
389
379
390
389
383
389
383
386
379
386
381
386
389
388
387
383
380
390
383
383
386
388
383
381
389
388
389
379
388
391
387
391
390
387
383
388
386
389
383
379
388
389
379
383
383
387
388
388
379
389
388
387
386
383
387
382
386
391
387
383
386
385
383
387
383
390
390
391
382
386
389
379
387
388
386
389
379
383
389
385
387
389
383
387
390
383
378
379
387
383
387
389
383
383
383
391
383
382
382
383
389
385
387
389
387
387
387
385
387
390
383
387
390
391
388
386
387
389
383
382
387
386
382
387
389
389
389
389
383
389
385
383
383
385
389
389
382
389
379
391
387
379
382
387
389
389
389
383
382
389
389
387
390
382
379
389
389
382
387
391
390
382
387
387
387
383
387
382
389
379
385
389
383
388
383
383
389
385
383
391
391
383
379
386
383
383
386
385
383
385
385
387
387
379
388
386
388
386
389
388
390
383
383
383
389
378
383
386
382
379
389
387
389
389
386
387
385
387
387
386
383
386
386
391
383
382
382
385
390
387
388
389
383
382
386
383
386
386
389
389
387
389
386
382
383
388
386
387
390
389
383
379
389
387
387
379
383
389
378
386
387
383
387
387
389
387
389
379
383
386
387
387
383
379
387
387
382
389
387
387
383
387
383
383
388
389
382
385
387
379
387
382
378
385
379
389
379
387
383
387
379
387
389
391
386
383
379
379
386
383
382
385
389
387
375
387
387
386
379
386
382
382
389
383
388
388
383
389
387
383
389
389
383
387
379
389
388
385
378
389
387
383
383
383
387
387
383
383
389
379
379
382
383
779
638
374
657
1925
246
