242
243
239
234
239
243
239
2121
241
2131
238
239
243
241
234
242
241
2173
243
2162
243
238
243
2195
242
123
243
2231
238
243
241
2149
241
121
239
2123
243
238
238
234
239
123
238
235
243
235
239
241
242
243
238
2123
243
178
235
2166
239
241
234
242
239
239
242
234
239
2155
242
2198
238
183
243
119
237
239
238
2119
239
2153
239
2151
238
234
243
2126
243
2135
241
123
242
241
237
2217
238
2131
238
2151
238
242
239
2147
242
235
243
239
235
243
243
237
239
2226
242
235
239
242
243
2119
243
238
239
239
235
123
237
2159
243
238
239
2197
237
2145
243
238
238
238
239
239
245
122
243
238
241
242
239
2167
243
243
238
242
241
2158
241
243
237
2187
241
239
235
122
238
237
238
2165
238
237
234
2181
237
238
238
2142
239
183
239
2199
239
239
241
2202
242
121
242
122
243
238
239
241
243
235
237
238
235
243
241
2278
235
2117
239
242
241
242
237
239
235
243
243
235
238
241
243
2150
238
2126
243
178
235
242
242
2137
241
241
243
123
243
2235
239
119
241
181
241
183
237
235
241
239
235
2173
235
241
235
2249
238
178
238
243
241
245
239
238
243
242
237
241
243
242
241
2151
234
2147
237
123
237
234
237
2163
242
2167
235
239
243
235
241
237
239
242
241
241
243
242
239
2123
238
2203
241
245
235
121
239
242
237
2139
238
243
243
239
238
239
243
243
239
2111
234
241
237
2235
243
2219
238
183
241
2222
239
119
239
175
235
2141
234
239
239
2109
235
2198
242
2175
235
2167
239
121
243
2121
234
2146
239
2271
241
125
235
2158
243
2114
242
245
239
2121
237
2139
241
119
238
243
2138
239
241
183
239
235
243
2123
234
2179
239
243
238
242
242
241
238
121
239
239
241
243
241
243
234
2142
238
234
239
234
241
123
243
2205
241
2181
239
239
239
241
241
245
239
239
243
2110
243
2191
235
235
239
183
241
241
235
242
238
123
239
238
239
241
242
122
243
2127
239
243
123
2153
239
2115
238
238
241
118
241
2111
241
2153
239
238
241
2155
241
242
242
241
243
235
242
2134
243
242
245
2231
239
2125
238
242
235
2159
245
241
239
2113
239
2277
239
2230
241
243
243
2170
239
122
239
243
246
2169
243
2219
238
2206
241
2110
239
241
241
2115
243
118
235
2181
234
243
241
239
237
241
238
2109
239
237
238
125
239
243
242
239
235
242
242
2111
239
242
234
235
243
239
241
239
237
239
241
239
241
238
241
242
239
241
241
241
238
234
235
241
238
239
243
239
234
234
243
234
238
242
235
243
237
237
243
239
239
241
235
239
238
235
241
239
241
239
237
241
238
243
237
239
239
235
239
242
242
234
238
242
235
243
239
237
234
238
235
241
239
235
239
235
234
239
243
235
237
239
235
234
243
239
241
235
234
243
238
243
234
238
239
237
243
239
238
241
238
243
239
238
235
239
243
239
231
238
239
234
235
237
241
239
243
238
242
241
241
239
243
237
242
241
235
235
235
238
243
235
245
247
241
243
233
237
237
241
241
245
237
239
237
237
241
234
238
238
247
239
234
241
242
238
243
239
237
241
235
239
239
239
241
241
235
246
239
239
235
234
238
241
243
237
241
238
241
239
237
239
234
238
241
239
239
242
241
243
231
241
239
235
233
241
243
239
243
234
237
234
239
241
239
234
239
239
235
241
235
237
239
237
239
235
238
239
235
234
235
235
243
242
243
238
239
237
235
243
243
235
234
239
243
239
239
234
239
241
239
241
237
239
239
241
243
235
243
237
234
241
237
242
238
241
237
235
234
241
235
238
242
243
239
234
243
242
239
241
238
235
242
242
241
237
237
239
241
242
241
243
238
241
235
239
243
243
239
238
239
238
241
243
241
241
235
242
235
241
241
241
238
234
237
243
243
235
237
243
235
243
241
237
242
237
237
234
243
234
241
237
242
243
237
234
237
243
241
243
238
237
243
243
235
235
238
235
241
238
241
239
237
237
239
239
239
243
239
241
237
239
243
237
242
241
239
243
241
243
243
239
239
239
238
239
242
239
243
237
235
245
237
235
241
239
239
238
235
239
235
237
238
235
242
243
243
235
245
235
239
235
241
241
239
235
239
243
237
239
238
239
234
242
239
241
235
235
243
235
239
243
239
237
238
239
245
237
238
238
243
239
239
243
235
243
242
235
235
241
234
239
238
235
242
237
243
239
238
239
239
243
235
234
239
241
235
241
243
235
239
238
238
243
238
239
242
238
235
243
243
239
238
234
238
235
238
235
242
243
239
238
241
238
239
238
237
235
235
243
235
239
239
243
243
239
235
239
235
241
241
239
238
235
239
239
241
238
238
243
235
235
235
243
235
234
239
243
239
237
238
235
235
238
26
185
1
481
485
867
