385
384
385
2151
390
383
386
385
391
385
383
383
387
394
383
385
385
387
387
294
387
390
385
296
394
386
395
2151
385
385
386
2182
385
395
387
383
387
383
386
302
385
395
385
383
383
383
385
383
385
297
387
383
385
385
383
386
394
390
394
398
383
203
383
383
390
385
384
385
387
389
387
2182
390
395
385
387
386
384
394
383
383
384
385
203
383
390
384
2231
385
389
390
386
395
383
391
295
391
386
385
383
381
385
386
206
386
385
383
385
385
390
383
389
385
383
383
383
383
383
386
383
390
384
390
391
387
387
383
387
387
297
385
385
386
390
386
383
383
385
394
2159
387
383
385
386
385
383
387
383
383
390
391
394
386
383
383
386
385
391
383
383
383
385
382
386
386
203
387
2202
387
385
385
387
391
383
386
2165
395
384
383
384
385
384
386
386
383
383
391
383
390
389
385
385
386
390
383
391
394
385
385
391
383
387
386
390
385
391
390
385
394
385
390
386
390
384
383
384
383
295
385
386
386
387
390
383
390
383
383
383
385
385
383
383
383
385
391
387
387
384
386
383
390
393
384
383
391
383
387
385
385
390
387
206
390
383
383
391
385
387
383
389
387
383
383
385
385
387
383
203
385
390
383
383
387
297
384
390
385
390
387
387
383
386
383
383
386
383
390
386
385
384
385
2145
391
385
387
384
379
386
385
383
383
384
383
385
386
384
390
383
383
390
385
384
383
390
384
386
383
391
387
385
385
386
386
390
385
385
385
385
383
385
390
390
382
394
385
205
391
2156
391
385
384
385
383
390
390
391
385
2143
385
384
385
383
383
385
385
203
383
385
383
389
391
385
383
394
387
389
385
386
385
385
383
389
385
386
385
391
383
383
387
387
384
389
391
390
383
379
386
385
391
383
387
383
390
391
387
384
385
2154
387
385
384
390
395
2153
385
391
386
298
385
394
383
394
383
384
385
383
395
387
385
387
383
385
386
394
383
383
385
390
383
210
384
383
383
386
394
395
385
210
386
210
387
395
385
383
385
384
383
390
386
382
385
385
385
387
383
385
383
383
391
383
390
394
385
386
390
384
385
382
391
385
384
383
386
383
386
2206
395
385
383
383
383
383
390
379
391
389
386
382
386
385
384
385
383
385
390
386
385
385
387
385
390
391
386
385
383
302
385
383
394
391
384
391
383
386
387
385
385
385
385
385
395
390
391
383
385
386
383
383
390
383
391
390
391
385
395
389
390
383
394
385
385
390
385
389
384
389
387
383
390
385
383
391
386
384
386
389
383
383
386
387
382
394
385
385
384
395
387
391
386
385
385
385
394
385
379
386
383
385
391
383
385
386
390
387
385
383
382
383
386
383
383
383
385
383
383
385
387
390
383
385
394
383
390
379
385
386
390
385
383
387
386
385
385
387
386
387
377
378
390
370
394
398
390
386
378
378
370
382
378
382
378
366
374
394
382
382
362
374
386
382
358
385
388
385
385
390
385
383
385
385
389
383
383
382
386
387
384
385
395
386
386
383
383
386
383
391
385
383
387
387
388
385
383
385
384
385
387
377
378
387
383
385
383
383
386
390
387
387
387
386
383
385
386
383
383
383
390
382
387
387
390
383
383
383
385
383
383
383
386
385
385
385
391
383
387
385
384
386
385
383
385
387
383
385
384
385
383
384
384
387
385
386
386
385
390
379
387
391
391
390
383
383
383
383
383
383
383
385
386
390
387
385
383
385
385
386
383
383
383
379
390
385
385
379
379
383
385
383
386
384
390
383
383
385
383
384
385
385
385
383
387
382
385
385
395
383
383
384
390
385
394
383
389
384
391
384
383
385
387
383
387
383
383
395
386
387
385
383
382
391
386
383
385
391
387
383
385
387
385
385
383
386
383
391
387
386
386
385
394
387
385
391
383
390
386
385
383
385
387
384
391
383
391
384
394
386
383
387
383
395
381
385
390
385
391
385
386
391
385
386
391
383
383
390
383
386
385
385
387
383
383
385
383
385
394
383
390
383
394
390
386
385
395
391
387
391
386
390
390
383
387
395
386
386
385
385
385
383
386
386
391
386
387
382
390
394
390
385
385
383
386
385
389
385
385
391
385
383
389
385
385
385
390
385
383
384
391
385
391
383
383
387
391
383
391
390
390
383
386
385
391
383
390
391
383
384
386
383
385
386
383
385
385
387
394
385
387
386
390
390
386
386
385
385
391
391
386
386
383
394
386
383
385
391
390
395
391
390
385
385
385
391
383
385
383
387
390
390
391
391
385
387
383
384
385
390
383
384
391
390
383
384
383
385
383
383
391
385
385
394
386
387
383
383
385
391
385
383
0
135
404
111
826
1089
