547
545
549
545
544
545
547
548
545
545
544
547
545
551
547
547
551
546
547
543
546
547
544
543
545
546
547
545
545
544
547
545
547
544
552
546
542
551
546
547
546
546
545
545
547
546
547
546
546
546
545
547
543
544
545
545
546
545
546
545
551
544
543
547
547
546
544
547
546
547
551
546
552
544
545
545
544
547
546
545
546
546
545
550
544
544
547
546
547
550
547
544
546
546
545
551
543
548
547
544
546
545
544
545
544
546
545
545
547
547
545
546
551
547
543
547
546
545
548
547
545
546
543
545
545
546
545
544
543
550
545
551
545
547
545
551
545
546
545
547
545
550
546
544
546
544
547
545
547
551
547
546
545
544
550
550
545
545
546
545
550
546
545
547
543
546
546
551
546
546
547
548
546
545
547
545
545
544
546
545
546
545
544
546
543
545
546
546
547
543
543
546
543
546
547
547
546
551
547
546
547
547
545
545
546
544
545
547
545
547
547
547
548
546
546
545
547
552
544
544
543
545
545
546
545
551
547
547
547
545
545
545
547
547
545
547
545
546
545
545
546
542
546
546
546
545
555
545
544
546
547
547
545
546
543
544
545
546
548
546
545
547
545
545
547
548
545
546
543
547
547
546
544
546
547
545
547
545
547
545
548
543
544
545
547
551
546
545
543
547
546
546
545
547
546
547
545
546
547
545
545
548
544
544
547
546
547
546
546
551
546
550
546
545
545
545
548
547
544
546
542
543
545
546
545
546
543
543
547
544
545
544
540
547
547
545
547
544
546
545
547
544
546
547
545
549
548
544
546
547
545
545
546
550
545
546
546
546
546
548
546
544
551
545
551
547
551
547
547
552
546
547
548
548
545
546
546
546
546
546
545
542
545
546
547
546
546
545
547
545
545
547
544
545
546
545
547
544
545
546
546
546
547
547
543
545
545
547
545
543
546
545
545
546
545
548
547
547
544
546
548
544
548
546
548
549
545
546
546
551
546
553
545
546
547
547
546
547
547
548
544
551
546
547
545
540
546
547
545
546
546
546
547
548
545
546
545
545
544
551
548
545
544
545
546
546
544
545
547
543
546
548
545
546
543
547
546
546
546
551
546
544
547
550
548
543
545
552
545
551
545
544
547
547
547
545
551
544
544
551
548
550
551
546
543
550
546
543
546
547
547
545
543
546
546
551
546
545
546
546
551
555
547
547
543
548
546
546
549
543
546
547
546
546
544
548
544
543
545
551
543
543
544
542
543
545
545
546
546
544
545
551
546
546
546
551
548
549
545
547
545
545
546
542
547
545
547
547
545
546
551
544
544
545
545
547
547
545
547
548
547
548
543
551
549
542
545
546
543
547
543
543
545
547
546
545
544
545
551
545
545
546
545
549
548
549
551
544
546
545
548
544
544
549
549
547
547
547
547
547
547
547
547
547
547
547
547
547
547
547
547
547
547
547
547
547
547
547
547
547
547
539
548
552
548
545
544
549
547
548
547
546
550
544
547
551
545
546
546
546
542
547
545
548
545
546
544
545
546
540
547
551
546
546
544
552
550
543
546
543
547
547
545
544
543
545
545
545
545
547
544
544
543
547
545
546
543
539
545
545
546
547
544
544
547
545
543
545
543
544
545
548
546
545
551
543
545
544
550
546
546
545
547
545
543
546
543
544
547
545
543
545
545
543
545
544
546
547
545
546
545
546
549
547
545
544
545
544
538
545
547
548
543
545
545
545
543
545
544
543
544
544
551
543
546
545
546
545
547
547
543
547
547
546
546
545
546
545
544
545
544
545
547
545
539
545
545
551
545
547
545
548
545
547
545
551
545
544
546
545
545
547
543
544
548
546
544
546
546
543
545
545
546
544
542
544
546
546
546
545
547
545
546
547
544
544
544
551
543
546
545
547
546
546
550
545
547
546
547
547
552
547
547
546
545
544
545
545
544
550
546
544
547
547
547
546
547
551
551
546
547
545
545
546
547
543
547
551
550
545
552
546
547
546
546
551
546
543
547
547
545
550
544
546
546
546
545
547
546
547
551
544
546
550
546
545
546
547
545
544
552
547
548
543
550
548
551
545
547
547
543
546
546
546
545
544
545
546
544
543
545
548
545
548
546
545
545
546
545
544
546
546
550
540
546
547
546
543
549
545
546
546
546
551
543
545
546
547
551
551
544
546
545
546
551
546
548
548
547
548
545
544
546
545
544
547
547
548
544
545
542
547
546
547
544
545
546
550
547
546
550
545
546
547
547
543
546
545
545
550
552
545
542
546
547
546
543
546
551
545
545
547
546
547
551
548
546
551
544
551
543
545
544
546
545
543
551
547
162
351
0
190
609
144
