171
2259
175
2187
175
2171
175
2199
175
175
175
175
171
115
171
2155
175
2287
175
171
175
2211
175
175
175
2159
179
2155
179
179
175
2151
175
2267
175
2147
175
2147
163
175
175
2163
179
175
171
2131
171
2123
179
119
175
2183
179
2191
175
2167
175
175
175
119
175
2167
175
2191
175
2183
175
2199
179
175
175
2267
179
2159
175
2235
175
2139
175
2303
171
175
175
2167
175
175
171
2115
175
2199
175
2159
175
2219
175
2227
175
2235
175
2231
175
175
175
175
175
2163
171
175
179
175
175
175
175
2255
2103
2303
175
119
175
2195
175
2223
175
2143
175
175
171
2191
211
2147
175
2127
171
2199
171
2195
179
2147
175
2183
175
2203
179
2219
175
119
175
2123
175
175
171
175
179
2143
175
2243
175
2255
179
171
2111
2339
175
2155
175
175
175
2243
175
2219
175
179
175
179
179
2175
175
175
175
2187
175
119
175
2211
175
2227
171
171
171
175
175
2211
179
179
175
2227
175
2123
175
2191
175
2195
179
2239
175
2135
175
2139
179
2123
175
2179
179
2147
175
2203
175
2107
175
2167
183
2151
179
2167
175
2143
179
175
175
2299
175
2135
175
171
179
175
171
2167
175
2115
175
2283
175
2191
175
2231
175
2119
175
2107
171
115
179
2195
175
2311
179
2255
179
2211
171
179
175
2111
179
2163
179
171
175
2219
175
2179
171
179
175
2251
175
2331
175
183
171
2135
175
175
171
2159
175
2119
175
2203
175
175
179
2159
175
2207
175
175
175
119
175
2207
175
2311
175
171
119
2351
2011
2315
175
2263
283
2271
175
2159
175
2115
175
2151
175
2251
171
175
175
2167
175
2199
175
2235
175
2211
175
2171
175
2287
175
2167
175
2219
175
175
175
2167
179
175
179
119
175
175
175
2299
175
2159
175
2267
175
175
179
2211
175
119
179
2195
175
2179
175
2111
171
2263
179
2291
175
179
179
2207
175
2147
179
179
175
2107
175
2211
175
2211
175
2167
171
175
175
2135
175
2103
171
2263
175
2115
175
2127
175
2287
179
175
175
175
171
2211
171
2151
175
175
175
2183
175
2111
175
2175
175
2291
175
2219
175
2235
2099
2239
175
2187
171
2111
179
171
119
2315
175
2171
175
2127
175
2311
179
2231
179
2271
175
2111
175
2139
175
2187
175
2171
175
175
175
2143
175
2267
179
2223
179
2195
171
2207
171
2183
175
2151
175
2247
175
2159
179
175
179
179
171
2227
175
2303
179
2411
175
2219
175
2159
175
2219
179
2263
175
2115
175
2123
175
175
175
175
175
179
171
175
175
2227
175
2291
175
175
175
2119
175
171
175
175
179
175
175
175
179
175
175
175
175
179
175
175
175
175
179
175
175
175
175
175
175
179
175
175
175
175
175
171
179
179
175
179
175
175
175
175
175
175
175
175
171
171
175
171
175
179
179
175
175
171
179
175
179
175
175
175
179
175
175
175
175
179
175
175
179
171
175
175
175
175
175
175
2123
175
175
175
175
175
175
175
175
175
171
179
175
175
175
175
175
175
2291
175
175
171
179
175
175
179
179
175
171
175
175
171
175
175
175
175
175
179
175
179
175
179
179
179
175
175
175
175
179
175
175
175
179
175
179
175
175
175
171
179
175
175
175
179
175
175
175
175
2107
175
175
175
175
175
175
175
175
171
179
175
171
175
171
171
175
175
175
179
175
175
171
119
179
179
175
179
171
175
175
175
175
175
2115
175
175
175
175
175
175
175
175
175
175
175
171
179
175
175
175
119
175
175
175
175
179
171
175
175
179
175
175
175
179
171
175
171
179
175
175
175
179
175
179
183
179
175
179
175
175
175
175
179
171
175
175
175
175
179
179
175
175
175
175
175
175
175
175
175
175
175
175
175
171
179
179
175
175
175
175
179
179
175
175
175
175
179
175
175
179
175
175
175
175
175
179
2139
171
175
175
171
175
179
175
175
171
175
171
175
175
175
171
175
179
175
175
175
175
171
175
175
175
175
175
171
171
175
175
175
175
175
175
175
175
171
179
175
183
179
175
175
179
175
175
175
2111
175
175
175
175
171
175
175
175
175
175
175
179
179
171
171
179
175
175
179
171
171
179
175
175
171
179
171
171
171
175
175
175
175
175
179
175
175
175
175
175
171
171
175
175
175
183
175
175
171
175
175
179
171
171
179
179
171
175
175
175
175
175
179
175
175
175
175
179
175
175
175
179
175
175
175
175
179
175
175
179
179
175
175
171
179
175
175
179
175
175
171
179
179
175
175
175
175
179
179
175
2107
175
175
175
175
175
171
175
175
175
179
175
175
175
175
175
171
179
179
179
171
179
179
175
175
179
175
171
179
171
175
175
171
179
175
175
179
175
171
175
175
2127
175
175
171
171
175
175
179
179
179
175
175
175
175
179
175
175
175
2119
175
179
171
175
171
175
175
171
175
171
179
175
175
175
171
179
175
175
175
175
175
179
179
175
2111
175
175
331
219
367
0
1935
155
