462
467
471
463
463
463
467
307
471
307
467
467
467
471
463
471
471
310
471
307
471
470
467
467
471
307
471
466
463
463
467
467
467
466
471
307
463
463
463
467
471
463
471
307
471
467
462
307
471
307
467
310
467
307
467
467
467
467
467
467
471
471
467
307
467
463
470
307
463
467
467
463
463
310
467
307
471
471
463
310
466
467
467
466
466
463
463
471
463
471
463
471
471
311
467
307
471
467
466
307
463
314
467
310
467
307
463
463
467
467
467
463
467
467
463
466
466
463
467
463
467
307
471
471
463
307
466
311
463
467
463
307
466
467
471
467
467
466
470
311
467
467
471
463
467
463
463
307
463
310
467
307
471
311
471
311
463
310
467
307
471
307
467
315
463
307
467
467
463
307
467
470
470
311
471
467
467
467
467
467
467
467
467
471
466
467
463
310
471
311
467
307
467
467
467
463
471
307
467
310
463
307
470
474
466
463
463
466
466
467
471
307
467
467
463
315
467
314
471
467
463
467
471
463
475
467
467
307
471
307
471
310
471
470
467
463
463
470
471
307
467
467
471
310
463
314
467
311
471
471
467
463
471
467
467
466
463
467
466
311
463
467
471
307
463
467
463
466
463
467
467
307
463
463
463
467
463
311
467
307
463
463
467
463
467
307
467
463
470
471
467
310
463
466
466
307
471
467
466
463
463
467
467
310
467
463
463
463
467
314
463
463
463
467
470
470
466
463
471
310
463
463
463
307
467
467
463
315
466
463
467
467
463
463
466
311
470
307
467
467
467
463
471
463
467
471
467
307
467
467
463
307
463
307
463
463
463
471
470
463
470
467
467
467
466
467
463
307
466
467
466
471
471
467
463
307
467
471
466
466
467
310
467
311
467
471
467
467
463
471
471
463
463
463
471
471
466
471
467
307
463
471
471
467
470
463
471
314
466
307
467
470
467
467
466
307
463
311
467
307
470
307
467
314
471
467
471
466
466
470
471
467
471
310
467
311
463
307
467
307
470
307
470
315
471
307
463
315
467
471
467
307
466
467
467
466
463
471
467
466
467
466
466
310
467
467
463
307
463
307
467
307
463
467
463
311
471
471
466
467
467
307
471
463
463
466
463
467
471
467
463
467
463
311
463
463
467
471
467
471
471
470
467
307
470
463
463
463
467
310
467
463
467
463
467
467
467
471
463
471
467
463
463
463
466
471
467
467
463
463
467
463
466
467
467
467
467
463
463
463
471
463
467
471
463
470
471
467
463
463
463
471
463
467
467
466
467
463
467
467
463
463
467
463
463
466
466
463
466
471
463
463
463
463
463
463
467
471
463
471
466
471
463
467
467
463
470
463
463
463
463
466
467
463
474
470
471
467
467
463
463
462
470
471
467
463
467
466
470
463
466
463
467
467
467
475
471
467
467
467
467
467
467
467
467
467
467
467
467
467
467
467
467
467
467
467
467
467
467
467
467
467
467
467
467
463
467
475
470
467
463
467
475
467
467
467
463
463
466
467
467
463
463
467
471
463
463
470
471
467
467
463
463
471
467
467
467
467
463
463
463
463
463
467
463
475
463
462
463
467
467
471
463
467
463
463
467
471
471
470
463
467
467
463
467
467
467
470
467
463
463
463
467
463
470
470
467
463
467
463
467
463
463
466
471
470
463
463
458
466
463
466
463
471
467
467
467
471
467
466
463
467
467
467
466
463
463
467
462
467
467
466
467
463
467
463
467
471
471
467
467
466
463
463
463
463
466
471
463
467
466
463
471
471
467
466
467
463
463
471
463
463
463
467
467
463
463
467
463
463
471
466
463
467
471
466
463
467
462
471
467
463
466
467
471
471
471
467
463
471
467
463
467
467
467
467
466
463
467
463
463
467
466
466
466
467
467
463
463
471
470
471
467
463
467
470
466
459
470
463
467
463
463
467
463
467
471
467
467
463
467
463
471
466
470
466
463
471
467
467
467
467
470
471
471
463
463
463
467
463
471
466
467
471
467
466
466
471
467
463
470
463
463
471
467
467
467
470
471
466
467
467
470
463
463
471
467
467
463
471
463
466
463
466
467
467
467
467
470
471
467
470
466
471
463
466
467
467
466
471
471
471
467
467
475
466
471
463
463
471
471
463
471
466
471
467
463
466
466
467
466
471
467
466
471
463
467
466
467
466
463
467
466
463
467
467
470
471
467
467
463
470
467
470
466
467
467
467
471
463
467
463
467
463
467
463
466
467
470
466
467
467
467
470
463
471
471
475
463
466
467
466
467
470
471
467
467
467
471
466
467
467
467
467
466
466
466
463
463
466
471
467
467
467
463
467
466
467
687
86
0
543
1899
555
