183
183
183
175
179
183
179
2135
183
2143
179
183
183
183
175
183
183
2187
183
2175
183
179
183
2207
183
2119
183
2247
179
183
183
2163
183
2111
179
2135
183
179
179
175
183
2119
179
175
183
175
179
183
183
183
179
2135
183
119
175
2179
179
183
175
183
179
179
183
175
179
2171
183
2211
179
123
183
2111
179
179
179
2131
179
2167
179
2167
179
175
183
2139
183
2151
183
2111
183
183
179
2231
179
2143
179
2163
179
183
179
2163
183
175
183
179
175
183
183
179
183
2239
183
175
179
183
183
2135
183
179
179
179
175
2123
179
2171
183
179
179
2211
179
2159
183
179
179
179
183
179
187
2107
183
179
183
183
183
2179
183
183
179
183
183
2171
183
183
179
2203
183
183
179
2111
179
179
179
2179
179
179
175
2195
179
179
179
2155
179
123
179
2211
179
183
183
2215
183
2115
183
2111
183
179
183
183
183
175
179
179
175
183
183
2291
175
2131
183
183
183
183
179
183
175
183
183
175
179
183
183
2163
179
2139
183
119
175
183
183
2151
183
183
183
2119
183
2247
179
2115
183
123
183
123
179
175
183
179
175
2187
175
183
175
2263
179
119
179
183
183
183
179
179
183
183
179
183
183
183
183
2167
175
2163
179
2111
179
175
179
2179
183
2183
179
179
183
175
183
179
179
183
183
183
183
183
183
2139
179
2219
183
183
175
2111
183
183
179
2151
179
183
183
183
179
179
183
183
179
2123
175
183
179
2251
183
2235
179
123
183
2235
179
2107
179
115
175
2155
175
179
183
2123
175
2211
183
2191
175
2183
183
2115
183
2135
175
2159
183
2287
183
2119
175
2171
183
2127
183
183
179
2135
179
2155
183
2115
179
183
2151
179
183
123
179
179
183
2139
175
2191
179
183
179
183
183
183
179
2111
179
183
183
183
183
183
175
2155
179
175
183
175
183
2123
183
2219
183
2195
179
179
183
183
183
183
179
179
183
2123
183
2207
175
175
183
123
183
183
179
183
179
2119
179
179
183
183
183
2119
183
2139
183
183
2111
2227
183
2131
179
179
183
2111
183
2127
183
2167
183
179
183
2167
183
183
183
183
183
175
183
2151
183
183
187
2243
183
2139
179
183
175
2175
187
183
183
2127
179
2291
179
2243
183
183
183
2183
183
2111
183
183
187
2183
183
2235
179
2219
183
2123
183
183
183
2131
183
2115
175
2195
175
183
183
183
179
183
179
2123
179
179
179
2123
179
183
183
179
175
183
183
2127
183
183
175
175
183
183
183
183
179
179
183
183
183
179
183
183
183
183
183
183
179
175
175
183
179
183
183
179
175
175
183
175
179
183
175
183
179
179
183
179
183
183
175
183
179
175
183
183
183
179
179
183
179
183
179
183
179
175
179
183
183
175
179
183
175
183
183
179
175
179
175
183
183
175
183
175
175
179
183
175
179
183
175
175
183
183
183
175
175
183
179
183
175
179
183
179
183
179
179
183
179
183
179
179
175
179
183
179
175
179
179
175
179
179
183
179
183
179
183
179
183
183
187
179
183
183
179
179
175
179
183
175
187
187
183
187
175
179
179
183
183
183
179
183
179
179
183
175
179
179
187
179
175
183
183
179
187
183
179
183
179
179
179
179
183
183
175
187
183
179
175
175
179
183
183
179
183
179
183
183
179
179
175
179
183
179
183
183
183
183
175
183
179
175
175
183
183
179
183
175
179
175
179
183
183
175
179
179
175
183
175
179
183
179
183
175
179
183
175
175
175
175
183
183
183
179
179
179
175
183
183
175
175
183
183
183
179
175
183
183
183
183
179
179
183
183
183
175
183
179
175
183
179
183
179
183
179
175
175
183
175
179
183
183
179
175
183
183
183
183
179
175
183
183
183
179
179
179
183
183
183
183
179
183
175
179
183
183
183
179
183
179
183
183
183
183
175
183
175
183
183
183
179
175
179
183
183
175
179
183
175
183
183
179
183
179
179
175
183
175
183
179
183
183
179
175
179
183
183
183
179
179
183
183
175
175
179
175
183
179
183
179
179
179
179
183
179
183
179
183
179
179
183
179
183
183
183
183
183
183
183
183
179
183
179
183
183
179
183
179
175
183
179
175
183
179
183
179
175
179
175
179
179
175
183
183
183
175
187
175
179
175
183
183
183
175
179
183
179
179
179
183
175
183
183
183
175
175
183
175
183
183
183
179
179
179
183
179
179
179
183
183
179
183
175
187
183
175
175
183
175
179
179
175
183
179
183
179
179
179
179
183
175
175
179
183
179
183
183
175
179
179
179
183
179
179
183
179
175
183
183
183
179
175
179
175
179
175
183
183
179
179
183
179
183
179
179
175
175
183
175
179
179
183
183
183
175
179
175
183
183
183
179
175
183
179
183
179
179
183
179
179
175
183
179
175
183
183
179
179
179
175
175
179
19
139
0
359
363
651
