969
967
969
968
969
964
967
964
966
969
963
963
968
963
970
966
967
963
968
962
970
964
959
959
959
959
969
963
959
966
964
962
969
968
968
969
969
970
963
966
959
964
962
968
966
962
964
969
968
963
963
970
969
963
965
967
969
963
971
969
964
964
969
968
964
964
963
964
959
969
963
969
964
969
967
958
968
969
969
970
968
963
968
964
959
968
963
970
963
969
965
964
969
968
963
969
966
963
969
968
970
969
970
959
969
969
968
970
969
959
964
964
964
963
968
970
969
969
971
966
969
970
970
966
963
963
965
963
962
962
964
969
968
967
970
969
969
967
969
966
964
969
967
969
968
964
963
968
966
968
964
967
964
970
968
968
970
962
970
968
966
964
964
965
970
964
963
970
969
964
970
964
970
970
970
963
970
966
969
965
963
970
965
967
969
966
963
963
959
969
969
969
964
969
969
964
964
966
967
968
964
965
968
963
964
969
968
970
969
963
963
969
969
959
969
964
969
969
964
966
963
963
969
969
969
964
970
967
968
964
969
970
969
970
968
963
970
962
969
966
969
968
969
965
969
969
970
963
964
969
967
969
962
966
967
963
964
964
964
970
971
962
967
969
973
966
964
970
969
967
964
965
970
963
966
964
963
969
966
964
966
967
966
963
969
968
970
966
963
963
969
969
963
969
963
969
966
962
959
966
970
966
966
959
964
963
966
968
970
969
968
969
971
964
969
964
965
963
968
968
970
964
966
968
969
964
968
963
970
969
963
964
962
964
963
970
963
968
969
963
964
969
969
969
969
959
963
966
971
964
965
970
967
964
962
969
969
961
968
963
963
963
971
967
965
962
959
959
967
969
967
959
963
964
963
959
969
968
971
965
964
962
963
969
963
966
970
967
966
963
969
963
963
962
966
969
969
969
963
965
959
966
970
970
964
964
969
969
970
964
970
966
966
969
969
967
969
965
964
959
971
965
970
966
967
969
968
960
971
967
963
964
969
963
966
962
963
967
969
962
970
968
968
966
969
970
966
964
970
967
967
964
964
966
969
963
970
963
963
965
970
963
970
964
969
963
967
963
964
969
970
967
962
959
964
964
967
969
964
964
963
967
970
963
964
965
968
969
970
967
965
967
970
966
969
966
959
964
959
969
968
964
964
966
970
963
964
962
970
969
964
970
969
970
964
964
967
968
967
969
969
963
970
966
967
967
967
964
963
964
964
968
966
969
963
968
968
964
969
966
963
967
969
966
963
969
966
967
967
963
966
968
969
964
969
969
968
965
968
969
970
970
963
969
966
963
970
963
969
965
966
969
963
959
967
966
970
969
967
964
968
969
970
964
964
968
964
963
969
966
970
965
966
968
963
963
963
967
969
969
963
963
968
969
963
963
966
965
966
963
970
964
962
963
968
962
962
962
962
962
962
962
962
962
962
962
962
962
962
962
962
962
962
962
962
962
962
962
962
962
962
965
965
967
965
967
966
968
968
964
964
966
967
966
965
968
963
969
962
964
965
969
965
967
962
970
965
963
967
963
965
963
964
963
965
964
969
965
969
964
968
966
968
968
962
969
963
964
964
967
967
964
969
969
962
964
967
966
962
963
969
964
964
965
968
964
964
966
962
969
964
969
964
963
966
969
963
968
966
964
969
964
968
963
968
969
964
965
963
968
970
966
970
964
968
964
970
964
969
967
969
966
965
963
966
963
967
965
965
965
969
962
969
968
964
968
969
968
967
969
962
964
969
964
969
964
969
964
964
969
969
965
968
968
964
970
969
963
968
963
965
963
963
962
968
966
969
967
964
964
967
966
970
969
969
963
964
969
968
963
970
967
969
969
963
963
967
964
970
968
964
963
970
968
970
964
964
969
963
962
970
965
969
967
966
966
969
970
964
969
969
966
964
963
969
969
970
963
969
969
963
969
964
963
969
968
969
968
967
967
967
969
963
959
970
964
965
967
968
962
967
964
963
969
966
968
969
970
969
964
963
960
967
969
970
966
969
969
969
970
967
964
967
964
967
964
970
968
963
964
963
962
970
968
965
967
963
962
969
969
964
969
959
969
967
970
962
968
967
970
964
964
970
964
964
960
969
968
963
968
968
966
970
970
969
970
970
964
966
964
970
964
970
969
967
969
964
963
963
969
964
967
965
964
964
964
963
958
963
959
967
969
968
969
967
964
967
964
969
964
970
963
969
970
968
963
969
963
968
969
964
964
969
967
969
969
968
970
964
963
968
966
969
968
963
963
967
967
970
970
969
968
968
963
964
963
969
964
969
969
970
969
964
964
964
964
969
964
959
964
969
969
963
971
963
964
970
962
1356
1128
1925
739
803
1277
