291
291
291
2170
295
289
291
291
293
290
290
289
289
296
290
291
291
293
289
200
289
295
291
202
296
291
297
2171
291
291
291
2199
291
296
289
289
289
289
288
207
291
296
291
289
290
289
291
290
291
203
288
289
291
291
289
288
296
295
296
300
291
2146
289
290
292
291
290
291
293
295
293
2200
292
296
291
293
288
291
297
289
289
290
291
2150
289
292
290
2249
291
295
295
291
297
290
293
202
292
291
291
288
287
291
291
2147
291
291
289
291
290
295
290
295
291
288
290
289
285
289
291
289
292
290
295
292
289
289
290
289
289
203
291
290
291
295
291
290
290
291
296
2178
288
289
291
291
291
290
289
289
290
295
293
296
291
289
290
291
291
293
290
290
291
290
289
291
291
2149
293
2221
293
291
290
293
293
289
291
2183
297
290
290
290
290
291
290
291
285
290
292
289
292
295
291
290
291
295
290
293
296
291
291
293
290
293
291
295
291
293
292
291
296
291
293
291
292
290
290
290
290
202
290
291
288
289
293
290
292
290
289
289
291
290
290
290
289
291
292
288
289
290
291
289
292
296
290
290
293
290
294
291
290
295
294
2148
292
290
290
292
290
288
289
295
289
289
290
291
291
289
285
2153
291
295
290
289
290
203
290
293
290
295
294
289
291
291
285
290
288
289
295
291
291
290
291
2163
292
291
288
290
285
291
291
290
290
290
290
291
288
290
295
290
290
292
290
291
289
292
290
291
290
293
289
291
290
291
291
295
291
290
290
290
290
291
292
293
287
296
291
2143
293
2174
293
291
289
291
291
295
292
292
288
2162
291
290
291
290
290
291
291
2141
290
290
285
295
292
291
290
296
288
295
291
288
291
291
291
295
291
291
291
292
290
289
289
289
290
295
293
292
289
284
288
291
297
289
293
289
292
292
293
290
291
2171
289
291
290
295
297
2171
291
293
291
203
291
296
289
296
290
291
291
290
296
294
291
289
290
290
291
296
290
290
291
292
289
2148
291
290
290
291
296
297
291
2155
291
2143
288
296
291
290
291
290
291
295
291
287
291
291
291
293
290
291
290
291
294
289
292
296
290
291
292
291
290
287
293
291
290
290
291
290
288
2225
297
291
289
289
289
290
293
285
292
295
288
287
288
291
290
291
290
290
292
291
291
290
289
291
295
293
288
290
290
207
291
290
297
295
290
292
285
291
289
291
291
291
291
290
296
292
293
290
291
288
290
289
295
284
292
292
293
291
297
295
295
289
296
291
291
292
291
295
291
295
289
289
295
291
291
293
288
290
291
295
290
289
288
289
285
296
290
291
291
296
288
293
291
291
291
291
297
291
285
291
289
291
292
290
291
291
292
289
291
290
287
287
291
290
290
289
290
290
290
291
289
294
290
291
296
291
295
286
291
291
292
291
290
294
291
291
291
293
291
289
289
289
289
289
289
289
289
289
289
289
289
289
289
289
289
289
289
289
289
289
289
289
289
289
289
289
288
290
291
292
290
290
291
290
295
290
291
287
291
289
290
291
296
291
291
289
290
289
289
293
291
286
293
293
294
291
291
290
290
290
288
283
283
289
289
291
291
287
288
295
293
293
289
291
289
290
291
290
289
290
292
287
288
290
295
290
289
289
291
289
289
290
291
290
290
291
292
290
289
290
291
291
290
287
291
289
289
291
290
291
289
290
290
289
291
291
291
291
293
285
288
293
293
295
290
289
290
289
290
289
290
290
291
295
291
290
290
291
290
288
290
290
289
285
295
290
289
285
286
290
291
290
291
291
295
289
290
291
285
289
291
291
291
289
292
285
291
291
297
290
290
290
295
291
297
289
295
290
292
290
290
291
289
289
293
284
290
297
291
293
290
290
287
292
291
290
291
292
288
289
290
293
290
291
289
291
289
293
289
291
291
290
296
289
291
293
290
292
291
291
289
290
290
290
292
289
292
290
296
291
290
289
290
296
287
291
292
290
292
290
291
293
290
288
292
290
290
292
290
291
291
290
293
290
290
291
290
291
296
290
295
289
297
293
289
290
296
292
293
292
291
295
292
289
293
297
288
291
291
290
290
285
291
291
297
288
294
287
295
296
292
291
291
289
291
291
295
291
291
293
291
289
292
291
291
290
295
291
289
290
292
290
295
290
290
289
293
291
293
293
295
290
291
289
292
289
295
292
290
289
291
289
291
290
290
291
291
291
296
291
289
291
292
293
291
291
291
290
293
293
291
291
289
296
291
289
291
293
295
296
293
292
291
290
291
292
290
291
289
289
292
292
292
293
291
293
290
290
291
295
290
291
293
292
289
291
289
291
290
290
292
291
290
296
291
293
290
291
289
293
291
289
0
105
304
87
622
817
