674
451
674
675
673
673
674
674
675
674
675
674
675
675
675
669
675
675
673
674
675
447
677
675
672
675
675
675
673
450
675
675
669
673
675
675
675
449
673
674
675
448
675
678
675
674
675
446
671
675
669
673
674
451
669
675
677
670
674
449
673
675
675
451
674
674
675
451
673
450
673
447
674
675
675
449
669
673
671
451
673
675
672
451
669
678
669
675
674
451
674
671
675
676
675
448
675
452
673
670
672
669
675
451
669
450
674
675
675
673
675
449
673
673
677
451
674
451
675
450
674
675
671
675
671
674
675
450
675
675
675
450
674
445
674
675
675
674
673
674
674
675
675
446
675
675
675
675
675
673
674
443
674
674
675
675
674
675
675
450
675
446
669
445
669
674
675
445
666
673
674
674
676
675
675
447
674
450
671
451
674
447
675
675
675
451
675
445
675
451
671
447
674
451
675
675
675
675
675
673
675
445
675
675
675
446
675
675
675
450
673
445
673
447
674
450
670
674
674
446
674
669
675
452
674
663
675
451
678
669
674
449
675
675
674
451
677
449
671
450
675
669
673
675
675
669
665
449
675
675
675
663
674
675
667
451
674
445
669
674
676
675
669
675
675
674
674
451
675
446
676
669
675
450
674
451
676
675
675
447
674
450
675
675
674
665
677
675
675
450
678
674
669
674
675
451
675
669
675
671
674
450
675
451
675
450
675
451
675
448
675
446
674
674
671
675
675
674
669
677
669
675
665
673
675
674
669
675
673
675
674
675
675
453
672
675
674
675
674
451
675
450
677
451
673
446
669
451
673
675
672
675
675
669
675
674
673
670
675
450
677
675
665
673
674
450
675
451
669
673
674
450
675
674
677
451
675
673
675
674
675
672
674
673
674
449
674
674
674
451
675
675
673
675
677
451
675
451
675
675
675
673
673
677
674
674
674
666
675
675
675
673
674
674
674
447
675
451
673
675
676
674
675
449
675
674
677
675
675
449
675
673
675
450
677
450
675
675
676
669
675
668
675
453
674
675
674
445
675
675
675
453
675
450
673
451
677
673
675
675
673
451
675
669
675
450
673
675
675
451
675
451
671
669
675
449
673
674
675
451
675
449
674
449
669
451
675
677
674
675
674
448
674
673
675
450
675
669
671
675
674
675
675
674
674
675
674
677
671
674
675
677
675
671
674
673
674
674
673
675
675
677
675
678
671
675
673
674
671
673
674
672
674
674
675
671
675
675
669
677
675
675
670
674
675
674
674
673
669
674
673
675
675
675
675
674
674
675
669
675
677
673
675
675
674
674
675
674
675
673
665
675
675
665
669
675
676
675
671
671
675
681
674
673
671
668
675
674
669
674
674
671
675
674
673
675
675
671
674
673
675
677
671
677
674
675
673
675
677
674
674
670
675
675
674
684
684
684
684
684
684
684
684
684
684
684
684
684
684
684
684
684
684
684
684
684
684
684
684
684
1422
671
674
673
669
673
663
674
670
675
673
674
674
667
669
667
671
674
675
674
675
675
675
674
675
669
675
667
665
674
674
671
675
669
675
674
675
667
673
670
674
675
675
675
673
675
675
672
679
663
673
674
675
674
674
674
675
671
669
674
675
674
674
671
674
674
669
675
667
668
674
673
669
669
675
673
675
677
675
674
675
674
674
671
674
675
675
674
450
675
675
675
674
674
668
673
675
672
663
675
675
669
674
675
674
675
674
675
671
675
674
674
674
674
669
675
671
673
675
675
678
675
669
674
674
674
675
675
673
668
675
675
677
675
673
672
675
672
675
674
675
672
673
674
673
675
675
673
674
674
675
674
675
674
675
673
675
668
674
673
675
674
677
677
674
675
673
675
669
671
675
669
675
674
675
675
673
669
677
675
675
673
675
675
674
673
675
674
675
674
675
669
675
675
678
675
675
678
673
674
675
673
667
675
674
674
674
673
674
675
670
675
675
677
675
674
675
675
675
669
675
675
675
673
674
671
674
675
675
675
674
669
673
450
674
677
674
675
677
675
675
669
675
675
675
675
675
672
669
675
678
675
675
675
669
676
673
675
674
669
674
673
675
671
675
675
671
671
674
675
674
675
675
675
675
671
675
675
669
665
673
666
678
675
673
675
669
675
677
672
675
672
675
673
672
670
669
669
675
675
673
675
675
669
669
669
674
675
674
669
671
674
677
665
675
678
675
675
671
669
675
675
669
675
675
671
675
674
675
675
673
675
675
675
674
674
669
674
674
673
675
675
674
669
674
677
675
671
675
674
667
672
675
674
674
675
677
675
669
675
675
669
674
674
675
675
675
674
670
669
674
673
676
674
675
674
667
673
310
106
351
0
1493
466
