543
543
543
543
542
541
542
541
542
544
542
541
545
543
542
543
542
548
543
543
543
541
543
540
545
543
549
545
543
543
543
544
542
542
544
546
544
545
543
542
543
544
545
543
541
543
543
544
546
541
543
543
543
549
549
542
543
543
549
541
537
543
543
544
543
543
543
543
542
543
544
542
549
549
544
542
545
544
549
543
542
543
546
542
549
542
543
545
543
541
541
541
545
543
543
541
549
545
549
542
541
542
546
542
546
544
543
543
542
542
543
545
543
544
545
546
543
542
550
544
542
542
541
542
545
544
546
544
542
537
542
545
542
543
543
548
542
543
549
544
543
543
543
540
542
545
544
541
543
541
544
543
544
549
543
543
543
543
544
543
542
543
541
545
541
543
544
544
542
542
545
549
543
546
543
544
542
544
549
541
543
543
543
549
541
545
545
543
545
542
543
543
542
542
543
543
543
543
542
545
543
548
543
540
543
544
543
543
545
542
542
543
545
544
543
543
543
543
545
545
545
543
542
542
543
542
542
541
543
542
545
543
543
545
543
544
544
543
543
545
543
542
543
542
543
542
545
543
543
546
538
542
543
542
542
543
542
540
543
541
543
545
549
540
543
544
543
541
543
543
549
545
543
541
541
543
543
542
542
543
540
544
542
544
541
541
545
545
543
549
545
545
544
546
543
544
543
542
541
545
542
542
546
543
544
549
548
543
543
543
542
545
542
543
540
542
542
549
541
538
545
542
543
545
543
543
542
542
539
544
543
543
542
543
541
548
542
544
542
542
544
542
543
542
541
543
543
545
543
543
545
543
543
546
542
543
544
542
543
543
541
542
541
543
541
538
545
544
542
540
541
541
542
545
545
543
543
543
544
544
544
542
545
543
545
542
540
546
539
543
543
543
545
545
544
545
545
542
542
541
545
543
545
537
544
543
542
541
544
546
549
542
543
544
543
545
546
541
546
545
546
541
545
541
545
543
549
542
549
543
543
546
544
542
546
548
542
544
543
542
545
543
542
543
546
543
539
543
543
543
545
545
543
546
538
543
541
543
542
543
540
546
540
545
542
543
543
538
542
542
543
544
541
543
549
542
545
541
546
542
544
549
545
543
544
542
543
542
543
542
550
545
543
543
541
540
545
542
532
541
544
542
544
544
542
542
543
542
545
543
541
542
549
545
542
538
542
542
543
549
543
543
540
549
546
539
543
543
542
549
542
549
545
542
543
542
541
543
545
543
543
543
543
542
544
544
542
543
549
545
540
542
542
546
545
543
543
543
542
541
545
543
542
543
545
542
542
543
541
543
543
549
542
540
546
543
542
543
542
544
543
544
546
543
548
549
544
540
543
545
543
543
543
541
545
541
543
541
544
549
545
542
542
540
543
540
537
542
546
544
542
543
541
543
545
542
541
543
543
545
543
545
543
543
544
543
542
550
540
544
542
544
542
542
545
542
543
545
542
541
540
543
542
545
544
546
540
545
543
543
542
542
543
546
545
543
539
541
545
540
546
545
542
543
543
539
543
541
537
542
542
545
542
544
544
545
545
544
544
541
542
545
542
542
544
545
543
542
542
543
546
543
543
544
544
543
543
542
542
544
543
542
543
546
543
545
543
544
543
544
548
546
548
544
542
544
543
543
541
542
542
546
545
544
544
544
546
546
544
543
542
544
543
543
542
544
541
542
543
546
542
543
543
543
543
543
541
543
541
542
544
549
542
539
543
543
550
544
549
542
542
542
540
543
543
542
543
544
543
542
544
543
544
546
543
545
541
542
544
545
541
542
544
543
549
545
543
543
543
547
549
543
543
542
545
543
545
543
549
541
543
543
543
543
545
542
542
549
542
542
542
542
549
543
542
541
549
546
543
544
545
543
541
543
546
543
544
542
542
540
545
545
542
542
544
543
542
543
546
540
546
546
553
541
542
543
545
543
541
543
544
545
542
543
543
540
549
543
542
542
542
542
543
543
543
542
544
542
543
545
544
542
549
537
545
543
543
543
545
543
543
540
542
543
541
542
545
541
542
543
545
544
544
543
546
545
540
541
544
541
543
544
549
543
540
543
545
544
545
543
546
542
544
543
543
543
545
542
545
545
543
544
539
543
541
542
545
545
543
542
542
545
542
543
539
544
543
540
542
542
542
548
544
543
545
545
542
541
544
542
544
542
544
540
542
541
542
543
544
543
546
540
540
543
544
542
543
541
550
543
545
541
545
543
549
545
546
543
540
545
546
542
542
543
543
542
542
543
543
543
541
543
545
543
542
545
537
544
543
543
544
543
544
543
543
543
543
543
545
545
543
544
546
541
543
542
543
542
931
735
1095
895
480
939
