429
435
435
434
435
434
433
434
435
437
435
435
434
440
435
435
437
435
437
428
435
437
437
435
435
435
439
437
435
435
438
435
435
435
434
437
435
439
435
436
433
437
436
435
437
435
435
435
435
440
434
436
435
434
435
435
435
441
437
435
436
434
436
435
435
435
430
433
435
433
435
438
435
435
434
430
437
430
435
434
433
433
433
437
438
435
434
430
436
430
436
433
435
437
435
432
435
435
437
435
438
437
430
441
435
434
435
435
436
435
438
435
434
439
435
435
437
435
434
435
437
438
435
435
437
433
434
437
435
434
435
437
435
434
435
435
438
441
441
435
435
438
434
435
436
435
437
433
434
435
437
435
433
431
437
440
435
433
434
435
435
435
430
437
435
437
437
435
435
438
433
437
435
437
435
429
437
435
435
434
435
437
433
435
434
434
436
435
438
434
434
435
435
435
435
437
435
439
434
429
430
437
435
437
435
435
432
435
435
429
437
434
430
438
434
434
438
434
441
438
437
437
434
438
436
441
435
439
435
435
435
435
435
436
435
435
437
429
437
433
437
433
435
435
435
435
435
434
435
437
437
432
436
436
439
434
441
439
435
438
434
439
435
437
433
433
433
440
436
436
442
435
437
430
436
434
433
437
435
438
434
434
434
437
434
433
435
435
434
434
436
429
435
434
435
439
433
434
435
436
433
436
435
435
434
436
437
437
435
438
433
433
435
434
430
440
435
430
436
435
435
435
437
437
437
435
435
435
435
435
442
433
433
437
435
435
436
441
435
435
437
428
437
441
435
435
437
435
434
435
433
435
435
437
438
430
435
434
437
434
435
436
435
435
434
437
436
438
433
433
435
438
435
435
435
434
439
430
440
435
435
435
434
435
435
430
435
437
430
435
435
434
431
437
435
435
434
437
435
435
432
433
435
437
435
435
440
437
436
438
434
434
435
433
435
437
435
436
434
433
437
435
436
435
438
439
435
435
437
435
431
436
434
435
440
435
436
431
435
438
440
434
435
430
434
434
433
435
435
435
434
434
435
435
437
433
441
435
435
433
437
435
435
435
435
435
437
435
435
430
435
435
434
439
434
435
431
435
432
439
435
435
433
435
440
437
435
435
438
433
435
437
434
434
437
430
437
435
434
435
435
437
437
435
437
434
435
430
435
435
434
429
435
437
431
435
435
435
435
434
437
435
435
437
439
435
432
435
441
438
437
434
429
435
435
430
440
431
436
433
438
435
433
434
435
436
435
430
441
435
429
435
442
434
435
435
435
435
435
435
433
435
439
435
437
435
435
437
435
433
435
434
434
438
434
435
434
439
435
435
438
435
433
437
435
432
435
435
433
439
440
430
437
430
437
435
433
432
430
438
436
433
435
435
435
431
432
439
430
437
433
437
434
434
434
435
435
440
435
437
430
435
430
435
440
437
439
442
436
437
437
436
442
437
436
435
435
438
435
435
435
436
434
435
435
435
434
435
436
439
437
432
435
437
437
435
437
435
430
435
433
434
435
438
435
435
436
435
437
438
430
440
435
435
436
435
434
435
432
439
435
435
435
435
438
433
436
437
434
434
435
435
434
435
436
438
441
435
435
430
430
435
436
431
437
437
435
435
434
435
437
435
433
429
430
434
434
435
435
434
435
435
435
438
435
431
435
434
434
435
437
436
434
437
437
433
437
437
435
435
435
435
435
435
435
437
435
437
436
435
438
435
435
437
436
432
436
434
442
435
433
437
437
430
437
434
431
435
442
437
437
438
435
441
435
435
434
441
435
435
435
430
432
435
435
437
434
435
434
435
433
435
439
434
435
433
436
439
435
434
434
441
441
435
438
442
438
435
434
438
438
434
435
432
435
435
433
435
435
436
433
437
435
437
435
435
435
437
435
435
437
435
439
437
435
437
437
437
435
433
437
435
438
435
440
435
435
429
438
435
436
434
441
434
433
436
435
434
435
435
435
435
438
437
434
430
435
435
433
437
435
435
437
434
436
435
435
435
437
435
435
432
435
434
435
437
437
433
430
436
436
434
437
439
438
439
438
435
435
435
434
439
434
434
435
436
435
433
441
437
435
435
434
433
435
430
434
434
439
433
434
435
435
437
430
435
437
441
435
437
434
434
435
435
435
435
438
434
435
434
435
434
435
435
437
435
430
435
435
435
437
435
434
437
436
434
441
434
429
435
430
429
433
435
440
437
439
438
438
434
435
438
435
435
435
435
435
435
435
435
435
434
434
435
435
440
432
434
435
435
435
435
434
435
437
435
438
436
437
434
438
435
430
440
437
430
435
435
438
440
434
438
435
435
434
435
436
434
443
0
185
698
473
66
