290
289
287
283
290
283
293
287
287
287
287
287
288
294
287
293
293
284
290
293
294
293
293
293
293
2187
288
283
287
294
294
209
294
286
286
283
294
294
294
289
288
2151
287
293
290
283
293
207
286
288
287
293
287
293
283
292
293
2147
294
293
293
294
292
294
287
287
294
283
289
294
293
283
287
294
293
294
292
287
293
2146
287
210
293
292
294
209
287
294
292
294
288
287
293
287
292
293
283
294
291
2155
293
293
293
2209
293
291
286
289
293
294
293
293
287
291
287
288
293
288
288
294
287
290
293
208
287
292
294
2297
287
293
293
209
291
290
286
2173
283
290
286
294
293
2163
293
2170
287
292
287
203
287
283
283
294
290
294
294
292
290
293
293
283
292
287
289
294
294
293
291
283
290
293
293
293
291
291
292
286
293
294
294
203
288
290
293
293
292
283
288
209
283
290
294
287
283
283
287
293
292
294
286
291
293
290
294
293
287
2143
292
293
293
294
293
2166
293
293
293
283
287
292
293
291
291
291
291
292
291
287
294
283
283
294
290
284
293
293
292
293
287
291
287
286
292
284
288
286
286
287
283
2182
292
294
283
292
287
283
293
208
283
288
286
293
294
293
287
293
293
293
288
286
291
294
293
289
293
294
288
293
294
293
293
284
293
283
283
292
286
293
294
209
293
290
287
293
293
2223
287
287
283
287
287
283
292
292
294
204
293
209
287
290
293
290
287
287
293
290
283
293
290
283
293
283
288
2168
293
290
287
293
292
291
293
2162
293
292
287
287
293
286
294
293
289
283
293
290
294
2158
293
211
283
283
291
289
287
293
286
290
293
290
286
293
287
283
292
294
287
289
287
294
286
288
290
283
287
294
287
292
294
283
287
291
292
290
283
291
287
291
291
290
294
286
286
283
283
287
288
288
290
290
288
293
289
295
294
292
283
290
294
291
294
292
293
291
294
290
294
287
287
287
290
291
287
290
287
292
293
211
290
293
293
203
293
294
290
288
287
2194
293
209
289
287
288
2226
292
293
292
291
293
293
293
294
294
292
287
290
287
294
286
292
290
291
287
292
294
293
287
287
290
2163
294
293
289
287
287
290
294
293
287
288
289
293
293
293
292
287
283
203
290
290
286
294
293
290
291
287
290
204
293
209
293
291
292
287
292
293
294
289
293
287
294
287
292
292
293
293
287
293
287
294
293
286
287
287
294
287
293
287
294
290
287
293
287
293
283
287
293
294
293
292
287
290
287
290
293
287
293
287
293
293
287
287
293
289
293
293
293
294
283
288
293
293
287
290
283
292
283
287
294
287
287
283
287
290
287
287
293
283
287
283
293
292
288
289
294
293
291
286
287
287
287
287
293
293
294
290
293
292
290
293
283
283
293
293
293
294
287
293
291
287
287
287
292
293
287
290
292
293
293
286
287
287
292
290
286
293
292
292
293
294
292
294
292
292
291
290
293
293
294
287
287
290
292
288
290
292
291
293
287
283
293
293
290
294
287
283
289
294
292
293
293
293
293
287
287
288
287
294
283
294
283
294
293
291
293
287
290
283
290
286
290
294
292
292
288
287
294
287
288
290
292
287
286
294
293
293
283
288
295
293
292
294
288
287
293
290
293
287
287
293
294
283
287
287
292
294
293
283
293
293
293
290
288
293
287
291
292
291
291
290
290
287
292
287
294
294
293
287
290
293
283
293
293
290
294
283
287
293
290
291
294
287
293
294
288
283
283
293
286
292
294
288
287
287
292
288
287
287
287
293
290
293
294
293
293
293
289
293
294
287
293
295
293
293
290
293
293
289
286
293
290
286
290
293
293
293
294
287
293
290
287
287
289
294
295
286
293
283
292
293
283
287
288
294
293
294
291
287
293
293
292
295
287
287
293
293
287
292
292
294
287
292
291
293
291
292
287
293
287
290
293
287
293
287
287
293
290
287
293
293
291
283
291
287
287
291
290
287
290
290
293
291
283
294
290
293
290
293
293
294
289
287
288
293
283
287
291
287
283
293
291
293
294
290
293
289
294
292
290
288
290
291
292
287
287
286
289
294
291
293
294
287
287
291
287
290
290
293
293
292
294
290
286
287
293
290
292
293
294
287
287
293
293
293
283
287
294
283
290
293
287
293
292
293
292
293
283
287
290
292
292
287
287
292
293
287
294
293
291
287
292
288
284
293
293
287
289
291
283
293
287
283
290
283
294
283
292
286
288
283
295
294
292
290
287
287
283
290
291
287
290
293
291
283
292
293
289
283
290
287
287
294
287
293
293
287
293
288
287
293
293
287
292
283
293
293
288
283
293
292
287
287
287
288
293
288
288
293
283
283
287
288
580
479
280
491
1943
325
