964
965
963
963
964
964
963
969
966
968
969
963
963
969
970
966
964
965
967
973
969
967
970
969
967
966
963
965
966
966
966
965
961
965
964
963
967
970
966
960
964
969
963
966
964
964
967
966
966
963
967
966
963
964
970
960
967
965
969
969
967
966
964
966
965
964
966
966
964
964
967
967
969
963
965
968
969
965
965
968
963
966
964
964
964
963
967
966
964
964
964
964
964
967
966
964
966
969
964
964
966
963
964
966
965
966
968
964
963
966
966
963
964
957
964
965
961
966
967
960
964
963
965
963
963
960
966
965
967
963
962
963
967
964
965
962
969
967
963
960
963
965
969
960
967
966
970
964
965
964
966
963
964
964
965
964
963
964
966
967
966
966
964
970
964
965
963
966
967
960
964
969
963
967
966
966
966
967
964
963
970
964
965
969
966
963
964
966
963
966
965
966
969
963
967
969
969
965
964
960
963
964
968
967
969
964
963
966
965
965
964
961
967
963
967
966
966
965
966
963
966
966
966
963
964
966
960
963
964
966
963
963
964
961
968
966
963
960
969
964
966
963
966
964
965
963
970
967
963
966
969
964
963
964
965
965
966
963
964
970
970
969
966
969
970
966
964
964
964
960
961
963
968
960
966
964
962
961
967
963
964
964
966
964
964
970
967
964
965
967
966
959
964
967
967
964
963
960
966
966
969
965
973
965
960
965
963
967
966
966
964
963
963
964
967
966
969
962
967
966
966
961
964
966
967
963
963
963
964
960
967
961
968
970
966
963
966
960
966
962
967
966
970
966
967
960
965
967
964
965
965
962
963
965
963
968
964
966
968
970
966
964
963
964
964
965
969
965
964
966
963
962
965
966
963
965
963
966
965
963
966
965
963
966
964
965
965
963
966
964
964
967
966
969
966
964
960
963
966
963
967
963
964
965
963
969
965
970
966
965
961
970
969
967
964
963
963
962
968
965
963
964
967
966
964
960
964
966
965
967
963
966
964
964
964
969
965
960
966
966
964
966
964
967
964
969
965
969
969
968
966
961
964
967
969
964
964
965
966
970
966
967
969
964
965
965
967
961
965
960
969
963
966
963
964
969
966
963
969
964
969
963
970
970
966
963
963
966
967
960
966
960
964
960
965
969
967
967
961
965
965
964
959
966
969
967
964
963
966
964
969
963
966
967
964
964
965
964
966
964
964
966
965
970
964
969
969
967
964
967
964
963
965
966
966
970
965
969
966
966
965
963
960
964
965
966
963
964
964
963
963
963
970
969
969
963
966
967
967
965
964
969
967
964
969
969
969
964
966
966
967
967
964
965
966
965
963
966
965
969
969
966
967
966
965
964
967
969
966
970
965
966
964
969
967
965
969
960
966
966
970
967
969
966
964
964
969
964
968
963
968
967
967
964
966
963
966
966
963
969
966
966
965
963
968
967
963
964
964
968
966
966
968
963
967
965
960
964
965
961
964
964
966
963
964
965
966
969
964
967
963
964
965
966
969
963
965
964
970
969
965
964
966
966
965
967
968
967
965
965
966
963
970
966
969
968
969
973
967
970
965
965
966
961
969
969
964
969
963
964
963
964
965
970
964
964
968
966
965
964
963
966
963
963
966
969
969
966
966
964
963
968
969
963
965
964
964
966
970
967
965
964
969
963
964
966
965
964
964
964
969
967
965
956
965
966
969
965
964
967
965
966
967
967
964
964
967
964
965
967
963
964
964
965
970
964
966
973
970
967
964
970
964
964
969
965
963
967
964
969
969
963
966
964
966
967
966
964
967
964
964
967
969
969
965
966
973
967
970
968
969
967
973
964
967
969
963
960
964
965
961
964
961
968
963
966
966
966
965
970
966
964
965
963
965
969
966
961
966
964
965
962
966
960
961
961
965
963
967
960
964
969
963
963
966
967
966
969
967
969
964
968
962
965
964
966
964
967
964
966
966
970
964
967
964
967
964
965
968
964
963
965
969
964
967
964
966
969
964
963
966
964
967
967
962
964
963
963
965
964
963
969
969
967
966
963
967
964
969
965
966
964
964
969
967
961
969
963
967
969
970
965
967
969
970
967
969
966
964
966
966
967
969
964
966
963
966
964
968
963
970
963
963
962
965
966
956
964
967
966
965
960
961
966
963
967
963
968
964
964
963
966
964
967
966
968
969
967
963
963
964
964
965
965
968
961
965
963
964
969
960
965
969
964
961
963
966
970
966
966
963
966
964
965
965
964
969
960
964
964
964
963
964
969
966
964
964
969
960
966
964
963
966
966
966
963
968
969
964
964
964
970
967
969
965
967
966
963
964
964
963
964
960
963
967
970
963
965
578
799
0
1194
1129
658
