375
375
373
379
379
379
374
381
375
381
375
383
371
379
378
379
379
378
378
378
379
374
374
379
373
374
381
379
379
379
378
379
379
374
377
378
379
375
379
372
375
381
379
379
374
381
373
379
379
379
378
379
375
378
374
379
375
381
378
378
377
378
375
379
377
379
378
378
377
374
377
379
379
377
379
379
379
379
374
379
375
374
379
373
379
374
377
374
379
377
379
381
379
379
379
381
379
379
377
377
378
373
381
374
379
374
377
379
377
379
374
374
374
378
375
378
375
373
379
377
374
374
374
374
379
381
379
379
379
379
375
379
379
374
375
374
375
379
374
374
379
381
379
379
374
377
379
383
377
379
373
374
379
379
379
379
374
377
373
379
374
381
378
379
375
371
379
371
373
374
379
379
377
379
379
374
375
379
375
374
378
373
378
379
381
379
379
378
379
377
379
378
381
373
375
385
375
374
379
379
378
383
375
374
379
379
379
379
381
379
374
378
375
379
375
379
379
379
379
374
378
379
374
374
377
379
379
374
380
374
377
381
379
379
379
373
379
375
373
377
379
379
379
379
374
377
379
379
379
379
379
377
374
374
377
375
381
377
379
379
379
378
379
379
379
377
378
374
379
379
379
374
379
379
379
375
379
374
379
379
379
373
379
379
376
380
379
380
373
379
378
379
376
377
379
381
381
377
376
374
379
379
378
379
379
379
381
379
374
381
374
381
374
374
379
374
377
379
379
377
379
379
378
379
374
373
379
373
378
378
375
374
379
374
379
374
379
375
379
379
379
375
377
381
381
379
379
379
379
377
380
376
381
379
379
381
381
383
379
377
381
377
375
378
381
379
379
375
375
379
375
379
379
381
381
379
374
379
379
379
379
373
375
379
379
379
379
379
378
379
379
379
373
378
377
379
379
381
379
379
375
381
374
374
381
379
379
379
379
379
381
374
379
379
377
381
379
379
379
379
381
379
381
375
378
379
379
377
378
374
379
377
379
377
379
374
379
381
377
374
378
374
377
374
379
383
378
373
379
378
379
377
379
379
379
379
376
377
379
378
374
374
374
383
379
379
377
373
378
379
375
379
378
379
379
379
377
379
381
379
379
373
381
377
381
379
379
379
377
379
374
375
381
373
375
379
377
379
371
377
374
373
379
374
380
381
374
373
379
377
372
379
374
379
378
374
373
379
379
374
377
377
377
375
379
379
381
378
377
380
377
377
378
374
379
375
374
378
379
379
381
381
377
377
377
378
379
381
382
381
374
379
375
379
379
381
377
375
379
377
379
375
377
377
374
379
382
381
378
379
374
374
378
379
379
379
375
378
374
371
378
378
379
379
380
379
375
377
381
378
374
374
377
375
379
378
379
378
379
378
374
379
375
379
379
373
379
379
381
379
374
379
379
379
379
378
378
378
378
379
379
375
379
377
379
377
374
379
374
379
379
374
379
379
375
374
377
378
379
375
378
379
373
377
375
378
378
379
378
374
378
379
377
379
378
379
379
374
379
379
379
373
378
379
379
377
379
374
374
381
381
379
379
378
375
378
381
378
379
381
374
379
381
374
374
378
375
381
377
378
379
379
374
377
377
379
377
379
374
379
379
381
379
379
374
374
379
377
379
379
376
377
379
378
379
374
381
374
375
377
379
375
377
379
379
378
381
377
374
379
374
381
381
375
377
379
377
379
379
381
379
378
379
377
379
374
379
379
379
379
381
374
378
378
378
374
379
381
376
379
374
377
379
378
381
374
379
374
378
377
379
379
381
379
379
379
374
377
379
375
381
379
379
379
374
379
378
377
378
379
378
379
381
377
381
374
379
374
377
377
379
374
379
377
378
373
379
377
379
381
379
378
379
381
375
379
379
379
379
377
378
378
379
374
374
379
375
374
377
383
379
374
378
378
381
379
379
375
375
378
377
377
379
381
378
375
378
378
381
377
375
373
380
378
379
377
378
381
379
378
379
377
373
375
375
379
375
378
374
379
378
378
379
371
377
379
379
375
379
381
379
379
379
378
379
379
374
374
382
374
379
377
379
378
379
374
379
379
374
379
381
379
379
379
377
379
375
374
379
373
381
374
374
374
377
379
379
377
379
379
381
379
374
379
379
378
381
369
374
379
375
379
377
379
379
374
378
378
379
374
379
379
379
374
381
379
382
379
379
377
379
382
379
374
379
374
379
381
379
379
377
375
374
379
377
377
379
377
379
381
375
379
379
377
377
381
377
379
378
379
379
379
381
378
379
378
379
381
377
377
374
381
377
379
379
377
374
381
378
377
379
379
381
374
378
373
379
378
379
377
381
374
379
379
379
374
377
373
419
647
43
0
358
125
