677
679
679
679
683
683
677
678
678
678
679
679
679
678
679
677
675
679
681
679
678
677
675
677
679
677
678
683
678
682
678
678
683
678
685
677
677
681
678
677
677
678
683
679
679
681
677
677
679
679
677
679
679
679
683
681
685
678
683
683
679
679
679
684
679
677
677
678
684
678
683
679
680
679
685
678
679
683
677
677
678
678
679
678
677
678
678
683
682
677
679
677
679
679
683
679
677
683
683
679
685
677
678
683
685
677
679
681
681
679
679
678
683
678
683
677
679
678
683
678
677
677
683
683
677
681
679
679
681
679
677
677
683
683
678
681
677
678
685
678
678
679
681
679
678
679
683
683
683
679
683
684
679
681
678
683
678
678
679
679
679
685
675
677
679
678
683
678
683
683
678
683
677
679
683
678
678
678
679
681
678
677
679
684
677
679
678
679
679
681
685
683
683
679
682
674
683
679
679
683
682
677
677
679
681
678
687
678
678
679
679
681
679
677
683
679
679
677
683
679
679
681
684
683
677
681
685
679
678
681
685
677
677
678
681
679
681
677
677
676
679
677
685
678
679
683
683
683
684
681
679
677
685
679
679
679
678
683
685
681
677
683
679
679
679
678
678
681
679
679
679
679
682
677
679
678
678
678
679
677
685
687
679
678
681
679
685
678
679
684
679
679
678
677
678
685
683
679
679
679
683
677
685
679
685
681
683
679
677
683
683
683
681
677
679
675
683
678
684
677
679
678
678
685
678
678
675
681
683
683
679
678
683
678
678
679
677
678
677
678
677
677
677
678
685
678
678
677
681
678
679
677
683
678
679
678
683
679
683
677
684
679
678
677
678
679
679
678
679
679
685
679
683
678
679
679
683
677
681
679
679
681
679
679
677
678
677
681
678
677
675
678
677
677
678
683
679
678
683
681
679
683
683
678
679
679
674
679
685
683
678
679
679
679
679
677
678
677
681
683
678
685
683
677
677
679
684
677
678
679
677
679
684
678
678
682
678
679
677
683
677
684
685
683
679
678
678
678
677
679
683
683
678
678
677
683
678
679
678
679
679
683
679
678
678
677
678
678
684
677
681
677
677
677
677
678
683
681
683
678
678
679
684
683
678
677
685
685
679
683
678
679
679
679
678
679
679
679
685
683
675
679
678
679
679
679
683
678
678
683
678
677
677
679
684
677
681
683
679
685
678
679
677
679
679
684
677
679
679
683
681
683
683
681
679
674
685
685
679
683
677
683
683
683
679
677
678
681
679
678
677
679
683
678
679
679
683
679
678
678
683
679
678
685
683
683
678
679
678
679
679
679
683
678
678
679
678
679
677
683
683
678
676
684
678
679
677
683
679
679
678
679
679
677
685
683
677
675
679
678
678
683
678
677
679
679
681
687
679
678
678
678
678
681
679
679
675
679
677
677
678
678
681
683
679
679
678
678
683
678
678
683
685
679
681
678
680
679
679
685
679
679
682
678
681
685
678
678
677
677
679
679
678
683
683
684
678
683
678
678
685
687
679
681
675
679
683
679
683
679
679
677
683
683
678
683
678
678
678
678
679
681
685
677
681
678
678
683
678
679
677
678
684
678
683
677
685
679
679
679
685
683
679
681
678
681
678
679
679
683
678
686
683
685
678
677
679
678
678
679
678
677
684
678
679
684
683
683
685
683
683
679
678
677
678
678
683
685
679
678
679
679
678
684
678
681
683
677
678
679
679
679
678
678
679
683
678
684
678
679
679
678
679
679
678
679
681
678
681
685
684
683
678
685
680
679
678
683
684
678
679
685
683
678
679
679
683
678
679
679
677
679
679
679
679
681
683
678
681
678
681
678
683
683
683
683
677
685
679
678
685
679
679
678
679
679
679
677
675
681
683
683
679
683
683
683
683
679
678
679
679
679
678
685
678
679
683
679
679
678
679
678
683
678
683
678
678
679
683
678
679
678
683
677
679
679
683
677
678
677
677
678
678
675
678
684
679
679
677
679
675
677
679
683
679
675
679
679
679
678
677
678
678
683
679
685
679
683
685
678
683
679
681
679
683
685
678
677
677
677
678
685
675
679
684
681
678
677
678
677
679
685
678
679
678
681
678
679
681
683
679
678
684
683
679
683
675
677
685
681
679
679
678
681
677
683
679
685
679
680
679
679
679
683
675
683
677
678
685
680
679
680
683
678
679
679
679
678
681
679
678
683
677
679
679
679
683
684
683
679
679
677
682
677
678
683
679
679
685
687
683
679
679
678
685
678
679
675
677
679
678
679
685
685
678
678
679
679
678
678
678
685
679
679
677
684
683
679
683
677
685
678
679
678
685
683
675
675
1037
1247
1003
1367
1211
1415
