437
429
439
439
437
433
438
429
439
429
431
438
429
428
438
429
434
430
438
434
439
438
430
439
435
434
435
438
439
435
431
435
434
428
439
438
439
438
427
435
435
438
439
430
427
438
438
429
427
434
427
433
429
439
429
435
439
428
435
439
434
427
433
435
427
429
438
429
428
435
439
429
431
434
438
439
438
433
429
428
428
435
439
437
430
439
427
428
427
435
438
434
437
435
438
427
427
427
439
429
433
439
433
429
427
429
438
433
438
438
427
427
438
435
439
435
437
439
435
429
439
438
427
428
439
435
431
435
431
438
429
435
439
431
431
430
429
438
429
437
439
438
433
427
435
439
429
438
439
429
438
434
433
429
439
439
437
427
439
431
427
439
439
430
427
438
429
439
438
427
428
438
427
431
427
439
431
439
427
427
438
438
435
438
438
429
429
428
427
439
431
434
438
427
439
438
434
429
429
439
439
429
434
435
433
429
439
439
435
431
433
428
429
439
433
428
437
435
434
429
435
438
427
438
427
434
438
438
438
438
434
438
427
434
427
429
428
427
429
427
438
428
438
439
433
435
427
438
438
427
438
438
429
429
435
431
429
427
438
427
438
431
439
428
439
429
433
438
433
439
438
431
429
429
429
439
427
431
429
438
427
429
438
439
439
428
439
439
431
429
435
429
429
438
427
435
434
439
438
431
438
427
435
427
435
438
427
433
439
439
432
428
438
433
428
428
427
427
428
439
427
438
435
427
435
439
435
427
428
435
428
438
438
427
428
429
438
438
427
439
438
434
437
431
429
439
429
438
437
438
433
435
427
437
427
438
438
438
438
439
429
427
435
431
433
435
438
431
437
431
439
438
434
427
429
439
438
433
435
431
439
438
438
427
434
439
435
428
433
427
427
433
427
439
427
435
431
429
439
438
431
428
429
429
429
427
439
434
438
428
438
438
439
428
438
433
427
429
428
427
429
434
438
431
438
439
434
438
439
439
438
439
437
429
431
433
438
435
427
433
435
439
428
427
427
428
438
427
433
429
427
438
434
429
437
439
435
429
429
434
437
439
438
439
439
435
431
439
435
429
438
438
438
428
427
437
437
439
439
431
429
434
427
438
438
434
427
439
429
439
431
435
437
433
433
432
438
439
429
429
435
427
426
427
429
427
438
428
435
435
439
427
433
438
439
428
439
439
429
437
439
427
427
434
427
427
427
428
436
428
434
428
439
438
438
438
435
435
427
437
428
439
437
438
429
438
435
427
433
438
429
429
430
429
439
427
439
438
427
427
438
437
438
433
439
439
431
431
429
433
431
438
439
438
438
429
429
438
428
431
433
438
439
438
439
431
433
434
438
432
438
427
439
437
434
433
429
431
434
428
439
439
431
435
435
427
433
427
431
437
429
433
438
439
435
142
142
142
142
142
142
142
142
142
142
142
142
142
142
142
142
142
142
142
142
142
142
142
142
142
1483
430
430
433
434
438
438
437
429
434
431
435
427
438
427
431
431
437
427
434
427
433
427
436
428
435
438
427
433
431
437
431
435
436
431
435
437
437
438
435
431
433
427
431
429
437
435
431
437
438
427
437
427
429
437
434
438
429
438
437
429
427
438
438
433
431
438
438
435
437
427
431
427
438
428
439
429
427
429
427
439
438
431
435
427
439
438
433
433
427
427
438
432
429
435
439
429
428
428
438
427
437
434
438
435
433
431
437
429
433
427
438
431
429
428
438
433
427
433
429
433
435
439
427
428
434
429
429
438
431
438
435
431
427
427
429
439
427
434
427
435
434
438
439
427
429
439
437
433
428
438
438
435
439
435
429
435
431
433
438
428
427
439
439
438
437
439
439
429
427
433
427
433
439
434
438
429
437
438
427
435
437
439
428
427
433
439
427
431
438
437
428
434
434
437
437
427
433
435
438
437
428
437
428
431
437
427
429
439
429
427
431
432
427
428
437
427
438
435
427
433
438
439
438
427
437
427
427
433
439
438
435
433
438
431
435
428
429
438
439
427
438
439
431
438
437
438
429
434
438
431
428
427
439
431
438
438
429
438
429
429
439
438
437
427
435
437
439
439
427
438
439
428
438
431
429
438
428
438
429
439
427
431
435
437
439
428
430
438
429
433
433
428
438
439
427
429
439
439
431
439
437
428
438
429
431
429
428
435
428
435
438
439
438
438
439
433
438
438
435
427
439
427
435
439
428
437
439
439
438
429
433
427
438
431
438
431
429
429
427
430
427
434
437
431
439
439
427
431
439
435
431
439
438
429
429
438
427
428
438
429
427
438
429
439
429
427
437
427
429
438
429
429
438
434
427
438
429
425
868
679
175
392
805
