1107
1331
983
1091
983
1147
1027
1207
863
1187
995
1091
1059
1199
975
1127
1091
1307
1107
1019
1023
1255
959
1283
1010
1095
1118
1339
995
1171
1067
1267
1050
1271
1023
1210
1059
1223
1027
1243
1019
1123
1155
1351
867
1187
1050
1295
1055
1175
923
1343
1003
1111
1167
1267
1043
1263
1123
1227
1067
1211
1194
1267
907
1211
1014
1411
1071
1311
1151
1195
979
1083
1003
1147
1055
1310
1014
1383
1135
1299
963
1355
1011
1239
1063
1227
891
1247
911
1038
975
1139
1055
1135
991
1158
1107
1311
1002
1063
959
1179
995
1235
939
1255
1098
1283
1166
1183
983
1151
1027
1186
1083
1190
1115
1371
1095
1183
1019
1315
914
1187
1127
1170
939
1283
1015
1319
1111
1163
1122
1247
1063
1319
967
1135
959
1267
851
1195
1027
1223
999
1271
1075
1295
1011
1319
1047
1215
1071
1291
931
1223
1103
1363
1007
1214
994
1246
1091
1251
903
1171
943
1151
1134
1075
915
1079
1122
1378
1074
1119
1014
1251
994
1199
1047
1110
955
1131
1047
1239
1091
1187
1003
1295
979
1179
943
1311
983
1187
1059
1163
1047
1163
1198
1255
923
1194
843
1191
1099
1422
1003
1271
911
1367
1023
1323
983
1079
995
1338
1063
1223
1087
1318
1055
1242
1039
1183
1015
1295
1003
1207
1047
1147
987
1251
1059
1323
1150
1267
1031
1298
1055
1187
1155
1195
927
1111
939
1175
1094
1206
1075
1195
1023
1415
1163
1167
1107
1239
891
1187
1011
1307
955
1163
1043
1219
967
1195
1071
1226
979
1339
1039
1171
1059
1271
1075
1298
979
1135
987
1151
1035
1215
995
1190
1039
1299
1071
1195
931
1202
1023
1247
1107
1215
1047
1187
1003
1206
963
1359
1022
1319
1015
1247
1083
1183
1007
1347
1051
1147
1095
1123
963
1099
1167
1215
959
1115
1127
1259
995
1142
1074
1139
1099
1154
971
1339
1059
1155
1019
1155
1135
1203
947
1159
1003
1298
863
1223
1063
1198
1023
1151
1043
1179
1075
1106
983
1219
1035
1299
951
1251
1027
1183
959
1255
955
1275
1043
1134
1023
1279
1011
1227
1031
1195
1047
1311
1051
1275
971
1203
971
1163
971
1135
967
1263
1119
1143
1159
1343
963
1251
955
1355
987
1091
1043
1167
1039
1051
1207
1294
1039
1311
943
1363
1007
1287
1003
1259
931
1167
979
1347
987
1111
1023
1399
1039
1231
1107
1266
1067
1130
1131
1135
899
1211
990
1191
1010
1243
1102
1219
887
1199
1147
1259
1055
1223
1039
1182
1014
1215
911
1178
1123
1210
1023
1183
995
1231
1131
1203
1042
1099
1063
1111
1039
1295
1043
1231
918
1295
1042
1323
1011
1031
951
1366
1091
1082
1083
1011
1091
1210
923
1151
975
1170
1067
1247
1079
1307
971
1343
1075
1311
1006
1231
843
1278
1043
1279
1043
1243
1071
1291
926
1123
651
935
727
943
867
1207
971
1223
807
1187
939
1239
955
771
1099
1079
1123
1019
911
1103
875
899
1115
1039
1043
931
1050
887
1027
943
987
1011
983
934
975
919
959
927
1151
879
895
1031
1127
919
1019
1007
907
1054
999
1055
923
1042
938
1179
1131
951
855
986
943
1051
999
919
983
978
891
1063
1031
1055
1066
959
991
735
899
827
931
1007
1123
1054
1023
1019
1158
919
1087
1019
1091
963
1067
879
1107
1014
1043
915
1003
791
1011
1091
1082
922
979
1031
1055
1131
930
1063
919
979
995
1075
979
862
963
1127
815
1087
971
1115
1051
903
883
915
887
1063
1083
927
1083
1011
1055
998
1111
959
911
1011
962
1227
935
851
1063
939
1027
1019
983
1003
1023
954
963
1003
951
1055
927
1011
1051
1035
1119
879
935
927
963
938
966
923
1007
855
1066
887
991
995
1058
1015
883
910
1055
971
1066
943
1127
1051
1023
971
1123
1006
851
838
1015
1147
843
1007
899
867
1051
995
987
1127
827
1131
982
1023
943
979
1055
1107
911
1147
1003
938
991
931
1079
1043
947
943
1035
1031
963
999
995
1027
1071
895
1115
955
1047
915
911
947
1007
851
1031
899
1050
1102
1095
931
931
879
1007
1175
999
919
975
983
1015
891
935
1043
915
927
1051
1071
1019
983
1019
963
1103
1079
1135
1079
1003
1222
967
1047
959
903
1051
1047
1135
1035
987
967
907
1015
1039
951
1086
959
827
927
1051
1034
943
1007
1006
974
1079
1006
879
923
1074
991
1059
995
1043
1115
1123
1019
1083
1059
1051
1051
1063
843
1095
943
1014
971
1131
903
955
1058
1026
966
943
935
923
1139
967
1051
1179
999
1119
967
1135
1011
931
931
1043
1123
1015
959
1027
971
983
1047
1067
1075
975
1019
983
979
1075
1007
963
1007
959
883
923
999
1075
971
951
931
1051
1063
1339
1203
963
1063
999
1119
1011
803
1038
823
1059
1067
959
1027
1055
1015
975
987
1067
935
975
1011
1043
883
975
991
1047
1043
1091
1010
939
1123
899
903
915
955
1179
1106
1067
915
1031
1047
951
963
887
1095
959
1051
1127
922
1030
963
1055
967
1202
1063
911
927
999
1035
955
962
1135
967
1039
967
1063
935
859
1031
907
1130
915
879
1131
987
1043
1055
963
987
943
1111
799
1019
1011
923
979
911
975
995
1023
963
1027
1147
983
963
987
1058
990
963
1019
795
1054
946
1035
999
999
959
903
1147
987
875
987
879
1075
807
995
947
1143
947
1127
1071
1039
950
962
975
1131
1131
1011
935
979
919
1023
1003
962
1067
1039
827
959
1059
1063
1119
911
1054
1099
1103
1079
1035
979
1003
999
951
1075
986
1079
1043
1099
1035
1059
1055
870
899
923
1031
959
947
894
1023
1618
1919
1167
267
823
1555
