910
1163
1011
1198
991
1106
1118
1231
1033
1189
894
1082
985
1139
975
1123
921
1211
975
1155
839
1058
987
971
1071
1011
929
1243
907
1157
887
1235
1087
1294
751
1246
851
1199
1007
1097
995
1167
985
1175
890
1142
931
1071
969
1071
875
1127
1055
1155
1026
1079
911
1115
1015
1263
1029
1218
1014
1195
1050
1247
1022
1243
1123
1226
954
1253
957
1098
943
1261
962
1179
903
1043
999
1194
919
1079
842
1282
887
1165
1009
1147
858
1165
871
1231
995
1139
987
1142
1010
1206
1054
1091
959
1115
939
1107
887
1147
939
1103
939
1239
963
1222
1037
1226
883
1194
963
1091
923
1314
903
1167
877
1021
1034
1295
1143
1139
1030
1067
973
1203
947
1091
1106
1195
966
1115
863
1115
921
1275
927
1071
983
1295
863
1086
946
1083
958
1161
966
1259
923
1187
853
1197
978
1203
931
1239
947
1203
899
1171
963
1290
983
1154
829
1299
986
1251
911
1103
1047
1059
926
1226
950
1171
818
1127
923
1063
905
1045
1075
1151
1051
1197
939
1194
1010
1035
951
1143
1019
1109
1034
1226
1035
1123
1023
1155
918
1211
1010
1283
959
1227
979
1199
882
1146
935
1026
987
1222
1045
1083
1023
1159
999
1354
891
1161
1038
1203
798
1190
945
1147
1030
1075
1114
1137
1171
1179
1046
1077
1083
1215
894
1247
1019
1142
811
983
1018
1131
879
1211
1047
1211
1039
1249
971
1151
931
1183
887
1143
1025
1243
903
1173
1099
1146
1106
1183
851
1202
1047
1119
922
1250
859
1155
906
1149
910
1090
993
1243
979
1143
851
1043
881
1170
907
1189
983
1078
1023
1155
911
1187
1031
1409
994
1166
923
1178
887
1047
1045
1230
926
1169
1058
1371
1038
1051
1007
1274
998
1091
1123
1231
1035
998
1094
1265
1014
1239
933
1097
915
1175
1051
1171
1005
1203
991
1271
942
1089
1074
1138
883
1043
994
1203
1011
1163
1035
1155
1031
1191
1119
1119
971
1099
783
1115
814
1219
853
1183
951
1130
871
1211
918
1287
1051
1255
839
1123
953
1150
959
1021
919
1247
851
1115
975
1130
1143
1075
1010
1287
999
991
951
963
883
1205
871
1037
1018
1103
943
1295
962
1115
979
1187
1074
1099
823
1195
1058
1185
927
1243
1142
1139
951
1171
939
1158
1079
1227
954
1401
886
1027
1111
1049
1021
1159
882
1035
1051
1151
954
1243
915
1059
967
1067
1035
1263
1059
994
955
1142
970
1171
974
1171
970
1203
1039
1030
1035
1135
951
1215
770
1191
1075
1151
1018
1051
999
1095
957
1167
946
1199
935
1167
1015
1163
885
1243
1099
1079
983
1213
1067
1069
918
1219
831
1179
1039
1127
1039
1110
950
1143
1019
1061
1043
1199
1027
1285
894
1034
702
991
703
803
851
1183
931
1278
995
1103
1042
939
906
970
895
882
989
1003
814
830
715
959
970
871
995
815
933
911
858
942
1023
943
987
899
1059
875
931
1001
795
823
1014
899
906
802
963
802
933
979
1083
923
1010
899
935
951
954
1006
859
846
859
951
983
903
1029
947
1018
923
855
978
1079
826
1043
906
923
795
1026
971
982
843
1027
862
959
1046
1055
997
1098
921
903
787
907
1047
979
903
946
989
991
1017
799
1021
953
923
815
910
891
874
959
786
995
883
899
995
1079
909
963
883
1067
939
806
967
967
967
967
967
967
967
967
967
967
967
967
967
967
967
967
967
967
967
967
967
967
967
967
967
967
1011
931
923
1014
955
1071
883
894
871
990
843
919
895
998
877
947
899
942
927
882
989
1146
802
1063
903
1003
891
990
927
1039
1015
985
941
955
942
1019
927
954
931
923
1046
986
927
938
1051
913
1002
1085
922
1023
721
983
986
890
895
899
943
1001
863
1039
871
1043
923
1087
943
969
983
1003
1063
922
914
850
879
954
827
999
991
891
934
987
947
1106
998
938
791
938
902
1059
821
1050
826
729
963
1007
963
999
995
806
974
990
1099
862
911
1010
855
1082
751
943
1051
979
923
983
998
962
911
895
886
926
927
894
803
899
923
958
887
747
887
1046
942
931
871
998
890
983
958
991
902
923
763
1007
1021
1041
879
850
853
879
963
1155
1002
875
941
955
898
953
1038
1039
989
957
810
970
843
819
1117
959
1035
991
899
1027
1055
806
823
835
995
978
939
759
903
907
825
927
967
1063
870
954
1014
947
995
934
911
867
835
971
1031
863
755
847
898
962
915
894
963
879
903
911
750
878
955
1086
946
919
814
979
951
967
926
962
891
1046
818
1058
959
975
883
983
1067
1039
927
949
879
829
883
847
1047
1019
965
963
1003
1103
869
1007
935
977
842
1062
977
1017
922
963
882
999
1030
999
898
871
915
975
971
991
1107
979
871
979
883
943
951
958
927
971
1002
915
843
1067
1030
911
1035
1018
775
950
1019
958
963
1069
951
1003
882
1011
1099
894
987
882
918
1075
915
943
902
1187
735
927
859
1023
982
975
863
919
874
979
842
995
931
843
955
861
1019
779
935
971
1015
911
786
942
1087
1031
795
950
871
871
998
919
799
1009
951
894
887
971
955
1034
987
987
891
1035
901
1039
874
1074
883
910
807
1047
895
921
877
1101
911
1043
1007
1043
862
981
855
990
915
855
919
810
911
910
970
1003
955
943
825
814
950
909
925
898
1001
1951
1135
294
1367
1971
867
