939
1035
951
967
879
1231
923
1095
899
1027
991
1103
827
1099
891
1047
959
1051
975
1135
847
1127
895
1031
926
1010
835
1127
959
1079
895
1207
895
1143
919
1003
827
943
807
987
859
955
799
1111
1023
1055
918
1171
959
1095
995
1063
895
1075
867
1163
1035
1123
874
1155
819
1059
783
1119
971
975
827
1054
1083
1035
723
1087
887
1255
819
1047
898
1123
791
1199
955
1143
955
1159
1047
1191
1003
1158
843
1071
735
1119
883
995
971
1135
867
1138
839
1019
859
1091
847
935
807
1275
830
1039
847
1023
823
1115
911
1023
899
1035
751
986
915
1067
815
1075
807
1031
874
1075
855
1143
983
1123
959
1167
1006
1251
967
1171
863
1063
871
1075
999
1059
951
1199
803
1163
871
1219
875
1155
899
963
823
1063
939
1075
983
1039
1031
1275
863
1131
883
859
1091
1039
875
1147
867
1107
950
1035
939
1031
1083
1119
935
1031
779
1039
851
975
919
1059
911
1075
907
1179
1086
891
871
1251
927
1051
827
1103
1023
1215
886
1035
819
1175
1095
943
923
1031
963
1135
899
995
983
1047
887
1135
943
1006
903
1107
887
1103
827
1171
907
1063
819
1027
1003
1163
1003
1163
926
971
859
1063
847
1095
1167
1035
931
1059
887
955
895
1239
767
1015
779
1067
995
1186
967
1319
807
1039
951
1135
943
1111
927
1199
915
1103
803
1271
727
1007
919
1067
951
1171
943
1099
986
1195
939
1027
919
1091
975
995
923
1095
967
1063
1031
1155
910
1079
1039
983
939
1207
935
1103
891
983
975
1051
855
1055
883
1187
963
1283
915
1043
927
1215
891
1107
887
1103
927
1115
903
983
947
1047
883
1207
903
1195
975
1091
999
1203
867
1015
886
1047
851
1071
986
1119
971
935
1035
1199
927
1087
923
1203
731
1195
903
1143
831
1075
910
1039
891
1127
911
1158
955
1139
799
1011
867
1295
955
1083
1015
1155
963
971
883
1011
927
1123
951
1191
891
1223
1047
1091
887
1099
843
1279
763
1171
971
1091
1059
1199
903
1139
1019
1174
943
1027
879
1047
803
1015
991
1046
902
1143
907
987
907
1050
839
1119
827
1023
731
1039
950
1146
911
1123
1043
1059
1059
1135
971
1131
959
1143
907
963
875
1147
903
939
959
1098
887
1199
831
1055
870
1027
907
1111
975
1143
935
1026
747
1135
955
1099
891
979
943
1075
915
1199
863
1167
859
1127
1003
1111
859
1039
915
1095
943
1075
954
1179
975
1171
823
1027
1007
1027
1011
1195
907
1247
903
1131
923
1211
943
1219
983
1207
911
1211
879
1091
967
1055
919
1215
930
1006
991
1143
875
998
579
855
690
835
543
1019
931
1083
879
1015
863
1139
859
735
955
859
863
867
887
763
843
847
931
867
963
831
822
1079
923
1031
875
939
803
951
991
1011
875
863
687
919
811
751
891
879
955
855
939
975
863
874
863
855
863
875
755
774
839
911
878
1027
803
867
915
819
911
826
846
859
959
699
779
775
867
911
927
727
1015
951
971
851
799
979
803
1003
851
871
887
943
955
767
839
771
903
847
799
947
811
975
927
831
763
723
923
887
751
959
935
846
719
903
1007
967
839
863
935
911
983
943
879
811
779
875
995
947
899
915
735
947
835
871
939
775
855
907
863
783
911
875
835
787
1007
815
931
1026
943
855
843
795
807
891
815
923
903
887
711
819
859
795
863
807
895
1003
915
887
903
911
943
767
827
871
863
863
1023
843
835
843
1003
955
711
879
907
667
843
847
927
779
723
803
799
943
799
927
807
891
855
807
967
863
747
691
887
839
1055
891
787
875
859
919
1067
891
1003
903
867
943
831
743
995
899
795
919
827
907
827
755
923
967
995
791
891
846
707
931
931
823
807
871
935
815
910
879
859
859
858
895
1051
915
915
771
759
955
975
799
891
1055
1011
807
775
903
915
891
871
758
999
875
895
955
851
955
747
935
959
851
891
855
779
771
1011
747
847
903
803
911
951
963
931
903
911
935
919
791
835
887
787
891
803
855
942
831
947
835
863
899
1010
866
863
842
843
835
827
871
959
811
803
898
934
883
875
915
927
771
847
871
899
919
827
739
831
831
871
827
839
815
851
727
903
927
691
906
895
939
895
899
775
867
979
827
1035
862
759
831
823
819
891
955
851
903
879
903
819
727
883
923
815
791
807
811
1003
803
855
855
755
887
783
871
903
871
947
967
838
943
851
999
859
835
970
850
887
911
783
759
871
803
823
847
895
899
803
875
923
819
963
827
899
919
963
815
971
971
975
911
951
699
855
955
967
963
939
887
799
1019
914
779
775
835
851
871
863
791
951
819
943
919
939
771
811
791
847
815
843
927
935
915
883
887
875
863
875
799
955
919
1015
859
963
794
943
723
755
743
899
979
715
951
923
983
847
827
791
867
835
843
1003
883
867
859
879
995
963
831
959
959
883
834
867
915
851
999
775
783
979
763
811
711
922
911
835
915
779
799
839
923
975
739
1015
847
739
871
867
843
767
879
915
1051
695
751
747
855
783
950
871
1019
1519
263
1306
483
1406
375
