995
1291
1091
1691
1155
1255
1091
1259
1115
1263
1227
1323
1087
1231
1099
1351
983
1295
1055
1643
1115
1243
1151
1199
1255
1287
1047
1255
1083
1227
1127
1223
1151
1355
1195
1167
1063
1322
1139
1291
1047
1167
1155
1347
1191
1179
1039
1347
1019
1307
1127
1351
1179
1351
1035
1275
1175
1635
959
1315
1139
1351
1159
1335
1102
1327
1071
1319
1127
1199
1131
1662
1079
1255
1127
1195
1191
1223
1019
1207
1091
1263
1127
1291
1135
1239
979
1691
1127
1331
1195
1119
1102
1342
1063
1323
1235
1687
951
1631
959
1311
1039
1279
931
1627
1159
1223
935
1315
975
1263
1215
1287
1199
1642
1107
1243
1086
1287
1035
1327
1091
1702
1183
1275
1187
1651
991
1323
1231
1327
1243
1254
1055
1214
1015
1315
1067
1299
1079
1343
1051
1335
1182
1267
1087
1342
1067
1283
1063
1331
1135
1163
1071
1355
1055
1243
1107
1347
1019
1335
1118
1283
1215
1235
1179
1623
1091
1363
1063
1187
1163
1307
1215
1655
1107
1759
1098
1631
1043
1630
1035
1667
1175
1651
1127
1191
1171
1291
1006
1319
1083
1247
1055
1355
1011
1310
1163
1247
1118
1263
1079
1311
1171
1654
1151
1206
1091
1695
1131
1139
1206
1623
1091
1343
1123
1243
1087
1363
1223
1279
1023
1251
1075
1303
1167
1347
1034
1323
1031
1159
1035
1111
1099
1255
1106
1227
1099
1743
1191
1263
1223
1279
1139
1327
1195
1707
1086
1207
1110
1283
1027
1283
1059
1351
1195
1639
1131
1171
1151
1331
863
1707
1039
1230
1111
1287
1039
1687
955
1331
1091
1699
943
1267
1067
1635
1227
1307
1027
1335
1131
1243
1147
1283
987
1310
1083
1255
1099
1663
951
1663
1019
1687
1031
1331
1003
1235
1131
1259
995
1259
1186
1327
1123
1267
1027
1251
991
1366
1115
1635
1103
1295
1107
1159
1047
1634
1167
1358
1163
1663
1003
1179
983
1326
1155
1295
1083
1247
1043
1219
1179
1355
1103
1251
1075
1311
879
1303
1075
1271
1039
1210
963
1307
1067
1347
1187
1219
1247
1086
1111
1315
1095
1303
971
1355
1099
1291
1099
1291
1175
1275
1071
1343
1123
1263
1079
1295
1259
1315
1055
1347
1143
1319
999
1279
1047
1242
1131
1275
1099
1719
1227
1279
1187
1219
1115
1295
1063
1267
1275
1303
1151
1255
1191
1655
1207
1251
1035
1623
983
1663
1203
1275
1007
1303
1163
1655
1214
1247
1319
1123
1051
1227
1058
1343
1051
1363
1075
1670
1023
1343
1047
1275
1063
1639
1055
1303
998
1263
1087
1303
1187
1239
995
1635
1243
1323
1107
1234
1239
1655
1159
1278
1183
1367
1123
1235
1123
1227
1139
1655
1159
1103
1063
1251
1126
1255
1035
1199
1091
1167
1091
1303
1055
1355
1083
1711
1051
1299
1171
1295
835
1242
911
1211
1067
1251
1023
1767
1135
1187
1031
1339
1111
1179
987
1243
1143
1259
991
1627
1207
1083
983
1023
859
1047
831
1214
1034
1347
1078
1159
1131
1283
1011
1035
1095
1135
1159
1091
1115
963
1151
1079
1191
1007
903
1147
1062
1035
1034
986
1023
1091
1175
955
1079
1031
1075
1003
1071
1039
1219
1123
1095
978
1235
1071
1067
1047
1223
1122
1359
1171
1035
1047
995
971
1070
947
895
931
1047
1039
1139
991
1038
1143
1067
1103
1031
1186
1079
1091
943
983
1103
1062
1018
1035
1091
987
1047
990
939
1027
1091
1055
971
1063
1071
1147
1083
1059
1091
955
1087
1047
1095
1055
955
1095
1063
1235
1107
1003
1194
1014
1095
1083
1111
1135
1159
1159
1067
1211
1067
1191
1155
1431
1431
1431
1431
1431
1431
1431
1431
1431
1431
1431
1431
1431
1431
1431
1431
1431
1431
1431
1431
1431
1431
1431
1431
1431
423
1115
1159
915
1067
1087
1135
1111
1095
1079
1091
995
1123
1127
1011
1074
1063
963
1087
1210
951
1047
1134
935
979
995
1043
1031
1015
1063
1151
1023
1095
919
1143
1095
983
1103
934
1235
975
1171
1151
991
1011
1147
1075
1091
1135
1199
1035
1035
1083
1163
1311
1030
1159
1055
1211
1039
1211
1139
1079
1031
1107
1059
1063
1038
1175
1055
1119
1179
1175
1075
1123
1011
987
1067
975
1139
1003
1027
1095
1047
1351
1135
983
1183
939
1155
1011
1162
1203
1107
1115
1015
1058
959
1015
1091
1059
1103
1183
1095
1083
987
1139
975
1147
983
1147
1051
1047
1067
1243
1059
995
1163
1191
1019
1079
967
1115
1143
943
1019
1039
1055
1111
963
1175
1198
1071
1115
1067
982
987
1114
1015
1107
1199
1151
1027
1019
1054
1131
999
1011
1135
1010
1042
1074
1107
1003
931
1187
1003
951
999
1122
986
955
1027
1098
1247
1003
1259
1059
1175
1047
1147
1039
1167
983
1095
1011
1255
1091
951
1127
1015
1095
1027
1055
867
1039
1099
1130
1039
999
1099
1142
1187
1175
1107
1071
1083
1107
1275
1015
927
1003
1043
1099
1139
1087
995
1015
1039
1067
1247
1075
863
1091
1063
1019
1075
1071
1163
1051
1078
1107
1127
1075
1043
1127
983
1055
1051
1199
1134
1099
1215
1031
983
951
963
1095
995
1207
1199
1135
1079
919
1339
1043
1115
979
947
979
1155
1179
1191
983
919
1219
1095
1215
1015
999
1055
967
927
1127
1003
1103
1175
1071
1115
1091
963
1087
1071
1187
1123
1147
995
1195
1075
1067
987
1047
1079
971
1099
1155
1063
1115
1123
1075
983
1047
1086
1023
1079
1015
987
903
1051
991
1162
1039
1055
967
1023
1019
1119
1219
1075
1119
1043
919
1118
1075
919
1035
1183
967
863
1095
1115
1043
1119
1039
1075
1243
1083
1155
1063
1047
1095
1034
1059
1107
987
1118
1003
955
1099
1119
1091
1143
955
1050
1267
1079
1071
1159
1067
979
1179
1062
963
1051
1122
1047
1027
1055
1119
967
1035
887
1263
1051
1099
1151
1043
979
1063
1183
1063
1019
963
1027
927
1203
1107
930
0
283
290
1519
779
627
