1178
1216
1053
1293
1022
1237
998
1305
1040
1231
992
1222
958
1136
1007
1222
1011
1263
979
1213
978
1257
915
1225
975
1049
1019
1306
958
1350
1019
1238
1130
1259
1073
1189
1106
1253
1009
1135
967
1281
1058
1181
962
1183
1085
1295
1010
1247
1061
1331
1011
1105
966
1159
1021
1235
1113
1262
1069
1170
939
1270
1038
1313
1062
1204
1015
1263
1007
1353
1029
1157
1049
1197
871
1275
939
1217
1093
1221
1033
1359
852
1306
1087
1204
912
1128
930
1218
972
1247
1055
1255
1041
1193
1077
1299
1135
1234
1135
1308
991
1137
1107
1366
1031
1237
1069
1183
987
1197
1013
1231
987
1255
1032
1292
1086
1155
996
1123
1051
1373
919
1219
987
1369
1043
1363
859
1242
1144
1215
940
1286
859
1248
1026
1153
1065
1335
997
1307
1240
1089
1103
1218
1121
1207
898
1293
1195
1340
969
1087
999
1310
962
1183
1079
1191
1000
1222
1071
1298
1146
1150
1067
1058
1001
1170
859
1267
1019
1171
1026
1271
1102
1266
1263
1215
1051
1331
1067
1231
1073
1151
967
1298
1003
1157
1114
1291
1123
1229
1002
1307
1033
1042
1060
1279
1002
1226
1063
1289
1048
1207
1091
1236
1133
1238
955
1381
987
1190
1007
1307
979
1200
1080
1335
967
1230
1090
1194
991
1156
883
1262
923
1106
1006
1265
1029
1363
1214
1308
1006
1297
1068
1303
1011
1271
955
1185
1115
1233
933
1150
1010
1245
976
1379
1170
1106
1120
1273
957
1195
1025
1267
1114
1159
1226
1364
1187
1136
1212
1117
1049
1364
837
1227
1135
1204
1034
1305
1071
1307
1110
1239
1105
1231
1027
1262
1047
1267
955
1320
1100
1435
937
1287
910
1255
1130
1246
1003
1226
1095
1138
1021
1319
1245
1316
939
1302
1047
1205
1095
1262
951
1268
1083
1252
911
1224
1057
1202
1135
1347
1058
1369
1056
1315
1009
1358
1086
1255
1065
1243
1068
1143
1011
1249
1113
1231
987
1234
963
1427
1051
1295
1009
1293
961
1183
1001
1213
1058
1258
1122
1211
910
1279
1070
1142
999
1339
1082
1413
1152
1263
1093
1169
1044
1271
1155
1207
955
1204
1135
1236
1097
1319
934
1386
1038
1257
1077
1234
946
1303
1013
1245
1068
1202
1032
1284
839
1145
1127
1229
990
1195
1086
1298
942
1383
1124
1190
1037
1283
974
1170
1140
1157
943
1284
1109
1279
915
1217
1017
1411
1123
1227
1078
1221
990
1186
963
1179
1243
1260
1026
1156
1023
1319
995
1167
1171
1047
1002
1381
1065
1209
989
1253
1005
1205
1079
1146
1101
1207
1167
1341
1051
1231
1050
1099
945
1215
1160
1247
1169
1283
1074
1105
1073
1215
899
1271
1151
1411
1079
1371
1133
1138
1081
1233
961
1182
1089
1224
870
1236
1029
1177
1067
1365
931
1185
994
1238
1037
1389
963
1137
1015
1265
971
1117
995
1031
771
998
747
867
793
1343
1006
1342
1038
1215
1043
1222
1108
1061
1050
1015
955
990
1014
1078
1073
1047
1094
913
842
1143
947
983
1071
971
1138
1048
1004
998
975
959
958
1015
1019
843
999
872
1121
981
1053
1002
1237
919
987
889
1133
922
951
923
894
1051
1066
877
1022
870
1043
1017
1282
1049
1022
1017
1126
969
1045
881
1027
1059
944
1071
849
1030
1019
1183
1053
926
995
1061
982
979
981
1209
962
1051
948
975
1029
912
923
1036
1053
985
993
1019
939
1025
919
966
1093
1135
963
971
1003
1049
1047
1083
1012
1107
1104
968
1022
931
991
1094
1094
1094
1094
1094
1094
1094
1094
1094
1094
1094
1094
1094
1094
1094
1094
1094
1094
1094
1094
1094
1094
1094
1094
1094
493
969
1111
937
1085
987
937
1008
1113
957
1011
1097
986
1149
1066
967
941
1070
965
1042
1052
957
1122
1081
953
1018
990
993
987
985
1091
993
1057
1006
1050
974
1058
1018
975
1007
1094
907
1074
966
951
801
1028
935
1009
978
962
992
1039
1075
887
1061
1130
957
1087
971
991
975
1005
1005
985
954
1078
947
943
1075
970
974
940
1091
991
991
1015
1092
878
893
1011
931
1159
1117
969
904
945
1034
949
962
1007
982
895
883
970
1059
1002
1001
928
1085
933
1024
1049
1063
1068
898
992
1119
1029
1131
978
1044
1209
951
1025
1007
1059
1094
1018
939
1007
975
991
953
1036
1163
989
1025
1192
986
938
1166
983
1011
1075
886
893
1118
1077
913
1009
1065
861
1018
1096
1071
1047
1003
977
943
1103
833
1233
995
1047
927
1054
978
1129
1142
963
1056
1031
1036
1084
863
979
1059
982
1010
1065
1010
1185
919
962
1043
1041
1063
946
943
1003
998
1027
976
1021
1008
810
991
1054
1176
905
1019
951
1083
955
1015
1031
1082
1026
1075
958
927
1018
1061
981
874
1041
1136
1099
943
1001
995
1065
981
964
1014
903
998
1094
1015
1011
997
978
898
993
963
860
1069
1145
1037
1106
922
982
965
986
1031
971
1038
991
1006
1103
1117
981
1021
978
920
1025
1051
991
1047
1030
934
950
947
1167
923
1020
1062
1009
966
1034
934
986
1029
1053
1123
1074
902
1068
983
1036
967
1049
1082
1080
922
1107
927
970
935
1033
1096
846
935
1023
963
1075
1034
1047
1041
1082
1143
1061
1027
1013
1032
937
1070
870
935
940
1137
1079
907
1085
1070
1068
991
1198
999
1049
973
931
972
854
913
1039
1035
910
1050
1104
1029
1038
1093
1038
986
923
1027
1086
985
1029
910
1136
937
1087
1134
950
974
891
991
1074
971
1075
1150
1143
901
850
999
1039
943
902
1108
1067
1037
1055
1015
926
891
967
882
976
907
1009
1082
1033
1073
1041
895
1083
1029
999
937
1007
1004
919
925
1141
953
1806
2023
2226
2210
2187
2230
