1703
1703
1659
1811
1631
1779
1639
2059
1535
2067
1683
1787
1595
1771
1543
1835
1655
2111
1679
2099
1451
1807
1615
2131
1623
1983
1599
2171
1559
1811
1703
2087
1595
1975
1623
2059
1587
1835
1735
1751
1619
1979
1683
1843
1563
1783
1611
1835
1615
1707
1695
2059
1703
1911
1623
2103
1715
1759
1599
1759
1603
1831
1679
1767
1723
2095
1767
2135
1627
1903
1687
1975
1639
1807
1667
2055
1695
2091
1631
2091
1671
1747
1583
2063
1551
2071
1607
1971
1615
1779
1667
2155
1619
2067
1643
2087
1607
1835
1663
2083
1627
1807
1695
1835
1627
1787
1831
1847
1531
2163
1619
1771
1543
1839
1667
2055
1691
1755
1643
1775
1559
1983
1535
2095
1603
1783
1639
2135
1679
2083
1631
1743
1691
1755
1655
1767
1475
1971
1547
1827
1667
1755
1711
2103
1579
1823
1779
1779
1599
2095
1623
1703
1631
2123
1799
1783
1735
1975
1703
1847
1695
2103
1683
1783
1671
2119
1707
1779
1599
2079
1623
1907
1551
2135
1671
1751
1819
2139
1743
1975
1655
1975
1687
1771
1635
1803
1755
1807
1567
1819
1683
1839
1711
2215
1679
2055
1755
1743
1615
1791
1699
1719
1711
1727
1635
1767
1627
1723
1555
2087
1623
2063
1667
1911
1539
1759
1747
2075
1683
1815
1611
1979
1719
2171
1671
1979
1615
1911
1567
1903
1543
1807
1579
1763
1691
2111
1683
1787
1563
2187
1691
1911
1631
1799
1663
1827
1651
1803
1599
1683
1591
1839
1599
1751
1719
2087
1731
2087
1679
1971
1655
1803
1675
2099
1695
2103
1787
1803
1699
1763
1631
1843
1627
1835
1547
1755
1607
1787
1635
2059
1695
2143
1691
1807
1603
1975
1735
1799
1663
2075
1683
1811
1807
1831
1623
1827
1607
1831
1575
2047
1575
1815
1691
2171
1515
2155
1683
1907
1779
2159
1591
1971
1755
1907
1643
2079
1743
1775
1667
2047
1675
2135
1767
2115
1647
2103
1743
1979
1647
2059
1603
2083
1591
2207
1711
1975
1715
2095
1763
2051
1619
1807
1767
2059
1799
2075
1783
1975
1719
1799
2075
1783
1735
1907
1799
1839
1663
2059
1711
2115
1763
1807
1583
1839
1551
1711
1663
1975
1767
1651
1727
1751
1575
1739
1627
2079
1655
1843
1575
1831
1599
1987
1703
2143
1671
2119
1567
1819
1699
1815
1667
1835
1747
1771
1655
2047
1779
2127
1615
1839
1747
1911
1751
1831
1603
1771
1679
1983
1603
1831
1667
1755
1647
1983
1671
2063
1743
1831
1971
2091
1767
2051
1647
1803
1675
1975
1687
2047
1787
2091
1699
1819
1635
2091
1627
1819
1623
1783
1635
1787
1715
2071
1655
1835
1643
2167
1783
2063
1719
1843
1643
2095
1643
1843
1675
2051
1667
2215
1611
2167
1711
1827
1679
2107
1739
1975
1639
1803
1735
2107
1731
2155
1651
2143
1603
2047
1639
1767
1703
2051
1751
1979
1695
2119
1663
1699
1555
1711
1711
1775
1691
2047
1519
1743
1811
1983
1515
1687
1423
1679
1375
1687
1379
2047
1667
1783
1639
1791
1651
1767
1683
1647
1619
1723
1627
1707
1583
1603
1675
1659
1735
1599
1635
1667
1575
1571
1647
1599
1631
1715
1511
1683
1579
1683
1647
1491
1575
1623
1743
1575
1607
1703
1671
1575
1647
1675
1675
1635
1683
1655
1579
1643
1643
1539
1523
1651
1619
1559
1787
1575
1559
1611
1699
1703
1679
1659
1595
1783
1695
1455
1671
1647
1691
1547
1579
1635
1643
1579
1543
1503
1531
1667
1643
1727
1715
1559
1667
1603
1723
1483
1623
1643
1643
1675
1467
1551
1483
1563
1571
1635
1611
1611
1575
1655
1775
1719
1643
1639
1647
1659
1635
1583
1647
1707
1527
1747
1663
1643
1651
1619
1539
1635
1591
1599
1839
1679
1603
1699
1739
1539
1543
1627
1767
1607
1555
1623
1683
1567
1691
1755
1691
1587
1607
1511
1723
1651
1663
1655
1719
1579
1787
1583
1623
1659
1683
1635
1667
1527
1647
1699
1755
1623
1563
1639
1767
1695
1623
1579
1699
1515
1631
1535
1615
1711
1687
1631
1579
1599
1715
1591
1595
1571
1587
1595
1671
1587
1475
1699
1655
1603
1731
1495
1599
1639
1599
1555
1667
1519
1687
1579
1615
1599
1559
1715
1603
1519
1667
1791
1703
1779
1739
1527
1571
1687
1595
1715
1767
1603
1611
1675
1711
1611
1663
1583
1551
1695
1631
1683
1663
1475
1659
1583
1755
1675
1587
1727
1683
1715
1727
1687
1775
1667
1547
1587
1575
1671
1667
1691
1543
1587
1679
1503
1619
1559
1603
1639
1567
1691
1647
1563
1619
1647
1799
1715
1647
1531
1591
1447
1695
1651
1667
1675
1655
1763
1523
1683
1775
1763
1603
1639
1691
1575
1659
1651
1587
1659
1683
1659
1615
1671
1711
1731
1575
1499
1583
1647
1707
1551
1551
1627
1607
1623
1699
1579
1675
1531
1695
1655
1575
1663
1639
1699
1599
1727
1695
1543
1535
1507
1651
1623
1583
1591
1563
1651
1467
1627
1687
1507
1591
1587
1623
1619
1675
1611
1647
1643
1535
1639
1535
1615
1679
1687
1683
1539
1623
1651
1735
1587
1679
1499
1575
1571
1619
1711
1671
1587
1471
1615
1579
1563
1603
1623
1607
1563
1647
1615
1647
1547
1579
1727
1527
1523
1575
1671
1535
1551
1451
1651
1655
1647
1683
1515
1763
1831
1723
1535
1647
1495
1655
1511
1663
1623
1599
1599
1659
1647
1507
1695
1575
1735
1583
1615
1595
1523
1563
1623
1603
1651
1675
1627
1607
1567
1667
1539
1767
1755
1683
1635
1519
1647
1631
1543
1567
1655
1587
1491
1611
1499
1675
1683
1631
1783
1735
1643
1639
1743
1667
1647
1699
1579
1667
1631
1695
1731
1567
1655
1503
1483
1667
1547
1571
1559
1715
1547
1699
1427
1595
1603
1659
1503
1759
1655
1699
1547
1587
1547
1559
1431
1639
1707
1611
1835
1731
1547
1547
1567
1511
1787
1523
1551
1575
1611
1683
1591
1627
1659
1623
1591
1471
1551
1671
1571
1639
1595
1551
1671
1639
1535
1575
1611
1691
1587
1559
1639
1727
1579
1599
1555
1687
1587
1591
1599
1783
1615
1623
1663
1551
1583
1415
1567
1331
1791
0
2071
