987
1203
1047
1163
1023
1211
835
1315
906
1191
1050
1179
911
1203
859
1083
883
1207
827
1259
1059
1191
1067
971
979
1259
859
1198
987
1211
1022
1147
1083
1251
1054
1375
979
1231
1087
1171
1082
1139
1075
1171
963
1207
1043
1235
1002
1259
1126
1215
1067
1143
991
1147
951
1042
995
1247
875
1206
1003
1195
1070
1154
1039
1211
1082
1083
1051
1283
1155
1195
1051
1199
975
1151
875
1223
1007
1175
1083
1107
1026
1215
951
1211
943
1283
1067
1119
927
1059
1023
1235
951
1238
943
1183
907
1046
947
1159
942
1294
1119
1187
851
1163
1067
1203
1055
1087
1115
1283
1131
1167
1155
1059
1047
1207
898
1251
1015
1082
947
1135
1027
1231
999
1247
1075
1063
971
1327
1019
1179
846
1195
1083
1142
907
1103
1203
1247
1027
1211
1063
1115
907
1242
1019
1247
967
1114
1007
1290
907
1231
927
1127
991
1187
987
1155
926
1207
970
1187
1007
1319
1015
1250
1039
1302
1059
1243
1003
1191
943
1155
947
1047
935
1159
939
1227
870
1203
1127
1163
1103
1195
971
1195
1091
1155
1090
1150
942
1327
939
1099
951
1175
878
1143
1035
1159
963
1187
859
1075
935
1178
1023
1095
995
1187
895
1254
1031
1183
958
1227
1035
1255
1015
1071
939
1151
1015
1263
883
1146
1031
1107
911
1214
939
1147
1099
1251
1042
1215
959
1119
963
983
947
1183
979
1095
815
1211
1062
1247
1015
1226
951
1103
967
1287
938
1187
1010
1367
959
1231
987
1299
1003
1155
1079
1183
947
1355
975
1139
999
1431
1119
1083
891
1135
939
1115
1011
1263
1091
1318
983
1283
827
1271
867
1255
947
1163
863
1231
931
1195
759
1274
999
1190
1050
1235
895
1155
967
1219
1067
1142
987
1086
967
1199
991
1215
1046
1095
915
1207
923
1147
1071
1147
859
1259
998
1311
979
1103
855
1143
1083
1211
1119
1103
1035
1131
1019
1286
943
1103
1031
1206
1063
1131
1103
1287
999
1207
891
1191
979
1203
995
1107
991
1431
839
1143
1190
1190
1071
1083
1155
1239
1179
1259
927
1183
987
1215
1031
1222
1031
1331
903
1099
943
1234
995
1063
995
1179
1047
1187
867
1022
946
1263
1134
1083
951
1099
1003
1203
1019
1187
847
1270
1115
1123
987
1159
1039
1055
955
1175
1103
1114
1047
1207
1015
1207
943
1199
971
1227
930
1099
975
1218
923
1199
979
1239
903
1083
1007
1255
1123
1203
1075
1163
947
1223
1011
1163
1103
1191
899
1299
895
1183
887
1311
1047
1239
967
1223
1103
1183
967
1131
879
1023
1055
1283
854
1079
1023
1239
991
1190
1147
1254
1015
1315
1023
1271
835
1147
1015
1247
919
1367
1003
1107
1079
1015
1031
1171
1014
1227
1135
1239
1119
1167
983
1215
1047
1079
751
1010
679
930
862
1198
946
1119
1074
1174
898
1394
983
975
1043
942
1022
919
915
1027
935
1034
859
1007
903
919
1050
971
995
1031
995
843
899
895
971
951
971
958
939
915
995
935
863
1031
974
935
1007
959
1003
983
883
967
971
987
1007
1011
899
947
999
871
1147
883
1127
1023
1058
791
1134
1047
827
1011
859
827
1003
887
1011
931
958
823
899
959
951
1103
927
895
919
998
999
1059
987
871
874
871
991
923
895
1067
1003
899
991
819
870
1027
891
923
939
955
1075
1031
955
931
923
907
1050
963
1035
959
839
918
931
1119
1119
1119
1119
1119
1119
1119
1119
1119
1119
1119
1119
1119
1119
1119
1119
1119
1119
1119
1119
1119
1119
1119
1119
1119
1119
1143
987
891
987
1003
971
867
890
798
959
879
943
822
1015
883
1027
1007
903
1046
1095
875
935
1111
1003
983
955
931
1103
923
895
1031
987
1087
1083
943
1035
806
939
995
786
907
959
1026
951
1110
967
979
1051
911
1007
963
971
942
1031
959
807
987
1055
947
931
931
991
983
939
935
923
887
975
815
995
947
999
991
1035
1039
1087
958
1015
1007
963
970
843
923
1019
987
971
927
911
1022
863
983
1014
1007
1070
983
923
967
1047
1207
923
931
1059
1070
895
838
902
887
1026
875
1111
915
875
862
1067
1035
1015
875
935
1027
935
1051
907
895
967
975
1035
1095
931
851
911
983
1010
1011
787
1003
799
927
899
1043
1038
883
959
1031
1263
1007
963
883
1062
1039
927
867
803
1011
975
1039
919
974
935
1019
991
1035
927
879
991
1003
947
814
1010
903
998
1039
915
847
887
967
1043
939
1019
835
1078
819
891
887
890
855
967
898
851
943
987
923
999
879
1019
935
1063
802
1043
979
907
995
835
1011
1079
962
979
971
951
1039
1035
1019
979
1022
907
847
995
959
943
943
1039
959
887
1083
987
1039
971
975
1035
839
938
939
911
1115
999
919
1078
831
919
951
887
955
935
1055
1066
1039
1051
874
922
991
951
831
979
987
775
1023
859
991
1050
999
1079
907
967
874
931
971
951
995
954
979
1007
1091
795
1039
1023
871
1047
1043
911
927
1103
986
971
903
1039
1019
1047
843
967
835
947
931
939
874
995
939
891
966
951
906
919
1051
843
1003
1043
935
1039
987
1043
1039
1007
1091
927
875
938
891
1023
851
915
851
919
951
986
855
943
851
975
963
1007
819
1083
879
987
847
951
875
1090
1027
871
1047
967
1058
894
815
987
859
891
907
951
1023
930
883
1007
859
1003
947
951
867
1063
967
842
987
983
919
1019
1015
983
851
983
851
1115
978
995
919
859
839
502
0
1151
883
347
695
