895
1155
951
1039
883
1147
1007
1123
935
963
867
958
879
1099
927
991
827
1071
843
987
887
1035
903
1079
887
1123
747
1042
755
1007
1039
1151
875
1170
959
1035
834
1151
987
1111
831
1043
883
935
991
1054
903
1007
947
1067
883
1135
899
1095
815
1110
795
1107
967
911
895
1051
850
1179
899
1090
931
1111
803
999
851
1075
871
1015
835
1174
931
1030
855
1075
1007
1095
899
999
955
1231
819
1207
779
1027
859
887
859
907
995
863
931
1183
1007
971
775
1058
847
1063
823
1115
891
951
879
1067
891
1171
907
1179
911
1211
867
1099
919
1119
803
1087
875
999
851
938
787
1042
886
1003
971
1075
831
999
970
1123
851
1038
875
1107
915
999
959
982
875
990
918
1067
923
1167
723
1195
850
1055
807
1171
871
1066
719
1159
975
1131
807
1234
843
1143
915
1035
867
1003
867
1095
750
1159
895
1095
1002
1079
955
1051
947
1079
899
1139
823
951
931
1139
951
1199
994
1003
987
1147
850
1131
779
1163
862
1031
863
1031
831
1147
763
1155
763
1071
787
983
879
1211
779
1054
915
983
895
1063
815
1019
899
1007
787
991
759
1107
867
1223
975
1095
791
979
851
915
979
1135
931
1123
931
1067
930
1111
975
1111
847
1047
631
1211
903
971
847
1023
811
827
871
1066
879
1158
867
955
771
1131
915
1083
923
999
875
1203
947
1027
978
1183
1035
1107
898
1019
863
1091
894
979
823
983
875
1003
995
1039
899
1135
1027
1043
883
947
955
1087
835
1087
903
1051
747
1030
854
1214
755
999
843
1131
930
1103
807
1167
1039
947
835
1019
807
1047
955
1071
839
1070
870
1067
863
1083
926
983
919
1151
1010
1015
783
1043
755
1083
787
1059
915
999
1003
1215
703
1007
1003
963
787
1051
867
1099
907
1147
1003
1118
927
1143
927
1239
851
1075
847
1099
667
1055
803
1082
847
1063
866
1007
967
1114
975
1135
887
1058
999
1111
943
1015
1010
1074
911
963
855
1138
851
1051
763
1119
803
1019
723
1139
707
1126
959
995
819
1127
747
1067
943
1139
835
1091
771
1003
991
1039
955
1174
743
963
843
1059
790
1135
883
1063
1046
1159
859
1043
847
919
763
1019
831
1075
1099
1171
854
983
855
1007
851
987
919
1031
959
1151
799
1031
926
1183
815
926
859
1154
1043
1091
979
995
999
963
851
1091
818
1126
846
1063
799
1118
915
1191
862
1119
831
1215
927
1039
895
1063
863
1135
951
1095
771
990
810
1107
783
1087
731
1179
915
1186
779
1027
787
1063
807
1195
883
1043
870
1126
895
767
579
671
575
895
631
1031
1058
1091
1043
1127
807
1111
855
855
779
735
787
699
1027
947
927
851
858
819
831
803
939
831
795
818
879
827
831
767
923
839
919
655
863
927
906
835
807
899
1095
891
895
907
819
775
875
851
851
1059
758
839
771
811
766
763
735
875
931
819
843
723
975
779
879
899
867
722
779
791
827
835
811
979
851
955
955
783
863
835
771
803
746
795
827
859
867
787
974
971
971
819
1123
931
871
803
807
955
810
783
847
899
743
786
791
699
939
875
863
899
802
835
983
979
935
823
775
823
867
807
951
851
859
751
939
863
927
859
871
899
751
806
847
755
935
879
970
815
935
963
883
819
883
815
759
739
858
703
759
695
783
855
962
799
835
947
863
730
843
902
771
959
783
939
883
767
779
799
735
827
843
755
763
819
791
943
755
874
719
871
947
703
911
919
767
747
843
962
967
931
823
895
786
751
863
871
963
835
834
867
919
783
871
863
835
715
891
803
827
875
827
747
743
966
883
862
975
887
803
863
891
879
934
839
982
838
943
819
907
759
835
791
827
787
851
978
846
955
951
771
899
895
923
755
955
819
783
959
1015
803
955
843
839
919
670
803
931
863
871
838
799
859
847
731
839
723
787
959
975
943
899
814
875
899
903
731
927
703
911
939
859
775
610
775
751
954
907
871
871
767
843
859
955
899
695
807
831
899
1031
923
827
843
959
926
863
839
927
939
755
866
747
895
894
715
991
898
947
815
999
867
955
879
710
807
683
822
726
719
903
727
887
815
951
839
955
727
759
815
811
711
791
899
915
906
1007
879
803
839
779
706
727
746
882
935
935
895
810
791
839
819
1011
907
919
735
951
823
915
767
903
1047
867
971
695
695
979
871
983
863
863
698
798
810
723
919
751
735
779
975
851
827
795
895
915
946
799
926
875
891
967
839
855
831
847
719
923
807
755
687
1011
751
851
903
835
859
783
795
979
847
1082
863
939
915
1095
886
1027
859
838
862
839
827
923
771
723
866
831
943
759
823
907
775
987
715
931
823
955
783
859
847
895
811
855
890
699
931
974
795
943
827
883
967
887
963
903
967
947
863
871
739
783
835
847
887
998
787
823
851
819
831
775
887
847
979
855
858
791
867
907
791
851
863
847
1035
859
875
871
947
975
883
807
783
843
883
835
839
903
835
955
870
899
731
767
911
823
747
831
907
1483
1587
699
1071
1450
1459
