748
947
897
1035
775
1015
795
1041
767
1008
807
919
838
1031
828
1073
848
1159
839
1158
787
1207
891
871
795
1082
879
945
784
933
819
1162
811
1059
828
1187
874
1015
907
1055
977
1025
786
1115
891
963
851
979
843
999
839
933
774
1043
863
886
837
1102
941
1044
675
979
837
1123
896
1115
906
1081
883
1022
859
1053
819
988
743
1019
927
1087
879
1162
820
983
871
1001
726
1261
1037
1062
925
933
938
1189
819
1005
855
1126
713
974
811
903
1006
1009
974
976
899
935
783
1153
795
1149
1010
943
858
1062
941
975
995
1078
773
878
806
1053
958
1046
931
1158
763
1113
842
1023
750
1223
967
1071
965
1109
807
1123
898
1095
886
1162
929
1014
818
1087
914
1073
881
901
913
1102
947
1022
943
1025
899
1079
787
1017
869
1017
939
1103
921
1101
783
1102
838
1086
808
1012
953
1053
886
1064
879
1007
953
1163
766
1058
909
1078
889
1054
839
1166
911
987
753
1015
1010
951
932
997
919
1082
771
1077
911
986
715
1119
983
1175
819
1028
789
927
798
1086
847
1079
934
994
1034
987
763
979
655
955
838
1115
889
983
765
1089
722
1023
895
978
833
1103
807
1094
894
1044
937
1033
975
1063
911
1078
887
1192
853
1038
831
1083
902
1007
749
1199
878
1002
778
1084
856
1059
777
971
766
943
717
971
714
1024
884
1082
745
1189
890
1099
991
1101
914
1041
855
1038
863
1221
823
1030
851
892
689
1118
735
1206
755
1139
901
1106
862
1091
864
1085
939
955
1040
920
909
995
839
971
874
1025
982
1059
741
1130
951
1025
828
1134
735
1048
854
1230
892
1144
969
1119
834
1109
897
1033
905
1181
763
1051
757
1151
802
1159
821
947
766
1054
1005
1035
701
975
834
1091
758
1027
923
1045
945
1078
909
1101
798
930
946
1106
936
980
814
1121
1015
1090
869
974
794
1017
925
1075
817
1043
839
1060
981
1045
874
937
812
1039
839
1039
695
986
902
1003
880
1093
841
898
947
1084
833
1069
678
1137
744
1079
803
1041
817
1024
994
1062
906
1057
887
1061
817
1054
895
979
863
981
793
1059
885
1021
863
1097
819
1071
823
1081
716
1046
937
1136
807
929
899
1157
861
983
902
1062
847
1149
810
1065
755
1017
711
1031
700
1079
770
993
765
1033
1017
1153
919
905
826
1062
935
1053
798
1031
767
869
904
1127
946
1070
938
1076
976
979
797
1093
916
1075
855
1069
775
1129
847
1061
903
1113
839
900
958
1101
921
973
729
1114
805
1109
860
987
827
1067
894
797
595
857
395
756
612
1019
782
1057
739
941
849
1132
776
973
855
743
857
815
801
787
762
811
805
742
913
757
844
974
766
839
837
953
843
776
914
983
867
791
799
918
935
692
738
794
912
657
815
693
923
709
871
772
701
815
797
837
741
788
866
762
890
711
854
796
875
807
902
807
817
773
670
879
865
554
951
790
781
714
777
935
861
781
911
855
789
717
795
874
812
893
964
791
853
675
891
742
797
882
803
866
943
721
801
735
799
853
585
731
737
787
829
970
774
761
727
781
770
747
696
776
776
776
776
776
776
776
776
776
776
776
776
776
776
776
776
776
776
776
776
776
776
776
776
776
776
749
744
697
796
649
836
707
882
815
767
697
713
811
1042
701
791
792
736
831
783
843
788
664
789
670
827
783
767
779
763
704
915
851
955
751
609
753
769
772
869
896
799
799
927
790
899
843
934
809
764
781
709
671
896
810
886
703
787
763
606
872
810
798
621
813
671
835
819
813
791
943
823
889
789
751
830
715
773
815
776
741
845
763
853
874
855
802
662
760
835
739
825
863
599
861
816
687
894
819
750
774
795
905
821
849
963
757
750
729
757
726
774
663
652
735
751
754
746
659
901
699
886
868
837
716
925
644
823
962
828
919
803
1034
701
753
657
760
857
712
861
866
832
779
791
811
671
828
809
738
687
763
891
815
818
889
945
635
865
749
915
787
937
853
915
819
788
774
911
743
701
846
779
597
952
827
881
699
773
697
841
904
802
939
779
694
704
903
755
675
717
853
814
715
945
897
839
770
707
869
877
812
863
710
755
906
713
855
766
865
882
710
845
850
806
715
843
698
706
693
798
746
886
845
681
697
866
707
827
737
890
825
846
993
873
811
901
727
819
884
875
797
847
799
882
749
761
737
881
877
747
907
896
579
832
853
883
835
753
781
821
869
820
949
723
799
803
828
862
891
875
775
925
879
754
725
741
858
843
751
621
818
830
718
921
725
846
899
862
854
773
765
811
822
753
725
790
825
746
845
842
890
851
786
890
816
799
783
811
725
850
826
777
777
803
977
759
751
753
882
956
847
861
767
800
935
702
863
830
791
899
858
782
698
831
930
921
931
855
815
793
853
824
833
894
846
806
814
756
756
936
798
969
648
902
774
850
711
687
714
847
796
783
726
833
855
887
767
686
599
688
790
809
767
758
735
1183
154
439
0
1197
1135
