1223
1543
1287
1435
1315
1471
1519
1795
1263
1735
1299
1471
1355
1491
1343
1535
1327
1731
1323
1795
1267
1395
1319
1539
1251
1743
1527
1543
1447
1551
1211
1479
1391
1547
1199
1847
1455
1427
1439
1531
1135
1443
1523
1791
1239
1519
1407
1795
1383
1847
1307
1775
1239
1758
1395
1555
1339
1451
1415
1471
1295
1531
1366
1771
1358
1387
1363
1715
1438
1523
1299
1519
1387
1715
1271
1755
1295
1551
1159
1775
1267
1451
1355
1479
1247
1447
1275
1551
1455
1407
1387
1475
1303
1715
1275
1774
1331
1523
1335
1811
1363
1711
1419
1783
1275
1767
1371
1431
1391
1483
1335
1435
1275
1499
1246
1427
1235
1479
1294
1495
1355
1759
1327
1519
1191
1767
1335
1879
1319
1535
1447
1719
1391
1455
1375
1539
1227
1539
1423
1807
1299
1503
1343
1451
1315
1427
1383
1791
1323
1747
1339
1771
1375
1763
1327
1719
1335
1759
1215
1823
1287
1747
1339
1707
1323
1767
1199
1487
1343
1791
1271
1375
1291
1719
1291
1427
1219
1499
1271
1491
1255
1471
1307
1487
1279
1455
1427
1751
1295
1747
1275
1822
1343
1447
1359
1491
1303
1863
1291
1759
1119
1715
1227
1531
1335
1491
1403
1527
1431
1471
1351
1771
1458
1487
1155
1735
1218
1739
1247
1403
1451
1479
1323
1523
1299
1547
1303
1767
1335
1727
1211
1771
1219
1419
1223
1519
1355
1491
1279
1739
1390
1491
1355
1731
1323
1711
1403
1755
1355
1455
1155
1395
1227
1511
1378
1463
1447
1451
1303
1823
1439
1507
1203
1867
1287
1551
1307
1495
1391
1551
1351
1759
1311
1531
1311
1499
1339
1831
1411
1783
1379
1391
1271
1527
1239
1795
1331
1403
1367
1495
1311
1735
1255
1547
1211
1743
1219
1451
1211
1511
1387
1515
1387
1743
1335
1487
1435
1475
1279
1719
1351
1407
1331
1451
1423
1411
1223
1383
1359
1711
1327
1491
1435
1738
1419
1543
1223
1739
1371
1427
1415
1495
1391
1503
1451
1791
1451
1759
1447
1507
1411
1447
1363
1539
1359
1503
1315
1739
1279
1463
1251
1795
1227
1747
1363
1447
1238
1523
1171
1523
1391
1527
1367
1467
1311
1507
1275
1763
1291
1547
1171
1447
1275
1487
1351
1775
1179
1487
1299
1447
1307
1715
1211
1759
1195
1515
1223
1315
1343
1455
1295
1531
1371
1379
1303
1491
1279
1499
1343
1835
1171
1523
1251
1455
1427
1527
1259
1759
1247
1779
1267
1467
1359
1483
1279
1779
1367
1715
1379
1807
1167
1755
1291
1723
1307
1483
1347
1463
1291
1471
1451
1487
1271
1743
1295
1807
1227
1715
1375
1891
1247
1743
1263
1719
1207
1775
1479
1711
1383
1535
1319
1715
1415
1519
1291
1403
1247
1539
1263
1507
1271
1503
1491
1783
1367
1375
1327
1783
1383
1735
1263
1779
1203
1463
1423
1751
1147
1407
1251
1503
1271
1779
1215
1519
1395
1479
1411
1475
1251
1486
1431
1543
1295
1775
1291
1443
1255
1359
1007
1251
919
1191
1059
1807
1315
1371
1275
1531
1206
1711
1351
1407
1419
1459
1355
1143
1303
1191
1355
1175
1311
1375
1407
1207
1291
1319
1347
1395
1251
1367
1223
1383
1303
1387
1267
1239
1339
1307
1307
1395
1395
1243
1275
1283
1299
1379
1191
1399
1435
1235
1199
1227
1299
1207
1299
1303
1283
1307
1219
1215
1359
1331
1175
1407
1311
1231
1219
1359
1323
1131
1151
1271
1367
1355
1375
1203
1347
1190
1435
1275
1311
1223
1255
1351
1239
1363
1387
1203
1343
1355
1427
1355
1307
1275
1331
1215
1363
1127
1179
1263
1331
1423
1211
1211
1307
1327
1251
1403
1303
1239
1319
1355
1267
1307
1263
1255
1147
1371
1371
1371
1371
1371
1371
1371
1371
1371
1371
1371
1371
1371
1371
1371
1371
1371
1371
1371
1371
1371
1371
1371
1371
1371
1371
1275
1327
1235
1183
1283
1323
1151
1203
1367
1315
1351
1162
1203
1319
1479
1283
1223
1431
1167
1267
1283
1379
1399
1238
1255
1263
1255
1347
1435
1295
1447
1295
1247
1259
1263
1371
1283
1323
1143
1295
1295
1239
1359
1491
1351
1363
1367
1251
1147
1143
1307
1295
1239
1331
1143
1271
1451
1327
1315
1255
1267
1343
1171
1211
1331
1363
1279
1223
1227
1311
1439
1339
1287
1339
1271
1255
1239
1463
1383
1375
1235
1227
1227
1255
1295
1223
1279
1367
1271
1187
1227
1295
1115
1375
1263
1331
1279
1475
1319
1311
1307
1199
1239
1475
1275
1299
1299
1359
1279
1299
1315
1343
1295
1315
1319
1319
1214
1303
1327
1267
1231
1323
1339
1243
1399
1335
1239
1235
1375
1147
1311
1242
1279
1271
1251
1211
1279
1323
1219
1235
1311
1291
1363
1371
1295
1199
1335
1343
1279
1223
1239
1383
1191
1279
1335
1315
1331
1278
1303
1199
1242
1459
1191
1323
1351
1207
1275
1415
1315
1295
1235
1315
1323
1299
1311
1419
1299
1243
1203
1207
1395
1319
1275
1231
1267
1359
1119
1539
1311
1367
1159
1363
1311
1299
1439
1243
1383
1355
1231
1355
1287
1215
1395
1299
1371
1475
1247
1395
1247
1275
1303
1191
1219
1379
1315
1199
1279
1303
1463
1355
1283
1331
1411
1367
1207
1315
1355
1339
1395
1227
1219
1211
1187
1303
1243
1282
1291
1267
1211
1343
1279
1271
1267
1295
1303
1475
1271
1207
1215
1379
1347
1327
1115
1371
1451
1287
1343
1383
1375
1203
1299
1323
1255
1219
1311
1435
1371
1311
1267
1503
1307
1255
1391
1159
1187
1387
1303
1303
1135
1227
1275
1295
1287
1239
1407
1431
1303
1191
1339
1299
1291
1471
1195
1203
1375
1179
1267
1299
1239
1218
1155
1379
1375
1391
1299
1307
1271
1175
1131
1327
1323
1255
1195
1231
1231
1387
1187
1347
1355
1299
1303
1299
1319
1395
1171
1271
1243
1339
1342
1127
1247
1259
1223
1239
1327
1267
1167
1375
1155
1383
1315
1183
1279
1203
1319
1423
1283
1383
1387
1363
1235
1350
1315
1315
1271
1378
1267
1315
1375
1387
1183
1311
1443
1463
1243
1283
1215
1347
1319
1482
1347
1291
1334
1243
1191
1627
691
583
1363
1167
743
