575
807
691
867
646
939
695
971
619
947
819
875
630
915
591
743
703
819
639
923
595
975
703
687
731
903
707
791
503
899
599
963
675
903
799
923
735
751
635
802
703
831
607
799
611
894
719
843
719
839
799
834
707
967
683
775
659
843
671
891
631
855
714
899
683
939
875
879
695
883
655
875
699
847
679
727
863
775
615
811
707
863
739
723
807
891
683
887
727
886
671
867
663
959
563
943
655
811
607
1003
667
907
710
983
599
847
535
811
686
975
675
831
779
907
559
839
775
891
715
835
707
835
723
971
695
819
643
903
663
947
698
955
631
839
691
931
699
882
683
999
675
1027
623
847
731
955
695
1011
634
751
715
775
583
691
655
819
779
871
667
871
863
1099
731
907
759
895
779
894
715
847
727
895
679
843
827
875
675
1023
594
991
659
795
471
815
767
1043
787
827
707
851
699
843
774
915
767
835
691
915
807
979
567
887
703
831
711
939
611
867
603
915
687
967
679
915
611
775
627
831
639
903
655
955
687
1003
758
863
639
863
663
883
547
755
727
723
675
875
691
687
743
1015
659
815
819
799
523
759
767
831
734
951
683
887
811
747
791
1099
631
943
739
879
587
679
647
703
727
835
727
855
651
891
583
843
723
911
787
815
531
791
638
851
615
871
695
871
735
971
791
802
731
971
667
755
695
959
699
854
759
915
767
871
515
915
599
959
679
751
775
915
675
747
679
1047
739
975
675
819
679
835
715
919
643
891
627
867
707
1027
571
975
647
931
706
815
687
887
775
943
687
902
759
863
635
803
710
935
751
807
667
879
611
815
639
899
547
963
739
907
615
859
743
898
651
883
603
923
563
891
735
831
895
883
707
927
903
883
751
891
775
851
683
767
675
803
627
1075
695
927
615
967
643
939
603
819
767
931
659
907
799
866
759
927
555
903
743
891
743
911
579
903
731
799
707
987
591
803
651
1043
723
887
787
1007
671
795
787
963
807
763
703
783
587
963
591
670
595
843
727
895
611
899
663
975
699
819
779
943
711
958
627
987
667
855
795
843
751
1135
791
951
678
707
742
855
703
823
775
863
823
995
887
1007
635
743
823
947
579
923
611
947
567
915
831
915
675
883
587
811
775
907
735
859
659
914
819
982
563
871
675
791
667
739
291
503
531
567
367
927
663
891
555
799
619
851
719
671
663
539
663
767
695
667
755
679
671
606
851
763
627
499
663
591
711
611
579
647
651
667
823
702
639
599
595
535
683
683
815
695
755
575
691
831
611
658
775
559
651
647
767
731
707
699
627
695
659
635
639
499
771
591
511
551
611
699
711
571
675
727
671
723
807
775
715
651
651
699
747
687
563
683
767
779
643
639
771
679
671
730
695
667
795
595
627
631
679
787
743
495
631
771
679
595
747
595
867
603
663
591
571
719
655
635
563
595
719
743
591
683
679
623
499
563
707
659
847
543
731
651
655
515
691
567
823
795
615
723
647
566
583
739
719
651
743
615
619
615
615
695
807
647
635
647
783
467
811
651
655
743
687
663
723
687
639
595
682
627
719
707
579
727
763
607
631
734
723
643
639
583
719
755
723
779
579
603
659
639
787
691
599
671
683
587
687
511
654
755
851
607
771
759
671
651
643
659
711
635
671
571
655
687
631
775
707
715
599
711
759
635
727
599
643
731
627
767
659
503
846
575
819
639
863
739
707
642
695
647
799
731
627
651
687
615
595
627
651
763
635
771
547
775
775
727
723
431
631
571
643
651
703
739
571
839
667
611
727
647
699
599
735
791
691
635
695
539
603
643
647
607
727
615
631
607
675
687
811
567
767
619
639
699
611
791
771
615
599
651
647
687
783
619
771
647
623
739
635
583
507
635
667
559
723
635
735
687
559
611
587
759
687
731
639
691
731
583
619
623
807
639
711
679
755
751
611
595
639
655
675
695
795
683
647
687
815
718
663
667
767
667
639
763
579
683
703
619
635
643
795
627
675
623
602
639
847
599
547
627
687
606
591
543
703
687
755
610
691
663
483
571
715
731
803
535
651
723
679
583
731
639
683
683
699
699
679
687
771
559
631
543
555
759
631
587
603
531
651
623
739
655
715
707
687
595
671
615
770
675
699
607
507
651
587
667
691
627
595
623
603
739
559
571
579
571
611
695
619
659
663
615
491
683
739
587
815
627
659
579
635
731
571
655
635
559
699
655
739
670
695
551
707
671
727
718
639
655
767
603
683
623
759
743
667
595
735
715
659
795
703
575
691
715
787
719
647
583
699
655
703
543
627
599
639
671
599
559
511
615
687
547
655
587
599
615
695
659
659
435
523
491
623
503
735
531
667
963
91
0
599
515
