1411
1655
1519
2039
1459
1491
1303
1595
1427
1671
1339
1643
1443
1655
1503
1535
1503
1619
1475
1823
1283
1663
1391
1811
1491
1539
1387
2039
1431
1675
1503
2071
1343
1627
1451
1623
1347
1615
1455
1803
1447
1575
1323
1599
1295
1615
1463
1575
1371
1819
1367
1639
1419
1595
1371
1651
1471
1607
1379
1571
1259
1923
1479
1687
1371
1511
1367
1667
1435
1543
1439
2071
1431
1563
1519
1571
1439
1495
1435
1699
1363
1695
1575
1927
1499
1503
1367
2119
1307
1635
1339
1683
1447
1555
1423
1815
1379
1671
1379
1567
1459
1699
1603
1919
1563
1671
1335
1607
1635
1571
1459
1707
1499
1667
1395
1547
1371
1607
1407
1615
1435
1679
1467
1651
1295
1643
1291
1559
1407
1819
1435
1647
1411
1611
1263
1703
1555
1567
1363
2047
1399
1543
1443
1487
1575
1615
1519
1627
1423
1659
1407
1603
1463
1687
1447
1575
1395
1619
1427
1591
1527
1703
1611
1579
1407
1927
1423
2091
1443
1643
1455
1619
1395
1519
1463
2051
1467
1683
1611
1643
1395
1667
1403
1567
1367
1579
1395
1623
1475
1667
1511
1635
1495
1599
1303
1651
1371
1631
1523
1563
1355
1615
1463
1559
1527
1479
1503
1667
1431
1643
1467
1679
1455
1603
1499
1523
1407
1815
1435
1603
1463
1683
1503
1567
1291
1587
1595
1619
1307
1659
1443
1567
1391
1547
1395
1623
1331
1639
1495
1655
1483
1623
1419
1579
1419
1711
1447
1635
1235
1555
1447
1919
1475
1455
1523
1595
1311
1395
1443
1419
1395
1575
1463
1631
1475
1543
1475
1931
1471
1575
1483
1607
1307
1815
1531
1663
1419
1659
1463
1611
1395
1475
1391
1531
1455
1631
1375
1583
1431
1531
1511
2031
1375
1503
1595
1647
1379
1531
1447
1607
1243
1663
1583
1479
1323
1663
1367
1579
1403
1679
1443
1607
1475
1539
1391
1571
1367
1435
1355
1615
1395
1703
1551
1607
1391
1615
1463
1595
1387
1623
1343
1619
1539
1495
1487
1915
1387
2043
1391
1651
1443
1575
1495
1591
1387
1535
1451
2031
1399
1591
1319
1551
1543
1611
1471
1919
1239
1643
1327
1647
1443
1515
1499
1687
1419
1703
1379
1615
1447
1591
1459
1551
1455
1563
1475
1623
1555
1543
1387
1691
1263
1535
1431
1695
1535
1643
1499
1695
1411
1583
1435
1707
1291
1631
1411
1587
1387
2039
1555
1571
1315
1651
1587
2039
1435
1683
1491
1803
1555
1587
1475
1647
1391
1499
1423
1591
1431
1567
1375
1675
1319
1623
1539
1611
1395
1707
1371
1647
1407
1919
1335
1679
1459
1667
1435
1475
1347
1927
1455
1915
1331
1587
1487
1691
1479
1587
1367
1651
1403
1595
1435
1687
1451
1563
1403
1515
1367
1395
1311
1635
1587
1651
1427
1603
1463
1559
1423
1699
1395
1571
1371
1535
1419
1579
1555
2091
1427
1515
1615
1667
1335
1695
1559
1663
1395
1655
1423
1663
1395
1623
1479
1707
1395
1547
1491
1603
1435
1439
1139
1419
1135
1287
1019
1707
1431
1807
1411
1499
1247
1591
1555
1467
1367
1299
1463
1587
1535
1423
1143
1271
1295
1347
1471
1375
1411
1391
1507
1463
1399
1303
1439
1307
1307
1235
1415
1351
1551
1275
1323
1471
1379
1483
1407
1347
1479
1339
1451
1255
1379
1307
1499
1403
1483
1443
1295
1303
1423
1511
1359
1363
1391
1439
1227
1499
1499
1391
1299
1451
1415
1359
1371
1307
1455
1279
1347
1195
1407
1495
1427
1363
1347
1439
1487
1355
1251
1355
1407
1403
1443
1519
1443
1331
1343
1367
1295
1347
1291
1407
1359
1403
1547
1419
1423
1331
1459
1495
1515
1275
1403
1519
1355
1559
1547
1311
1319
1387
1387
1387
1387
1387
1387
1387
1387
1387
1387
1387
1387
1387
1387
1387
1387
1387
1387
1387
1387
1387
1387
1387
1387
1387
1387
1447
1307
1279
1519
1207
1527
1359
1339
1391
1347
1331
1487
1455
1387
1551
1475
1519
1447
1399
1355
1423
1391
1319
1399
1411
1363
1299
1387
1399
1367
1519
1547
1431
1455
1427
1447
1331
1307
1347
1467
1447
1503
1407
1335
1375
1423
1403
1359
1283
1307
1307
1259
1423
1391
1371
1483
1395
1339
1251
1407
1367
1395
1315
1499
1491
1571
1483
1435
1303
1471
1459
1299
1475
1387
1431
1443
1383
1339
1359
1359
1343
1603
1431
1347
1523
1403
1307
1363
1411
1391
1347
1463
1411
1499
1355
1359
1547
1355
1327
1387
1271
1327
1543
1555
1267
1291
1311
1471
1215
1271
1443
1459
1319
1411
1531
1491
1339
1487
1283
1343
1371
1427
1339
1395
1347
1375
1367
1351
1467
1323
1223
1511
1435
1383
1323
1399
1335
1343
1327
1403
1375
1451
1463
1475
1515
1463
1407
1299
1503
1259
1495
1327
1379
1327
1215
1407
1391
1459
1411
1559
1355
1359
1439
1443
1439
1347
1275
1543
1443
1259
1379
1431
1363
1323
1275
1435
1435
1531
1275
1559
1503
1319
1395
1459
1399
1439
1335
1351
1399
1271
1391
1483
1463
1339
1295
1387
1423
1459
1523
1423
1515
1443
1307
1495
1587
1271
1423
1367
1347
1507
1351
1599
1367
1339
1335
1491
1415
1407
1347
1303
1343
1523
1319
1475
1451
1427
1363
1503
1459
1403
1399
1303
1263
1355
1431
1427
1383
1475
1511
1519
1475
1367
1335
1403
1443
1303
1331
1343
1303
1439
1399
1443
1287
1463
1371
1431
1363
1491
1271
1431
1443
1395
1431
1535
1391
1367
1535
1479
1303
1455
1443
1343
1331
1451
1323
1495
1367
1503
1287
1331
1391
1355
1391
1411
1395
1475
1523
1327
1499
1451
1391
1391
1367
1387
1471
1295
1263
1363
1415
1231
1287
1359
1463
1495
1495
1411
1423
1283
1363
1355
1439
1495
1339
1367
1435
1327
1243
1491
1315
1447
1407
1567
1439
1351
1467
1447
1383
1291
1239
1431
1387
1459
1459
1367
1271
1487
1447
1475
1403
1543
1447
1331
1355
1319
1367
1391
1511
1431
1419
1399
1499
1443
1479
1443
1447
1339
1435
1431
1271
1487
1483
1335
1247
1527
1383
1323
1291
1447
1379
1443
1451
1379
1359
1311
1399
1491
1335
879
1027
1407
1079
0
1831
