1339
1527
1163
1383
1199
1507
1159
1455
1131
1483
1271
1547
1267
1547
1303
1395
1279
1555
1291
1511
1283
1467
1255
1427
1083
1319
1199
1479
1055
1511
1131
1523
1187
1355
1319
1499
1131
1331
1191
1403
1075
1427
1079
1291
1131
1539
1307
1435
1227
1471
1251
1431
1215
1491
1419
1415
1203
1395
1251
1379
1255
1499
1239
1459
1327
1495
1319
1527
1239
1443
1091
1399
1239
1471
1271
1483
1267
1451
1419
1563
1315
1563
1199
1619
1171
1419
1251
1475
1283
1431
1111
1511
1335
1479
1323
1507
1207
1403
1343
1591
1203
1531
1067
1455
1263
1319
1251
1391
1207
1295
1207
1383
1323
1555
1283
1387
1239
1415
1187
1427
1259
1367
1191
1311
1219
1419
1247
1423
1391
1423
1371
1467
1215
1463
1207
1655
1239
1443
1435
1391
1375
1387
1203
1463
1247
1447
1227
1475
1239
1579
1175
1399
1211
1395
1219
1491
1247
1363
1183
1339
1267
1383
1303
1423
1087
1411
1371
1591
1107
1463
1103
1479
1275
1535
1191
1403
1175
1419
1283
1463
1191
1471
1211
1523
1179
1375
1215
1439
1223
1451
1259
1583
1135
1399
1263
1447
1371
1367
1171
1539
1231
1399
1215
1459
1267
1559
1163
1491
1087
1327
1311
1439
1131
1371
1143
1427
1223
1487
1279
1435
1175
1407
1287
1591
1207
1423
1359
1419
1351
1307
1231
1487
1283
1447
1163
1351
1279
1387
1299
1519
1259
1427
1395
1411
1335
1319
1367
1343
1099
1451
1195
1359
1351
1403
1259
1523
1087
1435
1255
1551
1223
1455
1151
1443
1255
1395
1315
1427
1095
1395
1199
1519
1191
1435
1243
1527
1243
1323
1303
1423
1291
1475
1143
1355
1007
1475
1227
1519
1135
1351
1307
1395
1259
1379
1351
1539
1183
1415
1383
1459
1187
1439
1307
1543
1291
1475
1363
1435
1071
1347
1143
1455
1255
1399
1295
1291
1235
1395
1187
1547
1291
1463
1275
1399
1251
1291
1403
1431
1243
1463
1315
1423
1275
1359
1307
1571
1315
1551
1399
1479
1223
1391
1291
1443
1131
1415
1315
1623
1099
1419
1179
1487
1239
1399
1171
1359
1247
1439
1123
1443
1187
1319
1271
1423
1151
1451
1235
1587
1219
1319
1379
1539
1371
1307
1327
1559
1331
1423
1307
1391
1323
1419
1119
1519
1311
1483
1311
1623
1147
1255
1187
1355
1211
1543
1263
1431
1119
1479
1243
1411
1291
1511
1195
1347
1263
1547
1371
1399
1255
1419
1175
1431
1239
1511
1355
1423
1243
1463
1251
1427
1339
1391
1151
1311
1159
1379
1199
1311
1251
1419
1219
1439
1251
1335
1091
1507
1199
1423
1219
1423
1187
1423
1191
1467
1207
1327
1211
1583
1243
1311
1267
1467
1187
1351
1199
1435
1143
1323
1315
1407
1255
1427
1199
1491
1259
1427
1267
1443
1239
1427
1243
1499
1235
1283
1287
1451
1247
1527
1271
1495
1143
1367
1087
1547
1275
1419
1343
1399
1307
1375
1195
1387
1127
1367
1211
1359
1287
1267
879
1243
963
1091
787
1499
1111
1327
1239
1543
1167
1323
1127
1231
1275
1207
1215
1195
1231
1235
1343
1267
1147
1167
1015
1247
1103
1035
1119
1195
1175
1139
1111
1147
1203
1211
1115
1259
1203
1291
1187
1031
1239
1115
1219
1255
1235
1315
1275
1199
1231
1151
1147
1423
1139
1259
1187
1055
1263
1203
1107
1195
1315
1251
1023
1255
1319
1231
1231
1175
1359
1187
1223
1147
1195
1119
1231
1207
1087
1243
1139
1303
1299
1319
1175
1231
1351
1155
1259
1055
1287
1207
1035
1231
1215
1147
1295
1115
1059
1159
1147
1215
1327
1175
1035
1147
1255
1355
1159
1107
1275
1219
1199
1167
1163
1139
1075
1143
1263
1011
1207
1243
1311
1223
1171
1095
1195
1195
1211
1107
1247
1167
1135
1139
1311
1211
1275
1203
1271
1295
1079
1171
1227
1331
1251
1347
1179
1251
1099
1147
1191
1207
1227
1195
1211
1139
1143
1195
1143
1251
1359
1235
1407
1159
1103
1255
1051
1131
1339
1207
1139
1155
1199
1127
1247
1111
1267
1223
1323
1051
1151
1251
1367
1187
1199
1231
1247
1311
1243
1099
1171
1303
1363
1183
1227
1151
1327
1347
1255
1107
1351
1079
1071
1171
1267
1247
1283
1243
1371
1219
1195
1227
1063
1135
1251
1223
1107
1167
1243
1347
1195
1211
1111
1191
1255
1207
1119
1127
1223
1099
1243
1179
1243
1223
1215
1267
1059
1123
1179
1111
1143
1143
1195
1135
1119
1155
1079
1327
1183
1143
1259
1275
1319
1235
1223
1311
1315
1271
1275
1195
1219
1211
1095
1055
1215
1199
1203
1227
1263
1175
1107
1143
1279
1107
1351
1167
1115
1167
1263
1071
1375
1207
1239
1271
1139
1203
1055
1127
1179
1107
1207
1215
1211
1159
1323
1171
1231
1207
1075
1343
1279
1211
1219
1183
1419
1307
1155
1267
1207
1247
1287
1167
1167
1191
1191
1335
1175
1243
1259
1203
1171
1083
1191
1235
1163
1211
1363
1159
1195
1119
1143
1287
1143
1135
1179
1159
1155
1267
1207
1231
1239
1263
1311
1183
1127
1163
1071
1231
1023
1163
1251
1235
1371
1163
1311
1231
1255
1335
1291
1147
1283
1307
1023
1115
1083
1107
1355
1175
1167
1155
1271
1259
1231
1047
1159
1127
1371
1299
1235
1019
1099
1359
1199
1215
1135
1187
1191
1131
1199
1071
1123
1167
1319
1115
1247
1331
1255
1115
1055
1119
1235
1191
1219
1223
1123
1259
1275
1215
1163
1179
1199
1219
1203
1287
1195
1159
1055
1203
1255
1239
1223
1135
1039
1239
1379
1391
1207
1151
1171
1171
1319
1255
1351
1115
1175
1311
1119
1159
1275
1107
1203
1191
1427
1123
1167
1299
1255
1211
1043
1155
1119
1235
1139
1171
1107
1231
1195
1131
1191
1131
1275
1119
1379
1259
1251
1291
1287
1179
1251
1211
1223
1199
1211
1143
1163
1183
1263
1391
1091
1243
1119
1087
1355
971
1211
1123
1203
1283
1155
1087
1363
1315
1223
1123
1255
1223
1163
1179
1247
1131
1315
1171
1195
1179
1151
1187
1139
1179
1319
1087
1271
1215
1043
1175
1123
1151
1215
1183
1231
1283
623
875
0
1439
1403
1011
