805
742
615
726
495
1065
755
875
494
889
523
707
659
815
702
761
631
743
571
939
679
911
623
887
615
767
747
875
646
799
677
879
695
890
838
843
695
835
687
803
651
890
726
799
566
758
667
919
649
910
639
1010
663
903
753
831
578
879
503
847
645
819
731
863
734
923
715
929
735
823
825
827
651
979
649
822
638
943
602
779
823
822
533
801
703
895
710
951
695
859
629
903
777
841
738
803
635
851
659
794
629
791
707
851
871
883
851
873
783
815
623
963
635
947
539
971
763
830
707
783
775
850
642
875
625
919
599
1041
566
965
671
895
646
731
749
769
690
743
559
907
651
1019
807
811
610
774
579
1046
683
847
738
907
679
971
589
877
766
963
697
797
723
790
714
939
815
823
714
783
615
839
710
983
767
802
639
667
723
765
715
898
802
947
674
787
583
771
610
899
745
941
683
999
699
914
575
863
722
898
655
910
482
727
641
771
605
914
647
866
839
835
602
834
714
787
587
875
739
950
647
998
622
851
699
883
670
885
674
631
714
881
735
751
522
850
655
787
563
707
707
922
627
867
670
851
631
871
559
763
503
878
637
771
619
727
634
959
523
803
811
779
717
763
573
727
651
847
663
743
709
967
679
821
655
797
695
919
795
943
731
878
643
886
746
823
742
802
567
735
711
815
591
871
689
905
682
919
643
766
619
927
703
825
651
841
666
945
555
795
690
866
755
843
723
865
630
955
791
871
775
890
663
845
678
771
583
831
605
674
673
878
783
915
530
855
726
783
695
859
669
779
705
823
751
847
567
829
611
831
845
747
775
866
715
715
669
783
667
815
731
845
663
879
766
642
630
891
795
806
683
951
714
991
623
895
759
1014
647
754
691
875
563
767
799
943
570
963
646
942
766
953
683
923
727
895
689
871
682
903
682
911
775
846
719
771
746
839
546
845
815
919
591
1003
711
931
850
883
711
835
779
735
667
927
631
893
689
855
671
787
565
793
783
790
798
858
583
794
719
915
583
798
714
855
690
865
859
875
723
845
667
966
647
983
755
818
707
770
739
883
611
842
667
811
651
835
659
795
691
790
550
741
634
935
597
899
675
878
617
871
682
838
727
862
769
899
715
778
554
767
721
805
685
806
554
743
667
879
723
619
399
638
338
527
533
847
659
775
650
787
531
914
481
666
631
601
667
571
635
471
666
575
598
711
535
654
747
645
615
619
539
631
683
667
655
631
689
531
513
651
678
571
699
763
815
630
631
687
702
591
627
702
565
627
781
698
778
691
533
649
655
530
687
654
525
726
799
721
658
682
695
782
617
611
545
651
782
619
715
619
575
533
633
623
677
661
663
719
635
703
779
623
631
730
735
587
597
546
555
589
567
658
583
663
747
625
746
667
682
651
622
523
578
699
673
581
663
763
707
699
635
601
623
663
434
655
578
750
571
587
635
638
702
647
727
630
711
565
623
543
639
651
663
731
743
611
647
677
843
615
799
643
739
583
734
818
555
695
815
651
603
679
783
566
665
542
683
695
718
755
829
619
551
587
686
779
731
646
691
619
659
639
551
487
639
579
621
723
703
565
647
707
582
695
531
561
626
577
587
567
727
587
542
698
683
495
706
578
626
626
595
571
759
687
670
503
614
587
657
495
522
543
675
703
530
643
643
490
471
749
757
613
515
655
715
866
539
638
599
606
567
643
643
733
651
662
635
710
521
654
666
613
647
685
785
615
635
619
725
737
717
587
803
727
494
495
671
663
643
751
591
679
695
654
555
598
670
523
686
599
623
418
603
654
673
695
559
655
719
658
790
835
525
530
697
690
767
357
619
546
671
467
790
550
651
611
746
707
579
627
679
618
643
703
607
715
626
741
799
583
619
582
731
647
703
627
519
474
571
451
614
609
615
678
666
611
603
719
622
659
694
591
683
554
467
571
623
679
577
507
603
535
790
579
575
577
573
651
599
607
657
515
727
659
570
607
555
687
663
635
591
615
701
583
683
689
631
595
602
489
531
738
783
695
718
643
503
675
775
583
618
606
586
579
559
715
695
591
615
587
641
651
727
819
718
607
646
713
615
654
559
705
755
575
611
562
661
639
507
571
651
607
554
639
614
599
659
635
574
650
675
563
575
661
719
695
527
607
598
643
751
593
609
627
635
665
687
585
743
635
558
694
551
630
714
683
718
589
630
507
697
711
659
647
763
623
522
647
599
674
622
579
631
566
806
697
619
773
630
687
555
581
621
615
723
711
503
675
707
585
507
723
625
710
635
602
659
710
739
671
694
587
562
721
559
599
651
743
743
670
731
599
603
639
682
543
655
573
590
506
982
675
971
1271
0
1091
