1623
2179
1735
2103
1707
2087
1663
2115
1715
1763
1847
1803
1775
1911
1703
2075
1819
2207
1679
1835
1675
2131
1723
1783
1663
2075
1675
2075
1739
1831
1651
2071
1803
2187
1779
2067
1799
2067
1911
1907
1811
2083
1875
1711
1743
2051
1815
2043
1715
1911
1723
2103
1763
2111
1751
2083
1671
1839
1679
1907
1767
2083
1763
2111
1803
2103
1799
2119
1603
1779
1635
2187
1623
2079
1763
2155
1735
2059
1755
2223
1627
1731
1831
2087
1771
1819
1643
1979
1675
2119
1583
2079
1687
2135
1643
2147
1679
2155
1643
2151
1651
1843
1751
1823
1791
2083
1707
1799
1631
1691
1755
1823
1739
2175
1855
2207
1719
1903
1683
2115
1723
2143
1695
2059
1743
1751
1735
2111
1823
2067
1763
2047
1523
2119
1703
2115
1671
2067
1631
2099
1643
2123
1631
2139
1663
1907
1543
2043
1731
1783
1719
1815
1671
2063
1779
2163
1787
2175
1691
1843
1975
2203
1783
2075
1691
1807
1819
2159
1667
2135
1675
1803
1707
1839
1711
2095
1807
1839
1787
2103
1659
1903
1835
2127
1667
2147
1691
1835
1739
1743
1691
2131
1811
1835
1747
2147
1619
2043
1739
2111
1667
2115
1751
2159
1619
2055
1771
2055
1783
2043
1719
2099
1663
2067
1651
2123
1695
1971
1591
2083
1851
2071
1687
2087
1739
2059
1679
1807
1695
2219
1671
2051
1675
1767
1787
1815
1643
2087
1735
1975
1735
2203
1699
2107
1715
2151
1731
1975
1767
1971
1687
1911
1751
2115
1675
2231
1547
2175
1795
2131
1839
1839
1659
1967
1675
2083
1847
1827
1767
2139
1623
2099
1711
1771
1739
2171
1707
2251
1703
1835
1559
2055
1711
1843
1759
2075
1715
2039
1731
2123
1759
1791
1831
2079
1739
2127
1655
1771
1631
1907
1635
2123
1815
2231
1687
1763
1903
2271
1831
2255
1739
2183
1791
2187
1747
2079
1723
1979
1735
2067
1655
2171
1631
1847
1707
2087
1631
2119
1687
2155
1751
2135
1775
2091
1759
2207
1623
2083
1691
2139
1839
1843
1583
2083
1787
1819
1811
1907
1699
1811
1763
2219
1787
2079
1839
2187
1823
1787
1771
2131
1663
1911
1675
2115
1687
2095
1723
1975
1651
2183
1783
2211
1623
1751
1727
2127
1663
2067
1751
1815
1759
1971
1751
2131
1675
2131
1619
2083
1599
1679
1755
2055
1735
1967
1803
2179
1699
1979
1779
2043
1703
2207
1731
1847
1587
1843
1699
2131
1711
2071
1815
1795
1703
2103
1763
1975
1631
2095
1683
2211
1763
2139
1715
2151
1851
2119
1735
2107
1707
1975
1843
1827
1903
2235
1667
2091
1827
2047
1811
2231
1783
2151
1719
2187
1639
1975
1771
2059
1723
2107
1723
2087
1635
1807
1659
2059
1691
2187
1635
2143
1815
2115
1615
2127
1663
2099
1755
2071
1763
2163
1775
2079
1767
1827
1803
1799
1739
2147
1755
2223
1723
2331
1715
2135
1763
2079
1735
2139
1691
2183
1667
1979
1743
2039
1703
1819
1719
1815
1475
1759
1399
1699
1579
2147
1779
2207
1503
1819
1739
1975
1751
1651
1699
1695
1727
1795
1791
1735
1663
1731
1667
1783
1595
1631
1643
1803
1671
1579
1743
1807
1743
1663
1795
1767
1703
1659
1771
1699
1683
1623
1695
1651
1743
1687
1715
1663
1763
1679
1667
1751
1815
1751
1575
1627
1683
1783
1707
1751
1703
1679
1739
1659
1691
1691
1807
1643
1691
1687
1647
1579
1743
1735
1619
1711
1715
1647
1683
1699
1743
1535
1719
1723
1751
1659
1791
1711
2043
1679
1731
1671
1659
1691
1763
1731
1687
1711
1587
1675
1679
1775
1723
1651
1767
1639
2211
1767
1687
1575
1639
1735
1719
1671
1663
1807
1763
1639
1707
1579
1699
1559
1755
1695
1623
1699
1815
1723
1755
1535
1703
1747
1579
1771
1783
1651
1811
1699
1523
1743
1787
1767
1695
1707
1599
1655
1703
1703
1703
1783
1803
1619
1723
1747
1787
1659
1971
1599
1831
1607
1735
1611
1715
1679
1531
1623
1695
1723
1715
1727
1747
1755
1747
1627
1787
1635
1803
1699
1651
1911
1699
1659
1667
1647
1759
1815
1759
1763
1835
1747
1979
1583
1671
1783
1679
1695
1747
1703
1703
1667
1799
1567
1775
1619
1703
1727
1759
1907
1791
1583
1695
1723
1643
1567
1727
1791
1647
1747
1719
1687
1735
1539
1643
1687
1751
1595
1767
1643
1655
1543
1695
1667
1671
1675
1671
1715
1667
1655
1727
1659
1731
1807
1691
1607
1779
1827
1739
1623
1631
1767
1747
1719
1683
1643
1731
1583
1555
1703
1715
1659
1683
1623
1699
1543
1775
1531
1703
1699
1771
1679
1823
1739
1723
1707
1767
1635
1695
1559
1627
1663
1779
1695
1687
2059
1691
1631
1771
1655
1563
1719
1663
1715
1543
1811
1587
1703
1615
1687
1803
1767
1623
1731
1667
1735
1795
1611
1643
1799
1715
1647
1655
1735
1543
1703
1723
1727
1567
1795
1759
1675
1695
1643
1647
1751
1699
1511
1839
1695
1835
1751
1815
1679
1975
1611
1667
1587
1723
1711
1711
1699
1707
1679
1699
1655
1719
1651
1787
1659
1751
1707
1835
1683
1711
1699
1703
1611
1595
1715
1651
1635
1707
1707
1655
1675
1747
1687
1679
1583
1695
1599
1699
1679
1759
1707
1619
1655
1639
1651
1803
1743
1687
1671
1771
1715
1715
1723
1815
1575
1603
1631
1659
1743
1703
1575
1671
1731
1735
1755
1651
1771
1771
1707
1695
1655
1711
1679
1579
1743
1635
1655
1815
1679
1659
1771
1719
1655
1783
1743
1715
1695
1795
1663
1551
1719
1739
1639
1755
1839
1675
1663
1707
1659
1715
1967
1687
1703
1663
1563
1731
1623
1691
1699
1691
1647
1639
1735
1639
1655
1699
1631
1659
1803
1639
1519
1667
1659
1759
1715
1655
1631
1755
1639
1827
1795
1715
1751
1791
1611
1647
1723
1719
1687
1823
1739
2043
1723
1619
1763
1631
1699
1639
1751
1571
1619
1759
1795
1683
1755
1671
1679
1759
1715
2039
1803
1691
1703
1647
1539
1795
1695
1599
1655
1763
1691
1607
1575
1591
1739
1675
1583
1743
1731
1695
1607
1523
1631
1783
1975
1635
1503
1883
1691
1879
1255
1375
1107
