1019
1291
1030
1363
955
1318
1194
1247
1109
1267
1151
1250
1106
1357
1235
1303
971
1258
1082
1159
1074
1295
983
1179
989
1318
1014
1287
1127
1267
1163
1179
987
1299
1127
1379
1166
1203
1146
1219
1255
1347
1226
1343
995
1271
1003
1433
1121
1283
1043
1371
1022
1211
1162
1414
1107
1286
1099
1257
1210
1339
1338
1385
1170
1235
1107
1331
1098
1215
1131
1230
1079
1310
1067
1383
1111
1479
1115
1270
1291
1299
973
1303
1110
1358
1119
1387
1123
1309
1137
1314
1135
1266
1138
1362
1230
1258
1227
1209
1035
1257
1018
1143
1018
1249
1135
1271
1009
1307
1159
1242
1179
1131
963
1233
1135
1194
1143
1198
1027
1291
1067
1318
1147
1323
1087
1187
1193
1239
1189
1251
1118
1186
1071
1375
1030
1363
1062
1271
1123
1279
1047
1270
1190
1153
1163
1194
1223
1230
1143
1203
986
1395
1011
1327
1055
1182
1131
1227
1203
1358
1183
1223
871
1390
1015
1267
1151
1203
1106
1302
1047
1319
1175
1295
1079
1182
1103
1299
1135
1259
1199
1127
1035
1315
1119
1323
930
1175
1126
1327
1167
1326
1035
1159
1194
1275
951
1339
1101
1263
1083
1215
1187
1303
1074
1335
1023
1391
1115
1247
1098
1351
1007
1254
1014
1194
1042
1354
1067
1223
1143
1203
1039
1191
1151
1219
1046
1143
1015
1354
1123
1295
1090
1271
1066
1353
1111
1326
1091
1149
939
1310
1142
1149
1174
1139
1087
1279
1007
1315
1022
1235
1063
1209
1174
1275
1023
1179
1046
1411
1165
1182
1139
1211
1067
1251
1199
1289
1103
1433
1102
1299
1103
1266
1127
1126
969
1234
1091
1243
990
1330
1063
1239
1038
1306
1067
1413
1174
1295
1010
1351
1066
1226
921
1151
966
1359
1095
1310
1131
1311
999
1310
1075
1351
963
1250
1178
1359
1078
1223
1043
1183
1262
1231
1082
1271
1267
1255
1135
1263
1099
1319
1075
1283
981
1323
1035
1251
1095
1366
1203
1451
1042
1254
1091
1359
1115
1243
1067
1226
1159
1219
1115
1155
1015
1342
1151
1391
1167
1173
1103
1399
947
1203
986
1347
1162
1226
1063
1279
943
1153
1079
1255
1034
1331
1283
1250
1127
1210
1055
1361
1211
1178
1182
1307
1098
1354
1355
1243
1215
1183
1083
1442
1051
1171
867
1303
1066
1135
1039
1211
1007
1413
1282
1390
918
1322
1083
1351
1113
1259
1147
1143
1007
1267
1075
1159
1066
1203
1130
1275
995
1198
1046
1255
1254
1125
1159
1243
1190
1259
1135
1298
1147
1245
1115
1342
970
1262
1063
1313
1031
1223
1115
1207
1035
1190
1123
1135
869
1283
1231
1210
1257
1210
1110
1347
1202
1203
947
1371
1249
1270
1006
1339
1015
1227
1046
1323
1047
1335
1106
1270
1111
1338
1062
1387
1090
1199
1131
1142
1145
1294
1062
1419
995
1247
1159
1353
1123
1227
1067
1271
1035
1379
915
1331
991
1258
995
1207
951
1014
791
1067
735
1015
751
1194
894
1211
1030
1238
1135
1174
1106
1035
1231
1033
1063
982
1095
1123
1073
1095
986
1058
1015
1026
899
993
1091
1075
1087
1179
1127
1073
1051
1039
1050
903
975
1042
1067
1035
1109
1015
1275
1031
1038
1079
1155
910
974
995
1079
1095
1095
1122
1003
1126
1185
959
1078
967
1183
1191
1143
1019
1059
1015
951
990
1046
898
1018
939
955
1027
1038
1026
985
1159
1111
1050
1194
1135
959
1074
1051
1091
1033
931
1065
1187
1013
1014
1007
1151
923
1115
1003
1059
1061
911
1102
981
1033
949
1061
1109
991
1001
1066
1179
1109
1039
1071
1075
1029
1053
1035
1003
1171
899
1079
975
1131
995
1098
1079
1130
1107
1055
1191
827
987
1031
1167
1045
930
1015
1055
1071
1047
1075
1122
1023
1023
1102
934
1203
1015
1103
959
1079
974
1047
1083
1083
955
1067
995
1102
1007
1153
922
1134
970
1170
1003
1101
1095
1149
970
1190
919
1165
1138
1094
1131
1085
789
1033
971
1151
1098
1026
1115
1009
1203
1023
1038
1119
962
955
903
1023
1023
1195
903
1094
1007
1121
819
978
1079
1159
1011
1014
1079
1203
1075
1019
1157
1042
1058
1039
975
1007
1079
1107
1110
1037
1078
1117
899
1119
971
1126
1034
999
1111
1183
1071
971
962
982
985
994
943
989
1009
1107
1078
1095
1167
1303
1047
963
1038
958
919
1101
1034
1111
1079
1195
1147
1175
1075
995
871
1061
1095
1141
846
1123
947
982
958
969
919
1067
1195
1155
1082
1110
915
999
1103
1059
935
1078
1003
1029
1059
991
975
1171
1011
987
1111
1006
1147
1007
1051
1087
1127
1131
1011
973
1167
982
1067
1006
1014
1107
1047
879
1155
1122
1051
1199
1074
975
990
1027
1079
869
1050
934
1155
1017
1070
922
985
883
1255
1098
1098
1181
1095
947
1070
959
1039
1086
1130
1019
1053
1021
918
987
914
1141
1155
1017
1061
1190
1115
1025
975
1147
962
1167
1025
1219
1019
1163
958
1007
1030
1083
1038
1146
1015
1171
1033
1067
1091
1151
1079
947
1087
1138
1019
1047
1011
1006
1259
1094
1047
1023
1135
1015
1158
1150
1003
1015
1047
879
966
1006
1123
1079
1146
1095
983
1125
1014
1131
1087
1070
1087
1218
1022
1099
950
1035
1021
975
971
899
1003
1087
937
1069
1131
999
1015
987
1007
1034
1079
1069
1103
927
1018
1022
1047
1163
955
991
1046
1018
939
1043
1015
1153
1075
994
1027
1027
1037
1079
923
1037
966
1111
1011
1083
974
989
1098
1059
1126
1111
1083
1091
1003
1075
1035
927
975
1073
993
1097
1098
1143
1245
1002
963
1074
1159
1114
1109
1023
1083
1071
882
1135
1079
1158
1198
1157
1047
1075
1043
1082
1082
1071
959
927
1154
1055
1063
1099
1195
1150
1086
971
1006
1043
995
1029
1110
1019
934
1179
1255
947
1047
1123
1101
975
1037
1058
1135
899
1015
1026
882
0
719
1670
423
131
1511
