1307
1394
1199
1303
1235
1543
1275
1403
1103
1291
1419
1371
1071
1527
1275
1479
1287
1755
1227
1359
1227
1511
1203
1323
1299
1747
1135
1451
1231
1395
1323
1743
1391
1423
1199
1403
1283
1375
1123
1539
1155
1503
1227
1435
1243
1403
1139
1411
1107
1499
1271
1427
1127
1439
1259
1498
1223
1351
1279
1443
1227
1455
1171
1455
1191
1463
1159
1455
1187
1399
1275
1407
1263
1491
1159
1315
1187
1391
1271
1723
1175
1787
1391
1411
1283
1371
1219
1471
1371
1363
1258
1279
1179
1283
1235
1555
1175
1363
1139
1438
1223
1518
1359
1475
1227
1415
1223
1471
1478
1219
1307
1535
1195
1335
1219
1727
1203
1515
1243
1511
1235
1467
1199
1751
1203
1419
1283
1731
1343
1403
1079
1447
1211
1407
1243
1447
1123
1435
1235
1503
1111
1275
1227
1511
1315
1507
1211
1507
1307
1431
1271
1419
1195
1419
1119
1502
1071
1459
1191
1399
1195
1471
1187
1347
1139
1459
1235
1455
1247
1339
1087
1303
1223
1335
1319
1435
1375
1355
1299
1551
1219
1415
1115
1275
1083
1503
1295
1367
1307
1415
1135
1387
1183
1759
1275
1435
1131
1339
1211
1523
1199
1347
1278
1419
1395
1491
1303
1347
1179
1419
1243
1503
1231
1359
1055
1475
1343
1427
1375
1543
1243
1414
1215
1283
1171
1727
1163
1495
1279
1795
1087
1331
1231
1415
1179
1507
1215
1471
1295
1475
1271
1423
1311
1443
1191
1371
1215
1479
1247
1483
1379
1291
1315
1431
1175
1403
1271
1459
1263
1407
1247
1471
1299
1487
1247
1379
1243
1431
1159
1495
1227
1507
1419
1431
1171
1503
1347
1435
1331
1359
1187
1503
1167
1491
1147
1479
1227
1503
1191
1503
1259
1551
975
1543
1199
1495
1339
1263
1287
1507
1171
1507
1183
1459
1275
1463
1259
1499
1199
1399
1307
1411
1163
1463
1167
1223
1119
1455
1191
1471
1199
1339
1259
1470
1219
1727
1303
1283
1083
1383
1199
1451
1251
1387
1279
1415
1199
1323
1155
1371
1303
1379
1319
1439
1127
1395
1179
1295
1263
1303
1111
1431
1103
1399
1155
1411
1307
1519
1258
1407
1119
1343
1183
1439
1311
1435
1279
1731
1315
1395
1167
1719
1203
1251
1355
1447
1191
1395
1331
1263
1187
1427
1235
1515
1115
1495
1231
1523
1279
1543
1267
1407
1159
1511
1307
1483
1223
1395
1195
1455
1307
1339
1310
1391
1214
1431
1319
1427
1171
1511
1383
1407
1251
1319
1211
1343
1295
1507
1335
1431
1235
1283
1295
1407
1187
1435
1199
1415
1175
1283
1263
1391
1251
1507
1275
1403
1163
1475
1191
1503
1227
1383
1271
1351
1407
1339
1231
1519
1275
1451
1271
1543
1247
1478
1367
1463
1315
1511
1230
1311
1295
1411
1255
1427
1215
1322
1255
1415
1275
1395
1251
1391
1191
1359
1243
1343
1127
1491
1287
1395
1203
1383
1239
1419
1219
1451
1319
1443
1183
1351
1211
1547
1103
1507
1383
1479
1223
1323
983
1055
851
1155
879
1487
1275
1323
1239
1383
1195
1351
1211
1195
1319
1207
1131
1167
1183
1239
1279
1315
1075
1223
1167
1291
1127
1183
1215
1275
1343
1159
1339
1071
1123
1223
1231
1139
1199
1187
1087
1159
1251
1171
1143
1007
1307
1343
1219
1307
1227
1291
1215
1231
1267
1071
1231
1179
1223
1231
1287
1163
1211
1119
1087
1103
1271
1227
1186
1315
1235
1095
1131
1211
1263
1195
1143
1155
1347
1054
1199
1267
1219
1143
1147
1115
1271
1199
1235
1207
1147
1211
1183
1275
1267
1335
1191
1199
1227
1063
1267
1115
1151
1263
1131
1143
1015
1219
1186
1183
1031
1211
1275
1191
1187
1223
1163
1111
1239
1291
1211
1151
1143
1171
1243
1083
1191
1259
1127
1267
1123
1287
1227
1235
1311
1147
1107
1203
1151
1279
1331
1267
1215
1179
1263
1163
1271
1135
1343
1223
1291
1195
1139
1187
1215
1223
1275
1159
1111
1251
1243
1127
1167
1263
1191
1391
1279
1123
1279
1203
1143
1243
1263
1187
1235
1435
1255
1271
1183
1155
1211
1231
1279
1227
1203
1167
1079
1295
1231
1155
1251
1215
1271
1199
1271
1207
1307
1243
1175
1131
1146
1279
1283
1195
1231
1167
1238
1135
1139
1123
1139
1095
1143
1147
1319
1035
1279
1207
1215
1111
1095
1087
1247
1135
1107
1231
1191
1171
1399
1219
1127
1115
1119
1203
1263
1095
1391
1275
1159
1151
1315
1131
1219
1223
1091
1039
1275
1099
1095
1035
1319
1343
1283
1231
1183
1159
1247
1215
1179
1007
1239
1099
1179
1007
1095
1251
1227
1115
1219
1339
1263
1259
1131
1183
1331
1235
1239
1259
1127
1187
1211
1231
1231
1139
1163
1319
1055
1199
1166
1175
1278
1103
1151
1163
1327
1227
1219
1255
1203
1275
1219
1331
1087
1171
1263
1011
1215
1131
1171
1095
1027
1155
1203
1071
1111
1151
1223
1131
1271
1203
1295
1203
1367
1055
1083
1303
1095
1150
1067
1187
1395
1191
1219
1039
1267
1283
1291
1215
1135
1179
1163
1171
1207
1279
1475
1163
1327
1227
1235
1095
1295
1163
1155
1215
1111
1179
1203
1095
1259
1175
1155
1223
1091
1067
1203
1275
1275
1251
1207
1279
1103
1119
1231
1163
1151
1191
1151
1211
1251
1275
1339
1287
1267
1331
1270
1275
1135
1079
1191
1063
1139
1155
1203
1271
1139
1271
1199
1311
1083
1107
1203
1195
1147
1035
1083
1090
1143
1035
1203
1191
1219
1227
1219
1075
1171
1071
1119
1259
1243
1199
1239
1207
1247
1103
1211
1259
1179
1259
1307
1127
1203
1211
1171
1251
1038
1075
1115
1167
1355
1215
1215
1131
1243
1115
1250
1159
1247
1271
1179
1167
1303
1167
1263
1071
1287
1250
1271
1115
1143
1127
1083
1259
1187
1255
1251
1159
1175
1091
1243
1243
1311
1351
1243
1271
1167
1299
1143
1119
1303
1239
1255
1171
1223
1171
1175
1139
1079
1235
1171
1031
1143
1255
1123
1231
1167
1123
1151
1303
1235
1211
1067
1303
1371
1191
1371
1231
1263
1239
1195
1110
1171
1199
1055
1159
1207
1383
1155
1067
1283
1235
963
1827
1995
1135
0
1687
