743
907
835
1063
830
979
818
1003
791
887
699
977
695
954
747
1011
715
951
671
970
895
1047
695
851
775
1039
687
1027
723
1091
783
942
915
1087
675
942
767
975
719
974
787
1015
881
911
779
883
763
1071
811
1035
855
921
699
1087
750
895
659
943
891
971
726
883
773
979
643
1087
763
942
831
907
787
943
739
939
651
907
794
963
718
991
878
1099
807
906
687
927
775
943
814
931
751
939
745
1102
867
898
983
1006
702
1063
667
922
739
978
743
1075
691
971
729
915
635
803
783
903
723
915
767
791
907
1079
898
891
763
1017
702
883
747
1122
727
1011
639
947
659
978
739
1011
675
806
798
1035
691
1067
830
1047
709
1151
699
986
691
871
723
995
727
1087
714
871
815
1098
791
1019
783
970
751
1026
863
842
714
867
851
1063
718
1003
910
951
775
863
687
971
823
1047
921
759
559
963
827
923
818
975
691
887
655
1095
695
1039
766
1090
755
1011
907
987
783
911
827
910
919
863
778
1026
659
931
882
851
747
910
683
1086
683
891
690
935
770
923
807
1059
634
1073
711
1011
743
927
683
959
667
910
735
983
742
851
707
1113
810
1082
827
907
783
951
875
987
691
1070
706
974
702
1006
655
1039
650
987
887
1051
723
983
731
1086
702
934
786
843
643
814
659
1039
854
1019
754
910
655
890
771
1007
667
1039
735
970
835
1019
819
967
923
1095
767
1039
895
1035
675
1014
818
907
695
1050
954
786
835
867
795
951
683
1010
931
907
711
1098
855
1023
807
918
675
1163
697
999
751
871
839
990
766
927
767
1023
787
943
643
950
719
838
743
1167
894
998
719
991
802
922
714
1034
701
887
738
995
907
911
763
971
879
970
734
891
907
915
619
1075
823
875
715
975
839
962
726
1074
810
1066
707
1019
867
999
843
831
695
939
650
907
631
1035
823
991
827
1031
883
1047
755
1063
713
1143
677
998
659
1123
855
943
835
1051
762
982
778
1082
779
1030
758
1019
654
851
735
863
587
935
791
923
719
1035
799
891
866
955
790
949
683
981
731
931
687
1031
815
1130
699
1039
802
851
550
951
787
947
814
979
791
979
695
863
746
1003
847
939
839
999
747
1007
758
959
598
1030
665
899
743
903
811
919
823
899
642
953
739
998
891
923
683
838
755
1079
786
955
822
1043
703
1003
851
951
662
946
839
1039
643
1082
735
942
791
979
774
1023
735
893
639
655
547
658
286
1007
846
971
923
955
715
1003
783
711
806
723
723
762
737
822
751
819
566
703
851
814
703
799
767
803
770
795
770
743
903
877
785
755
778
655
647
719
927
731
675
583
791
766
615
759
618
739
767
551
663
791
743
731
691
790
763
678
810
814
647
794
899
641
727
690
618
726
689
775
835
663
671
679
723
843
693
731
591
755
891
599
690
818
723
795
867
611
674
875
703
783
715
651
831
630
727
683
758
886
827
659
679
810
741
730
827
786
567
650
903
747
763
739
779
838
647
639
711
647
763
659
782
795
831
667
786
750
854
646
731
782
759
611
671
847
691
563
779
614
763
823
621
883
671
821
682
722
762
530
711
678
755
794
818
831
791
811
795
755
755
855
686
735
879
743
674
587
795
706
787
795
726
814
799
783
730
603
803
685
803
661
767
810
754
731
759
799
699
691
667
835
781
667
754
854
819
767
855
695
774
710
690
675
871
727
827
807
879
667
870
767
687
603
827
707
751
647
670
779
705
646
743
843
587
851
679
651
761
706
647
698
678
718
750
747
695
919
814
707
679
659
783
619
523
717
671
711
671
863
695
662
869
834
751
755
566
703
783
747
687
847
550
671
715
687
819
823
759
667
691
714
839
679
651
826
715
615
625
607
827
695
795
698
667
827
687
794
775
683
751
771
839
855
733
647
659
807
819
775
862
623
791
667
767
783
711
623
703
715
651
642
875
739
798
707
661
626
887
823
755
830
743
803
807
726
655
791
687
718
619
827
658
755
858
714
663
835
795
783
911
803
701
735
807
755
763
699
757
863
794
707
859
622
767
743
755
767
874
702
643
631
703
771
811
663
691
698
814
743
798
623
786
791
679
771
570
711
889
890
681
767
715
710
726
658
663
703
647
707
699
594
727
782
635
747
775
629
707
630
691
723
623
730
815
671
893
782
703
775
547
727
683
655
859
731
783
739
715
771
791
819
875
674
754
753
763
882
687
875
727
867
523
767
638
843
797
687
847
547
787
831
791
667
835
747
837
795
683
655
723
766
766
743
722
711
831
835
687
763
887
727
841
818
721
867
774
623
707
755
783
703
633
727
833
715
661
743
775
711
703
703
739
761
933
615
803
822
675
655
607
675
798
575
719
714
779
683
655
635
791
811
667
763
707
715
719
591
567
687
703
599
683
807
890
607
767
0
335
1135
770
426
