1011
1179
883
1295
1127
1239
823
1063
827
1151
1027
1051
907
1215
779
1115
951
1179
947
1059
803
1267
875
995
899
1175
1075
1267
871
1159
979
1131
911
1223
935
1215
755
1115
975
1179
787
1159
895
1163
987
1127
975
1227
911
1247
815
1099
955
1215
995
1127
999
1187
815
1147
1011
1067
923
1171
911
1271
883
1219
927
1123
1003
1087
991
1091
995
1103
975
1215
931
1099
1063
1167
1003
1103
963
1083
1011
959
871
1023
931
1067
979
1095
1031
1119
943
1247
819
1271
975
1107
939
1079
923
1267
963
987
863
1031
807
1031
895
1111
931
1055
887
983
939
1119
935
1131
923
1195
839
1063
911
1075
903
1095
807
1091
859
1219
927
1047
907
1171
899
1087
931
1155
871
1239
871
1147
879
1091
1015
1023
867
1123
1043
1047
951
1211
1019
1207
975
1067
851
1119
987
1095
895
1139
915
1107
819
1119
855
1119
959
1131
947
1275
935
1031
1027
1023
891
1151
895
1075
1071
1047
979
1071
1007
1067
851
1227
883
1227
807
1243
843
1163
819
1111
783
1195
1003
1139
927
1063
895
1107
939
1151
875
1115
951
1123
851
1067
955
1131
823
1219
1035
1123
975
1043
915
1115
919
1167
927
1323
823
1075
1015
1115
967
1239
899
1047
975
1099
895
1123
919
991
931
995
1079
1059
907
939
903
971
935
1067
967
1059
1023
1195
931
1131
983
1143
1023
1103
819
1255
883
1151
963
1151
871
1111
951
1143
1035
1239
827
1247
863
1083
867
1087
843
1187
915
1183
1071
1203
939
1031
1027
999
1067
1227
927
1023
907
1227
1007
1195
819
1039
871
1075
927
1215
815
1087
1007
1027
867
1139
967
1103
911
1219
835
943
895
1155
859
1167
891
1123
1067
1083
999
1199
887
1239
991
1139
1043
1299
1003
1087
763
1115
1015
1123
947
1039
1083
1007
911
1183
927
1075
999
1103
919
1135
915
1259
955
1247
1035
1087
951
1199
1003
987
1023
1099
1003
1055
995
1091
991
1267
871
1207
951
1163
1123
1067
811
1139
1103
1147
959
1055
1027
1123
927
1183
979
1159
947
1183
935
1099
1003
1143
915
1179
851
1071
1035
1191
987
1203
799
1139
915
1187
1195
1191
843
1131
999
1163
947
1207
1011
1163
999
1087
927
1115
839
1051
971
951
1011
1271
823
1111
915
1143
863
1123
1003
1067
1083
1303
1019
1055
859
1091
855
1131
895
1147
883
1239
991
1007
839
1067
1095
1215
1011
1283
823
1031
835
1183
823
1011
903
1043
1027
1147
1035
1111
959
1167
1027
1247
943
1187
987
1091
807
1235
923
1055
859
1151
935
1135
915
1023
779
1015
979
1047
831
1095
1031
1035
919
1063
951
1143
915
1019
671
855
615
795
643
1171
999
1011
903
1107
899
1127
975
831
987
939
867
955
875
955
923
735
863
947
991
927
867
855
723
835
1039
975
983
991
807
747
939
859
899
895
883
939
923
871
935
947
915
907
983
799
1011
927
731
951
1011
863
979
811
867
971
883
883
835
963
771
867
843
963
915
963
1015
975
931
759
871
831
871
863
971
991
955
939
839
771
807
867
895
887
979
759
699
995
835
967
951
963
1011
947
923
847
779
803
887
907
767
1039
919
955
815
951
915
875
907
1003
975
703
991
719
919
911
751
951
731
883
859
1007
859
855
831
987
943
967
1027
919
903
943
875
755
959
867
867
779
863
871
931
839
967
903
863
927
799
915
843
787
839
759
935
867
895
839
887
739
899
1011
883
811
839
1007
887
895
847
875
883
1027
903
903
1047
807
891
887
1031
867
927
823
887
787
723
931
911
935
931
995
987
919
919
867
803
947
859
835
935
903
915
939
879
787
871
907
1027
771
963
731
991
871
907
843
823
1007
739
1043
915
839
875
811
911
867
879
971
899
919
1067
895
863
931
963
911
995
955
1083
927
875
867
1123
1043
931
831
943
959
951
815
847
975
923
883
907
899
979
919
1095
1011
943
935
1007
955
839
823
863
911
895
903
987
851
827
899
1027
879
935
891
895
803
927
811
879
883
903
959
895
863
943
943
947
895
975
891
763
775
835
879
963
767
955
831
1003
939
811
787
807
891
967
807
799
815
915
1039
875
859
891
787
839
963
859
915
831
755
799
935
983
983
1007
859
871
955
1003
767
851
963
1059
899
911
911
831
843
907
671
963
987
843
815
971
991
919
883
895
703
919
739
767
1015
1079
979
843
791
783
1003
983
867
891
835
807
1031
1011
867
955
907
927
867
835
943
815
867
947
791
871
883
903
927
823
859
939
883
851
815
883
839
1059
1031
943
935
1043
815
795
851
839
807
871
887
895
999
931
991
939
815
991
919
999
975
915
823
899
1075
979
939
1071
923
899
831
851
943
823
955
919
935
923
731
883
843
867
947
779
815
907
859
911
983
819
947
1023
971
979
975
939
883
1007
995
971
891
911
995
883
895
943
915
811
991
1019
987
1015
991
955
839
1051
771
899
1119
891
819
923
867
911
1067
911
855
951
1011
887
811
867
835
839
971
947
971
983
835
887
931
1023
907
847
991
951
875
851
1075
847
847
767
987
879
979
871
779
851
1027
835
823
839
859
867
815
1551
1847
1507
2047
507
1835
