762
830
721
1143
870
997
851
959
878
1080
870
968
838
1140
856
1070
713
1031
838
1016
917
1057
853
1154
898
1024
899
1063
801
990
783
1241
945
938
788
970
808
972
826
1063
835
1079
965
961
831
1066
797
966
866
928
827
1151
826
967
794
1107
897
985
878
984
826
997
913
1134
829
1212
909
949
955
979
1010
1059
906
932
898
1143
827
1051
923
1032
854
998
920
1053
819
914
834
965
853
1038
838
1099
697
967
839
1055
865
938
787
1033
865
1023
789
998
828
1024
657
1133
836
1013
775
991
872
1133
875
1086
930
991
723
1047
968
853
879
1122
835
1070
734
1066
935
1157
853
982
831
1139
733
1182
938
1036
795
895
725
1034
690
1190
950
994
810
1116
971
997
921
921
813
969
832
1134
914
998
753
1053
787
1103
782
951
805
980
871
1022
990
1158
805
1071
829
1026
777
969
795
997
847
1030
930
1039
883
1027
905
954
797
1103
862
987
823
899
938
975
923
1049
907
1016
783
991
955
1015
863
1129
889
1213
903
1095
885
975
897
1026
772
951
873
919
889
1017
927
871
667
911
967
1029
857
1041
837
1035
765
1161
758
1022
662
965
889
1127
873
1001
819
979
979
1063
808
1181
791
1071
743
1019
867
972
871
950
840
1095
829
969
902
1011
915
1059
955
1150
1006
1011
841
1026
963
982
838
1023
793
1029
791
1071
919
880
887
1074
853
1151
834
983
911
1090
839
1118
749
1144
787
1159
881
1102
954
951
894
984
719
1009
803
1019
751
1038
808
1038
772
1145
779
1083
926
1023
787
1110
842
1078
835
905
843
986
791
1031
822
1141
877
1018
821
943
825
967
853
1058
863
924
831
1015
979
1043
727
1108
819
1165
930
1011
870
1065
780
1049
929
993
990
1069
883
1060
860
934
797
1067
839
1031
839
1146
823
1018
921
1188
927
1105
738
1039
794
853
919
1047
802
1128
825
1027
841
894
798
1075
701
1126
967
963
1001
1138
887
1120
777
1059
906
1085
743
937
759
1127
670
1074
920
1203
905
1062
832
931
878
1087
863
1050
819
1205
839
1116
775
966
843
1081
867
1173
771
1094
878
839
863
1051
753
1037
983
1190
807
979
937
1011
967
1102
855
987
876
1090
915
1111
729
968
923
967
910
1038
839
1219
960
1083
911
935
795
1061
793
1047
781
952
871
971
899
1039
921
1039
925
918
831
1101
838
1109
803
1173
889
1134
758
1238
788
923
861
1098
927
1146
877
875
873
1050
811
913
891
1149
865
1090
835
1025
858
958
779
913
643
669
549
645
747
1022
854
1019
774
935
804
1025
949
763
793
941
766
697
851
793
670
830
709
773
787
857
851
794
841
851
932
833
935
787
846
654
757
761
773
837
842
990
819
835
915
654
716
881
862
744
925
683
813
803
991
835
743
706
737
806
837
1004
731
912
846
810
898
746
707
823
880
826
897
859
835
838
851
867
835
634
879
818
739
868
735
699
811
931
704
739
772
731
775
607
927
779
742
931
746
821
629
819
743
831
794
779
854
823
711
757
871
802
750
939
783
704
858
781
941
798
903
931
770
778
860
802
1060
783
791
909
717
743
767
939
727
851
782
687
838
791
806
831
846
767
860
949
791
747
779
831
783
767
862
826
791
855
798
876
794
755
835
739
923
945
821
846
706
759
758
826
777
815
831
871
880
889
699
803
882
838
823
766
899
665
903
702
765
887
795
852
667
629
839
779
737
797
811
705
857
701
896
789
747
810
827
747
876
826
886
903
845
881
805
785
851
785
835
683
783
812
807
878
921
819
886
824
711
910
883
763
677
751
814
751
865
718
775
773
891
826
707
873
771
763
851
736
772
820
839
727
830
686
1010
799
911
914
849
851
832
827
723
822
797
749
836
839
737
767
663
791
1052
811
783
771
773
799
703
744
835
853
766
777
867
958
890
823
694
746
802
837
913
889
870
894
739
735
1011
913
917
768
825
759
927
875
834
938
829
815
858
933
826
947
918
843
837
807
794
651
869
831
722
739
735
655
751
871
766
820
834
759
755
732
872
661
954
788
904
811
781
758
971
918
749
759
763
918
690
814
819
794
887
955
713
808
894
710
778
967
907
790
820
699
1021
861
782
818
835
828
769
819
707
911
667
787
885
808
926
844
945
846
885
851
766
674
852
715
846
823
715
785
896
683
789
840
830
793
843
725
880
695
812
875
861
938
727
865
833
812
774
822
854
837
842
931
853
898
801
793
715
806
813
773
885
877
807
894
874
787
974
783
842
867
726
840
731
821
677
879
851
885
738
889
681
794
761
789
916
781
814
834
886
784
834
749
775
823
679
770
812
884
722
701
723
778
666
763
861
819
819
895
879
637
570
824
869
900
794
834
820
831
783
734
825
773
755
855
770
857
826
790
867
708
693
775
744
721
911
641
735
855
927
841
871
783
818
897
803
878
812
717
755
839
950
537
916
858
818
943
738
694
361
1447
1019
1640
406
889
