666
986
591
1015
791
847
714
986
723
839
711
842
759
919
794
998
687
913
786
958
727
1015
698
943
891
1082
783
970
707
1003
755
942
774
883
787
847
695
1047
783
927
699
983
783
1002
607
1078
690
999
695
867
735
1026
795
950
763
995
659
855
655
851
778
953
647
971
783
989
630
918
727
1002
691
950
811
811
807
907
730
962
855
923
815
927
715
975
757
935
703
1019
819
883
779
930
570
879
743
991
831
1019
707
990
770
899
694
847
751
843
802
923
706
1023
675
903
622
1059
659
903
706
899
783
1015
835
939
787
815
703
835
811
955
711
987
891
887
755
1035
759
974
751
870
767
1006
782
971
842
831
655
879
767
871
663
947
814
991
821
905
686
939
587
1083
811
1163
827
971
743
911
735
959
643
899
726
1031
727
943
807
911
739
911
727
967
863
1115
675
1034
675
1103
798
927
794
891
715
895
707
967
761
1103
883
1119
829
1051
883
911
635
879
730
959
862
774
763
815
815
851
683
983
739
939
687
1039
818
887
722
1022
687
931
775
987
711
934
639
1014
814
951
747
851
551
862
775
759
647
895
738
943
674
823
747
939
787
1035
723
814
755
1015
850
999
806
1031
847
995
737
1043
818
1059
646
983
795
942
759
1054
747
991
802
1067
594
931
805
895
619
1003
611
855
833
1014
739
961
790
931
719
975
871
871
735
955
747
951
631
966
755
951
682
923
717
983
667
847
763
1115
723
998
683
919
735
1111
747
1075
690
882
767
915
635
923
947
903
651
1074
679
975
639
911
839
1071
931
1051
691
1038
731
1083
859
998
655
955
667
943
778
1086
730
951
823
863
834
959
826
942
635
1103
799
906
803
1018
699
1131
810
911
801
875
730
935
919
1099
675
1067
742
1011
743
1006
778
859
631
859
798
1046
610
1035
659
1079
619
983
747
931
723
883
679
1055
803
877
723
795
687
899
747
923
759
975
783
1003
791
1007
719
895
799
1007
526
1119
762
767
723
995
734
1079
803
913
735
1055
767
1046
718
843
818
822
759
1022
651
959
730
971
663
1071
695
767
778
891
639
950
851
855
639
927
783
807
846
849
711
1031
619
891
830
999
733
887
823
975
863
1014
822
1007
774
923
871
927
847
946
611
950
874
1146
915
987
695
907
793
931
659
847
643
1018
739
983
610
974
691
915
799
923
675
943
770
847
791
927
670
863
531
623
491
687
259
951
787
743
654
931
739
823
763
767
582
755
671
587
639
655
850
718
763
611
607
650
795
635
739
771
727
727
635
747
727
666
786
699
563
719
771
626
751
647
766
686
815
826
695
599
854
607
550
793
698
618
750
611
683
729
739
875
770
795
694
845
807
835
811
787
743
650
583
626
691
623
698
771
650
650
763
735
822
686
791
750
807
702
702
655
674
751
718
839
675
658
642
674
770
775
811
717
755
811
711
663
739
751
750
647
651
738
743
843
782
734
695
1019
1019
1019
1019
1019
1019
1019
1019
1019
1019
1019
1019
1019
1019
1019
1019
1019
1019
1019
1019
1019
1019
1019
1019
1019
1467
595
754
763
667
699
663
675
739
471
667
535
811
655
807
811
751
730
695
790
727
699
875
666
731
591
703
739
646
771
606
703
699
702
735
711
666
714
839
683
783
794
799
571
670
630
759
747
610
803
535
799
783
803
669
643
731
709
671
530
722
783
734
595
729
759
654
675
739
754
831
687
635
791
607
763
663
831
690
635
843
791
775
691
595
767
822
835
787
679
715
746
643
751
695
555
745
671
715
631
798
702
770
671
723
833
807
727
693
690
671
683
779
754
779
627
683
807
698
642
461
711
543
619
687
699
583
802
790
691
759
683
651
691
651
897
707
675
567
783
863
746
779
867
727
811
679
771
618
683
619
711
723
611
803
663
815
755
663
731
707
779
851
667
686
787
747
703
807
791
734
627
771
783
802
687
643
670
803
783
699
634
675
655
807
686
647
651
855
679
678
895
898
691
850
686
795
665
683
691
643
671
766
746
679
598
757
795
723
707
783
659
742
599
731
722
703
686
599
687
699
754
866
639
779
682
835
787
649
727
750
635
690
603
659
711
619
731
807
675
703
802
831
687
507
714
783
746
651
719
687
687
663
823
747
670
811
721
603
925
735
739
639
602
755
795
538
598
723
695
778
743
719
895
715
591
698
783
706
658
859
739
679
695
622
691
659
678
843
813
691
778
823
783
847
747
759
722
679
631
815
722
743
634
801
719
839
811
779
739
731
763
703
622
726
703
878
714
842
707
763
659
691
635
727
723
950
754
583
790
738
610
1003
554
747
687
739
790
843
603
790
779
695
610
671
699
595
755
763
747
819
811
703
590
763
753
727
743
583
598
639
675
550
822
687
870
623
574
695
949
627
767
731
806
849
731
655
723
747
1302
1067
354
650
1534
