957
1095
1086
1092
866
1131
954
1150
847
1239
1151
1002
923
1233
909
1090
826
1053
985
1105
841
1227
943
1082
904
1061
954
1175
967
1247
933
1096
817
1142
1118
1081
921
1298
1008
1130
892
1104
927
1115
815
1136
786
1265
852
1084
960
1110
961
1039
923
1243
905
1039
828
1056
1082
1110
1089
1121
924
1055
1010
1194
1000
1178
996
1076
978
1026
944
1200
970
1070
889
1048
789
1116
944
1128
966
1107
1034
1208
945
1064
1009
1214
748
1152
939
1125
854
1107
1030
1211
952
1115
819
1128
1054
1049
876
1143
1005
1178
955
1148
946
1098
937
1245
872
1236
898
1338
959
1116
986
1255
1000
1100
998
1099
1061
1244
991
1130
1011
1078
886
1110
904
1135
1076
1234
972
1225
988
1130
968
1051
938
1212
1089
1145
898
1032
1071
1034
801
988
739
1151
960
1096
1053
1080
1003
1229
958
1065
805
1184
848
1248
1025
1097
964
1115
910
1119
1011
1147
864
1147
829
1163
978
1096
1018
1251
948
1125
950
1034
933
1192
965
1128
1001
1130
936
1096
889
1224
885
1134
1067
1087
848
1066
935
1101
995
1226
961
1273
906
1180
932
952
982
1226
1066
1039
949
1128
959
1045
919
1101
1020
1198
937
1091
1032
1116
913
1025
940
1126
823
1253
899
1188
972
981
1080
1108
1024
1247
726
1244
787
979
941
1046
1055
977
905
1179
1075
1156
994
1108
1127
1094
959
1127
918
1090
1091
1160
1030
1069
1027
1296
831
1081
1004
1107
901
1223
1025
1159
910
1005
842
1167
878
1182
852
1176
989
1129
960
1068
1059
1093
1000
1077
887
1160
1001
1071
811
1134
1015
1314
885
1165
946
1145
908
1214
972
1229
964
996
943
1324
910
1150
917
1308
1012
978
859
1132
951
1064
990
1019
1069
1194
916
1066
926
1201
1117
1171
957
1038
912
1095
953
1191
1064
1124
1027
1015
958
1147
900
1100
1051
1156
904
1237
987
1188
960
1176
671
1203
913
1054
958
1272
965
1098
894
1197
1017
1146
980
1201
1095
1182
927
1052
875
1077
1009
1056
1087
1080
996
1168
1013
1128
1048
1251
932
1247
995
1221
1054
1095
964
1236
965
1086
927
1216
983
1168
1049
1084
966
1187
1108
1158
1011
1095
916
1051
924
996
1055
1070
889
1062
822
1135
998
1122
970
1208
881
1118
1047
1205
1044
1129
1148
1178
843
1153
849
1142
987
1089
976
1226
855
1234
1052
1138
922
1010
884
1237
871
1229
1048
1217
973
1194
923
1148
963
1160
958
1106
1127
1067
811
1104
817
1104
1034
1199
729
1126
1032
1182
1058
1147
1009
1133
820
1172
953
1194
964
1087
965
1077
779
1109
947
1257
962
1105
963
1022
789
1161
1012
1216
989
891
659
925
570
785
750
1143
953
1109
1032
1105
988
1058
969
743
922
876
1081
874
980
851
872
980
978
813
884
769
1017
1073
956
943
1042
937
880
857
868
992
962
853
887
969
1083
977
799
970
1018
933
922
908
947
900
952
971
954
862
1008
964
959
814
755
815
883
1002
836
843
961
898
882
843
884
946
928
960
858
986
931
853
783
877
899
776
1002
827
986
830
954
782
838
906
840
941
966
914
914
957
788
882
1095
894
999
784
810
864
1019
1029
984
946
962
979
942
880
873
1015
879
972
835
849
875
866
866
866
866
866
866
866
866
866
866
866
866
866
866
866
866
866
866
866
866
866
866
866
866
866
866
1009
877
766
919
1019
979
732
885
1039
1034
863
924
1003
888
973
1011
923
876
886
1018
898
992
1001
1027
896
915
894
948
912
965
909
1092
992
906
950
1013
716
1023
925
917
714
872
987
853
1100
785
1003
919
826
951
926
937
877
855
952
910
882
919
772
929
723
1051
879
1113
910
895
849
942
1002
833
886
968
912
1017
1006
948
871
996
1027
1129
812
809
800
1066
956
986
958
827
767
989
935
954
1009
891
982
1008
1033
911
928
891
908
895
882
883
955
935
962
821
975
958
947
869
951
883
955
1042
912
899
897
859
820
802
791
964
959
829
935
909
1081
978
1016
858
952
976
855
889
852
727
847
919
835
941
968
931
975
1003
826
932
1009
843
823
976
949
887
890
891
1038
932
816
983
866
1014
935
891
912
808
892
749
985
824
919
959
918
973
907
924
885
988
911
965
995
1032
894
1030
907
862
922
914
860
919
909
952
912
1017
891
900
800
981
1085
827
815
885
943
1104
775
1035
831
1046
881
1045
866
965
949
990
880
1018
801
1037
1068
1005
964
994
877
927
950
1077
930
877
948
922
952
1036
868
952
1017
920
958
1021
866
1011
821
923
856
797
911
1020
726
797
841
977
839
871
821
760
1019
884
893
971
918
990
902
1030
1030
726
1050
985
924
942
870
893
1027
972
917
943
975
855
909
967
946
879
965
951
994
999
847
976
997
940
906
1028
884
837
994
824
1006
932
967
983
923
1020
853
941
950
942
935
900
881
878
1009
1019
1003
851
726
833
877
878
1022
917
843
944
958
867
906
1019
1025
886
766
875
939
909
786
860
858
839
987
972
889
1010
976
993
914
1000
929
1077
931
1029
915
896
1089
958
920
889
844
945
778
953
1008
815
671
1040
948
868
814
878
883
889
1070
943
777
862
775
827
841
919
921
1006
782
293
480
0
279
945
525
