1147
1323
1219
1347
1347
1607
1183
1519
1151
1303
1115
1379
1291
1343
1207
1487
1219
1431
1155
1367
1223
1571
1351
1599
1423
1407
1263
1555
1215
1331
1139
1419
1251
1451
1199
1443
1355
1311
1271
1463
1239
1531
1107
1523
1263
1343
1247
1335
1219
1579
1271
1379
1167
1299
1223
1451
1171
1479
1171
1355
1311
1231
1163
1447
1303
1523
1191
1523
1219
1403
1175
1607
1235
1515
1283
1567
1291
1387
1319
1363
1159
1455
1323
1307
1239
1307
1227
1387
1195
1539
1143
1499
1271
1435
1159
1499
1371
1391
1295
1515
1187
1439
1255
1467
1175
1315
1075
1387
1279
1415
1295
1475
1343
1351
1303
1331
1143
1531
1203
1467
1087
1339
1239
1595
1127
1439
1115
1479
1395
1519
1343
1475
1395
1491
1167
1427
1307
1399
1203
1403
1139
1403
1287
1503
1255
1423
1187
1551
1075
1383
1319
1503
1151
1503
1291
1431
1067
1459
1223
1387
1187
1427
1387
1339
1187
1363
1115
1455
1267
1395
1283
1403
1223
1547
1259
1635
1235
1487
1307
1343
1155
1475
1239
1423
1311
1631
1075
1471
1239
1355
1191
1427
1255
1439
1103
1363
1163
1319
1287
1351
1215
1515
1283
1367
1323
1479
1055
1431
1155
1479
1291
1495
1207
1383
1251
1431
1235
1463
1135
1239
1191
1387
1163
1351
1243
1475
1215
1459
1091
1379
1243
1543
1191
1399
1243
1383
1199
1363
1287
1615
1255
1619
1143
1411
1063
1427
1291
1423
1175
1455
1199
1455
1271
1447
1171
1427
1207
1499
1207
1399
1199
1407
1283
1567
1287
1339
1227
1411
1271
1455
1335
1351
1219
1339
1259
1535
1211
1551
1143
1563
1315
1391
1279
1527
1167
1355
1307
1407
1347
1403
1291
1503
1103
1363
1199
1531
1183
1423
1367
1479
1091
1407
1151
1367
1175
1407
1211
1363
1299
1523
1227
1347
1295
1399
1171
1319
1215
1483
1111
1295
1275
1671
1091
1427
1187
1435
1199
1531
1211
1543
1279
1307
1227
1283
1403
1327
1227
1435
1327
1487
1363
1475
1199
1479
1039
1403
1183
1599
1215
1499
1107
1647
1215
1499
1199
1479
1215
1347
1195
1363
1303
1319
1271
1459
1283
1439
1283
1543
1171
1339
1219
1427
1215
1275
1203
1399
1179
1283
1159
1447
1263
1407
1335
1471
1327
1395
1187
1587
1203
1455
1063
1411
1279
1507
1231
1503
1279
1367
1287
1455
1147
1431
1275
1279
1039
1467
1275
1299
1275
1475
1115
1587
1335
1491
1199
1427
1123
1403
1167
1431
1283
1451
1211
1419
1247
1571
1279
1451
1163
1423
1363
1443
1267
1463
1215
1479
1171
1523
1411
1327
1223
1255
1187
1515
1247
1523
1307
1375
1167
1351
1175
1463
1323
1555
1239
1467
1191
1307
1343
1475
1267
1459
1335
1467
1227
1483
1223
1451
1179
1527
1219
1511
1323
1427
1331
1347
1143
1379
1191
1527
1207
1679
1367
1383
1211
1351
1183
1523
1087
1479
1151
1379
1155
1247
1303
1375
1279
1323
951
1219
935
1107
931
1587
1095
1315
1039
1343
1275
1359
1267
1231
1315
1231
1243
1267
1303
1167
1111
1111
1203
1271
1019
1119
1363
1367
971
1167
1331
1091
1135
1231
1307
1291
1255
1163
1183
1171
1295
1099
1239
1143
1203
1127
1279
1115
1107
1103
1259
1147
1307
1171
1235
1131
1219
1259
1243
1323
1267
1171
1231
1159
1287
1247
1263
1103
1275
1079
1279
1139
1163
995
1203
1171
1215
1343
1175
1191
1191
1259
1195
1271
1183
1127
1243
1323
1223
1199
1303
1231
1087
1091
1247
1215
1259
1287
1143
1083
1027
1303
1195
1219
1303
1023
1263
1235
1195
1135
1163
1199
1191
1027
1179
1131
1159
1271
1271
1271
1271
1271
1271
1271
1271
1271
1271
1271
1271
1271
1271
1271
1271
1271
1271
1271
1271
1271
1271
1271
1271
1271
1271
1243
1187
1143
1083
1091
1155
1019
1175
1175
1299
1203
1167
1203
1247
1207
1355
1263
1031
1107
1107
1175
1179
1207
1047
1235
1091
1047
1179
1039
1103
1131
1155
1147
1155
1327
1195
1107
1235
1331
1131
1067
1119
1187
1215
1159
1143
1171
1207
1275
1279
1023
1223
1195
1235
1251
1199
1131
1119
1131
1063
1099
1299
1175
1299
1291
1063
1279
1315
1071
1315
1071
1191
1179
1183
1111
1279
1183
1211
1187
1187
1187
1223
1107
1223
1283
1223
1207
1303
975
1187
1079
1287
1083
1043
1091
1287
1199
1211
1103
1071
1227
1155
1219
1015
1327
1071
1107
1159
1211
1207
1159
1155
1291
1227
1171
1251
1163
1135
1091
1159
1119
1247
1167
1127
1087
1367
1343
1167
1275
1311
999
1235
1155
1215
1227
1295
1143
1187
1143
1167
1023
1299
1191
1199
1227
1199
1047
1255
1267
1191
1139
1255
1227
1159
1119
1339
1107
1207
1187
1251
1143
1331
1323
1255
1119
1123
1119
1275
1099
1083
1103
1255
1147
1203
1135
1331
1079
1223
1087
1255
1155
1107
1215
1155
1239
1391
1079
1183
1231
1239
1071
1323
1163
1143
1275
1199
1351
1163
1167
1063
1223
1207
1287
1227
1151
1147
1135
1299
1115
1163
1219
1211
1175
1211
1151
1167
1215
1127
1203
1099
1111
1127
1207
1375
1167
1159
1263
1131
1263
1159
1259
1127
1107
1259
1299
1247
1115
1207
1023
1143
1063
1259
1159
1295
1095
1247
1103
1099
1107
1223
983
1259
1239
1319
1111
1071
975
1191
1127
1235
1095
1223
1123
1339
1303
1143
1071
1259
1263
1367
1107
1259
1195
1383
1231
1223
1143
1279
1043
1211
1151
1067
1115
1263
1183
1227
1131
1195
1407
1279
1235
1095
1311
1175
1155
1223
1207
1331
1243
1171
1235
1231
1387
1199
1127
1327
1195
1067
1179
1199
1247
1355
1199
1339
1199
1291
1147
1283
1159
1035
1051
1155
1171
1215
1235
1171
1211
1115
1155
1335
1159
1287
1159
1303
1223
1187
1123
1319
1231
1187
1331
1303
1063
1179
1283
1275
1227
1211
1243
1179
1163
1251
1163
1139
1155
1091
1331
1223
1359
1203
1107
1091
1179
1183
1287
1103
1199
1311
1031
1251
1055
1231
1191
1175
1183
1075
1179
1787
1367
2247
755
911
1931
