1263
1667
1195
1339
1239
1255
1099
1379
1183
1123
1103
1287
1251
1279
1207
1347
1235
1379
1099
1223
1303
1687
1227
1311
1027
1255
1167
1375
1199
1715
1207
1359
1223
1303
1187
1383
1219
1651
1079
1367
1215
1735
1127
1347
1295
1339
1263
1655
1307
1359
1163
1359
1119
1635
1027
1371
1103
1363
1207
1727
1067
1323
1095
1619
1203
1279
1119
1695
1143
1679
1115
1727
1307
1355
1211
1635
1139
1343
1151
1699
1131
1315
1035
1631
1171
1283
1183
1351
1223
1691
1239
1371
1075
1367
1151
1739
1151
1623
1243
1295
1171
1207
1171
1615
1247
1699
1167
1303
1315
1331
1191
1627
1263
1363
1167
1639
1311
1643
1123
1699
1047
1311
1039
1371
1139
1367
1227
1675
1355
1355
1143
1651
1131
1687
1155
1359
1263
1351
1131
1359
1211
1291
1123
1651
1179
1363
1231
1387
1259
1319
1155
1687
1119
1291
1291
1323
1171
1295
1247
1671
1083
1659
1247
1631
1211
1303
1127
1679
1311
1227
1175
1351
1111
1355
1127
1663
1035
1711
1319
1627
1119
1675
1227
1327
1027
1615
1219
1611
1183
1675
1067
1747
1311
1675
1367
1291
1247
1371
1203
1231
1287
1619
1127
1371
1103
1623
1135
1367
1331
1751
1167
1655
1171
1663
1347
1687
1303
1323
1275
1627
1111
1363
1283
1651
1175
1379
1211
1739
1187
1327
1191
1695
1243
1279
1147
1647
1195
1623
1059
1799
1199
1331
1147
1295
1243
1255
1115
1631
1331
1343
1267
1243
1215
1239
1175
1639
1275
1647
1203
1327
1279
1363
1251
1279
1211
1171
1143
1631
1219
1651
1115
1307
1171
1619
1135
1707
1147
1251
1123
1647
1111
1659
1115
1243
1127
1295
1195
1311
1171
1671
1159
1271
1091
1291
1079
1643
1223
1283
1195
1323
1283
1695
1151
1727
1211
1683
1215
1635
1115
1755
1071
1739
1115
1327
1107
1259
1107
1351
1167
1319
1287
1335
1131
1223
1059
1351
1143
1339
1211
1335
1263
1327
1191
1627
1259
1315
1175
1379
1259
1639
1155
1615
1187
1699
1119
1635
1179
1635
1139
1363
1175
1371
1279
1247
1203
1307
1335
1367
1139
1627
1151
1331
1307
1343
1143
1643
1215
1615
1223
1323
1123
1779
1071
1335
1319
1723
1131
1331
1239
1291
1115
1375
1031
1331
1183
1691
1271
1343
1243
1695
1155
1383
1111
1355
1155
1667
1115
1671
1287
1251
1203
1279
1275
1367
1135
1359
1155
1307
1175
1327
1123
1379
1139
1303
1195
1699
1167
1719
1227
1383
1223
1331
1107
1647
1059
1343
1231
1383
1167
1663
1163
1303
1143
1707
1183
1699
1095
1327
1199
1359
1155
1275
1207
1691
1107
1199
1207
1779
1323
1339
1347
1707
1139
1691
1139
1627
927
1351
1063
1327
1031
1655
1151
1267
1291
1635
1167
1355
1079
1711
1219
1679
1079
1375
1175
1687
1203
1227
1255
1659
971
1623
1223
1715
1163
1631
1131
1319
1207
1355
1135
1703
1127
1335
1255
1663
1159
1175
875
1159
871
1107
1023
1323
1143
1355
1235
1231
1171
1367
1063
1119
1119
1199
1183
1163
1119
979
1287
1103
1167
1271
1231
991
1075
1207
1103
1067
1231
1171
1099
1123
1127
1179
1199
1163
1123
1135
1211
1199
1191
1235
1091
1207
1107
1279
1255
1099
1019
1039
1235
1115
1127
1215
1091
1159
1151
1155
1247
951
1231
1219
1195
1075
1055
1179
1135
1267
1151
1231
1263
1143
1207
1123
1203
1019
1171
1075
1091
1039
1155
1187
1131
1047
1263
1067
1223
1171
1111
1227
1103
1259
1075
1131
1231
1219
1127
1199
1179
1191
1191
1143
1107
1075
1131
1119
1215
1059
1207
1147
1143
1227
1279
1175
1231
1135
1135
1135
1135
1135
1135
1135
1135
1135
1135
1135
1135
1135
1135
1135
1135
1135
1135
1135
1135
1135
1135
1135
1135
1135
1751
1103
1115
1111
1143
1147
1035
1035
1179
1167
1107
1067
1251
1239
1327
1279
1083
1159
1151
1135
1111
1147
1007
1055
1079
1255
1075
1075
1163
1067
1207
1015
1231
1159
1015
1171
1231
1227
1255
1171
1107
1079
995
1051
1155
1047
1027
1195
1183
1339
1207
967
1119
1203
1091
1019
1151
1183
1063
1159
1115
1111
1055
1147
1099
1203
1091
1099
1043
1075
1067
1223
1203
1059
1223
1155
1319
1199
1171
1199
1191
1239
1207
1099
1091
1087
1271
1151
1647
1107
1187
1199
1255
1083
1103
1131
1059
1087
1255
1059
1179
951
1091
1327
1135
1003
1031
1067
1091
1143
1111
1279
1231
1207
1183
1111
1131
1231
943
967
1271
1259
1195
1019
1163
1151
1171
1155
1199
1151
1075
1083
1167
1067
1143
1187
1167
1215
1139
1111
1175
1135
1271
1219
1123
1287
1187
1075
1155
1195
1227
1259
1183
1179
1043
1051
1179
1047
1147
1075
1135
1235
1175
1183
1059
1099
1199
999
1083
1051
1235
1023
1163
1071
1035
1175
1271
1083
1279
1079
1095
1127
1031
1099
1055
1007
1075
1159
1175
1167
1195
1079
1079
1159
1191
1191
1099
1211
1223
1075
1079
1067
1107
1167
1303
1019
1183
1211
1135
1147
1251
1059
1279
1107
1215
1155
1099
1067
1235
1139
1071
1007
1079
1171
1215
1131
1175
1215
1067
1055
1187
1303
1111
1623
1139
1115
1159
1055
1279
1231
1087
1095
1135
1219
1091
1203
1255
1095
1171
1131
1131
1143
1099
1143
1039
1067
1171
1351
1171
1031
1235
1159
1115
1051
1235
975
1207
1075
1167
1351
1003
1235
1203
1095
1171
1247
1187
1207
1195
1099
1283
1019
1235
1131
1287
1111
1151
1039
1259
1095
1147
1163
1271
1131
1063
1071
1139
1147
1103
1123
1267
943
1159
1187
1155
1115
1227
1127
1207
1167
1239
1131
1199
1039
1071
1079
1095
1083
1071
1323
1195
1195
1163
1215
991
1311
1235
1219
1039
1159
1007
947
1011
1203
1247
1179
1275
1223
1071
1219
1159
1051
1231
1031
1023
991
1279
987
1179
1095
1243
1227
1171
1191
1147
1271
1355
1143
1167
1103
1135
1059
1183
1075
1211
1087
1187
1119
1207
1179
1099
1099
1247
1127
1195
1215
1203
1119
455
131
523
0
247
143
