1379
1659
1463
1711
1375
1643
1315
1695
1491
1707
1387
1631
1435
1663
1511
1591
1327
1607
1363
1567
1283
1571
1347
1655
1475
2055
1359
1707
1355
1667
1431
1803
1499
1699
1423
1659
1267
1635
1271
1587
1383
1923
1491
1647
1291
1579
1519
1795
1531
1643
1399
1675
1507
1599
1435
1683
1335
1919
1395
1647
1315
1575
1511
1675
1475
1467
1527
1675
1387
1639
1399
1607
1467
1687
1387
1615
1387
1635
1427
1915
1523
1803
1335
1651
1455
1803
1391
1659
1535
1579
1471
1703
1371
1563
1519
1619
1651
1559
1311
1927
1507
1679
1339
2075
1291
1611
1391
1683
1359
1623
1423
1691
1555
1567
1399
1591
1463
1559
1379
1551
1451
1699
1383
1819
1239
1447
1411
2163
1427
1699
1367
1803
1487
1571
1455
2039
1319
1627
1415
1627
1427
1935
1347
2035
1371
1675
1355
1811
1287
1659
1567
1607
1443
1359
1567
1599
1355
1491
1287
1687
1263
1539
1283
1571
1439
1583
1519
1575
1467
1507
1459
1603
1319
1535
1527
1707
1423
1559
1459
1819
1491
1487
1319
1607
1215
1707
1387
1803
1327
1679
1583
1571
1455
1639
1491
1651
1243
1535
1251
1631
1391
1531
1415
1599
1331
1915
1251
1687
1439
1519
1371
2031
1291
1499
1583
1651
1395
1567
1359
1495
1459
1519
1311
1619
1403
1447
1507
1671
1399
1683
1211
1707
1391
1603
1419
1607
1375
1567
1475
1687
1415
1611
1291
1515
1319
1499
1479
2047
1459
1419
1531
1567
1599
1591
1579
1819
1443
1619
1403
1687
1331
1543
1375
1423
1327
1635
1379
1679
1323
1611
1583
1635
1295
1563
1463
1683
1395
1643
1427
1627
1547
1635
1367
1551
1375
1563
1423
1819
1363
1531
1491
1623
1467
2091
1543
1639
1499
1643
1315
1703
1391
1611
1415
1807
1375
1811
1351
1531
1351
1675
1399
1495
1463
1559
1351
1683
1271
1555
1339
1695
1463
2035
1511
1651
1239
1487
1499
1587
1327
1935
1371
1483
1459
1439
1463
1667
1391
1451
1315
1631
1339
1547
1415
1927
1407
1791
1487
1695
1499
1607
1279
1655
1371
1591
1375
1707
1359
1459
1459
1663
1495
1687
1487
1643
1427
1643
1543
1467
1575
1679
1575
1663
1383
1599
1411
1619
1567
1671
1515
1583
1355
1647
1351
1475
1375
1599
1479
1703
1459
1679
1547
1579
1427
1515
1559
1663
1467
1515
1231
1667
1355
1679
1503
1535
1339
1563
1395
1503
1407
1687
1527
1659
1443
1555
1567
1599
1411
1531
1395
1607
1495
1523
1315
1803
1459
1543
1499
1819
1335
1615
1275
1651
1375
2059
1463
1791
1419
1567
1319
2095
1427
1575
1499
1599
1347
1687
1539
1683
1359
1683
1351
1631
1495
1631
1431
1523
1363
1603
1535
1447
1471
1551
1467
1699
1591
1935
1487
1695
1363
1631
1435
1647
1375
1511
1311
1655
1439
1647
1563
1467
1335
1575
1307
1819
1407
1567
1483
1639
1443
1627
1487
1591
1475
1819
1467
1791
1419
1495
1091
1371
1183
1327
1095
1683
1363
1491
1351
1507
1443
1595
1451
1479
1443
1391
1475
1455
1319
1275
1367
1243
1515
1451
1159
1327
1339
1395
1427
1279
1503
1259
1415
1407
1427
1451
1411
1347
1311
1427
1423
1431
1383
1599
1379
1359
1327
1327
1527
1491
1583
1379
1523
1399
1383
1395
1387
1371
1411
1379
1431
1327
1451
1499
1571
1443
1411
1555
1423
1263
1463
1391
1443
1319
1383
1267
1251
1571
1355
1383
1375
1471
1479
1391
1415
1427
1431
1407
1459
1219
1475
1499
1403
1531
1439
1275
1411
1291
1371
1391
1375
1459
1467
1251
1359
1319
1511
1415
1455
1367
1463
1435
1383
1199
1467
1439
1439
1451
1407
1451
1443
1279
1351
1351
1487
1287
1507
1395
1367
1419
1351
1391
1391
1315
1423
1499
1523
1287
1383
1359
1279
1263
1239
1295
1307
1331
1399
1463
1363
1431
1427
1471
1499
1375
1391
1479
1411
1411
1419
1503
1279
1191
1455
1415
1371
1263
1419
1399
1379
1283
1483
1363
1419
1203
1463
1451
1283
1443
1311
1419
1399
1431
1467
1247
1451
1407
1475
1447
1443
1495
1343
1423
1551
1539
1415
1455
1483
1367
1355
1547
1439
1375
1543
1407
1463
1367
1443
1419
1331
1287
1463
1311
1415
1443
1523
1427
1371
1443
1447
1467
1379
1323
1343
1383
1471
1479
1435
1399
1455
1267
1339
1447
1279
1391
1235
1467
1415
1295
1491
1363
1471
1359
1475
1491
1483
1199
1371
1319
1527
1227
1403
1403
1423
1451
1563
1395
1387
1463
1503
1403
1539
1395
1315
1339
1311
1351
1435
1467
1451
1367
1331
1399
1395
1443
1283
1423
1239
1419
1415
1395
1447
1431
1499
1539
1507
1315
1363
1495
1279
1419
1547
1351
1355
1483
1415
1479
1239
1347
1419
1507
1299
1323
1555
1495
1471
1335
1471
1375
1359
1483
1507
1215
1419
1467
1299
1315
1447
1371
1527
1543
1355
1435
1467
1379
1399
1327
1335
1459
1519
1279
1379
1363
1455
1303
1315
1483
1467
1403
1431
1159
1391
1311
1351
1371
1239
1347
1355
1315
1483
1295
1535
1331
1431
1351
1359
1315
1287
1443
1375
1307
1323
1307
1315
1335
1383
1315
1495
1411
1399
1247
1315
1563
1543
1355
1375
1291
1395
1315
1483
1391
1475
1435
1495
1407
1319
1551
1523
1531
1367
1443
1479
1343
1291
1527
1327
1443
1327
1243
1327
1403
1479
1419
1391
1303
1379
1355
1447
1391
1443
1495
1299
1347
1263
1323
1391
1403
1379
1395
1423
1399
1419
1407
1515
1427
1367
1511
1255
1407
1423
1287
1507
1303
1491
1399
1495
1339
1415
1355
1359
1495
1211
1303
1367
1295
1335
1303
1451
1371
1407
1331
1419
1411
1439
1339
1403
1335
1459
1443
1387
1315
1347
1383
1343
1615
1363
1403
1267
1495
1403
1427
1371
1443
1263
1247
1239
1451
1299
1343
1339
1299
1379
1559
1467
1435
1463
1483
1419
1395
1447
1335
1471
1483
1455
1391
1395
1443
1467
1267
1375
1299
1423
1335
1315
1395
1403
1367
1427
1343
1407
1311
1387
1491
1287
1271
1403
1431
1371
1483
1455
1279
1755
1599
1371
1695
987
811
