819
948
656
864
679
924
683
805
642
960
746
966
694
1015
654
999
634
825
639
983
683
909
814
1057
729
996
838
1104
743
947
668
1055
763
1090
920
977
792
1017
775
914
742
820
797
1002
689
975
655
1080
665
769
735
898
638
965
817
890
811
919
797
974
786
1028
820
968
771
1023
655
951
818
988
612
958
801
1058
820
931
728
1000
737
935
734
915
662
882
781
921
683
1029
788
965
741
973
757
939
774
969
669
998
789
1094
653
934
861
978
782
840
799
1006
850
998
675
1028
735
924
877
1049
731
867
717
1012
703
998
764
991
785
924
646
944
742
989
775
981
790
1047
739
881
898
900
682
913
732
975
819
1004
787
961
831
1110
723
982
692
1059
704
869
720
887
855
943
756
976
651
991
913
961
756
947
665
1028
718
963
826
936
823
870
799
1005
750
1044
845
809
810
1199
751
933
845
929
888
836
736
1066
777
1024
763
882
919
1058
679
1127
783
957
767
793
791
1056
744
856
708
1024
665
930
779
923
629
1001
603
896
755
903
777
893
740
907
821
1053
767
1010
834
1069
751
1067
629
967
635
840
683
1184
892
1007
780
1061
823
946
739
970
795
966
833
922
775
961
642
866
703
919
938
923
742
932
751
1017
816
1025
661
968
788
904
824
905
918
916
801
1038
811
957
705
1039
679
894
774
915
772
879
759
936
817
889
721
933
720
792
797
932
808
1002
675
932
635
934
741
965
766
970
794
971
780
873
836
951
807
927
826
825
630
934
645
1026
622
781
854
958
777
859
759
956
855
979
654
946
744
884
739
1023
811
1004
682
836
623
884
786
1094
876
854
619
1059
637
935
688
809
619
835
637
1055
906
985
791
855
751
918
807
846
697
978
690
1028
637
967
792
1028
894
948
873
893
811
1081
717
916
664
907
708
853
832
910
806
962
873
1053
669
1069
680
892
871
886
785
721
608
849
752
1086
707
1134
641
882
690
989
901
996
810
1009
704
989
737
906
676
916
775
1013
726
832
564
1001
758
973
649
921
588
939
712
1002
705
1047
635
982
719
910
761
913
618
988
795
942
924
959
734
844
893
1039
716
983
892
942
617
972
827
982
590
995
681
907
794
1091
737
1061
741
869
654
959
811
878
802
882
743
869
790
919
870
1042
929
986
822
890
763
937
738
915
792
842
647
899
911
950
726
949
750
963
652
977
901
758
292
681
504
642
470
932
754
970
679
850
573
900
693
562
789
837
763
662
783
783
726
642
876
803
604
844
529
660
840
711
671
832
793
681
733
643
739
611
814
827
765
595
715
739
676
658
768
757
786
722
797
745
752
794
785
706
653
775
819
767
706
685
745
779
698
739
797
846
746
676
646
595
651
669
598
732
770
723
854
670
814
703
760
672
634
657
824
613
720
797
783
710
839
591
774
629
689
809
603
649
669
677
785
750
686
689
847
640
690
623
817
652
807
730
693
730
673
790
673
491
760
762
731
652
895
543
892
612
758
569
869
760
862
716
746
638
728
722
627
685
698
766
608
759
898
641
628
794
640
661
843
631
654
827
760
794
677
619
788
665
837
788
758
597
834
795
776
780
731
656
709
930
722
605
766
760
660
623
626
649
736
729
689
826
705
626
781
626
559
694
642
744
758
775
843
776
716
619
584
650
578
788
740
790
759
651
755
601
711
800
722
772
760
722
809
700
590
544
884
784
684
815
794
622
713
732
796
647
662
633
676
654
791
616
899
639
509
507
662
606
727
862
726
623
692
734
618
671
661
735
785
718
808
814
719
699
791
727
837
704
825
550
910
605
653
711
643
685
679
708
894
606
732
624
907
739
831
841
621
662
720
676
717
750
696
575
729
806
623
663
711
786
605
660
656
787
684
834
665
604
842
812
615
803
674
719
698
810
774
785
862
611
742
542
789
619
750
653
733
758
696
620
741
590
601
766
797
827
597
799
795
792
701
721
907
669
724
675
906
763
770
581
757
606
789
645
770
787
833
723
756
767
716
728
818
860
748
596
741
723
509
701
930
598
626
835
743
750
831
714
732
590
684
642
709
613
709
700
779
719
853
672
879
708
658
613
580
590
761
665
810
619
677
685
852
675
886
725
797
881
736
728
667
820
869
696
712
780
717
697
833
708
798
738
736
799
795
663
705
695
734
808
712
761
727
738
778
759
729
828
904
639
810
689
710
700
844
761
608
637
814
569
734
721
671
686
919
856
684
664
764
858
724
758
628
696
710
701
646
735
676
756
797
800
769
628
735
734
746
565
730
755
737
637
685
647
789
505
742
756
600
737
717
726
657
822
608
702
746
679
683
695
737
690
713
780
782
710
574
668
875
760
743
675
668
883
712
748
840
718
845
745
643
680
678
637
760
658
615
782
1444
1053
1634
1334
743
1711
