707
1007
743
915
714
863
699
875
693
811
702
891
771
938
746
951
713
843
643
775
791
906
711
794
733
835
659
893
579
875
679
831
674
1063
683
965
687
875
623
942
739
943
629
843
646
927
717
847
931
923
699
1019
711
913
819
817
739
967
706
843
667
922
667
1019
709
959
846
823
663
799
767
867
699
979
737
1065
615
747
519
875
775
978
731
845
721
683
697
1046
595
974
615
879
647
827
666
951
783
999
711
911
657
882
838
887
663
979
742
1011
835
853
614
759
689
887
685
947
881
1011
743
850
671
1037
715
847
706
819
651
750
763
903
801
1010
707
791
767
995
707
1014
699
1039
811
927
846
915
745
1007
655
966
791
971
830
815
735
919
719
949
719
982
743
919
745
995
719
946
754
863
745
1002
702
646
673
739
683
854
810
771
829
870
579
995
723
791
707
1031
615
823
817
811
662
935
859
867
859
787
711
1038
817
937
619
822
667
879
635
811
833
1073
1017
903
707
939
859
873
834
1047
667
951
785
923
625
1078
703
843
610
1007
767
950
631
994
615
1054
655
678
599
1027
690
785
723
998
771
931
607
979
758
967
690
858
723
1026
579
895
711
863
721
951
687
955
758
1002
821
905
639
847
787
863
678
843
791
870
743
830
705
907
703
935
859
889
683
881
801
827
739
847
587
1001
747
890
731
1063
731
825
657
854
730
723
722
963
710
931
591
998
607
899
870
970
687
855
747
935
607
954
694
967
823
825
771
1027
671
891
770
1038
759
1007
679
878
706
827
763
905
707
891
742
911
675
939
687
907
863
975
751
929
830
949
699
835
659
1087
737
939
823
791
666
955
933
799
650
951
791
894
795
935
782
939
695
891
697
919
702
955
715
919
647
866
687
911
698
955
663
955
691
915
639
823
695
863
750
914
757
935
721
1025
790
955
699
786
615
755
751
917
701
942
782
1009
755
907
793
867
759
939
786
1001
675
1043
711
955
635
915
695
899
750
839
747
807
778
863
655
957
855
1023
810
883
691
1051
694
870
775
1026
798
811
623
919
717
798
742
942
579
919
722
867
830
903
686
911
655
943
743
813
719
895
755
887
623
855
795
938
706
1006
763
947
729
807
629
937
698
963
639
851
659
927
601
1014
779
947
731
947
762
895
843
890
759
826
683
975
737
929
762
1007
731
774
418
666
339
666
446
927
646
743
699
777
865
822
777
751
671
778
595
601
730
555
567
779
690
629
769
738
613
734
655
639
662
610
723
743
619
702
670
723
754
767
623
771
671
587
675
659
654
727
657
623
683
606
747
639
842
759
691
538
810
595
799
807
799
686
797
615
951
675
711
726
579
603
735
619
691
751
779
650
823
667
787
775
643
678
770
615
611
730
803
837
599
687
617
634
647
602
735
558
881
707
619
711
686
606
783
805
622
742
757
727
841
781
667
627
758
775
699
714
757
750
762
681
774
551
683
637
747
642
827
833
785
662
703
654
693
571
831
765
787
746
658
619
703
611
715
709
567
831
746
819
734
814
690
771
699
721
731
679
699
779
655
783
671
821
701
895
934
627
639
623
667
675
735
539
789
623
598
767
751
707
643
707
689
822
687
727
699
814
747
725
662
715
667
659
817
495
661
659
647
711
667
609
646
759
741
871
699
615
679
706
655
691
643
729
598
649
731
719
647
682
787
775
709
715
738
679
698
819
607
731
795
703
815
790
679
599
723
679
610
753
651
835
739
765
587
630
626
669
617
699
759
617
822
867
699
661
551
619
651
639
623
662
827
757
606
741
746
529
763
811
737
611
627
667
639
631
667
603
579
770
671
651
695
627
727
749
915
647
695
675
786
634
862
698
643
623
722
563
554
570
663
707
803
579
686
671
767
599
634
699
585
735
585
775
694
734
790
793
719
854
683
787
555
683
594
734
667
659
811
723
602
723
627
617
655
739
682
706
743
635
651
655
687
661
535
598
646
638
647
783
739
703
686
643
687
699
807
683
719
783
531
831
727
690
919
838
743
630
671
655
722
687
719
623
643
726
575
709
686
571
831
835
687
699
747
703
799
651
763
619
619
817
711
685
519
687
683
749
783
653
683
721
815
761
622
637
714
631
771
599
742
767
678
671
775
866
850
694
711
721
777
635
811
606
658
643
707
791
709
642
782
679
803
715
619
787
719
570
802
569
658
655
810
607
630
766
563
771
815
579
615
675
783
702
682
747
757
786
687
687
747
529
614
707
922
647
651
655
677
646
827
707
675
643
711
595
755
674
778
639
565
607
645
647
679
759
715
562
581
787
731
635
686
583
618
613
698
579
617
643
730
711
715
562
611
735
677
643
766
627
790
722
614
611
507
719
707
727
723
619
171
667
382
7
1346
647
