259
515
363
543
347
455
467
587
379
543
239
435
331
495
327
479
271
567
331
507
195
411
339
327
427
363
275
599
259
503
243
591
443
643
107
595
207
555
359
443
343
523
331
530
239
491
287
423
315
427
227
483
411
507
375
435
267
471
371
619
379
575
363
551
399
595
371
595
475
575
303
607
307
451
299
607
311
534
259
399
355
543
275
431
191
631
239
511
359
499
207
515
227
583
347
495
343
495
359
559
403
446
307
471
295
459
239
499
295
455
291
595
319
571
387
579
239
547
319
447
279
667
259
515
223
371
383
650
499
495
379
423
323
559
303
447
463
547
319
471
219
471
267
627
283
427
339
647
219
435
295
439
307
507
315
615
275
543
203
543
327
559
279
591
303
551
247
527
319
643
339
511
179
655
343
606
267
459
399
407
275
579
299
527
171
483
275
411
255
395
431
507
403
547
295
547
359
391
307
499
375
455
379
579
391
479
375
511
267
559
359
639
315
579
331
555
231
495
291
375
335
575
391
435
379
515
355
703
247
507
387
555
147
547
295
503
379
431
463
483
527
531
395
427
431
567
243
603
371
495
167
339
367
487
235
567
403
563
395
599
323
503
283
539
243
498
375
595
259
519
455
503
455
535
207
551
403
475
275
603
211
511
255
499
259
439
343
599
335
499
203
399
231
523
259
539
339
427
379
511
267
543
386
759
347
523
271
535
243
403
391
587
275
519
407
727
387
407
359
631
347
439
479
587
391
351
447
611
363
595
283
447
271
527
403
527
355
559
347
623
291
443
427
487
239
399
343
559
367
515
387
507
383
547
471
475
327
447
139
463
167
575
203
535
307
483
219
567
267
635
407
603
195
479
299
503
315
371
275
603
207
467
331
487
491
431
359
639
355
347
307
319
235
555
223
387
367
455
299
651
311
471
327
543
423
455
179
551
407
531
283
595
491
487
307
527
291
507
431
579
307
751
235
387
467
395
371
515
239
391
407
507
307
599
271
407
319
419
383
611
415
343
303
499
319
527
323
519
319
558
391
379
391
491
307
571
127
547
431
507
371
407
355
451
307
523
295
555
283
519
371
519
235
599
455
435
335
563
415
419
267
575
187
531
395
482
391
459
299
499
375
411
399
555
379
635
251
383
55
347
59
155
207
538
287
631
351
451
395
291
255
319
251
231
335
359
163
183
71
315
319
219
347
167
283
267
210
295
375
295
343
251
411
227
283
351
143
179
363
247
259
159
315
155
279
335
438
279
359
251
291
307
303
355
211
195
215
307
331
259
375
295
371
275
207
331
427
179
395
255
279
151
379
323
331
199
379
211
315
395
411
347
447
275
255
143
259
403
331
259
303
339
347
367
154
371
303
271
163
263
239
223
315
135
347
235
255
351
435
255
319
238
423
295
155
315
315
315
315
315
315
315
315
315
315
315
315
315
315
315
315
315
315
315
315
315
315
315
315
315
315
359
283
275
367
311
423
231
247
227
339
195
271
251
347
223
303
255
287
283
231
343
495
155
415
251
359
239
343
283
395
371
335
299
307
295
375
283
303
287
279
395
335
283
287
403
267
351
435
275
371
67
335
335
239
247
255
295
351
219
387
227
395
279
435
299
319
339
359
415
275
263
207
231
307
179
355
343
247
287
339
303
455
351
291
147
295
247
411
171
399
179
79
311
363
319
355
351
162
319
339
455
215
267
363
207
439
103
299
399
331
275
335
347
311
259
247
239
275
283
243
159
251
275
307
239
103
235
391
291
283
223
347
243
335
303
343
251
279
119
355
371
387
235
199
203
234
319
511
351
231
291
310
251
303
387
395
335
303
163
323
199
171
463
315
391
347
255
383
407
155
175
191
351
327
295
115
255
259
175
283
323
419
219
303
363
303
351
287
267
219
191
327
383
219
111
203
247
311
263
243
315
231
259
263
99
227
307
443
295
275
171
335
303
319
283
311
247
395
171
411
311
327
235
339
423
391
279
299
235
175
235
199
403
375
319
315
351
459
219
362
287
327
191
419
327
367
271
319
231
355
379
351
247
227
267
323
327
347
463
331
227
327
239
299
307
307
275
327
351
271
195
423
383
267
391
367
127
295
375
307
319
419
303
359
231
363
451
243
343
231
267
427
271
291
259
543
83
283
211
375
331
331
215
275
223
335
191
347
287
199
311
211
375
135
291
327
367
263
139
295
443
383
151
303
219
227
347
275
147
359
307
243
243
323
307
383
339
343
247
391
251
391
223
423
239
259
159
403
251
267
223
447
267
391
359
395
215
331
207
343
271
211
271
159
267
263
319
355
311
298
175
167
303
259
275
247
351
659
347
103
407
715
439
