379
675
407
587
383
531
369
545
358
483
370
559
441
601
415
623
378
515
315
443
455
575
379
458
398
503
327
563
247
545
349
501
343
731
355
633
355
546
291
611
411
613
294
507
315
591
382
518
599
591
369
683
381
581
483
482
409
637
370
507
335
586
335
689
374
623
511
493
335
469
435
531
369
643
401
730
279
415
189
547
445
647
395
514
390
351
362
710
259
638
283
547
315
491
329
621
455
669
379
577
326
551
503
551
331
647
406
679
505
519
283
429
354
557
353
619
545
679
413
519
339
701
386
519
371
483
321
418
431
573
470
679
377
455
431
663
379
677
367
707
481
594
515
582
410
675
325
630
461
639
495
483
403
587
389
617
387
646
411
587
414
663
387
610
419
533
410
666
366
310
337
411
351
523
479
441
494
534
251
667
393
461
371
699
285
493
482
479
331
603
529
537
523
457
378
706
483
602
287
486
331
543
305
479
501
738
681
571
377
609
523
537
499
715
335
615
450
595
290
746
373
514
275
675
431
617
301
663
285
719
325
347
267
698
354
450
387
667
439
599
279
647
423
635
354
523
390
689
249
565
383
534
386
619
355
619
422
666
486
573
309
515
457
535
342
511
461
535
413
495
370
575
373
605
531
558
349
546
469
497
407
515
251
669
411
555
399
735
395
494
325
519
399
393
390
631
375
603
254
667
278
567
535
634
355
519
415
603
279
623
359
635
493
490
441
699
339
562
434
707
429
677
349
542
370
495
431
569
371
559
406
579
343
609
357
575
535
645
419
597
495
617
371
502
327
755
406
611
495
461
331
622
597
467
319
619
461
559
465
603
446
603
367
561
362
583
366
623
387
587
319
531
359
579
366
627
327
623
353
583
307
495
363
533
419
583
422
603
386
689
459
619
367
455
287
427
419
582
370
606
447
674
425
571
462
537
423
611
455
666
343
711
381
621
299
583
359
569
414
507
415
475
447
531
327
621
523
695
479
555
363
723
358
539
445
690
463
475
291
587
382
463
407
605
243
583
386
535
495
567
355
579
323
611
415
482
387
565
425
555
287
525
463
602
375
670
434
617
394
479
298
601
367
627
311
515
327
599
266
678
447
614
401
619
430
565
507
554
429
490
353
643
402
593
431
675
399
438
83
330
0
334
110
594
311
411
366
442
530
486
441
421
343
442
263
270
394
227
233
451
358
297
437
402
281
398
323
307
331
275
391
411
283
366
339
387
423
435
291
435
341
255
343
329
323
395
325
291
347
270
415
309
507
429
355
202
475
261
467
473
463
350
462
283
621
345
379
390
249
271
399
287
361
422
449
314
495
331
459
439
311
342
434
285
283
393
473
502
267
355
286
298
315
265
405
227
546
375
289
381
351
270
453
474
291
406
426
395
506
446
331
295
427
443
363
378
421
418
426
346
438
215
355
302
417
311
497
498
450
330
367
323
357
239
503
433
457
410
326
287
373
279
383
377
231
501
411
489
403
483
359
441
369
386
399
347
369
449
326
451
339
489
369
565
598
297
303
293
335
343
403
207
458
287
267
435
421
379
315
377
354
491
357
397
369
479
417
390
326
383
339
329
482
163
329
327
311
379
337
274
315
427
409
539
367
285
351
371
327
359
307
398
262
318
401
387
319
350
455
439
378
385
402
347
363
487
275
401
466
371
483
458
349
269
391
349
274
418
321
503
407
429
255
299
290
333
286
371
431
282
491
537
367
326
221
289
315
307
293
331
497
425
275
406
415
197
433
483
402
281
297
335
307
295
335
271
251
434
339
321
367
295
395
414
583
311
365
345
451
303
531
366
313
293
386
231
218
233
331
375
474
243
350
341
433
269
299
363
250
407
253
439
358
403
455
462
389
518
347
457
223
355
259
398
335
331
481
391
270
395
297
282
323
407
351
375
413
307
319
326
355
326
205
263
310
303
311
453
407
371
351
311
355
369
477
349
389
453
201
501
399
354
582
503
407
299
341
325
386
359
387
294
313
390
243
377
350
239
495
507
355
367
415
373
470
319
433
289
289
485
381
349
187
355
351
417
454
322
355
386
486
430
286
302
378
299
441
267
405
430
346
337
445
535
514
359
381
386
443
303
482
274
322
315
377
463
373
306
447
349
474
387
289
451
389
235
467
237
325
319
475
275
294
430
233
441
485
251
283
343
454
369
346
415
425
455
359
357
417
193
278
375
586
315
319
323
342
315
497
377
347
309
379
267
423
343
442
309
230
275
310
315
347
431
383
230
246
459
403
303
350
251
282
277
367
249
282
315
394
383
383
231
279
399
342
313
430
299
454
386
282
281
177
391
375
397
391
290
107
341
251
90
570
465
