1679
1975
1775
2115
1843
1935
1779
1943
1799
1947
1911
2007
1771
1915
1787
2035
1667
1979
1743
2071
1799
1927
1835
1883
1935
1975
1731
1939
1771
1915
1811
1911
1831
2043
1883
1855
1743
2003
1815
1975
1727
1851
1843
2027
1879
1859
1727
2031
1703
1991
1811
2035
1867
2031
1715
1955
1859
2059
1647
2003
1823
2035
1847
2019
1783
2015
1755
1999
1803
1883
1815
2083
1755
1935
1811
1875
1879
1907
1703
1891
1775
1943
1811
1975
1815
1923
1667
2119
1811
2015
1883
1803
1783
2023
1747
2007
1915
2111
1627
2051
1643
1995
1723
1959
1615
2051
1843
1907
1619
1999
1659
1951
1899
1975
1887
2063
1791
1927
1767
1975
1719
2011
1775
2123
1867
1959
1871
2075
1675
2011
1919
2011
1931
1935
1735
1895
1695
2003
1751
1983
1763
2027
1731
2019
1863
1951
1771
2027
1751
1971
1747
2011
1823
1851
1755
2039
1739
1927
1787
2031
1707
2019
1799
1967
1899
1927
1863
2051
1775
2047
1751
1871
1839
1983
1899
2083
1795
2187
1783
2059
1723
2051
1719
2103
1863
2079
1803
1875
1855
1975
1687
2007
1771
1935
1739
2035
1699
1991
1851
1931
1799
1951
1763
1999
1859
2075
1835
1887
1775
2123
1819
1823
1887
2051
1779
2027
1811
1927
1771
2047
1911
1963
1707
1935
1759
1983
1855
2031
1715
2011
1715
1847
1723
1795
1787
1943
1787
1911
1783
2167
1871
1943
1911
1967
1823
2011
1879
2123
1771
1891
1791
1963
1715
1963
1743
2035
1879
2063
1819
1859
1839
2015
1551
2135
1723
1911
1799
1975
1727
2115
1639
2019
1779
2119
1627
1955
1751
2059
1911
1991
1715
2019
1815
1931
1835
1967
1675
1991
1767
1943
1783
2091
1635
2091
1703
2115
1707
2015
1679
1919
1815
1947
1675
1943
1867
2011
1803
1955
1711
1935
1675
2047
1799
2055
1787
1983
1795
1843
1731
2055
1855
2039
1847
2091
1691
1863
1671
2007
1831
1983
1767
1931
1731
1903
1863
2039
1791
1935
1759
1999
1563
1987
1759
1959
1719
1887
1647
1991
1751
2027
1863
1895
1935
1767
1795
2007
1775
1987
1655
2039
1783
1975
1775
1975
1863
1959
1755
2027
1811
1947
1763
1979
1943
1995
1739
2031
1823
2007
1687
1963
1739
1923
1819
1963
1783
2147
1911
1963
1871
1903
1799
1979
1751
1955
1959
1987
1835
1939
1871
2075
1891
1939
1723
2051
1667
2091
1887
1959
1695
1987
1839
2083
1895
1935
1999
1807
1735
1915
1739
2027
1735
2047
1759
2091
1707
2027
1731
1963
1747
2063
1743
1987
1679
1947
1775
1987
1871
1923
1675
2059
1931
2007
1795
1911
1927
2079
1843
1959
1867
2047
1807
1919
1807
1903
1823
2083
1847
1791
1747
1939
1807
1935
1719
1887
1779
1855
1775
1987
1743
2035
1763
2135
1731
1983
1855
1983
1523
1923
1599
1895
1751
1939
1711
2195
1819
1875
1711
2023
1795
1855
1675
1927
1831
1943
1679
2055
1887
1771
1667
1707
1547
1735
1519
1895
1715
2027
1767
1839
1815
1967
1695
1719
1783
1819
1843
1775
1799
1647
1835
1767
1879
1691
1587
1835
1743
1715
1711
1667
1707
1779
1863
1639
1763
1715
1759
1683
1755
1719
1907
1811
1783
1655
1919
1755
1751
1735
1903
1803
2043
1847
1723
1731
1675
1659
1751
1631
1579
1619
1731
1719
1823
1667
1719
1831
1747
1787
1715
1867
1767
1775
1627
1667
1787
1743
1699
1719
1771
1675
1727
1671
1623
1715
1775
1739
1655
1747
1759
1831
1759
1747
1771
1643
1767
1735
1775
1743
1643
1779
1751
1923
1787
1687
1871
1695
1779
1771
1799
1819
1843
1847
1747
1891
1751
1875
1839
1731
1731
1731
1731
1731
1731
1731
1731
1731
1731
1731
1731
1731
1731
1731
1731
1731
1731
1731
1731
1731
1731
1731
1731
1731
1663
1799
1843
1599
1751
1771
1819
1791
1779
1767
1775
1679
1807
1815
1695
1755
1751
1643
1771
1891
1639
1731
1819
1619
1659
1679
1723
1719
1703
1747
1835
1707
1783
1603
1827
1775
1667
1787
1615
1923
1659
1851
1839
1671
1695
1831
1763
1771
1823
1883
1723
1719
1767
1847
1995
1711
1847
1743
1895
1727
1895
1823
1763
1715
1791
1739
1747
1723
1863
1739
1803
1863
1859
1763
1811
1699
1671
1755
1659
1823
1691
1715
1779
1731
2035
1823
1671
1859
1623
1839
1695
1839
1887
1791
1799
1699
1739
1647
1703
1775
1747
1791
1871
1783
1767
1671
1827
1659
1831
1667
1831
1735
1731
1755
1927
1743
1675
1847
1875
1703
1763
1651
1791
1831
1631
1699
1727
1739
1795
1651
1855
1879
1759
1795
1751
1663
1671
1795
1695
1795
1887
1831
1715
1699
1735
1819
1683
1695
1819
1691
1723
1755
1783
1687
1619
1875
1687
1627
1687
1807
1667
1643
1715
1779
1931
1687
1943
1743
1863
1735
1831
1719
1851
1667
1779
1699
1939
1779
1627
1811
1699
1783
1711
1743
1555
1727
1783
1811
1727
1683
1783
1823
1875
1859
1795
1759
1771
1795
1959
1703
1615
1691
1731
1783
1827
1771
1675
1703
1723
1751
1927
1763
1551
1779
1751
1703
1751
1755
1847
1731
1759
1791
1815
1759
1727
1815
1663
1743
1731
1887
1815
1775
1903
1715
1663
1635
1651
1783
1675
1891
1879
1815
1763
1603
2023
1727
1795
1655
1623
1659
1843
1859
1867
1667
1603
1903
1779
1903
1703
1679
1743
1655
1615
1815
1687
1787
1855
1747
1799
1775
1647
1767
1759
1871
1811
1835
1679
1879
1763
1751
1663
1735
1763
1655
1783
1843
1751
1803
1811
1763
1671
1735
1767
1707
1767
1703
1671
1591
1731
1675
1839
1719
1735
1651
1711
1703
1803
1903
1759
1807
1727
1595
1799
1755
1603
1719
1867
1651
1547
1779
1803
1727
1803
1727
1763
1927
1767
1839
1747
1735
1775
1711
1743
1791
1675
1799
1691
1643
1779
1807
1775
1827
1643
1731
1951
1759
1759
1843
1755
1663
1863
1743
1651
1735
1799
1731
1707
1743
1803
1651
1719
1571
1947
1731
1783
1839
1727
1655
1751
1867
1751
1703
1647
1715
1611
1887
1791
1611
1215
1391
1463
1267
1647
1607
