481
689
516
703
475
690
431
756
581
776
451
603
496
600
423
776
577
668
471
814
569
718
468
708
399
821
430
636
523
701
570
732
483
827
532
673
619
645
641
746
511
683
407
667
381
722
522
656
535
645
607
721
596
786
618
765
523
723
588
595
477
651
416
820
607
810
546
691
589
688
416
865
475
873
532
698
540
779
571
623
659
734
469
665
451
810
777
706
487
770
543
802
347
807
552
626
467
740
558
648
536
754
515
845
561
559
562
736
454
616
444
780
499
713
470
644
378
694
585
693
598
604
474
592
588
733
530
738
573
767
548
835
657
837
516
650
541
755
571
785
540
714
590
718
513
831
512
832
481
681
509
758
621
706
391
777
390
611
490
638
519
563
603
773
342
800
487
767
593
591
654
729
597
747
634
723
536
656
462
688
554
646
410
682
606
825
428
706
446
854
483
711
454
666
531
888
556
689
522
724
455
780
699
817
506
725
527
705
537
766
561
726
383
771
606
835
462
708
582
686
475
832
412
728
515
823
423
813
599
734
514
672
581
526
439
827
324
727
640
751
666
751
705
851
357
557
413
769
431
642
460
779
542
675
489
600
451
738
531
749
348
743
590
778
554
608
366
783
532
795
578
818
455
795
610
820
438
662
441
811
555
704
460
675
544
716
498
736
602
859
516
570
588
710
656
791
605
712
642
687
542
711
535
713
532
715
519
673
525
706
594
705
410
846
524
695
585
733
492
727
509
755
532
702
414
705
466
752
786
681
513
631
622
736
500
709
569
686
409
715
392
588
717
828
459
945
458
801
633
648
619
791
491
662
511
657
444
775
590
692
581
583
409
703
564
640
544
860
434
949
626
763
581
735
689
695
502
664
588
611
533
738
506
800
478
727
569
608
607
627
585
647
377
730
648
796
540
766
578
626
501
744
371
755
476
642
505
761
454
882
555
890
468
645
576
955
451
762
485
667
503
680
377
644
695
758
616
701
413
634
569
690
423
788
445
802
630
814
436
770
576
702
566
600
584
665
442
811
461
704
636
729
520
831
478
645
560
661
488
688
555
775
605
661
538
619
523
707
426
537
522
594
490
828
508
761
566
690
498
743
369
724
504
771
618
889
610
630
560
608
618
876
573
867
466
622
572
630
295
485
203
442
195
680
532
768
481
645
530
647
532
473
480
533
653
554
625
512
551
392
444
427
554
421
490
532
572
527
577
425
495
357
414
565
570
500
444
337
368
446
452
497
522
515
549
547
451
409
359
516
603
493
590
466
491
499
495
346
424
491
483
414
443
525
390
517
451
405
620
530
479
556
715
476
601
637
616
470
448
475
640
519
546
375
540
415
581
539
514
376
516
528
602
393
453
543
563
594
426
547
429
312
517
581
382
494
448
497
455
434
595
541
484
394
466
504
423
371
395
371
444
579
290
541
473
623
530
580
549
551
455
430
471
434
371
423
454
471
444
499
512
505
543
585
592
565
586
472
450
582
423
486
547
440
458
533
370
455
486
563
605
552
459
438
446
384
387
606
502
548
512
505
588
433
456
520
464
570
671
374
501
496
430
456
449
493
513
417
558
487
613
445
494
562
316
449
294
425
444
467
548
558
520
482
506
523
576
494
571
550
496
663
473
532
483
521
534
423
373
435
539
595
499
433
553
374
316
507
461
421
456
474
507
455
577
453
418
356
551
525
474
498
557
488
389
388
445
391
572
614
461
523
538
375
593
592
584
555
459
398
378
489
330
460
529
455
644
483
424
476
529
423
553
558
617
478
594
562
431
341
486
455
531
533
576
597
396
553
590
538
444
488
568
453
490
539
526
531
495
388
556
593
350
417
441
587
593
585
460
606
576
466
490
598
597
518
513
643
576
546
510
679
656
382
517
391
456
280
629
363
539
363
643
536
477
460
378
507
419
494
475
384
419
341
491
576
452
508
533
502
518
460
480
624
455
486
484
473
607
345
514
555
552
353
353
567
581
450
472
431
642
394
521
511
424
430
627
608
545
547
378
469
422
444
482
542
347
471
488
484
497
557
421
428
463
480
573
337
560
460
459
522
465
508
465
403
522
552
523
381
446
465
485
499
505
541
551
348
481
377
435
375
441
549
479
398
640
509
481
511
437
492
513
517
582
340
510
520
587
451
498
395
430
509
509
570
493
494
452
362
470
550
414
556
382
405
545
540
420
545
445
527
598
446
489
606
558
474
508
383
560
440
567
496
426
454
423
494
493
483
690
532
452
591
433
412
428
577
553
570
480
612
509
569
537
494
569
611
500
423
356
467
482
457
380
531
559
541
541
438
334
457
625
400
476
560
555
391
98
12
26
15
0
296
