699
891
523
743
563
871
519
819
491
847
631
907
627
911
667
759
639
915
651
875
643
827
619
791
447
679
559
839
419
875
495
887
543
715
679
859
495
695
555
763
439
787
439
655
495
903
667
795
591
831
611
791
575
855
783
775
563
751
615
743
615
859
599
823
687
859
679
887
603
807
451
763
603
831
635
847
627
811
783
927
675
927
563
983
535
779
615
839
647
795
475
871
699
839
683
871
571
763
707
955
567
891
431
815
623
683
611
755
567
659
567
743
687
911
647
751
595
779
547
787
615
727
555
671
579
775
611
787
751
783
731
827
575
827
567
1015
599
807
795
751
735
751
567
823
607
807
591
839
603
943
539
759
571
755
579
855
607
727
543
699
631
747
667
787
451
767
731
951
467
819
467
839
635
895
555
767
535
779
647
823
555
835
575
883
539
735
579
799
583
815
623
947
499
759
627
807
731
727
535
899
591
763
575
819
631
923
523
855
451
687
675
795
491
731
503
791
587
847
643
795
535
767
651
951
567
783
715
779
711
671
591
847
647
803
531
715
639
743
663
883
623
787
759
775
691
679
731
703
463
811
555
723
711
763
619
879
451
795
619
915
587
815
515
803
619
759
679
791
459
755
555
879
555
795
607
891
607
679
663
783
655
839
507
719
371
839
587
883
495
711
671
751
619
739
711
903
543
775
747
823
551
803
675
907
651
839
723
795
435
711
507
815
615
763
655
651
599
755
547
911
651
823
635
763
611
651
763
791
607
823
675
779
639
719
671
931
679
907
763
839
583
755
655
803
491
775
671
983
463
783
543
851
599
755
531
719
611
803
491
807
551
683
631
787
515
811
595
943
583
683
739
903
735
671
687
923
691
787
667
751
687
783
479
879
675
839
671
983
511
619
551
715
575
907
627
795
479
839
607
771
651
871
559
707
623
911
735
763
615
783
539
795
603
875
719
783
603
827
615
787
699
751
511
675
523
739
563
675
615
779
579
803
615
699
455
871
563
783
579
783
551
783
555
827
571
691
571
943
603
671
627
827
551
715
563
799
507
687
679
771
619
787
559
855
615
787
627
799
603
787
603
859
595
643
651
811
607
887
631
859
507
727
451
911
639
779
703
763
667
735
559
743
491
727
571
719
647
631
235
607
327
455
147
859
471
687
603
903
531
687
487
591
635
567
579
559
587
599
703
631
511
531
379
611
467
399
479
559
539
499
475
507
563
575
479
623
563
655
547
395
603
475
579
611
599
679
635
563
595
511
507
783
503
623
551
415
627
563
467
555
679
615
387
619
683
595
591
539
723
551
587
507
559
475
595
567
447
607
495
671
663
683
535
595
711
519
619
419
647
571
395
595
579
507
655
475
423
523
511
579
691
535
399
511
611
719
523
471
639
579
563
531
523
503
435
503
627
375
567
607
675
583
535
455
559
555
571
471
603
531
499
499
679
571
635
567
631
659
443
531
587
695
611
707
543
615
463
507
555
571
587
559
571
503
503
555
503
615
723
599
767
523
467
619
415
491
703
567
499
511
563
487
611
471
631
583
683
419
511
615
727
547
563
587
607
675
603
463
531
667
723
547
583
519
691
711
623
471
711
443
431
535
627
607
647
603
735
583
555
591
423
499
615
583
471
531
607
711
559
571
475
555
615
567
483
491
583
463
607
543
607
583
579
627
415
483
539
471
503
503
555
499
479
515
443
691
543
507
623
635
679
595
587
675
679
635
635
559
583
575
459
419
579
563
567
591
623
535
471
507
643
467
711
527
479
531
623
435
735
571
603
631
503
563
419
491
543
467
571
579
575
523
691
535
591
567
435
699
643
571
575
543
775
671
515
627
571
607
651
531
531
555
551
695
539
607
623
559
535
447
555
595
527
571
723
519
559
479
507
647
503
495
539
519
515
627
571
591
599
623
675
547
487
527
435
591
387
523
615
595
735
523
675
591
619
695
655
503
647
671
387
483
443
471
715
539
531
519
635
619
595
411
519
487
735
663
595
379
459
719
559
579
499
547
555
491
559
435
483
527
683
479
611
695
619
471
415
479
595
551
583
587
483
619
639
575
523
539
563
583
567
647
555
523
419
563
619
603
587
495
403
599
739
751
563
511
531
535
679
615
707
475
535
675
479
519
635
467
563
555
787
487
531
659
619
575
407
515
479
595
503
535
471
591
559
487
551
491
639
479
739
615
615
655
651
539
615
571
583
563
571
507
527
543
627
755
455
603
475
451
719
331
575
487
567
647
519
451
723
675
587
483
619
583
527
539
611
495
675
535
559
543
511
551
503
539
683
447
635
579
403
539
483
511
579
543
591
647
375
399
0
575
599
679
