450
483
321
565
299
509
270
573
304
507
260
499
230
405
278
494
279
531
247
480
250
524
191
497
240
321
284
577
231
622
287
509
402
534
345
461
383
525
281
411
243
545
331
454
234
448
358
567
283
518
333
603
287
368
239
435
288
507
381
533
341
442
210
541
309
581
334
469
287
534
282
616
302
425
317
470
139
546
208
489
366
484
297
631
116
578
359
468
177
392
202
490
237
519
331
520
313
466
345
571
404
507
400
575
264
401
376
638
302
505
342
455
256
461
286
507
256
527
297
556
358
428
260
388
316
645
188
484
252
641
319
635
135
518
412
480
205
557
135
512
299
421
338
606
270
579
504
362
379
490
384
472
170
556
467
604
237
352
267
586
234
452
355
462
265
493
343
571
423
421
338
330
265
442
131
532
284
443
300
543
375
538
539
487
320
596
343
502
341
423
235
570
275
421
391
562
389
492
275
579
305
311
329
550
274
498
339
556
312
482
363
500
406
514
231
652
252
462
272
579
255
464
345
604
232
503
367
466
262
421
155
533
195
378
279
537
297
635
490
576
278
561
333
572
276
546
226
458
380
501
197
422
287
508
241
651
442
379
384
545
230
461
299
532
387
425
502
628
452
400
476
390
313
629
101
499
400
472
307
572
336
579
387
514
373
503
292
538
323
543
231
584
373
703
200
558
182
526
402
519
279
498
360
410
285
591
517
585
215
578
323
473
363
534
216
532
348
516
176
488
331
473
404
618
330
632
320
584
282
630
358
524
333
518
337
419
287
521
386
502
252
510
231
699
319
571
272
561
234
448
269
480
335
529
394
483
187
544
343
414
264
604
354
685
416
535
365
437
308
547
428
483
220
472
411
504
369
591
206
659
315
529
349
505
218
575
281
512
337
474
296
552
110
413
392
501
263
464
359
569
213
655
392
462
305
554
246
442
405
429
210
548
381
544
186
483
281
676
388
502
350
488
267
463
228
447
515
529
303
420
299
595
260
443
436
315
273
644
329
481
253
525
277
478
350
418
379
472
439
604
323
503
321
365
217
483
424
515
442
555
346
377
346
491
169
538
427
676
348
643
405
410
354
506
234
459
362
488
142
500
297
449
332
632
196
449
267
509
310
653
231
410
280
537
243
389
263
302
36
271
15
139
57
615
278
613
310
484
308
493
372
329
318
280
231
263
286
350
346
323
363
177
114
413
219
248
340
239
411
312
277
274
240
231
231
283
284
111
267
136
385
249
321
274
508
195
255
160
401
189
216
199
166
316
338
149
299
147
312
285
553
321
289
285
398
238
309
153
303
331
212
339
113
302
288
452
321
198
264
325
253
251
244
477
235
322
212
241
297
179
195
305
317
258
257
289
208
293
194
239
361
407
229
237
269
317
319
355
280
379
372
232
294
199
266
6
6
6
6
6
6
6
6
6
6
6
6
6
6
6
6
6
6
6
6
6
6
6
6
6
364
233
378
209
349
255
201
272
377
225
283
361
253
412
338
235
213
342
237
314
317
230
395
349
216
291
263
261
252
253
359
256
330
278
318
245
331
291
246
279
366
178
346
243
223
65
292
211
277
250
234
256
306
340
163
330
402
225
359
236
267
244
272
278
253
225
346
219
215
341
242
245
213
356
260
257
284
356
151
161
276
204
435
384
242
173
209
306
222
234
272
254
171
154
242
335
274
269
192
358
201
288
317
328
333
170
256
384
298
396
246
308
480
227
288
272
331
366
290
204
279
246
267
216
305
428
252
289
456
259
210
438
259
276
350
157
156
390
340
185
277
333
133
295
360
343
315
268
245
211
368
101
501
270
312
203
326
255
397
412
231
329
307
300
348
134
255
324
255
283
328
283
455
191
238
314
309
327
218
215
271
269
292
245
294
272
82
256
326
440
177
288
227
351
221
283
299
355
303
351
230
194
290
333
244
145
304
400
367
211
269
271
333
254
228
290
179
270
366
286
280
270
250
170
261
228
124
333
418
301
378
194
254
237
257
299
246
311
257
278
368
385
248
289
249
184
293
317
259
312
303
205
227
223
436
199
285
334
277
239
306
206
255
301
325
391
346
174
332
251
309
243
314
354
344
194
379
192
243
207
305
360
118
207
298
231
340
306
312
309
349
419
325
295
286
297
205
342
141
200
209
410
344
175
353
343
337
259
470
270
317
245
202
236
127
176
307
301
182
322
377
301
314
366
310
257
195
292
358
249
292
181
400
201
355
407
221
246
167
256
346
243
340
422
419
173
121
267
311
211
175
372
335
301
327
286
198
163
235
159
241
172
281
358
306
337
313
166
351
297
267
205
279
268
184
193
409
216
590
650
766
749
728
898
