441
537
459
467
386
733
425
603
407
535
493
611
334
601
395
551
461
563
482
637
353
630
399
538
430
511
337
635
463
581
402
711
397
647
421
505
331
445
309
490
361
463
303
615
530
562
419
675
471
598
499
570
398
583
374
665
541
625
379
654
327
561
291
627
478
477
331
559
585
543
227
594
395
762
325
555
407
625
293
702
457
647
463
666
554
695
511
663
347
577
243
627
389
498
474
643
371
642
343
521
361
599
353
442
315
778
334
543
351
531
325
619
417
531
406
537
255
495
423
570
317
583
315
538
379
579
362
651
485
625
461
669
511
758
475
673
367
571
378
577
507
567
454
707
311
667
379
721
382
657
407
465
325
567
446
575
487
543
539
777
370
635
387
367
598
543
383
649
371
611
459
539
441
538
587
623
439
535
283
541
355
483
422
562
418
579
409
681
590
399
378
755
430
558
329
611
530
717
391
543
321
677
597
445
425
535
470
638
406
499
487
549
389
638
451
511
405
609
394
611
334
678
411
570
322
533
505
663
506
667
430
479
361
570
354
597
670
539
434
567
395
459
402
741
270
523
287
575
501
686
469
822
315
547
454
639
450
619
435
707
423
607
311
778
229
515
426
571
450
675
446
603
490
699
445
529
427
599
477
497
431
595
474
565
539
659
411
587
541
487
443
711
443
605
393
490
483
555
359
563
391
691
470
785
417
547
429
723
398
609
391
607
431
619
411
487
450
551
387
710
407
699
482
593
502
707
371
527
395
551
355
575
495
621
473
442
543
702
434
591
431
706
233
699
407
647
339
579
415
541
398
635
414
662
463
642
301
513
369
797
462
590
519
657
465
479
391
519
435
627
459
699
399
731
551
595
389
603
351
783
271
675
475
594
563
706
411
641
522
678
451
535
382
551
311
518
495
547
407
645
415
491
409
555
341
623
335
527
234
541
451
647
419
630
545
563
561
639
478
639
466
645
409
471
382
654
405
446
466
599
395
702
339
559
374
535
409
615
479
647
446
531
255
643
463
607
399
483
447
579
423
707
371
666
361
634
505
618
363
543
417
599
451
578
463
681
478
678
325
538
519
535
513
697
407
749
411
630
423
713
450
727
491
715
419
713
382
599
475
562
426
723
439
511
493
651
378
506
81
357
199
343
46
523
433
586
387
519
371
643
361
239
462
367
369
373
389
266
349
349
439
370
466
339
327
586
427
538
379
447
307
458
494
514
377
370
194
421
319
254
394
382
463
363
445
482
365
379
363
359
365
382
258
283
341
415
382
531
305
373
419
321
419
335
349
366
467
201
281
279
371
413
433
234
523
459
473
359
306
482
307
507
359
374
391
450
462
271
341
275
405
349
302
451
313
482
435
335
271
227
431
394
253
463
442
351
227
405
511
469
347
365
442
419
486
447
386
311
281
383
495
450
407
427
245
454
342
387
443
279
363
418
371
291
417
379
338
287
511
317
431
531
442
358
351
302
315
395
319
429
407
390
215
323
361
299
365
309
398
505
423
395
405
419
447
269
331
375
370
367
527
355
342
345
507
457
213
387
411
171
345
353
431
287
227
307
302
451
303
429
311
399
362
315
471
365
251
195
389
341
562
395
289
378
367
421
569
399
511
411
371
455
335
250
497
402
302
426
327
415
329
257
431
474
499
298
393
350
214
431
434
327
311
373
443
319
414
386
361
363
358
403
555
419
419
273
261
463
483
302
391
554
515
311
277
405
419
395
379
258
503
381
402
455
355
457
255
442
466
353
393
354
285
275
517
251
354
407
305
419
453
467
435
406
415
442
421
295
343
390
295
393
305
359
442
337
450
343
365
407
519
367
365
350
351
343
335
378
461
313
307
398
438
387
383
417
435
273
351
378
406
421
330
242
333
338
378
331
346
317
355
233
411
430
195
410
399
446
394
401
278
375
483
329
537
366
267
339
331
323
393
459
358
411
382
411
321
234
385
431
318
293
310
319
505
306
361
363
263
391
291
379
411
375
451
471
342
445
350
507
363
343
471
355
389
415
287
262
375
307
325
351
403
401
307
377
427
323
466
330
407
427
467
318
471
479
483
419
455
205
357
462
469
471
447
394
301
527
415
282
277
343
357
379
367
293
459
322
445
421
445
278
319
295
350
317
351
429
442
423
385
389
383
370
383
307
462
423
522
363
467
303
445
230
259
245
407
481
223
453
431
486
353
335
293
367
337
351
510
385
369
362
381
503
467
333
467
463
383
338
369
417
353
502
278
285
481
267
314
213
422
413
342
417
283
306
342
426
477
243
517
354
243
379
369
345
271
387
415
555
202
258
251
359
287
454
379
521
519
127
471
214
591
323
