353
555
502
641
377
623
403
650
369
614
415
523
443
635
429
677
454
767
447
762
389
811
495
473
397
687
483
550
385
538
423
766
413
667
430
795
479
617
515
657
583
634
391
719
497
567
458
587
445
601
441
537
379
647
471
491
443
707
550
650
283
585
442
727
502
719
515
686
489
626
466
659
427
593
345
621
531
691
485
767
421
587
477
606
331
866
639
667
530
539
543
793
422
609
457
731
319
579
413
505
607
613
579
582
501
539
385
758
397
758
615
549
463
666
550
577
599
682
374
487
411
658
563
651
539
763
370
713
447
625
355
825
574
675
570
713
414
729
503
703
491
767
535
619
427
695
519
678
486
507
517
707
549
623
547
627
507
681
391
619
475
626
541
711
525
706
385
706
443
691
414
614
558
659
491
670
483
610
563
767
375
667
515
683
494
659
447
771
517
595
359
623
615
557
543
603
527
687
373
686
519
591
317
723
587
777
427
633
394
531
407
691
455
687
539
603
643
589
367
587
261
562
443
723
495
587
366
693
327
629
499
583
434
707
413
698
503
650
546
638
577
667
519
683
494
793
459
639
439
687
506
609
350
803
483
611
383
689
461
663
382
575
371
547
322
573
319
629
489
687
351
793
495
707
593
701
518
645
457
643
471
826
425
635
459
497
294
723
339
811
359
739
506
711
467
699
474
690
545
557
642
526
515
601
445
575
479
634
591
667
346
739
555
630
434
743
343
654
463
835
502
745
574
727
443
714
501
635
510
786
371
655
363
759
403
763
427
549
375
657
610
637
302
583
438
699
363
631
529
650
549
683
515
706
407
539
555
711
542
585
419
726
617
695
478
579
399
627
530
677
426
649
447
661
587
651
483
543
414
641
447
641
297
591
507
607
490
703
447
503
551
685
434
670
283
742
345
687
406
647
422
625
599
667
515
666
495
663
422
659
501
585
465
582
398
661
490
627
469
701
421
679
425
685
317
655
546
737
409
538
505
762
467
587
506
662
455
754
419
670
357
623
315
635
306
687
375
599
371
639
623
758
525
513
431
667
541
662
403
635
371
478
510
731
555
675
543
681
582
581
407
698
517
677
463
673
377
735
449
666
511
717
447
507
563
706
526
579
334
719
415
710
466
589
429
675
499
402
203
463
0
362
217
621
391
662
345
547
454
737
377
579
461
345
463
417
406
395
367
419
410
347
517
362
449
583
371
443
446
558
445
382
518
585
470
393
401
523
543
298
347
399
518
262
423
298
527
310
479
373
307
419
401
447
347
390
471
367
495
315
459
397
479
409
507
411
422
378
279
483
471
159
559
399
382
314
379
541
466
382
519
459
398
322
398
479
413
502
565
395
453
279
494
351
402
487
411
470
551
326
401
337
403
457
190
333
334
391
433
575
374
366
335
382
375
355
297
385
385
385
385
385
385
385
385
385
385
385
385
385
385
385
385
385
385
385
385
385
385
385
385
385
385
355
345
307
402
255
442
311
486
419
369
299
323
415
651
306
393
394
346
435
391
449
389
265
394
274
433
385
377
386
369
309
521
459
559
353
218
355
371
377
475
498
407
407
535
395
501
451
543
414
366
387
314
275
503
415
495
311
395
365
211
478
414
403
227
419
275
441
423
414
393
545
431
495
394
353
439
322
378
423
378
346
451
366
455
479
457
411
271
366
439
341
431
465
205
466
421
293
499
427
355
375
399
510
426
454
567
362
359
330
362
331
383
267
259
343
353
354
351
267
506
301
491
474
438
317
529
245
427
567
433
523
407
634
307
358
262
361
458
313
462
467
437
383
395
414
279
429
414
343
291
371
499
417
427
493
551
243
470
353
527
395
542
459
519
423
393
379
519
351
307
451
387
202
558
431
486
303
374
303
446
509
407
543
387
303
309
505
357
279
318
454
419
317
546
506
445
375
309
478
482
417
471
315
359
511
318
459
371
469
487
314
450
459
411
323
449
303
311
298
407
351
491
455
287
299
475
311
435
342
495
426
450
598
478
419
507
335
427
489
479
398
455
403
487
354
367
342
486
487
353
513
501
183
433
458
491
443
359
381
426
478
425
554
331
401
405
434
467
499
481
377
529
481
359
330
342
467
449
355
225
423
434
327
522
326
451
501
471
459
378
370
413
427
354
330
395
430
351
454
447
499
455
391
495
422
403
391
415
330
455
431
382
382
407
578
363
353
358
486
561
455
466
373
401
543
307
469
434
393
505
463
387
307
439
539
526
533
461
418
394
458
425
438
499
451
415
423
362
357
542
403
574
253
507
379
455
313
295
319
455
401
387
331
439
463
494
375
291
207
294
395
414
375
363
337
509
187
231
147
531
653
