407
723
331
755
535
587
455
723
463
579
447
583
499
654
535
735
427
650
527
699
467
755
435
683
627
823
519
711
447
743
491
683
515
623
527
587
435
787
514
663
435
723
523
739
342
819
431
739
431
607
466
767
535
691
503
735
399
594
395
591
515
682
387
711
523
727
371
655
467
743
431
687
547
551
547
647
471
703
595
662
554
667
455
715
495
675
439
759
554
623
519
671
311
619
483
722
562
750
447
727
507
639
431
586
482
583
543
663
447
763
410
638
363
795
399
639
447
639
523
755
575
679
518
554
443
575
547
695
447
727
631
627
495
766
495
711
491
611
507
747
523
711
579
566
387
619
506
611
403
683
555
731
559
643
427
679
331
814
551
899
562
711
483
650
466
699
383
639
467
762
467
683
542
646
470
651
458
707
594
851
415
775
415
843
539
666
531
631
446
635
443
707
503
838
623
859
567
791
618
651
375
619
467
695
599
511
503
555
547
583
423
726
479
679
427
778
559
627
459
759
427
671
510
727
446
675
379
755
555
691
487
591
286
599
506
499
383
630
475
674
415
563
487
679
527
775
454
555
495
750
591
739
543
771
583
734
475
778
559
790
387
722
535
679
499
791
487
731
539
807
335
667
543
635
359
743
347
594
571
755
474
698
531
671
459
715
611
611
470
695
483
691
371
707
490
691
423
663
459
714
407
582
499
851
463
739
422
663
475
851
486
814
431
619
506
655
366
654
686
643
382
815
419
706
375
651
579
802
666
791
431
779
471
818
599
735
395
695
402
683
519
827
471
686
563
603
571
699
567
683
375
839
530
647
542
759
439
871
551
651
539
607
471
671
659
835
415
806
483
746
483
747
515
594
371
599
539
787
351
770
399
819
359
714
487
671
459
623
419
786
538
615
458
535
422
635
486
662
499
715
519
743
531
747
459
626
539
747
267
854
503
507
463
734
475
819
534
651
474
786
507
787
459
579
559
563
499
763
391
699
471
711
407
811
431
507
519
631
374
691
591
595
378
658
514
546
587
582
451
766
354
631
567
734
475
627
562
715
602
751
563
747
515
663
611
667
583
687
350
687
615
887
655
722
430
651
535
671
399
586
383
759
474
723
351
715
422
655
539
663
411
679
511
587
531
671
411
603
271
363
231
423
0
682
527
479
395
670
475
563
503
503
319
495
411
327
379
395
587
459
503
346
342
387
530
370
474
510
471
467
375
482
467
407
527
439
299
455
503
367
491
387
507
427
554
567
431
330
591
347
287
530
435
355
491
347
423
471
474
610
511
535
435
583
547
575
543
522
482
387
318
367
431
363
439
511
387
391
503
474
559
427
531
491
547
435
439
394
415
491
459
574
415
399
379
407
503
507
551
455
495
551
447
402
479
486
487
382
382
479
483
579
523
475
431
643
643
643
643
643
643
643
643
643
643
643
643
643
643
643
643
643
643
643
643
643
643
643
643
643
246
334
491
503
407
439
403
415
474
211
403
275
546
395
542
547
487
471
430
531
462
439
610
407
471
331
443
478
387
507
347
443
443
443
471
451
407
455
579
423
518
535
534
307
407
371
499
479
351
543
270
539
518
543
411
383
471
447
411
271
459
514
475
335
467
491
395
415
479
495
563
426
367
531
347
503
403
563
427
371
583
531
511
431
331
507
563
575
527
414
450
487
379
491
435
295
483
406
455
371
530
443
507
411
463
571
543
474
431
431
406
423
510
491
518
367
423
538
435
379
199
450
283
354
426
439
323
539
531
427
499
423
387
422
386
634
447
410
303
518
599
487
519
607
462
551
419
515
355
422
359
451
459
351
539
403
551
490
403
471
446
514
591
407
427
527
487
443
547
530
475
363
511
523
539
427
383
411
543
518
435
375
415
395
538
427
387
386
590
419
419
634
639
427
591
427
530
403
419
431
383
411
507
483
414
339
490
535
463
446
518
398
483
334
470
463
442
427
339
426
439
495
607
379
510
423
570
522
387
467
491
371
431
343
395
451
358
471
547
415
438
543
571
419
247
455
523
483
387
459
422
427
398
563
482
411
551
459
343
663
471
479
379
343
490
535
279
339
463
426
519
483
459
635
451
331
439
522
447
395
599
474
414
431
363
431
398
415
583
551
435
519
562
523
587
483
499
463
419
367
555
463
483
375
539
455
579
551
515
478
470
503
443
363
467
443
615
455
583
447
498
399
427
367
467
463
691
495
323
531
475
351
734
295
479
427
474
527
583
338
527
518
435
351
407
439
335
486
498
487
555
546
443
331
503
491
467
478
322
339
379
406
291
559
427
607
354
315
430
686
367
506
471
547
591
470
395
463
491
611
567
355
431
907
