463
675
523
635
495
683
306
787
379
663
523
651
383
679
335
555
359
678
299
727
531
667
538
443
451
730
327
667
459
679
490
618
554
723
523
847
447
703
558
639
551
610
547
642
434
683
514
707
470
735
595
691
539
611
459
619
419
515
466
715
347
675
471
667
543
623
511
687
550
554
519
755
626
667
522
667
447
623
347
699
479
643
554
583
491
687
419
683
415
751
543
590
398
530
495
706
419
707
419
659
379
515
418
631
411
763
590
662
323
635
543
675
531
558
583
755
602
635
626
527
523
683
367
722
486
555
418
607
499
703
471
719
546
535
443
799
491
655
315
667
551
611
379
575
675
719
498
682
531
587
383
711
495
715
442
582
478
763
379
702
403
598
467
659
455
627
399
679
439
658
479
791
483
719
511
771
527
715
479
663
415
626
419
518
411
631
411
699
339
675
602
635
574
663
447
667
559
623
559
619
411
799
407
571
423
646
347
615
507
631
434
659
331
547
407
647
495
563
467
663
367
723
502
655
431
699
503
727
486
543
411
623
487
731
354
619
503
578
382
683
411
619
571
723
511
686
427
591
435
455
418
654
447
563
291
683
531
719
491
695
423
574
435
755
407
659
478
843
427
707
463
767
475
631
550
651
415
827
451
611
475
902
591
554
359
607
415
587
479
735
559
787
455
759
298
743
339
727
418
634
339
703
403
667
235
743
471
659
523
711
366
627
435
687
538
611
458
555
435
667
467
683
514
563
383
679
395
619
543
615
330
731
467
783
455
575
323
614
555
683
591
575
507
602
491
755
415
579
502
679
531
603
574
755
471
679
363
667
455
675
466
575
463
902
311
619
659
659
543
559
627
707
651
731
399
655
459
687
498
695
503
802
367
571
414
703
471
534
463
647
519
662
339
495
415
739
603
555
419
571
478
671
495
658
319
739
591
591
459
631
515
527
427
647
575
587
515
679
487
682
419
671
442
699
398
575
447
687
399
675
454
711
374
559
475
727
595
679
547
639
423
695
483
634
579
663
371
770
367
651
359
783
523
711
435
695
579
658
438
603
350
491
531
754
323
551
495
711
463
659
618
727
487
787
499
743
307
623
487
719
387
838
475
579
550
491
499
643
483
698
607
711
590
639
459
691
519
551
227
478
155
399
331
671
419
595
543
647
366
867
455
447
515
411
495
395
387
503
411
503
331
478
375
391
523
443
467
502
463
314
367
363
439
423
447
431
411
387
463
406
334
499
443
407
479
427
471
454
359
443
443
458
479
482
370
415
471
343
619
354
598
494
531
262
603
519
299
479
331
303
471
358
483
407
431
294
371
431
423
571
399
366
391
466
471
530
458
347
343
343
463
395
363
539
471
371
459
290
339
498
358
395
407
427
543
502
431
407
394
382
518
439
506
431
311
387
403
590
590
590
590
590
590
590
590
590
590
590
590
590
590
590
590
590
590
590
590
590
590
590
590
590
590
623
459
362
459
475
443
339
359
271
434
351
414
295
491
354
495
478
379
514
563
343
407
583
474
455
431
403
571
399
367
503
463
559
555
419
507
274
415
467
255
375
435
495
423
579
439
451
519
379
479
435
442
415
499
431
278
458
531
419
402
402
463
455
411
407
395
359
447
291
467
423
470
459
506
507
559
431
491
479
439
439
315
394
491
463
442
403
383
495
331
459
487
479
543
451
391
435
523
679
394
395
531
539
367
307
371
363
499
346
583
391
347
335
539
507
491
343
406
503
406
522
379
367
443
451
503
563
403
323
383
455
479
483
259
475
271
398
371
511
507
355
431
503
731
479
435
351
535
511
399
343
271
483
443
515
391
443
403
491
459
506
403
351
462
479
419
282
479
371
466
511
386
319
363
439
511
415
491
303
551
295
359
355
363
326
435
367
323
411
459
395
470
351
491
407
531
270
515
450
379
467
311
483
547
435
451
443
423
511
506
491
451
491
378
319
471
431
419
419
510
427
359
555
463
511
443
443
510
311
406
407
383
587
475
391
551
307
391
426
358
431
403
523
535
510
523
347
391
467
427
303
450
459
243
499
327
463
519
475
547
378
435
343
407
443
419
467
422
450
475
562
271
511
491
343
515
514
379
395
571
455
443
375
511
495
515
314
443
307
418
402
411
343
467
411
363
435
419
375
390
523
315
479
515
407
511
455
515
511
479
559
403
347
406
362
494
319
387
323
391
423
459
326
415
319
447
438
479
290
555
351
459
318
423
347
559
495
343
523
435
531
363
283
463
331
363
375
419
494
398
355
478
327
475
415
423
339
535
439
311
459
455
391
491
483
454
322
454
322
587
446
467
391
335
315
299
0
475
419
187
423
