1539
1775
1599
1783
1731
1903
1751
1807
1535
1731
1899
1987
1499
1995
1767
1807
1639
1855
1767
1919
1695
1931
1627
1819
1531
1967
1655
1955
1675
1803
1743
1863
1699
1819
1595
1863
1547
1807
1523
1871
1595
1863
1551
1803
1715
1771
1711
1663
1647
1807
1619
1855
1467
1799
1623
1723
1607
1919
1799
1815
1611
1779
1607
1771
1715
1903
1723
1927
1587
1963
1563
1743
1571
1875
1639
1843
1759
1807
1767
1951
1719
1743
1491
1783
1623
1767
1687
1719
1743
1815
1631
1695
1655
1799
1731
1811
1639
1831
1675
1731
1723
1751
1771
1831
1499
1831
1495
1783
1551
1879
1587
1919
1699
1943
1679
1695
1639
1735
1751
1923
1671
1771
1515
1867
1831
1839
1707
1911
1611
1767
1667
1835
1671
1887
1767
1891
1479
1923
1779
1855
1491
1935
1575
1911
1699
1803
1643
1927
1691
1835
1783
1943
1571
1783
1551
1723
1639
1803
1639
1863
1723
1823
1803
1959
1515
1871
1671
1963
1639
1731
1551
1775
1671
1951
1483
1783
1711
1835
1679
1915
1563
1875
1679
1907
1643
1871
1591
1895
1635
1707
1579
1815
1651
1939
1595
1911
1783
1911
1623
1835
1647
1691
1655
1975
1639
2003
1567
1779
1623
1895
1663
1839
1655
1775
1731
1839
1587
1803
1663
1903
1675
1887
1655
1883
1623
1935
1635
1847
1743
1831
1571
1887
1679
1771
1623
1899
1475
1763
1647
1895
1679
1919
1819
1679
1511
1871
1595
1807
1659
1859
1747
1919
1487
1759
1567
1735
1667
1935
1591
1883
1635
1887
1515
1927
1703
1871
1555
1939
1607
1831
1731
1843
1603
1915
1579
1827
1711
1863
1611
1783
1739
1695
1623
1987
1579
1895
1535
2007
1675
1943
1543
2003
1675
1839
1555
1819
1443
1927
1679
1823
1671
1887
1623
1759
1719
1871
1643
1983
1611
1855
1723
1947
1647
1683
1739
1743
1575
1703
1423
1955
1715
1883
1627
1911
1707
1771
1503
1759
1783
1771
1531
1859
1631
1843
1551
1823
1667
1911
1659
1923
1579
1887
1639
1831
1635
1719
1811
1931
1575
1995
1663
1823
1707
1739
1699
1911
1771
1775
1519
1691
1635
1803
1647
1867
1615
1875
1739
1871
1655
1955
1519
1851
1631
1743
1523
1891
1675
1795
1695
1887
1707
1815
1563
1787
1851
1959
1655
1831
1779
1823
1531
1767
1747
1799
1639
1831
1571
1795
1567
1891
1663
1855
1575
1947
1687
1727
1599
1843
1627
1831
1439
1675
1587
1883
1519
1935
1499
1811
1623
1683
1591
1715
1723
1827
1651
1755
1523
1787
1611
1851
1679
1871
1515
1871
1815
1763
1823
1899
1503
1971
1535
1799
1607
1923
1479
1759
1631
1835
1815
1883
1703
1855
1591
1799
1631
2023
1651
1815
1727
1899
1675
1871
1707
1823
1627
1911
1683
1855
1699
1915
1607
1903
1579
1863
1667
1787
1495
1811
1719
1707
1719
1807
1579
1895
1855
1871
1679
1767
1587
1855
1587
1935
1631
1855
1559
1815
1771
1555
1299
1607
1207
1703
1299
1743
1639
1811
1607
1807
1635
1935
1487
1555
1495
1663
1575
1507
1703
1735
1595
1643
1595
1659
1727
1579
1551
1647
1575
1531
1603
1667
1615
1691
1627
1551
1651
1631
1511
1535
1519
1587
1727
1623
1571
1463
1691
1655
1679
1495
1555
1703
1483
1599
1583
1507
1431
1523
1727
1647
1735
1731
1623
1699
1707
1551
1711
1635
1535
1615
1795
1631
1647
1559
1727
1627
1495
1527
1607
1743
1731
1575
1639
1583
1563
1739
1583
1647
1723
1695
1687
1771
1687
1439
1511
1607
1611
1411
1631
1567
1551
1567
1603
1671
1647
1655
1535
1675
1675
1619
1623
1543
1695
1575
1675
1483
1739
1683
1779
1591
1579
1619
1739
1655
1551
1523
1723
1711
1639
1451
1607
1543
1643
1583
1703
1711
1667
1531
1551
1647
1491
1483
1639
1523
1635
1671
1607
1543
1575
1595
1579
1647
1635
1659
1655
1551
1595
1635
1639
1711
1675
1647
1671
1631
1571
1567
1759
1611
1503
1499
1623
1703
1563
1627
1559
1527
1631
1599
1751
1647
1647
1575
1563
1531
1635
1515
1583
1579
1767
1463
1435
1595
1511
1575
1635
1699
1639
1631
1723
1519
1591
1511
1659
1611
1779
1547
1659
1631
1647
1711
1675
1647
1631
1555
1579
1591
1619
1687
1735
1655
1675
1627
1511
1647
1735
1555
1735
1663
1667
1591
1727
1547
1595
1651
1715
1515
1531
1603
1483
1571
1679
1635
1619
1543
1779
1627
1679
1523
1555
1571
1531
1531
1671
1579
1635
1779
1615
1647
1531
1731
1487
1687
1611
1419
1639
1523
1571
1619
1687
1647
1535
1775
1751
1511
1667
1607
1603
1571
1647
1675
1703
1575
1631
1579
1691
1579
1559
1499
1559
1523
1547
1539
1615
1751
1663
1531
1667
1603
1647
1539
1615
1563
1759
1755
1487
1555
1483
1611
1663
1619
1643
1567
1571
1535
1643
1515
1707
1507
1771
1659
1583
1659
1715
1603
1507
1587
1539
1635
1587
1535
1683
1663
1607
1599
1555
1703
1695
1447
1503
1691
1615
1575
1747
1623
1647
1619
1739
1603
1675
1691
1563
1663
1575
1527
1667
1543
1667
1635
1403
1547
1695
1495
1639
1495
1655
1615
1687
1595
1651
1571
1587
1583
1651
1551
1751
1663
1635
1591
1791
1675
1527
1711
1551
1799
1823
1787
1651
1623
1539
1523
1575
1531
1523
1623
1715
1507
1635
1643
1567
1687
1543
1583
1723
1635
1639
1491
1643
1495
1587
1503
1655
1603
1647
1603
1655
1739
1587
1719
1699
1543
1715
1759
1547
1527
1679
1655
1663
1751
1515
1559
1595
1531
1771
1599
1603
1647
1603
1631
1511
1611
1491
1747
1811
1543
1527
1567
1679
1683
1667
1575
1599
1655
1575
1555
1595
1615
1539
1611
1479
1703
1555
1535
1539
1671
1647
1647
1607
1555
1591
1491
1631
1667
1631
1555
1759
1607
1719
1431
1719
1687
1447
1719
1679
1683
1639
1631
1619
1727
1563
1655
1547
1467
1575
1519
1559
1703
1631
1643
1503
1507
1599
1583
1639
1579
1515
1563
1623
1723
1627
1483
1571
1683
1507
1655
1479
1595
1503
1519
1611
1595
2003
1815
1967
2055
0
1751
