358
427
322
745
467
598
455
559
479
677
473
565
439
743
457
666
311
631
435
613
514
655
451
751
495
622
501
663
402
587
385
845
546
538
393
571
409
569
423
663
438
681
563
559
433
663
394
563
463
529
429
751
423
567
391
707
498
583
479
577
423
595
511
731
427
809
507
551
555
577
607
659
507
533
495
743
429
649
526
637
451
595
522
651
423
511
435
562
451
635
439
701
298
567
441
655
467
539
387
638
462
623
386
595
429
625
255
730
438
613
375
591
474
729
479
683
531
591
325
645
569
451
482
723
437
667
330
667
535
754
446
574
433
735
334
779
539
634
397
497
325
635
287
787
551
591
411
713
571
594
519
519
411
567
429
735
511
595
354
650
387
703
383
551
406
577
473
619
591
755
401
671
427
622
375
566
397
594
445
630
531
639
485
627
503
555
397
707
459
583
423
495
539
575
521
646
505
617
385
587
558
614
465
726
487
814
501
697
483
573
499
623
373
551
471
519
486
618
529
473
269
513
567
630
455
638
435
633
362
758
355
618
263
570
486
727
470
597
421
581
583
661
410
778
391
673
341
619
469
573
471
551
438
695
430
567
499
611
517
657
555
747
603
611
439
623
561
583
435
623
394
626
389
671
517
478
493
675
451
753
431
583
513
687
441
715
350
741
389
759
479
699
555
551
491
585
321
606
403
619
353
635
409
635
375
742
381
683
527
621
385
707
443
674
433
503
441
583
393
631
423
738
475
615
422
543
423
567
451
659
465
522
433
615
581
639
327
710
421
762
531
611
471
666
383
646
530
590
587
662
483
659
461
535
394
667
437
631
441
743
427
619
519
782
527
702
335
639
391
450
519
647
399
733
423
627
442
491
395
675
302
723
565
561
599
735
489
722
374
659
505
682
343
543
361
727
271
671
522
803
502
659
433
529
479
693
467
647
421
802
442
714
375
567
445
678
469
770
373
690
475
443
461
649
357
635
579
786
409
581
534
609
567
699
459
587
475
687
517
713
330
569
525
563
507
635
441
817
557
685
511
535
397
658
395
645
378
553
473
571
501
639
518
641
523
519
433
702
435
705
405
770
486
731
355
835
393
525
458
699
529
743
475
475
470
647
414
511
491
745
463
687
433
622
455
559
379
510
243
266
147
242
349
619
451
619
374
537
405
623
550
359
394
538
362
298
451
394
267
431
306
373
387
458
451
391
438
453
530
430
538
387
447
255
354
362
370
435
443
587
423
435
517
257
317
482
459
346
523
281
415
401
591
437
341
303
339
403
435
605
333
514
443
407
495
347
307
425
478
427
494
461
437
439
449
469
434
231
481
415
341
467
335
305
417
533
306
341
378
329
378
209
529
379
339
534
342
422
227
419
341
433
391
381
455
425
317
354
473
403
347
537
381
310
457
386
543
395
503
531
367
375
459
399
657
383
391
507
318
345
369
539
327
455
379
289
435
387
402
429
447
371
462
546
391
347
381
433
385
369
459
423
395
455
395
474
391
355
439
339
525
547
418
447
307
359
355
427
375
415
431
473
482
487
302
407
483
439
429
367
499
266
505
299
366
490
397
454
265
227
443
379
339
398
411
306
458
302
494
393
343
411
429
347
474
423
491
505
443
478
403
382
455
383
437
286
387
413
407
479
522
415
487
423
311
507
486
363
275
351
411
351
463
319
377
374
493
423
307
471
371
363
453
342
373
422
439
327
427
283
607
403
515
515
447
458
434
430
323
419
395
347
438
441
334
369
265
391
653
415
387
371
377
403
303
345
433
455
363
378
470
558
491
425
291
343
399
438
514
486
467
490
337
338
611
510
515
369
423
357
529
479
435
539
427
415
459
530
427
545
519
447
435
405
391
257
467
433
319
337
338
255
353
473
363
422
431
361
362
338
474
258
555
389
505
413
382
357
571
515
347
361
363
515
287
415
421
391
485
553
311
414
491
307
379
565
507
387
422
301
619
459
383
415
433
430
370
419
307
509
269
385
486
409
523
447
546
447
483
455
363
270
454
313
447
425
315
382
494
283
389
441
431
391
445
330
482
297
414
477
459
539
333
466
431
417
371
419
455
435
439
531
454
495
401
391
311
403
414
370
483
475
407
491
471
389
571
382
439
470
327
438
327
419
275
477
454
483
335
487
278
390
362
389
518
379
415
435
483
389
435
347
379
425
279
367
413
486
319
301
323
379
263
363
459
425
423
497
481
238
171
426
471
498
391
431
422
435
385
331
423
374
353
457
367
455
427
387
470
314
290
375
345
323
507
242
335
457
527
438
471
379
415
494
403
475
413
318
355
439
551
134
515
455
415
541
335
291
238
619
430
702
275
574
