443
603
415
595
395
567
271
567
335
511
343
555
371
607
431
567
455
527
371
619
399
595
431
591
343
427
355
507
511
539
379
671
339
639
423
443
523
563
487
551
419
463
415
651
295
539
535
783
431
591
367
415
435
691
335
487
339
575
347
703
287
503
327
615
315
627
419
583
451
671
459
523
447
491
391
719
371
611
431
587
343
607
451
639
347
551
343
647
315
575
395
643
371
491
415
463
419
567
431
507
379
535
387
639
387
591
335
487
467
463
495
455
403
599
403
439
391
639
283
571
423
595
363
655
311
631
299
647
295
531
519
491
279
575
419
475
479
695
427
571
387
519
463
591
391
571
511
447
447
519
383
535
355
595
267
551
307
503
395
647
371
663
495
551
503
643
431
587
387
459
539
551
287
651
343
339
371
467
347
551
355
739
383
651
379
359
375
555
351
471
447
463
339
691
367
539
583
519
491
595
375
579
299
571
475
527
367
599
395
647
343
535
343
511
431
711
303
575
455
511
387
467
479
683
335
587
487
515
507
507
331
671
403
571
395
583
327
639
459
731
399
595
415
703
319
615
379
507
315
471
323
559
407
503
303
711
399
651
515
643
407
511
283
487
423
579
483
595
391
667
487
731
303
659
467
619
423
579
347
779
367
599
291
455
343
511
363
579
559
599
399
635
307
499
371
643
343
351
391
571
431
487
391
527
387
563
335
611
311
587
367
435
399
439
383
507
379
527
183
571
495
623
331
587
455
491
387
487
479
539
339
483
411
515
451
603
571
571
279
707
491
619
355
631
351
527
587
595
547
631
299
683
411
527
467
583
359
595
423
539
499
551
391
407
335
559
423
527
311
551
403
511
427
551
287
623
391
487
387
611
331
539
479
675
555
611
391
663
491
583
323
643
367
615
463
619
275
703
295
635
419
719
399
531
355
659
515
495
311
547
379
591
343
647
363
603
407
699
419
635
371
479
551
535
519
643
423
695
439
527
451
619
463
439
367
575
447
559
531
579
415
579
315
635
423
511
391
655
515
611
327
555
419
619
451
607
359
411
451
655
407
655
387
551
415
659
319
515
415
595
511
639
391
555
327
511
407
659
447
607
519
503
303
655
339
703
347
519
291
555
543
523
247
615
371
603
343
407
103
307
0
287
103
535
439
411
455
575
495
611
307
411
395
423
315
431
379
271
275
311
251
451
359
327
287
343
319
363
575
395
467
303
415
215
247
367
483
343
251
331
431
327
383
347
443
407
519
351
383
271
279
283
451
267
351
375
407
235
411
399
323
347
255
323
407
323
219
311
315
371
347
427
315
431
395
395
335
335
459
287
327
343
275
331
311
235
367
335
315
427
279
455
351
371
447
195
327
355
315
251
367
227
375
383
335
291
415
339
459
331
283
363
403
495
311
167
379
327
451
307
251
387
255
315
335
423
355
327
447
363
419
183
487
447
291
395
363
343
299
367
507
383
351
335
503
291
379
371
355
435
411
291
459
295
379
339
367
415
311
187
411
403
195
287
271
287
307
455
487
371
307
383
399
479
467
311
491
431
383
399
347
347
455
271
567
271
347
403
319
343
339
307
399
211
351
267
339
283
291
371
467
331
331
379
455
367
267
351
383
451
283
343
351
371
403
431
507
311
275
431
423
403
251
451
339
363
267
191
279
331
235
387
391
379
411
443
327
435
359
451
303
343
503
331
379
235
347
247
407
391
343
307
415
483
331
607
375
299
347
299
191
339
315
275
287
375
303
395
403
443
463
231
427
363
403
267
455
359
279
435
315
283
423
303
387
355
355
219
259
271
359
275
327
427
383
263
331
359
267
331
311
375
343
351
355
343
355
259
359
355
351
335
335
371
327
275
467
467
263
395
383
335
515
367
275
363
307
195
351
315
211
311
391
415
387
343
331
271
387
327
395
447
415
251
351
263
367
363
343
343
359
431
319
455
383
367
263
343
411
415
463
379
427
203
335
443
471
383
359
311
347
363
483
327
495
379
267
379
331
263
371
315
455
359
359
407
351
275
367
263
391
259
283
319
351
491
303
271
299
319
407
291
323
275
331
319
363
335
523
395
407
487
415
351
383
339
355
383
355
263
527
207
347
219
527
387
375
359
343
323
299
443
315
447
351
351
303
319
375
375
363
395
275
307
359
407
463
311
471
375
455
219
407
363
275
383
247
367
295
295
399
319
231
335
327
255
367
299
315
299
475
215
511
263
343
387
351
275
339
275
299
375
283
243
359
283
351
335
359
311
331
359
431
279
451
551
327
463
363
131
371
479
191
319
319
343
219
363
411
227
167
379
283
283
459
299
395
343
339
179
519
519
403
775
