1922
2103
1854
1999
1905
1915
1758
2038
1843
1782
1763
1945
1911
1939
1867
2003
1895
2039
1753
1882
1963
2115
1887
1971
1691
1915
1827
2035
1859
2151
1867
2019
1877
1962
1847
2043
1879
2085
1739
2027
1875
2173
1787
2006
1955
2001
1923
2089
1963
2019
1822
2019
1778
2071
1685
2031
1767
2021
1867
2162
1731
1983
1755
2055
1863
1938
1779
2131
1803
2115
1773
2157
1966
2015
1871
2067
1797
2001
1809
2131
1789
1975
1699
2067
1830
1942
1841
2011
1882
2127
1898
2031
1735
2031
1811
2173
1811
2063
1901
1954
1833
1865
1831
2051
1905
2135
1826
1963
1974
1991
1851
2058
1923
2019
1826
2075
1970
2079
1783
2135
1706
1971
1695
2031
1791
2027
1887
2111
2015
2015
1803
2086
1790
2122
1815
2019
1923
2010
1790
2018
1870
1951
1783
2086
1839
2023
1891
2047
1919
1977
1815
2113
1779
1950
1950
1983
1829
1955
1907
2106
1742
2094
1901
2061
1869
1962
1787
2113
1965
1882
1835
2010
1779
2014
1787
2095
1693
2146
1975
2063
1778
2107
1887
1987
1686
2051
1879
2049
1843
2115
1723
2178
1965
2111
2027
1951
1907
2031
1863
1890
1947
2051
1787
2031
1763
2058
1795
2026
1991
2187
1826
2090
1833
2091
2006
2123
1958
1981
1935
2061
1771
2021
1943
2091
1834
2033
1871
2175
1846
1985
1850
2130
1903
1939
1806
2083
1859
2055
1719
2235
1859
1985
1806
1955
1903
1913
1769
2070
1991
2003
1927
1893
1875
1899
1833
2075
1934
2081
1862
1986
1943
2023
1910
1939
1871
1830
1803
2067
1879
2090
1775
1965
1831
2054
1795
2143
1807
1911
1783
2079
1770
2095
1775
1903
1786
1949
1859
1971
1831
2107
1819
1930
1753
1954
1739
2079
1883
1941
1855
1979
1946
2131
1811
2163
1871
2119
1875
2071
1774
2189
1731
2175
1774
1989
1769
1919
1766
2010
1826
1982
1945
1995
1785
1881
1719
2010
1801
1999
1869
1995
1922
1987
1851
2069
1919
1975
1835
2039
1918
2075
1815
2050
1843
2137
1783
2070
1834
2071
1797
2022
1829
2031
1939
1905
1863
1966
1995
2026
1798
2062
1810
1991
1966
2003
1802
2079
1875
2051
1877
1982
1778
2214
1731
1993
1983
2159
1791
1985
1899
1950
1775
2035
1690
1991
1842
2126
1930
2002
1903
2131
1815
2043
1771
2015
1814
2103
1775
2107
1947
1911
1863
1939
1933
2031
1795
2018
1815
1969
1835
1987
1783
2037
1798
1961
1854
2131
1827
2155
1886
2043
1887
1990
1767
2085
1718
2002
1891
2043
1827
2097
1823
1967
1803
2142
1843
2135
1755
1987
1863
2019
1815
1929
1867
2126
1766
1859
1867
2214
1983
1999
2006
2142
1799
2127
1797
2061
1591
2007
1723
1987
1695
2091
1811
1925
1951
2070
1823
2015
1743
2147
1879
2109
1735
2029
1835
2121
1865
1887
1915
2095
1631
2065
1883
2150
1826
2067
1791
1975
1866
2015
1795
2141
1787
1999
1915
2099
1819
1833
1531
1819
1531
1766
1683
1981
1803
2015
1894
1890
1827
2026
1727
1783
1779
1859
1843
1821
1777
1638
1949
1762
1827
1927
1891
1650
1727
1867
1767
1726
1891
1831
1758
1783
1787
1838
1859
1819
1783
1795
1865
1865
1851
1895
1745
1867
1767
1938
1915
1758
1677
1698
1894
1775
1787
1875
1751
1817
1810
1815
1897
1611
1890
1874
1855
1735
1714
1838
1795
1927
1811
1889
1917
1799
1867
1777
1858
1678
1831
1735
1751
1699
1815
1850
1791
1705
1919
1723
1883
1830
1766
1887
1762
1915
1734
1791
1887
1875
1787
1855
1838
1849
1851
1806
1763
1739
1791
1779
1874
1723
1867
1805
1802
1886
1938
1835
1891
1822
1822
1822
1822
1822
1822
1822
1822
1822
1822
1822
1822
1822
1822
1822
1822
1822
1822
1822
1822
1822
1822
1822
1822
1822
1879
1762
1775
1770
1802
1805
1690
1694
1833
1827
1765
1727
1910
1893
1983
1937
1743
1819
1811
1795
1771
1807
1667
1714
1739
1917
1734
1727
1817
1726
1867
1675
1891
1817
1675
1831
1891
1881
1914
1830
1767
1739
1655
1711
1814
1707
1687
1855
1851
1989
1865
1626
1779
1863
1750
1679
1811
1841
1721
1819
1775
1770
1714
1811
1758
1862
1750
1759
1697
1735
1727
1883
1858
1717
1883
1815
1979
1861
1831
1859
1851
1899
1867
1759
1750
1746
1931
1811
2083
1767
1847
1859
1915
1741
1763
1787
1719
1747
1901
1719
1839
1605
1750
1987
1795
1663
1690
1727
1747
1803
1771
1939
1891
1866
1837
1771
1787
1889
1603
1627
1930
1919
1854
1678
1822
1810
1831
1815
1859
1805
1735
1743
1825
1727
1801
1843
1827
1871
1799
1770
1835
1801
1927
1879
1781
1947
1847
1735
1814
1854
1887
1917
1843
1839
1703
1713
1839
1705
1807
1731
1795
1895
1833
1842
1719
1759
1859
1659
1745
1707
1895
1683
1823
1730
1695
1835
1923
1737
1937
1739
1755
1783
1691
1758
1714
1665
1735
1818
1835
1826
1855
1737
1739
1819
1851
1851
1759
1870
1885
1735
1739
1727
1757
1827
1963
1678
1843
1869
1794
1807
1910
1718
1939
1775
1875
1815
1763
1727
1895
1798
1731
1667
1739
1829
1875
1787
1833
1875
1727
1715
1846
1961
1770
2058
1799
1773
1818
1715
1943
1891
1746
1755
1791
1875
1751
1859
1915
1755
1830
1791
1790
1803
1763
1805
1693
1731
1830
2011
1831
1690
1895
1817
1775
1711
1895
1635
1865
1735
1826
2011
1663
1895
1863
1755
1831
1903
1847
1867
1845
1753
1941
1673
1894
1791
1951
1771
1810
1699
1923
1759
1806
1819
1931
1793
1727
1730
1797
1809
1762
1783
1927
1603
1819
1841
1814
1773
1886
1787
1867
1826
1895
1791
1858
1697
1731
1738
1754
1743
1723
1983
1855
1855
1817
1875
1651
1967
1895
1878
1699
1819
1666
1607
1671
1859
1906
1838
1933
1883
1729
1878
1819
1711
1890
1689
1682
1650
1939
1647
1839
1754
1897
1889
1831
1850
1807
1931
2013
1803
1825
1763
1795
1715
1843
1734
1871
1747
1843
1779
1867
1838
1758
1758
1907
1787
1855
1875
1849
1775
1485
1366
1515
1347
1449
1546
