1907
1911
1863
2015
1839
1987
1843
2083
1739
2095
1887
1991
1803
1975
1747
2039
1859
2135
1887
2127
1659
2011
1823
2159
1827
2071
1807
2195
1763
2019
1907
2111
1799
2059
1827
2087
1795
2039
1939
1955
1823
2067
1887
2047
1771
1987
1815
2039
1819
1915
1899
2087
1911
2051
1827
2131
1919
1963
1803
1963
1811
2035
1883
1971
1931
2119
1971
2163
1831
2051
1895
2063
1839
2011
1871
2083
1899
2115
1835
2115
1875
1951
1791
2091
1755
2099
1811
2059
1823
1983
1871
2179
1823
2095
1847
2115
1811
2039
1867
2111
1831
2011
1903
2039
1831
1995
2035
2047
1735
2191
1823
1975
1747
2043
1875
2083
1899
1959
1847
1979
1763
2071
1739
2123
1811
1987
1843
2163
1879
2107
1839
1947
1895
1959
1855
1971
1683
2059
1755
2031
1871
1959
1911
2131
1787
2031
1983
1983
1803
2123
1827
1911
1835
2151
2003
1983
1931
2063
1903
2047
1899
2131
1887
1983
1875
2143
1907
1983
1803
2107
1831
2055
1759
2163
1875
1955
2023
2167
1947
2063
1859
2059
1895
1971
1839
2007
1963
2011
1767
2023
1887
2047
1915
2239
1883
2079
1955
1947
1819
1995
1899
1919
1915
1935
1843
1971
1831
1927
1763
2115
1827
2091
1875
2051
1743
1963
1951
2099
1887
2019
1819
2067
1927
2199
1879
2067
1819
2055
1771
2051
1747
2011
1783
1967
1895
2135
1887
1991
1767
2211
1895
2055
1835
2007
1867
2035
1855
2007
1807
1887
1791
2043
1807
1955
1923
2115
1935
2111
1883
2059
1859
2007
1875
2127
1899
2131
1983
2011
1907
1967
1835
2043
1831
2039
1751
1959
1815
1991
1839
2087
1899
2167
1895
2015
1807
2059
1939
2003
1863
2103
1887
2015
2015
2035
1827
2031
1815
2039
1779
2075
1779
2019
1891
2199
1723
2183
1887
2051
1983
2183
1795
2059
1959
2051
1847
2103
1947
1983
1867
2071
1879
2163
1971
2139
1851
2131
1943
2063
1855
2083
1807
2111
1791
2235
1915
2067
1919
2123
1971
2079
1823
2015
1971
2087
1999
2103
1987
2063
1923
2007
2099
1987
1939
2055
2003
2035
1871
2087
1915
2143
1967
2015
1787
2043
1755
1915
1867
2059
1971
1855
1931
1959
1779
1947
1831
2107
1859
2047
1779
2035
1803
2071
1911
2167
1875
2143
1771
2023
1903
2023
1871
2043
1955
1975
1863
2071
1987
2155
1819
2043
1947
2055
1955
2035
1799
1975
1883
2067
1807
2035
1867
1959
1855
2067
1879
2091
1947
2039
2059
2115
1971
2079
1851
2007
1879
2063
1891
2075
1991
2115
1903
2023
1839
2119
1831
2023
1827
1991
1839
1991
1919
2099
1863
2039
1851
2195
1987
2087
1923
2047
1847
2123
1851
2047
1879
2075
1871
2239
1815
2195
1915
2035
1887
2135
1939
2059
1839
2011
1943
2131
1939
2183
1855
2167
1807
2075
1839
1971
1907
2079
1959
2067
1899
2143
1867
1907
1759
1915
1911
1979
1895
2071
1723
1943
2015
2071
1723
1895
1627
1883
1583
1891
1583
2075
1867
1987
1839
1995
1859
1967
1887
1851
1819
1927
1831
1911
1787
1807
1883
1863
1939
1803
1843
1871
1779
1775
1851
1803
1835
1919
1719
1887
1783
1887
1855
1695
1779
1827
1947
1783
1811
1907
1879
1779
1851
1879
1879
1839
1887
1859
1783
1847
1851
1743
1727
1855
1823
1767
1987
1779
1763
1815
1907
1907
1883
1863
1799
1987
1899
1659
1875
1851
1895
1751
1783
1839
1847
1783
1743
1707
1735
1867
1851
1931
1919
1759
1871
1807
1931
1687
1827
1847
1847
1883
1671
1759
1687
1767
1775
1835
1815
1815
1779
1859
1979
1927
1847
1843
1851
1867
1839
1787
1843
1907
1731
1951
1863
1843
1859
1827
1747
1843
1799
1803
2043
1879
1807
1907
1947
1747
1751
1831
1971
1807
1759
1827
1891
1775
1895
1959
1895
1791
1815
1715
1927
1863
1863
1859
1923
1783
1991
1787
1831
1863
1891
1839
1871
1735
1851
1903
1959
1827
1767
1843
1963
1899
1827
1783
1903
1719
1835
1743
1819
1915
1891
1835
1783
1807
1923
1791
1799
1775
1791
1795
1871
1791
1679
1903
1859
1807
1935
1699
1803
1847
1795
1759
1871
1723
1891
1783
1823
1803
1767
1919
1807
1723
1871
1995
1907
1983
1943
1731
1775
1891
1799
1915
1971
1803
1811
1879
1915
1815
1867
1787
1755
1899
1839
1887
1871
1679
1863
1783
1959
1879
1795
1931
1887
1915
1935
1891
1979
1871
1747
1791
1775
1875
1871
1895
1747
1791
1887
1707
1827
1759
1807
1843
1767
1895
1851
1767
1819
1851
2003
1919
1851
1731
1795
1655
1903
1855
1875
1879
1859
1967
1727
1887
1979
1967
1807
1839
1895
1779
1863
1855
1791
1867
1887
1863
1819
1875
1919
1939
1775
1703
1783
1851
1911
1755
1755
1831
1811
1827
1903
1783
1879
1735
1899
1859
1775
1867
1843
1903
1799
1935
1899
1751
1739
1707
1855
1827
1783
1795
1767
1855
1671
1827
1891
1715
1791
1791
1823
1827
1883
1819
1847
1843
1743
1847
1739
1819
1883
1887
1887
1743
1827
1855
1935
1787
1883
1699
1779
1779
1827
1915
1871
1791
1679
1815
1783
1767
1807
1827
1811
1771
1855
1819
1855
1747
1783
1927
1731
1727
1783
1871
1739
1759
1651
1855
1859
1851
1883
1719
1967
2035
1927
1735
1851
1699
1863
1719
1871
1827
1807
1803
1863
1851
1711
1899
1775
1939
1791
1823
1795
1727
1767
1827
1807
1855
1879
1831
1811
1771
1875
1743
1967
1963
1883
1835
1723
1855
1839
1743
1771
1859
1795
1695
1815
1707
1879
1887
1835
1987
1939
1847
1843
1947
1871
1851
1903
1783
1875
1839
1899
1935
1771
1863
1707
1687
1871
1751
1767
1763
1923
1751
1903
1627
1799
1811
1863
1707
1963
1859
1903
1755
1795
1751
1763
1635
1843
1911
1815
2039
1935
1755
1751
1771
1715
1991
1723
1755
1775
1815
1887
1799
1831
1863
1827
1799
1679
1755
1875
1775
1843
1799
1759
1871
1843
1739
1775
1815
1895
1791
1763
1843
1923
1779
1803
1763
1883
1791
1791
1807
1987
1819
1827
1867
1755
1787
1775
1815
1723
1823
0
1799
