491
719
371
483
367
531
419
595
247
571
383
479
451
583
359
519
475
695
495
411
415
643
343
671
399
487
503
727
387
563
451
651
431
659
411
595
447
611
415
635
403
507
543
739
259
571
431
679
447
567
311
731
391
503
551
655
435
651
515
611
455
599
575
659
299
603
399
799
463
695
535
587
371
471
391
535
447
695
399
767
523
691
347
743
403
623
455
615
275
631
299
419
359
527
443
523
375
543
491
699
383
447
343
567
383
619
331
647
479
667
551
571
367
539
415
571
471
571
499
759
479
567
399
703
299
571
519
555
323
675
399
711
503
555
511
635
451
707
355
527
343
651
235
583
411
603
387
655
459
687
399
703
431
603
463
683
323
611
487
751
395
595
379
631
483
639
291
555
331
543
515
459
299
467
507
763
467
511
399
643
379
587
431
495
339
523
431
627
483
575
391
679
371
571
331
699
371
575
447
551
439
547
579
643
307
579
235
583
483
803
391
655
299
755
411
707
371
471
383
723
455
611
475
699
447
627
427
571
407
679
395
591
435
535
371
639
447
711
535
651
419
683
447
571
539
583
311
499
323
563
479
591
459
583
411
803
555
551
499
631
279
575
395
691
339
547
435
607
351
583
459
611
363
727
427
559
443
655
463
683
367
523
375
535
427
603
379
575
427
691
455
583
319
587
415
635
495
599
431
571
387
591
351
743
403
711
407
635
467
567
399
739
435
531
479
511
351
487
559
607
351
507
519
651
379
527
463
527
487
539
351
723
443
547
403
547
523
591
339
543
387
683
255
615
447
583
407
539
427
567
467
487
371
603
419
683
343
635
411
571
343
639
339
663
431
515
411
663
399
615
415
579
435
699
443
659
363
587
359
547
359
527
359
651
511
527
543
735
351
635
339
743
379
483
427
555
427
443
595
679
427
695
327
755
395
679
387
651
319
555
363
731
375
499
407
783
423
619
499
647
451
515
519
523
283
603
375
575
391
631
483
603
275
591
531
651
443
611
431
567
395
603
303
563
507
595
407
571
387
619
523
587
427
483
455
503
427
687
435
619
299
683
427
711
399
415
339
747
483
467
471
399
483
595
315
535
363
555
451
631
463
695
359
731
463
699
391
619
235
663
435
667
435
627
463
675
311
515
39
319
119
331
255
595
355
607
195
575
327
627
339
159
483
471
515
403
299
495
263
287
503
423
427
319
435
271
411
331
375
395
371
319
359
307
343
315
539
263
279
423
515
307
407
395
291
439
383
439
311
423
331
567
519
339
243
367
327
439
383
303
375
363
275
447
423
447
451
343
375
123
287
215
323
391
511
435
407
403
539
307
475
411
475
351
459
267
491
399
427
303
387
179
395
483
467
315
367
419
439
515
315
447
303
367
383
467
367
243
351
515
203
475
355
499
443
291
271
303
271
451
471
315
475
399
447
379
499
343
303
399
347
611
327
239
451
331
415
399
371
391
411
339
351
391
339
439
311
399
443
427
503
267
319
315
351
323
351
307
391
239
451
275
379
387
443
399
275
299
439
359
451
327
519
435
415
363
511
387
239
219
407
539
227
399
283
255
435
379
371
519
211
515
367
411
331
371
439
495
295
531
391
323
379
319
471
431
335
327
423
419
351
391
383
415
459
283
507
343
435
303
299
339
391
239
419
283
435
491
483
315
319
267
395
563
383
307
363
371
407
275
319
431
303
311
435
455
411
375
403
347
487
467
519
463
391
607
355
435
347
295
443
435
519
419
371
355
291
407
431
339
471
343
219
311
435
419
327
399
395
359
463
387
267
311
459
375
451
387
431
507
507
407
475
443
439
443
451
231
479
331
399
355
519
291
343
443
411
351
327
323
307
523
355
439
563
387
507
355
519
399
319
323
427
511
407
347
415
363
375
439
459
463
363
403
371
363
463
391
355
395
347
275
311
383
463
363
343
319
443
455
723
591
347
451
387
503
399
195
423
215
447
459
351
415
447
407
359
371
459
323
367
403
427
267
367
379
431
435
479
395
331
515
287
291
307
343
567
491
459
299
423
435
335
351
271
483
351
435
519
307
415
355
439
355
587
447
295
311
383
419
347
343
519
359
423
355
451
319
247
415
291
515
307
263
519
375
431
447
351
375
331
503
187
407
395
315
371
303
367
383
415
347
415
535
375
355
379
443
375
347
403
183
439
339
427
391
383
347
291
535
371
263
375
267
463
195
387
335
531
335
515
463
423
335
347
363
523
519
399
319
371
303
407
391
347
451
423
215
347
447
455
507
295
435
491
487
463
419
367
391
387
339
467
371
463
427
483
419
447
439
255
283
315
423
347
331
279
407
659
671
451
127
367
835
