530
659
367
574
390
641
394
521
357
671
457
677
411
726
365
710
345
539
350
691
394
625
526
767
447
707
555
819
454
658
375
771
473
802
635
693
503
733
486
625
455
531
515
714
405
687
366
791
381
485
442
610
349
683
531
602
522
630
515
689
497
739
531
679
482
735
363
663
530
699
323
670
519
774
535
641
443
715
455
647
445
627
377
593
495
633
394
745
499
681
457
689
475
650
486
685
387
713
507
806
369
646
577
690
497
551
511
718
562
710
387
743
443
635
591
765
442
578
435
727
413
710
479
702
499
635
363
655
453
697
486
697
502
759
451
599
609
607
399
627
442
687
531
715
498
675
547
821
434
694
403
771
415
587
427
599
566
655
467
683
362
703
625
677
471
659
383
743
430
674
541
655
535
585
510
719
462
755
563
525
522
911
463
651
555
643
599
543
451
778
483
735
474
597
631
770
390
839
494
673
478
507
502
767
454
567
415
731
383
642
490
634
343
719
314
603
466
615
495
607
455
618
537
766
479
721
546
785
462
778
347
679
347
551
394
895
603
715
487
777
534
657
451
682
507
677
543
634
486
677
353
581
414
630
650
634
454
643
463
733
523
741
379
677
499
615
535
622
629
627
519
754
522
673
417
751
390
605
485
627
483
595
470
647
533
605
437
647
427
503
515
643
519
717
386
643
346
645
455
681
477
682
509
683
491
591
551
663
519
638
538
535
342
646
361
738
333
499
569
669
491
570
467
671
566
691
365
661
451
595
450
735
522
715
397
551
334
595
498
806
591
566
331
770
349
646
399
523
327
547
355
767
618
702
502
567
467
630
519
558
413
689
402
739
353
675
509
739
606
663
587
609
522
797
435
623
371
617
419
563
543
622
521
675
591
766
379
785
387
599
582
598
499
437
323
563
467
797
418
849
359
594
405
701
615
707
522
725
423
706
455
617
383
627
486
729
441
543
281
717
473
689
367
637
299
650
431
714
423
759
347
698
435
622
477
631
330
703
507
653
639
670
445
555
609
751
427
694
602
654
335
689
539
698
301
707
397
619
505
803
451
777
451
587
366
670
522
589
514
593
455
583
501
631
587
754
643
698
537
601
479
655
453
626
503
553
359
610
622
661
441
665
461
675
369
693
615
470
0
397
215
354
187
643
465
682
391
565
287
607
409
274
507
547
474
373
494
494
438
359
587
515
315
559
246
371
547
423
382
547
509
399
451
353
451
322
529
539
483
306
427
451
383
369
483
475
497
434
515
461
467
506
498
421
371
487
531
479
418
397
461
491
410
451
515
561
458
383
357
307
363
387
310
443
485
434
565
382
526
419
467
383
349
369
539
331
431
513
495
425
550
303
486
343
403
525
315
363
387
395
501
462
398
403
558
351
401
334
533
371
518
441
409
442
391
502
389
203
471
477
442
367
607
254
603
323
470
287
583
475
573
431
458
353
439
433
338
399
410
478
319
471
609
359
343
509
351
379
555
342
366
538
471
509
395
331
499
379
549
499
473
315
546
506
487
487
443
371
421
641
434
323
477
471
371
337
343
363
447
445
402
541
421
338
495
341
271
405
354
451
474
487
555
487
427
331
295
362
289
499
451
502
471
366
467
319
423
515
434
483
475
437
527
411
301
255
591
491
399
526
505
338
431
443
507
359
377
349
387
367
502
327
611
351
222
219
377
318
439
577
438
335
403
446
330
383
375
446
493
430
523
531
430
411
502
438
555
419
541
262
621
318
367
423
355
401
391
419
606
321
443
335
623
454
542
555
337
373
431
395
433
462
407
286
447
523
335
371
423
501
323
371
363
498
403
545
379
311
559
523
326
515
386
430
413
521
485
499
574
322
453
253
503
331
462
369
451
473
403
331
457
302
317
478
513
539
315
511
506
507
417
431
618
382
439
386
621
475
485
291
475
321
503
361
482
498
549
434
467
478
427
439
529
567
455
307
457
431
225
417
642
309
338
547
454
461
543
426
439
306
399
354
427
325
427
411
490
431
571
379
591
419
369
319
293
302
479
381
522
331
395
403
563
386
601
439
511
597
447
443
378
531
585
407
423
491
433
411
549
415
513
449
447
510
507
375
421
407
449
519
419
475
439
449
489
470
445
539
615
350
521
407
422
407
555
471
319
353
526
281
445
435
387
398
631
567
397
381
479
569
439
469
339
407
421
417
361
446
391
463
513
511
483
335
447
445
457
275
447
466
453
353
403
358
507
217
457
467
311
453
433
437
373
534
319
414
458
390
394
407
451
402
431
487
494
425
285
379
586
471
459
386
379
594
423
455
551
430
559
461
354
391
393
353
471
370
327
494
775
573
805
693
526
1029
