1803
1883
1691
1795
1727
2035
1767
1895
1599
1783
1915
1867
1563
2023
1767
1967
1783
2091
1719
1851
1723
2003
1691
1815
1795
2087
1627
1947
1723
1887
1815
2083
1879
1915
1695
1899
1771
1867
1611
2031
1643
1995
1719
1923
1739
1891
1627
1907
1603
1987
1767
1919
1615
1935
1747
1987
1715
1839
1771
1939
1719
1951
1667
1951
1687
1959
1647
1947
1679
1891
1763
1899
1755
1983
1655
1811
1679
1883
1767
2063
1663
2123
1883
1903
1775
1863
1711
1963
1863
1859
1747
1771
1671
1775
1731
2047
1663
1851
1631
1927
1710
2007
1851
1967
1719
1907
1715
1959
1967
1711
1799
2027
1691
1831
1715
2063
1694
2003
1731
2003
1723
1955
1691
2087
1695
1915
1775
2067
1831
1899
1571
1939
1699
1903
1735
1935
1619
1931
1727
1995
1607
1763
1715
1999
1807
1999
1703
1999
1803
1923
1763
1915
1687
1911
1607
1991
1559
1951
1683
1891
1687
1967
1675
1835
1635
1951
1731
1947
1739
1831
1579
1791
1715
1827
1811
1931
1867
1847
1791
2043
1715
1907
1611
1763
1570
1995
1787
1863
1799
1911
1627
1883
1671
2095
1767
1923
1623
1831
1702
2019
1695
1839
1767
1911
1887
1983
1795
1839
1667
1911
1731
1990
1723
1855
1547
1963
1835
1923
1867
2031
1735
1903
1707
1775
1663
2063
1651
1987
1771
2131
1583
1823
1723
1903
1671
2003
1703
1963
1787
1967
1767
1915
1803
1935
1687
1863
1707
1971
1739
1975
1875
1787
1807
1923
1663
1895
1767
1951
1755
1903
1739
1959
1795
1979
1739
1867
1739
1923
1651
1987
1715
1995
1915
1919
1659
1991
1843
1923
1823
1855
1675
1995
1663
1983
1635
1971
1719
1995
1687
1995
1751
2047
1471
2031
1691
1987
1826
1755
1783
1999
1663
1995
1675
1951
1767
1951
1751
1991
1687
1887
1795
1903
1655
1955
1659
1715
1611
1943
1683
1967
1691
1831
1747
1959
1711
2067
1799
1775
1579
1879
1691
1947
1743
1875
1771
1911
1687
1815
1651
1867
1799
1871
1803
1926
1615
1887
1671
1791
1755
1795
1607
1919
1595
1891
1647
1899
1799
2011
1747
1894
1607
1835
1675
1931
1803
1927
1771
2067
1807
1891
1663
2055
1695
1743
1847
1939
1687
1883
1818
1754
1675
1915
1727
2007
1611
1983
1723
2011
1771
2035
1759
1899
1651
2003
1799
1979
1715
1887
1687
1947
1803
1831
1799
1887
1703
1927
1811
1919
1667
1999
1875
1899
1747
1807
1699
1839
1787
1999
1831
1923
1727
1779
1791
1899
1679
1927
1695
1907
1667
1771
1755
1887
1743
1995
1771
1894
1651
1967
1687
1995
1715
1875
1759
1838
1899
1835
1719
2011
1767
1943
1763
2035
1743
1967
1855
1959
1807
1999
1719
1799
1787
1903
1743
1919
1707
1811
1747
1907
1767
1887
1742
1883
1683
1855
1731
1831
1619
1983
1775
1891
1695
1871
1727
1911
1711
1943
1811
1931
1675
1843
1703
2039
1599
1995
1875
1971
1715
1815
1475
1539
1343
1647
1371
1979
1767
1815
1735
1875
1691
1847
1699
1683
1811
1695
1623
1659
1675
1735
1775
1803
1571
1715
1663
1783
1623
1675
1707
1771
1835
1651
1831
1567
1615
1714
1727
1635
1691
1679
1583
1651
1743
1659
1639
1499
1803
1839
1711
1799
1715
1787
1707
1727
1759
1567
1723
1671
1715
1722
1783
1655
1703
1606
1583
1595
1763
1723
1675
1807
1727
1587
1627
1703
1755
1687
1635
1647
1835
1543
1691
1759
1711
1635
1639
1611
1759
1695
1723
1695
1635
1703
1679
1767
1759
1827
1683
1695
1719
1559
1763
1603
1647
1755
1619
1635
1507
1707
1675
1671
1523
1707
1771
1679
1679
1715
1655
1603
1731
1779
1699
1643
1635
1663
1731
1575
1683
1751
1619
1759
1611
1779
1719
1727
1803
1643
1595
1699
1643
1770
1823
1759
1707
1675
1755
1659
1763
1631
1835
1715
1783
1687
1631
1683
1703
1711
1767
1651
1607
1739
1735
1619
1655
1751
1687
1883
1771
1611
1767
1691
1631
1739
1755
1679
1727
1923
1751
1767
1679
1651
1707
1727
1771
1719
1699
1655
1567
1779
1719
1647
1743
1707
1763
1687
1759
1703
1799
1731
1662
1623
1635
1771
1771
1687
1723
1655
1727
1627
1627
1615
1635
1583
1635
1643
1811
1527
1767
1703
1707
1603
1587
1583
1739
1627
1595
1719
1679
1663
1891
1711
1619
1607
1607
1699
1755
1583
1883
1763
1647
1643
1811
1619
1715
1719
1587
1535
1771
1595
1591
1527
1815
1839
1775
1727
1675
1651
1739
1711
1671
1503
1735
1595
1667
1499
1591
1739
1719
1611
1715
1835
1751
1747
1619
1675
1827
1731
1731
1751
1623
1675
1699
1723
1723
1631
1659
1811
1542
1691
1655
1663
1763
1599
1643
1655
1815
1723
1715
1747
1695
1771
1707
1818
1579
1663
1755
1499
1703
1627
1659
1587
1519
1647
1695
1559
1599
1643
1715
1627
1758
1695
1786
1699
1855
1547
1575
1795
1591
1638
1559
1683
1891
1683
1711
1527
1759
1775
1779
1707
1627
1671
1655
1663
1695
1767
1971
1655
1819
1715
1727
1587
1779
1655
1647
1707
1603
1675
1695
1586
1751
1667
1647
1715
1583
1555
1695
1767
1762
1743
1699
1771
1595
1607
1723
1655
1639
1683
1639
1703
1735
1766
1827
1779
1759
1823
1759
1771
1623
1575
1678
1551
1635
1647
1695
1763
1635
1763
1691
1803
1575
1603
1695
1691
1635
1523
1571
1579
1631
1531
1699
1687
1715
1719
1711
1566
1663
1567
1611
1751
1735
1691
1727
1699
1739
1595
1703
1751
1675
1751
1799
1615
1691
1703
1659
1739
1526
1567
1611
1658
1847
1699
1707
1623
1731
1607
1738
1655
1734
1767
1671
1663
1795
1663
1751
1562
1775
1739
1763
1611
1635
1619
1571
1751
1679
1747
1743
1651
1671
1583
1739
1739
1803
1847
1731
1759
1659
1791
1639
1611
1795
1735
1742
1659
1715
1659
1667
1631
1571
1727
1667
1523
1635
1747
1615
1723
1655
1615
1643
1795
1727
1703
1555
1795
1863
1687
1859
1719
1750
1735
1687
1599
1667
1691
1547
1646
1695
1875
1651
1559
1771
1727
1675
1943
2023
1703
0
1663
