482
651
579
806
575
718
558
746
539
627
447
715
438
699
491
759
455
695
414
711
643
787
435
599
519
787
431
770
467
835
527
683
655
835
419
683
515
719
467
715
526
755
627
655
519
627
511
815
555
787
599
667
447
826
491
643
403
687
631
715
471
626
519
723
386
835
502
683
579
646
535
687
483
683
394
646
535
703
459
735
618
838
546
651
430
675
519
682
559
670
499
679
487
843
615
639
727
747
443
807
410
666
478
723
491
819
435
719
475
659
379
547
527
647
467
658
507
535
646
827
639
634
507
759
443
622
486
863
471
750
383
687
407
719
483
755
415
551
543
783
435
810
570
790
455
899
439
727
434
619
463
743
467
827
455
619
563
838
535
763
531
711
490
767
606
583
458
611
599
806
459
743
651
691
519
602
427
719
567
786
663
499
298
707
567
662
559
719
434
631
398
839
439
779
507
831
499
755
646
726
523
651
575
651
663
611
519
767
402
670
623
595
486
654
426
826
426
634
435
675
511
663
546
802
375
819
459
755
487
671
431
707
411
651
479
727
483
590
447
855
551
823
571
650
531
695
619
727
439
811
447
715
446
751
398
778
395
731
635
791
462
731
475
827
443
674
526
591
383
559
403
783
595
758
499
650
395
635
515
747
411
783
474
711
579
758
563
711
666
835
515
778
639
774
419
755
559
646
439
799
695
531
583
611
539
703
423
751
675
651
451
839
603
767
546
663
419
902
443
743
495
615
579
731
507
675
511
771
531
691
387
690
458
579
487
911
639
743
463
735
547
663
455
779
443
631
479
739
651
655
503
715
623
711
475
630
655
659
359
818
571
623
459
723
583
703
471
815
550
807
451
759
611
743
587
570
438
678
395
651
375
779
566
739
575
770
627
787
494
807
455
887
415
739
399
867
599
691
579
794
503
723
519
823
523
775
503
762
399
594
478
607
331
675
535
663
467
783
543
630
611
699
535
691
423
723
475
675
427
775
555
875
442
783
547
595
291
691
531
687
559
718
534
718
438
607
487
751
591
687
583
743
491
755
499
699
343
771
407
638
483
647
555
667
567
643
383
695
483
738
635
671
426
579
494
826
523
699
563
787
447
751
590
695
407
687
587
783
386
822
479
683
530
718
515
762
475
635
378
399
295
399
31
751
587
714
667
694
455
747
526
451
547
463
463
503
479
563
499
562
307
447
595
559
446
543
507
547
515
538
511
486
642
619
531
495
523
394
395
459
670
475
414
326
539
511
363
498
363
483
506
299
407
530
487
479
439
531
507
419
551
559
390
535
639
383
475
431
359
467
431
519
574
403
414
423
466
587
435
479
331
499
630
339
431
559
467
543
607
355
419
615
443
522
455
399
570
371
466
423
503
627
571
403
427
547
483
471
567
527
306
391
647
491
502
483
527
583
395
379
450
395
502
403
527
535
575
411
531
491
595
387
475
523
507
355
415
590
435
307
527
355
502
571
367
623
410
563
423
463
507
271
455
419
495
535
559
575
530
559
534
494
503
595
431
479
627
491
415
330
534
451
535
539
471
555
543
527
471
346
547
431
547
403
507
550
499
479
503
543
443
435
406
583
527
407
499
595
567
506
594
439
515
447
431
415
615
471
571
551
619
415
611
506
426
346
566
455
495
390
411
523
451
387
491
583
330
595
419
395
507
451
386
439
419
459
491
487
439
663
555
451
423
407
527
359
263
463
419
455
415
607
443
403
615
575
499
494
311
451
522
487
427
586
291
414
451
431
563
563
499
407
435
459
583
427
390
571
463
359
367
346
567
443
543
439
411
571
431
535
514
427
495
510
587
594
479
395
407
550
563
519
607
367
531
411
511
527
454
363
446
458
394
383
623
487
539
451
403
371
626
571
499
571
487
547
555
467
399
535
427
459
362
567
399
495
599
455
407
574
535
527
655
547
447
483
555
494
507
443
503
606
539
447
599
367
511
482
499
515
619
443
386
371
451
510
555
407
431
439
559
491
539
366
531
539
423
519
311
455
631
631
423
506
463
451
467
399
402
443
395
450
439
335
470
523
378
487
519
371
447
371
434
466
371
475
559
410
639
523
447
523
287
466
426
394
603
475
531
478
458
519
535
559
614
415
495
499
507
623
430
619
475
615
267
511
379
583
543
430
591
291
531
575
531
415
574
491
579
539
423
399
467
510
507
487
467
455
570
579
426
502
626
471
587
559
463
607
515
366
455
495
531
447
375
471
575
458
407
491
523
454
446
451
483
507
675
358
551
563
419
398
346
423
539
318
462
459
519
426
399
378
530
559
407
503
451
463
462
335
310
427
447
343
427
547
635
351
502
179
319
615
471
535
