371
635
375
715
303
671
539
599
463
619
503
603
451
711
587
659
323
602
431
507
419
651
335
531
343
667
363
639
483
623
515
531
339
651
479
735
511
547
499
571
607
699
579
695
343
623
355
783
475
635
395
719
367
563
510
763
459
631
451
607
559
683
683
739
515
591
450
687
447
567
483
579
435
655
419
739
467
831
467
615
643
647
323
659
463
707
471
739
475
659
491
663
487
615
483
710
575
603
575
559
379
607
367
495
367
603
487
623
363
654
507
591
531
482
315
583
487
543
499
547
383
643
419
667
499
675
439
535
539
591
543
603
463
535
423
727
375
715
407
623
475
631
403
615
535
507
515
539
579
575
491
550
335
746
363
679
411
527
483
583
555
703
535
575
227
739
367
615
503
555
451
651
399
675
527
651
435
527
459
651
491
607
551
479
387
671
471
675
283
531
479
679
523
671
383
515
547
631
307
691
451
611
426
567
539
651
422
679
375
743
459
599
451
695
363
607
363
539
395
703
414
575
495
555
386
543
507
563
395
499
371
703
479
647
439
623
415
707
463
675
443
503
295
654
491
503
519
491
435
627
359
667
367
587
415
555
523
627
379
535
395
763
519
531
495
567
419
603
555
643
459
787
451
651
455
615
479
479
315
579
435
595
339
675
419
591
387
655
414
759
519
647
355
703
411
579
275
503
315
711
447
655
483
659
351
655
423
703
315
599
531
711
423
575
395
535
611
583
427
623
619
607
483
615
455
671
427
635
331
675
387
603
447
711
555
803
391
599
443
711
467
595
419
575
511
567
467
511
367
691
503
743
519
523
459
755
303
555
339
699
507
571
415
626
295
507
431
607
383
683
635
595
471
555
407
715
567
523
527
650
443
703
711
591
567
539
435
795
399
522
219
655
411
491
383
563
359
767
635
743
263
667
435
699
463
611
499
495
359
619
423
511
411
559
475
627
347
547
395
607
603
475
515
595
543
607
487
651
503
595
471
695
319
611
419
667
383
575
467
559
387
535
479
487
223
631
587
555
611
555
463
691
547
555
291
714
603
623
355
695
371
583
391
675
399
687
455
619
467
687
411
743
435
551
487
487
499
647
411
771
342
599
515
707
479
579
415
623
387
731
267
683
343
607
347
563
303
359
143
419
91
363
99
539
243
567
375
583
491
519
451
387
583
387
415
331
443
471
427
443
335
411
363
371
251
347
443
427
435
531
483
427
403
395
399
255
331
391
419
387
463
367
627
383
383
427
511
259
319
351
427
447
447
467
355
471
539
307
427
323
535
547
495
371
411
363
303
335
395
247
367
291
311
375
387
371
339
515
463
399
543
487
311
422
403
443
383
283
419
539
367
359
359
507
275
467
359
415
415
255
447
335
387
303
411
463
343
351
419
527
459
391
423
427
379
403
387
355
523
255
431
331
483
347
443
431
479
463
403
543
178
339
379
515
395
279
367
407
423
399
423
467
375
367
455
283
559
371
455
311
435
327
399
439
439
307
419
347
455
351
507
271
487
319
515
355
451
447
499
315
538
271
515
483
439
487
439
143
387
314
507
447
379
471
363
559
375
383
471
307
307
255
379
375
546
255
439
363
471
171
331
423
515
363
367
431
559
427
371
511
391
403
391
331
359
431
455
455
391
423
471
243
475
327
471
383
347
463
535
423
323
307
327
335
339
295
343
363
451
427
447
519
659
399
319
387
303
271
451
383
463
427
547
499
531
427
347
219
415
443
495
191
475
299
327
311
323
271
419
547
507
427
463
267
351
459
411
279
427
351
383
411
347
319
523
363
335
463
351
503
359
403
443
483
483
363
327
523
327
419
355
363
459
399
231
507
467
403
551
423
327
339
379
423
219
399
283
507
371
419
267
331
239
599
443
447
527
447
299
415
307
391
431
475
371
407
375
267
343
263
495
511
371
415
539
467
379
331
499
315
519
379
575
371
515
307
358
383
435
391
491
367
523
387
419
443
507
431
303
439
482
371
399
363
351
607
443
395
379
491
367
503
503
355
367
395
231
319
355
479
431
491
451
334
479
363
483
443
415
439
567
371
455
299
383
371
319
323
255
355
439
287
419
483
347
363
343
363
383
435
423
455
279
371
371
395
515
307
343
399
371
287
399
363
499
427
343
383
379
391
431
271
391
311
467
363
439
323
343
443
411
479
463
435
439
359
431
387
279
331
427
343
447
451
499
595
347
319
423
515
463
459
375
435
427
231
491
431
503
547
503
399
426
395
431
427
423
315
271
507
399
411
455
547
503
439
323
355
395
351
383
455
371
283
531
607
299
399
479
451
323
391
403
483
247
367
375
231
0
207
559
87
99
647
