455
571
527
607
419
555
415
671
327
467
535
611
443
623
503
475
443
647
427
611
423
663
351
615
423
623
367
647
347
523
331
663
259
583
363
491
347
591
455
615
383
531
335
523
379
731
379
555
315
639
391
615
251
555
435
547
259
679
471
719
427
535
475
655
399
587
427
639
363
571
331
647
387
663
415
575
475
547
363
515
575
691
435
563
267
547
323
559
343
639
303
635
403
579
459
771
527
623
475
603
387
627
487
739
467
623
431
603
411
643
343
655
475
695
419
755
319
607
463
635
331
551
263
479
415
527
375
563
399
607
387
751
315
591
471
699
255
507
375
623
299
591
247
639
339
483
371
659
287
615
583
739
559
675
507
647
331
575
411
563
367
615
431
491
535
559
399
627
395
579
363
631
403
539
371
719
323
611
343
451
339
647
279
595
495
459
367
539
323
595
351
667
679
499
359
531
343
539
359
563
459
551
415
587
407
627
315
619
627
603
359
563
319
551
415
631
383
523
483
635
255
563
459
715
375
747
563
715
459
563
203
523
363
599
431
615
327
423
407
683
359
607
391
711
271
571
471
611
415
503
323
623
351
655
399
647
539
551
531
763
427
647
487
499
463
587
603
547
371
679
567
619
263
707
399
803
391
699
339
551
183
623
387
571
391
607
387
687
415
527
315
575
415
831
491
575
279
651
379
671
463
631
383
767
387
611
291
527
427
727
407
679
367
715
479
495
411
679
427
859
383
583
367
635
347
539
563
823
427
507
459
743
371
415
299
547
335
495
455
603
431
687
419
623
419
447
523
627
431
555
299
683
415
403
379
595
475
499
371
699
455
607
435
611
347
779
435
547
451
731
363
743
487
699
299
575
407
559
403
639
223
543
439
627
383
551
487
619
475
639
195
547
355
639
371
727
299
623
339
591
439
735
455
575
355
627
275
555
355
603
311
735
387
579
399
555
227
679
627
515
355
571
527
703
335
683
327
547
299
695
355
667
479
547
483
703
555
687
383
631
387
527
419
667
271
579
463
567
323
659
343
675
411
711
407
647
371
595
527
563
387
599
431
715
471
615
543
711
487
555
407
531
363
755
519
583
427
467
411
787
271
667
503
567
407
623
327
667
179
507
287
675
519
471
479
619
507
451
103
207
99
155
0
483
283
555
491
607
423
547
383
311
407
435
331
223
439
311
323
271
391
195
443
235
275
411
515
327
471
323
379
407
211
395
275
499
439
463
451
411
419
307
523
319
435
307
355
363
447
235
383
343
459
395
419
391
383
275
443
391
519
387
403
419
467
383
527
359
343
343
439
339
375
363
287
331
483
307
435
207
407
347
179
303
315
363
439
427
375
347
439
395
467
255
411
299
323
423
375
439
499
427
403
351
263
407
395
363
355
291
359
367
303
355
487
383
363
355
355
355
355
355
355
355
355
355
355
355
355
355
355
355
355
355
355
355
355
355
355
355
355
355
355
271
395
311
355
291
387
323
299
427
483
303
347
307
315
407
335
371
387
247
351
359
407
331
415
347
435
379
419
483
311
295
359
219
343
475
323
359
363
283
499
119
299
515
411
379
427
455
535
367
347
375
271
311
263
347
395
307
303
315
323
319
347
463
279
263
387
327
307
323
467
375
283
331
527
331
223
355
311
307
307
379
459
327
391
391
483
459
379
263
419
339
475
399
463
271
499
359
435
315
343
315
343
251
199
443
235
203
311
479
507
431
483
351
463
363
371
307
439
411
283
343
331
335
343
395
339
447
287
247
299
395
391
391
315
527
483
271
407
463
471
275
371
239
407
215
503
459
359
259
463
567
511
427
411
235
259
263
431
391
467
255
355
347
439
375
375
299
427
551
303
371
347
323
487
423
407
239
383
303
219
371
375
367
311
311
347
371
443
395
371
427
163
379
447
331
359
255
603
359
407
275
439
299
383
383
411
375
183
451
387
175
411
407
451
327
311
311
255
399
383
351
343
439
443
375
423
343
235
291
427
387
391
295
267
431
391
363
391
379
419
507
299
295
307
343
547
351
271
335
427
331
319
299
463
375
387
471
447
475
307
263
371
327
391
415
487
363
315
351
411
219
395
311
447
207
299
299
323
315
311
319
451
359
499
327
443
383
287
387
403
211
383
359
319
423
407
319
363
319
435
391
347
423
451
415
415
379
335
259
455
443
299
355
407
507
359
435
319
407
527
431
351
339
307
411
383
363
323
403
375
459
315
383
311
303
331
411
411
483
375
283
219
379
363
371
479
227
523
383
463
327
383
403
375
503
347
303
487
291
367
391
351
303
395
511
399
347
275
275
567
351
339
315
363
323
319
19
355
599
527
723
