679
815
810
811
586
850
673
877
566
959
870
719
643
955
627
805
541
771
705
821
559
946
662
801
623
779
674
894
687
966
651
815
537
866
841
799
637
1013
727
849
611
823
647
835
533
855
505
983
571
803
679
829
677
758
643
963
623
759
547
775
803
830
805
841
643
775
731
914
719
897
719
795
697
746
663
919
690
785
607
767
507
835
663
851
686
827
753
927
663
787
725
934
467
871
658
847
569
829
745
930
671
834
538
847
774
767
595
863
721
897
674
867
669
821
653
963
591
955
622
1057
679
835
701
975
719
819
718
817
781
967
710
845
731
795
606
833
623
855
795
957
691
947
707
850
687
770
653
931
809
867
621
751
791
754
523
711
458
871
679
815
775
799
723
947
677
783
523
907
567
967
743
817
683
834
625
839
730
866
583
867
547
883
698
815
733
970
667
843
669
753
649
911
681
847
721
849
655
819
607
943
601
850
786
807
567
786
655
821
714
941
681
995
630
899
651
671
701
945
786
757
665
847
678
763
638
821
739
917
655
810
751
835
631
745
659
846
543
973
619
907
691
699
799
827
743
967
447
963
506
699
659
761
774
695
621
899
794
875
718
827
847
813
679
847
634
814
811
879
746
789
741
1015
550
799
723
826
619
942
741
879
633
725
562
887
597
898
571
895
701
849
679
787
779
813
719
797
606
879
717
791
531
858
734
1034
605
883
666
863
627
937
691
951
683
715
663
1043
634
869
638
1027
729
694
579
851
671
783
706
734
789
914
635
786
645
921
835
891
677
758
631
814
673
910
783
843
747
738
682
867
619
825
770
875
623
959
706
907
679
895
391
927
631
775
677
991
682
817
614
917
737
869
699
921
814
901
647
771
595
795
727
775
806
797
715
887
731
847
767
971
651
966
715
939
774
815
683
955
685
810
647
935
703
887
769
803
681
906
827
878
730
809
635
770
643
715
774
794
605
782
542
855
722
842
693
927
610
842
767
923
763
851
867
902
563
871
567
861
707
807
695
950
574
953
771
857
642
730
603
955
591
947
767
935
693
918
643
867
683
879
678
825
846
786
530
823
535
823
753
919
451
845
751
905
777
867
725
853
539
891
671
913
683
806
683
799
502
825
666
986
683
825
683
742
507
879
733
935
711
610
379
647
294
507
469
863
673
831
751
817
707
773
689
463
641
595
799
597
699
571
591
699
694
535
603
487
737
793
675
663
766
661
599
577
587
711
682
573
606
690
803
699
509
685
739
651
638
627
667
619
671
690
675
581
727
683
679
538
478
538
603
722
555
563
679
613
602
563
603
671
647
679
579
706
650
571
502
595
618
495
721
546
701
558
669
501
561
621
559
659
681
633
634
670
507
601
815
609
718
502
529
583
738
747
703
670
683
703
665
599
591
734
601
691
555
569
597
577
577
577
577
577
577
577
577
577
577
577
577
577
577
577
577
577
577
577
577
577
577
577
577
577
577
733
603
485
638
738
698
455
605
761
753
582
647
721
607
695
730
643
595
605
733
618
711
725
746
615
634
615
667
631
683
631
811
715
627
674
735
435
743
643
639
437
591
706
573
818
503
723
639
547
671
646
657
597
575
671
630
598
638
491
649
445
770
598
833
631
610
567
661
723
551
610
687
631
739
725
667
590
719
747
847
531
527
519
782
675
698
674
542
487
701
655
674
729
611
702
727
749
630
647
611
627
618
602
603
674
655
686
537
695
678
665
585
671
603
675
765
631
618
613
578
539
523
506
683
679
547
655
627
799
697
735
575
671
695
574
607
570
446
566
639
555
659
687
646
695
722
545
651
725
562
543
694
667
606
605
610
758
651
535
702
585
733
654
614
631
526
611
467
703
543
639
679
638
691
626
643
603
707
630
685
714
751
613
749
626
582
641
629
579
639
627
671
631
739
611
619
519
699
801
554
533
605
663
822
494
754
550
766
603
763
586
687
669
709
599
733
523
759
787
725
683
714
595
642
673
797
650
595
667
645
671
755
587
671
739
639
675
735
581
730
543
643
575
515
631
739
443
515
561
699
558
591
541
479
739
603
613
690
638
709
622
754
745
447
774
707
642
657
590
609
747
693
635
663
694
575
627
686
661
599
689
670
718
719
566
695
715
659
626
747
603
559
713
543
725
651
682
702
643
739
571
661
670
653
655
619
599
593
731
738
723
570
445
555
595
602
742
635
562
663
678
587
626
737
745
601
486
594
659
625
505
579
577
557
706
691
611
730
695
715
635
719
647
793
646
745
635
615
811
682
639
605
563
665
497
669
727
534
391
759
667
587
533
598
601
607
789
662
497
577
494
546
561
639
637
721
501
397
387
263
345
595
637
