327
559
439
615
395
687
443
723
371
699
567
623
379
667
343
495
455
567
391
671
347
723
451
439
479
651
459
543
255
655
347
715
427
655
551
679
487
503
387
555
459
587
359
547
359
647
467
595
471
587
551
583
455
719
431
527
411
595
423
643
383
607
463
651
435
691
627
627
447
631
411
627
451
599
431
479
615
527
363
563
459
611
491
475
559
639
435
635
479
639
423
619
415
711
311
695
407
563
359
755
419
655
463
731
351
595
287
559
439
727
427
575
531
659
311
591
523
639
467
587
455
583
471
719
447
575
395
651
415
699
447
707
383
587
439
679
451
631
431
743
427
779
379
599
479
707
447
759
387
503
467
523
335
439
407
571
527
623
419
623
611
851
479
659
511
643
531
643
463
591
479
647
431
595
579
623
427
775
343
739
411
543
223
567
519
795
539
579
459
603
451
591
527
663
515
587
443
663
559
731
319
639
451
579
463
691
363
619
355
663
435
715
431
667
363
523
379
583
391
655
407
707
435
751
511
615
391
611
419
631
303
511
479
471
427
623
443
435
495
767
411
567
571
551
267
511
519
583
483
703
435
639
559
495
543
847
383
699
491
631
339
431
399
455
479
587
483
603
403
643
335
591
475
663
539
559
287
539
387
603
371
619
447
623
491
723
543
555
479
723
419
507
451
711
451
607
515
667
523
619
267
667
351
711
427
503
527
667
423
499
427
803
487
723
427
567
427
587
467
671
395
643
379
619
455
775
323
723
399
683
455
563
439
635
527
691
439
651
511
615
387
555
463
687
507
559
419
631
363
567
391
651
299
711
491
659
367
611
495
651
403
635
355
675
315
643
487
579
643
635
459
679
655
635
503
643
523
603
435
519
427
551
379
827
447
679
367
719
395
691
355
571
515
683
411
659
551
619
511
679
307
655
491
635
495
663
327
655
483
547
463
735
339
551
403
799
475
639
539
759
423
547
543
715
559
515
455
535
339
711
343
423
343
595
479
639
363
651
415
723
451
567
531
691
463
707
379
735
419
607
547
595
503
887
543
703
431
459
491
607
451
571
523
615
575
747
639
755
387
495
571
695
331
675
363
699
319
667
583
667
427
631
339
563
527
659
487
611
411
663
567
731
315
623
427
543
419
491
43
255
279
315
119
675
415
643
303
547
371
599
475
423
411
291
415
515
443
419
507
427
423
359
603
515
379
251
415
347
463
367
331
399
403
415
575
451
387
351
347
287
435
435
567
447
507
327
443
583
367
411
523
311
403
403
519
483
459
451
379
447
411
383
391
251
519
343
263
303
359
451
459
319
427
479
423
475
559
527
463
403
403
451
495
439
319
435
519
531
395
391
519
427
419
479
447
419
547
343
379
387
427
539
495
247
383
523
431
347
499
347
615
355
415
343
319
475
407
387
315
347
471
495
339
435
431
375
247
315
455
411
599
291
483
403
403
263
443
319
575
547
363
475
395
319
335
491
471
403
495
363
371
367
371
447
559
399
387
395
535
219
559
399
407
495
439
415
475
435
387
347
435
375
467
459
331
479
519
359
383
487
471
395
391
331
467
507
475
531
331
355
411
391
535
443
351
427
435
343
435
263
403
507
603
359
519
507
423
403
395
411
467
387
423
323
403
435
383
523
459
467
351
463
511
387
479
347
395
483
375
519
407
255
599
323
567
391
615
491
459
395
447
399
551
483
379
399
435
367
347
379
403
515
387
523
299
523
527
479
479
183
379
323
395
403
459
487
327
583
419
363
479
399
451
351
487
543
439
387
447
291
355
395
399
355
475
367
383
359
431
439
563
323
523
371
391
451
363
539
523
367
355
399
399
439
535
367
523
403
375
495
387
331
259
387
419
311
471
387
487
439
311
363
339
507
435
483
391
439
483
335
371
371
559
391
463
431
507
503
363
347
391
407
427
447
543
435
399
439
567
471
411
415
519
419
391
515
331
435
455
371
387
395
543
379
427
375
351
391
595
351
299
379
439
355
343
295
455
435
507
363
443
415
239
323
467
479
551
283
403
471
435
335
483
391
435
431
451
451
427
435
523
311
383
295
311
511
379
335
355
279
407
371
487
403
467
459
439
347
423
367
523
427
447
359
259
403
339
415
439
379
347
375
355
491
311
319
331
323
363
443
371
411
415
363
243
435
491
339
571
379
415
331
387
479
327
403
387
315
447
407
491
419
443
299
459
423
479
471
391
407
519
355
435
375
511
495
419
347
487
467
411
547
459
327
443
467
539
471
399
335
447
407
455
295
379
351
387
423
351
311
263
363
439
295
407
335
351
367
447
411
411
183
275
243
375
251
487
279
383
451
183
135
379
523
