511
679
583
711
715
971
543
883
515
671
475
735
655
703
571
851
583
787
519
727
591
935
707
955
779
767
627
915
571
687
503
775
615
815
563
807
723
679
631
823
595
895
467
887
623
699
611
699
583
939
627
747
531
655
587
811
535
839
535
723
675
595
527
811
667
887
547
887
575
767
531
975
599
879
647
923
655
755
683
731
523
815
687
671
595
671
583
755
551
903
507
863
635
799
515
863
727
747
659
879
551
803
623
823
539
683
439
751
643
771
659
839
707
707
667
699
507
899
571
827
451
703
603
959
483
799
479
839
759
875
707
839
759
851
535
795
671
759
567
771
503
771
643
867
619
787
543
915
439
747
683
863
515
863
655
795
431
819
587
751
547
791
751
699
555
727
471
819
631
759
647
767
587
911
623
995
599
855
671
707
515
839
603
787
675
999
435
831
595
723
555
791
619
807
467
727
527
683
643
719
579
879
647
727
687
843
419
795
519
839
651
859
575
739
615
795
599
827
499
603
547
747
527
715
607
839
575
819
455
743
611
903
555
763
607
739
563
719
651
975
623
983
507
775
427
791
655
779
539
823
559
819
631
807
531
787
571
863
571
767
563
771
643
931
651
695
591
775
635
815
699
715
587
699
623
899
571
915
511
927
675
751
643
883
531
719
671
775
707
763
655
867
463
723
555
899
547
787
727
843
459
775
515
723
539
763
575
727
663
887
591
711
659
763
535
683
579
843
475
659
639
1035
455
791
551
799
563
891
575
907
639
671
583
647
763
695
583
799
691
847
727
839
563
839
403
763
539
959
579
863
471
1015
575
863
555
843
579
707
559
719
663
679
639
819
647
803
639
899
531
703
575
783
575
639
563
755
543
647
523
815
627
763
695
839
687
759
551
951
571
815
427
771
635
863
591
867
643
731
643
819
503
787
639
647
403
831
639
663
643
839
479
947
691
855
563
787
487
767
531
787
643
815
575
783
607
935
643
811
527
783
723
807
631
823
579
835
531
883
775
683
587
619
551
875
611
891
671
739
531
711
535
827
687
919
603
827
555
671
699
839
631
815
699
831
591
843
583
811
543
891
579
871
683
783
695
711
507
743
555
891
563
1039
735
739
575
715
547
887
455
843
511
739
523
607
667
739
635
687
307
583
299
471
295
947
459
671
403
699
639
727
627
595
683
599
607
631
667
531
471
475
567
627
383
479
723
723
331
531
691
455
499
595
671
655
611
527
547
535
663
463
595
503
567
491
639
479
471
463
619
503
667
535
599
499
583
619
607
687
631
539
595
527
643
611
627
463
639
435
643
503
527
359
559
527
575
707
535
555
551
623
559
635
547
491
607
687
587
559
667
595
451
455
611
579
615
639
499
443
391
659
555
575
667
387
623
591
559
499
523
555
555
391
539
487
523
635
635
635
635
635
635
635
635
635
635
635
635
635
635
635
635
635
635
635
635
635
635
635
635
635
635
607
543
503
447
451
515
383
539
539
663
563
527
567
611
571
715
627
387
471
475
539
539
571
407
599
455
403
539
399
467
491
519
503
519
691
559
475
599
695
495
431
483
551
571
523
503
535
571
635
643
387
587
559
591
615
559
491
475
491
427
463
663
539
663
655
427
639
671
435
679
435
555
539
551
475
639
547
575
551
551
551
587
467
587
647
587
567
663
339
551
443
647
447
407
455
651
563
579
467
435
591
519
579
379
687
431
475
523
575
571
519
519
655
591
535
615
527
499
455
519
483
615
531
491
451
731
707
531
639
675
367
599
519
579
591
659
503
551
503
531
379
659
547
563
583
563
407
619
631
555
499
619
591
523
479
703
471
571
547
619
503
699
691
615
475
487
483
639
463
447
463
611
511
563
499
695
443
579
443
619
519
471
575
523
607
755
443
547
595
603
431
687
523
507
639
567
711
527
531
423
587
571
651
591
515
511
499
659
475
523
583
571
531
579
515
531
575
491
559
459
475
487
575
735
531
523
631
495
627
519
619
487
471
623
667
611
479
571
383
503
427
615
523
651
459
615
467
455
471
583
343
623
603
683
471
431
331
555
491
599
459
583
487
699
663
503
435
619
631
731
471
623
559
747
591
587
507
639
407
575
515
431
479
627
551
591
495
555
771
647
599
463
675
535
519
587
567
691
607
535
595
595
751
563
491
687
555
423
539
559
611
719
563
703
563
655
511
647
523
399
407
519
539
579
591
535
567
479
519
699
523
651
519
667
587
551
491
683
591
551
691
667
427
539
639
631
587
579
607
543
527
615
519
503
515
455
695
591
727
567
471
455
543
547
651
467
563
667
395
615
415
587
551
535
543
443
535
767
567
967
347
439
987
