371
631
427
515
359
623
483
599
410
439
342
430
359
575
407
471
303
551
323
463
363
511
383
555
363
599
227
515
235
487
515
627
355
642
443
511
310
627
458
587
302
519
359
411
467
527
383
483
423
538
359
611
383
571
291
582
275
583
443
386
375
527
326
655
375
562
407
587
279
475
327
555
354
491
311
651
411
507
331
551
483
571
375
475
431
707
299
683
258
507
339
367
335
383
471
339
407
659
487
451
251
531
323
539
299
587
371
435
355
543
367
647
382
651
387
687
339
579
395
595
279
563
359
483
327
410
263
515
363
479
451
550
311
475
442
607
327
515
351
583
391
475
439
459
351
463
398
542
399
643
199
671
322
531
287
651
355
542
195
635
455
602
283
711
315
619
395
511
343
479
343
571
222
635
371
571
474
555
431
526
423
551
383
618
294
431
407
610
427
683
466
479
466
623
327
607
255
639
343
511
343
507
311
623
239
635
243
551
263
459
355
687
259
526
391
463
371
539
290
494
375
483
262
467
235
583
347
699
451
571
267
455
327
395
455
611
411
599
415
547
406
587
450
591
327
527
107
687
383
443
323
499
287
307
351
538
359
630
343
431
247
607
395
563
399
479
355
679
423
503
454
659
511
583
370
495
347
567
371
455
299
459
351
479
471
519
375
611
507
519
363
426
430
563
311
563
379
523
227
507
330
687
235
475
319
603
402
579
283
643
515
423
315
503
283
523
435
551
315
547
342
543
339
559
406
454
395
623
491
491
258
519
231
563
263
539
391
475
479
691
178
483
479
447
267
526
343
579
383
623
479
590
403
619
407
714
327
551
323
571
143
535
282
558
327
539
338
483
443
587
451
611
359
530
475
587
419
491
486
550
387
443
331
610
327
527
239
590
279
495
199
619
187
599
435
475
291
598
223
543
419
615
311
571
247
479
467
515
431
646
215
439
319
534
262
611
359
543
523
635
335
518
323
395
239
495
307
551
575
647
331
459
331
483
322
467
406
511
435
631
275
507
403
659
295
407
338
626
519
567
455
475
471
443
331
567
290
602
318
539
279
595
395
667
339
599
307
691
403
515
374
539
335
611
431
571
254
466
283
583
259
563
206
659
391
658
262
502
263
539
283
671
359
523
342
598
375
243
55
151
51
375
107
511
534
571
519
603
283
583
331
335
255
211
267
179
507
427
403
327
335
295
307
279
415
306
274
294
355
307
307
243
399
315
395
131
339
403
386
310
283
379
571
367
371
383
294
251
351
331
327
535
230
315
247
291
243
239
211
351
414
291
319
199
451
255
358
375
343
198
258
271
303
310
287
455
330
431
431
259
347
315
247
279
226
271
303
335
343
267
451
447
455
295
599
411
347
282
283
431
287
267
322
379
219
259
267
174
415
351
339
375
282
310
459
454
411
298
251
298
342
283
427
327
339
227
415
339
407
331
347
375
227
283
327
231
415
359
447
295
411
439
359
295
359
291
235
215
339
179
242
171
259
335
438
270
311
423
339
206
319
379
247
435
263
415
359
246
255
275
214
307
319
231
239
295
267
419
231
350
195
347
427
179
387
395
247
222
327
434
443
410
299
374
258
231
343
347
439
315
306
347
395
262
351
339
311
191
367
279
303
355
303
218
219
443
359
338
459
363
279
343
371
363
406
315
459
314
419
295
387
239
311
267
306
267
327
450
318
431
427
247
375
366
399
235
434
295
259
430
491
287
434
319
315
403
142
287
407
339
351
314
275
335
323
207
311
199
263
435
451
419
375
286
351
383
379
211
407
179
387
410
339
255
82
251
235
430
383
351
347
243
323
335
435
375
175
283
307
375
511
398
307
319
439
402
339
315
403
415
231
346
223
375
370
195
467
375
423
291
475
343
435
355
187
282
163
302
198
199
387
203
363
291
427
319
431
203
235
291
287
187
267
375
391
379
482
355
279
315
255
178
203
223
359
415
411
371
291
263
315
295
487
383
395
215
427
306
395
243
379
523
351
447
179
171
455
346
467
339
339
175
275
282
203
399
231
211
255
455
331
303
279
371
391
423
279
402
355
367
447
315
339
307
323
199
399
282
231
171
487
227
322
375
311
339
263
271
455
323
554
339
419
399
571
363
507
335
310
338
315
307
403
247
199
346
307
419
234
299
383
251
467
191
407
299
431
263
335
323
371
287
331
367
175
407
447
270
419
307
358
443
359
439
379
443
423
339
347
214
263
311
322
367
475
263
298
322
295
307
251
363
323
459
331
335
267
339
387
267
327
342
323
511
339
351
347
423
451
363
283
259
323
362
315
315
379
311
426
346
379
207
243
387
298
223
307
383
630
535
326
483
555
679
