1715
2039
1783
1927
1807
1963
2015
2127
1759
2071
1795
1967
1851
1987
1835
2031
1827
2071
1819
2131
1767
1891
1811
2035
1747
2079
2023
2039
1939
2042
1707
1975
1891
2043
1695
2183
1947
1919
1931
2027
1635
1935
2019
2127
1735
2011
1899
2131
1879
2183
1799
2115
1735
2091
1891
2047
1831
1943
1907
1967
1795
2027
1859
2107
1851
1879
1859
2051
1931
2015
1791
2011
1879
2055
1767
2091
1795
2047
1651
2115
1763
1947
1847
1975
1739
1939
1767
2047
1947
1907
1883
1971
1799
2051
1775
2107
1827
2019
1835
2147
1855
2051
1911
2123
1767
2107
1867
1923
1883
1979
1827
1927
1771
1991
1739
1923
1731
1971
1787
1987
1847
2091
1827
2023
1683
2103
1831
2214
1811
2035
1939
2055
1883
1951
1871
2035
1723
2035
1919
2147
1795
1999
1839
1943
1811
1919
1875
2123
1815
2087
1831
2111
1875
2103
1823
2055
1827
2095
1707
2155
1787
2079
1835
2051
1815
2103
1691
1983
1839
2127
1767
1871
1787
2055
1787
1919
1711
1991
1763
1987
1747
1971
1803
1983
1775
1947
1919
2091
1795
2083
1767
2155
1839
1943
1855
1983
1799
2203
1791
2099
1611
2051
1723
2035
1831
1983
1895
2023
1927
1963
1847
2107
1951
1987
1651
2075
1715
2079
1743
1895
1943
1975
1819
2015
1803
2039
1799
2103
1831
2063
1707
2115
1719
1915
1719
2010
1847
1987
1775
2075
1883
1983
1855
2071
1815
2051
1899
2091
1855
1951
1647
1887
1727
2003
1871
1959
1939
1943
1799
2163
1931
2003
1699
2203
1779
2043
1799
1991
1883
2043
1847
2095
1807
2027
1803
1991
1831
2167
1903
2119
1871
1883
1767
2019
1735
2131
1831
1895
1863
1991
1807
2075
1747
2043
1707
2079
1715
1943
1707
2003
1879
2011
1883
2083
1831
1979
1927
1967
1775
2059
1843
1903
1822
1947
1919
1907
1719
1875
1855
2051
1819
1983
1927
2071
1911
2039
1714
2083
1867
1919
1907
1991
1887
1994
1947
2135
1947
2095
1947
2007
1903
1943
1859
2031
1851
1999
1807
2075
1771
1955
1743
2131
1719
2083
1855
1939
1731
2019
1667
2015
1887
2019
1859
1963
1807
2007
1767
2098
1787
2047
1667
1943
1771
1987
1843
2111
1671
1983
1795
1943
1799
2055
1707
2095
1687
2011
1715
1811
1835
1955
1795
2023
1863
1871
1803
1991
1775
1999
1835
2171
1663
2023
1747
1947
1923
2019
1755
2099
1743
2115
1763
1963
1851
1979
1775
2115
1859
2051
1875
2143
1663
2087
1787
2063
1803
1979
1843
1959
1787
1967
1951
1983
1767
2083
1787
2147
1719
2051
1871
2227
1743
2079
1759
2059
1703
2111
1967
2051
1875
2035
1815
2051
1907
2011
1787
1903
1738
2039
1763
2003
1763
1999
1987
2123
1859
1871
1819
2115
1875
2071
1755
2115
1695
1959
1915
2095
1643
1903
1747
1999
1763
2111
1711
2011
1887
1975
1903
1971
1751
1979
1927
2039
1787
2115
1783
1935
1755
1855
1503
1747
1419
1687
1555
2143
1811
1863
1767
2023
1699
2051
1847
1899
1911
1951
1855
1639
1803
1691
1847
1671
1807
1867
1899
1699
1787
1819
1843
1887
1743
1859
1719
1875
1799
1883
1759
1731
1831
1799
1799
1891
1891
1735
1771
1779
1791
1875
1687
1891
1927
1727
1691
1723
1791
1703
1791
1799
1775
1799
1715
1711
1851
1823
1663
1903
1803
1727
1715
1851
1819
1631
1642
1763
1859
1847
1871
1695
1843
1679
1927
1775
1807
1719
1747
1843
1731
1855
1883
1695
1835
1847
1919
1851
1807
1767
1831
1711
1863
1619
1671
1751
1823
1915
1707
1707
1799
1819
1743
1899
1803
1735
1819
1851
1759
1807
1755
1759
1643
1867
1867
1867
1867
1867
1867
1867
1867
1867
1867
1867
1867
1867
1867
1867
1867
1867
1867
1867
1867
1867
1867
1867
1867
1867
1867
1775
1823
1735
1675
1783
1819
1643
1695
1859
1815
1847
1655
1695
1815
1971
1779
1719
1927
1658
1759
1779
1879
1891
1731
1751
1759
1751
1843
1931
1787
1951
1795
1739
1751
1759
1863
1775
1819
1635
1787
1795
1731
1863
1982
1847
1855
1863
1743
1643
1635
1803
1786
1731
1823
1639
1767
1951
1819
1807
1751
1759
1835
1667
1707
1831
1863
1771
1719
1719
1807
1931
1839
1783
1835
1767
1751
1731
1955
1875
1867
1731
1723
1723
1747
1787
1715
1775
1859
1763
1679
1723
1787
1607
1867
1763
1827
1775
1967
1815
1807
1803
1695
1731
1967
1771
1795
1799
1851
1775
1791
1807
1839
1787
1807
1819
1815
1707
1803
1823
1759
1723
1819
1831
1739
1895
1827
1735
1731
1867
1643
1807
1735
1775
1763
1743
1703
1775
1815
1711
1727
1807
1783
1855
1863
1787
1691
1827
1843
1775
1715
1731
1883
1687
1771
1827
1807
1827
1771
1795
1695
1735
1955
1691
1819
1847
1699
1775
1907
1807
1787
1727
1811
1815
1795
1807
1915
1791
1735
1699
1699
1887
1815
1775
1723
1759
1851
1619
2035
1811
1867
1651
1859
1811
1795
1927
1739
1874
1851
1723
1847
1779
1707
1891
1795
1863
1967
1739
1891
1739
1775
1799
1687
1715
1871
1807
1699
1779
1799
1955
1851
1779
1827
1903
1863
1699
1815
1847
1839
1891
1719
1719
1707
1683
1799
1739
1775
1783
1763
1703
1835
1775
1771
1767
1791
1803
1971
1767
1699
1711
1875
1839
1819
1615
1867
1947
1779
1843
1875
1871
1695
1795
1819
1755
1715
1811
1931
1867
1807
1763
1999
1803
1747
1883
1655
1679
1883
1799
1803
1627
1727
1767
1795
1783
1735
1899
1923
1799
1687
1831
1799
1787
1967
1687
1699
1871
1675
1763
1795
1739
1711
1651
1875
1867
1887
1794
1803
1767
1671
1623
1823
1819
1755
1687
1727
1731
1883
1679
1839
1855
1791
1799
1795
1815
1887
1667
1763
1735
1835
1835
1619
1738
1755
1715
1735
1823
1763
1663
1871
1651
1879
1811
1675
1775
1699
1819
1915
1779
1883
1883
1859
1731
1843
1811
1811
1767
1871
1763
1811
1867
1883
1675
1803
1935
1959
1735
1775
1711
1843
1815
1975
1839
1783
1827
1739
1687
1899
1567
1555
1783
1791
1755
