367
634
522
615
451
754
401
587
325
643
299
459
565
646
349
559
407
406
495
621
447
511
438
606
383
622
351
643
510
694
370
610
483
731
393
499
389
477
319
657
491
806
554
697
430
637
403
473
515
531
355
650
515
471
362
631
355
706
499
522
334
691
499
661
433
695
413
623
555
543
429
515
427
771
458
605
362
637
497
601
345
623
503
631
531
555
466
643
370
586
539
473
590
661
409
643
383
591
315
535
355
587
406
558
461
549
494
641
277
562
549
594
383
602
475
569
691
623
430
726
507
543
426
727
389
703
537
662
462
502
491
562
453
467
414
598
377
641
334
653
513
633
567
614
451
629
407
647
502
630
555
626
415
615
397
519
403
670
441
599
494
609
594
558
337
710
573
557
283
610
325
574
559
547
450
575
547
595
503
599
377
629
203
699
455
666
418
579
362
626
367
645
414
635
279
495
395
587
341
559
362
623
335
655
297
593
407
515
322
715
334
727
443
693
505
631
525
615
375
565
357
694
438
735
347
635
467
570
521
609
374
682
351
575
357
746
511
542
453
642
406
561
457
679
367
606
511
619
283
627
421
527
259
631
423
674
463
510
419
649
295
563
447
650
295
747
403
635
481
623
563
669
455
587
399
575
497
667
337
487
443
571
550
635
519
554
554
642
567
611
437
638
375
809
347
566
469
614
481
679
395
703
381
678
225
585
379
557
391
659
467
707
503
531
369
662
351
687
386
579
487
667
475
707
323
595
467
775
303
561
455
746
446
711
442
683
435
707
410
651
298
503
395
531
321
526
455
658
450
631
519
591
327
663
371
587
431
563
399
682
319
715
295
533
322
715
393
525
407
619
459
673
443
759
441
770
475
522
479
583
378
694
418
510
431
563
535
737
382
759
379
391
247
518
427
649
519
767
251
815
450
659
571
695
373
591
353
575
295
562
403
669
417
531
422
701
446
662
235
615
427
663
406
739
362
587
379
591
395
567
483
691
467
687
527
555
461
719
422
655
494
610
365
619
425
669
375
683
377
666
322
711
410
534
462
617
337
623
411
698
411
527
495
759
414
583
371
407
393
667
495
587
375
609
389
654
359
638
499
715
511
658
491
643
521
449
447
639
563
617
331
667
381
603
303
518
370
622
143
354
195
357
110
573
285
467
323
631
301
551
379
359
307
506
454
506
346
546
393
258
539
355
330
525
351
335
362
498
515
379
393
501
439
518
435
531
366
521
391
299
471
378
446
375
466
397
646
419
451
415
486
294
350
387
567
358
395
407
423
415
345
307
435
453
342
327
395
401
531
441
395
453
503
354
381
461
341
313
611
327
397
493
411
367
409
391
555
343
343
430
379
393
323
506
499
425
363
394
298
365
261
389
415
434
371
543
337
306
477
326
471
379
511
477
362
331
335
255
477
359
461
359
337
451
458
383
379
326
499
531
507
283
443
250
423
378
203
367
463
347
362
398
595
463
451
351
331
527
395
399
518
411
491
351
354
359
467
405
562
342
494
429
423
471
379
319
369
415
306
339
334
495
385
475
415
267
475
481
457
506
539
453
213
347
443
457
431
551
502
319
390
407
423
447
395
387
363
253
386
459
391
406
485
262
571
357
383
493
470
418
467
339
465
633
311
446
535
349
430
294
457
365
477
419
431
398
387
283
459
457
379
349
363
335
311
414
463
315
391
499
403
479
438
415
343
223
351
381
491
575
387
459
539
426
406
270
451
487
415
435
391
447
239
346
474
471
490
375
435
394
398
415
418
429
251
355
455
309
378
515
382
371
414
355
399
355
437
391
627
347
493
246
339
329
311
413
330
259
429
263
393
391
571
347
391
402
438
339
399
461
463
359
347
277
367
530
471
389
437
419
363
335
379
387
515
427
370
383
427
367
421
246
397
406
365
410
273
315
263
334
269
419
347
327
398
289
378
423
439
179
399
262
375
443
359
421
327
470
415
314
371
459
297
377
458
375
459
377
463
323
355
301
389
482
382
251
285
325
386
389
399
415
395
318
535
383
343
413
461
241
405
395
371
393
354
426
365
399
414
342
502
343
247
375
494
331
421
399
351
449
327
257
359
391
409
509
435
383
267
279
503
475
345
434
397
395
298
531
425
577
458
345
410
427
361
303
425
407
327
343
322
323
470
394
422
347
521
279
463
530
465
275
353
218
413
370
407
499
407
351
557
469
341
379
446
239
179
317
383
363
321
475
343
247
479
346
343
439
437
331
301
399
487
369
451
327
393
443
457
314
390
357
266
479
443
395
533
334
357
425
453
354
442
418
377
251
307
406
459
451
411
358
303
327
189
289
399
369
0
479
133
435
267
765
