470
411
283
391
159
730
419
546
163
554
193
371
329
485
371
427
299
407
237
609
343
575
295
555
281
437
415
543
315
467
342
547
362
559
503
507
361
503
357
473
321
554
391
471
233
427
335
589
314
574
309
679
335
571
418
502
246
543
173
511
310
487
393
531
403
585
377
594
406
491
490
495
318
645
315
487
303
613
266
449
491
491
198
466
371
565
379
622
359
530
294
567
442
506
403
473
302
521
323
459
297
461
374
515
535
551
519
538
451
483
293
633
305
613
210
642
433
499
375
453
443
519
306
545
291
589
263
706
231
631
335
563
310
399
419
434
355
407
221
575
315
681
475
482
274
443
249
715
353
513
407
577
349
642
254
542
435
633
367
462
393
459
383
609
481
493
383
450
279
503
375
654
433
471
303
337
387
430
383
563
467
614
343
451
254
433
279
566
410
606
350
663
363
582
246
527
387
563
325
579
151
397
306
435
274
578
317
535
503
507
270
498
383
451
255
542
407
619
317
663
291
515
365
551
335
549
339
295
382
546
407
419
191
519
325
457
225
371
371
591
291
537
339
515
295
543
230
433
171
543
302
435
287
397
299
626
187
473
475
449
382
430
239
397
315
513
333
409
373
634
345
486
325
466
365
587
461
613
393
547
309
555
415
490
407
471
235
403
375
485
263
535
354
570
347
583
311
430
290
591
373
490
321
506
335
610
219
461
359
531
421
514
393
531
295
622
458
539
439
559
331
515
343
439
251
502
270
339
338
547
450
583
199
525
391
447
367
526
338
449
371
493
421
515
231
499
279
502
510
413
447
535
383
381
334
445
337
479
399
514
333
546
430
307
294
562
463
471
347
622
377
653
294
563
423
683
318
423
357
545
234
438
469
609
235
633
315
607
431
618
351
589
394
561
355
533
347
573
347
581
447
515
387
441
410
506
215
511
478
587
257
671
381
595
518
553
379
503
449
405
334
597
297
558
354
523
338
453
230
458
451
455
467
527
253
459
389
585
253
463
383
523
359
530
523
539
387
514
337
631
314
650
422
482
377
434
410
551
281
511
331
481
315
499
329
461
361
459
219
406
297
601
262
563
345
543
282
538
351
507
395
526
434
570
383
442
219
431
386
471
350
475
219
413
337
549
389
287
65
307
3
194
199
511
323
439
315
458
202
583
147
335
302
266
334
237
299
139
335
245
267
375
202
319
417
311
279
287
207
299
353
331
319
299
354
195
183
318
347
238
369
433
482
299
299
353
371
261
297
371
230
291
446
367
442
361
198
314
326
195
355
319
191
395
470
386
323
346
357
447
287
281
215
319
447
283
383
287
246
201
301
291
342
327
333
385
305
371
443
293
295
395
399
259
267
211
226
255
233
323
254
329
413
291
415
335
351
318
287
189
243
363
338
250
331
429
371
369
310
269
295
327
94
318
246
413
235
258
305
303
367
323
389
295
378
227
294
207
310
318
327
395
414
278
306
341
509
283
463
311
407
247
398
487
222
367
479
317
273
351
449
231
330
211
347
359
387
425
495
287
218
253
355
447
395
311
353
285
329
307
222
149
307
249
286
391
371
231
315
377
246
359
201
231
291
247
258
239
391
257
206
362
353
159
370
247
295
294
265
242
430
357
334
167
282
254
322
161
187
211
345
367
195
311
315
155
135
418
422
278
182
325
379
535
205
307
270
274
237
309
313
402
317
327
306
379
185
323
330
275
311
349
450
285
305
289
394
405
382
255
471
387
163
162
335
327
311
423
259
343
359
319
223
262
334
194
355
263
293
83
267
315
341
365
223
323
386
327
455
506
191
195
366
354
431
22
290
211
341
138
455
219
317
281
411
379
247
295
347
287
315
373
277
383
294
406
463
251
289
247
397
315
371
295
185
138
241
118
278
275
285
347
335
283
271
387
283
327
363
255
347
223
131
235
293
346
243
171
275
206
459
245
243
246
243
319
263
277
325
185
397
330
235
275
223
351
333
303
261
283
366
247
349
354
298
265
271
158
197
402
453
363
387
307
169
342
446
251
287
275
255
243
225
385
363
261
285
254
306
321
394
487
383
278
315
378
283
318
230
370
419
241
281
231
330
303
174
241
315
279
223
305
283
269
327
305
238
314
345
233
241
326
389
363
198
279
263
307
421
262
274
293
305
330
357
255
413
299
227
359
215
299
383
355
383
254
295
169
362
375
329
317
429
289
191
311
267
343
287
243
297
235
475
363
283
438
294
351
221
246
286
279
393
383
171
345
375
254
169
387
290
374
305
267
329
379
405
341
363
255
226
386
226
261
319
410
410
339
399
265
271
303
347
205
319
238
255
169
375
339
443
511
111
611
