1823
2211
1935
2139
1907
2123
1863
2151
1915
1963
2047
2003
1975
2051
1903
2107
2019
2239
1879
2035
1875
2163
1923
1983
1863
2111
1879
2107
1947
2035
1855
2103
2003
2219
1979
2099
1999
2099
2099
2111
2011
2115
2079
1911
1943
2083
2015
2075
1915
2055
1927
2135
1967
2143
1951
2115
1879
2043
1879
2051
1971
2119
1963
2143
2007
2135
1999
2151
1807
1983
1835
2219
1827
2111
1963
2187
1935
2091
1959
2255
1827
1931
2031
2119
1971
2019
1843
2067
1875
2151
1783
2111
1887
2171
1847
2179
1879
2187
1843
2183
1851
2043
1955
2023
1991
2115
1907
1999
1835
1891
1955
2023
1939
2207
2087
2235
1919
2055
1883
2147
1923
2175
1895
2091
1943
1959
1935
2143
2059
2071
1963
2079
1723
2151
1903
2147
1875
2099
1835
2131
1847
2155
1835
2171
1867
2051
1747
2075
1935
1983
1919
2015
1875
2095
1979
2199
1991
2207
1895
2043
2063
2235
1983
2107
1895
2007
2023
2191
1867
2171
1875
2007
1907
2039
1915
2127
2007
2047
1991
2139
1859
2055
2039
2163
1867
2179
1891
2035
1939
1943
1891
2163
2015
2039
1947
2179
1819
2075
1939
2143
1867
2147
1959
2191
1819
2087
1971
2091
1987
2075
1919
2135
1867
2099
1851
2155
1895
2059
1791
2119
2063
2103
1891
2119
1939
2095
1887
2011
1895
2251
1879
2087
1875
1967
1991
2019
1843
2119
1935
2067
1935
2235
1899
2143
1919
2183
1931
2071
1967
2059
1887
2051
1955
2147
1875
2263
1751
2207
1999
2163
2039
2043
1859
2059
1879
2115
2051
2027
1967
2171
1827
2131
1911
1975
1943
2203
1907
2283
1903
2043
1755
2087
1911
2047
1959
2111
1923
2071
1931
2155
1959
1995
2035
2115
1939
2159
1855
1971
1831
2051
1835
2159
2023
2263
1887
1963
2055
2303
2091
2247
1939
2215
2103
2171
1947
2111
1923
2067
1935
2103
1855
2203
1831
2047
1911
2119
1831
2151
1887
2187
1955
2167
1975
2123
1959
2239
1823
2119
1895
2171
2043
2043
1783
2115
1991
2019
2011
2051
1899
2011
1967
2251
1987
2111
2039
2219
2023
1987
1975
2163
1867
2055
1879
2147
1887
2131
1923
2063
1851
2215
1987
2243
1831
1955
1935
2159
1863
2099
1955
2019
1959
2059
1951
2163
1875
2163
1819
2119
1799
1887
1955
2087
1935
2055
2003
2211
1899
2067
1979
2079
1907
2239
1939
2047
1787
2047
1899
2163
1911
2103
2019
1995
1903
2135
1963
2063
1831
2127
1883
2243
1971
2171
1919
2187
2059
2139
1935
2139
1907
2063
2043
2027
2051
2263
1867
2123
2031
2079
2011
2263
1987
2183
1923
2223
1839
2063
1971
2091
1923
2139
1927
2123
1835
2007
1863
2095
1891
2219
1839
2175
2019
2147
1815
2159
1867
2135
1955
2103
1963
2199
1983
2111
1971
2027
2007
2003
1939
2179
1955
2255
1927
2367
1919
2171
1971
2111
1935
2171
1899
2215
1867
2067
1943
2075
1903
2019
1919
2015
1675
1963
1599
1899
1787
2179
1979
2239
1711
2019
1943
2071
1951
1851
1899
1899
1931
1995
1991
1935
1871
1931
1867
1983
1799
1835
1843
2003
1871
1779
1947
2011
1943
1871
1995
1971
1903
1863
1975
1899
1883
1823
1895
1851
1947
1895
1915
1867
1971
1879
1867
1951
2015
1955
1775
1827
1883
1983
1907
1951
1903
1879
1943
1859
1891
1891
2011
1843
1895
1887
1847
1787
1947
1939
1827
1911
1915
1851
1883
1899
1947
1735
1919
1923
1955
1859
1991
1915
2075
1887
1931
1875
1859
1891
1963
1931
1887
1915
1783
1879
1879
1975
1923
1851
1967
1839
2243
1967
1887
1775
1847
1939
1919
1875
1871
2007
1963
1839
1907
1779
1899
1759
1955
1895
1823
1903
2015
1927
1959
1739
1907
1951
1779
1975
1983
1855
2011
1899
1723
1943
1991
1967
1899
1911
1799
1859
1903
1907
1903
1983
2003
1823
1923
1947
1991
1859
2059
1799
2031
1807
1935
1815
1923
1879
1735
1823
1903
1927
1915
1927
1947
1955
1947
1827
1987
1839
2007
1899
1851
2055
1907
1863
1867
1851
1959
2019
1959
1963
2035
1947
2067
1783
1871
1983
1879
1895
1947
1903
1907
1871
1999
1767
1975
1823
1903
1931
1959
2051
1999
1783
1895
1923
1847
1767
1927
1991
1855
1947
1923
1887
1939
1739
1847
1887
1955
1803
1967
1843
1859
1747
1903
1875
1879
1883
1875
1915
1867
1855
1927
1863
1931
2011
1895
1811
1979
2031
1943
1827
1831
1971
1947
1927
1883
1843
1931
1787
1759
1903
1915
1867
1887
1827
1903
1743
1975
1735
1903
1903
1975
1879
2023
1939
1923
1911
1967
1835
1903
1763
1827
1863
1983
1895
1895
2091
1891
1835
1971
1855
1763
1923
1863
1915
1743
2011
1791
1903
1815
1887
2003
1967
1827
1935
1871
1935
1995
1811
1851
1999
1919
1847
1855
1935
1743
1903
1923
1927
1767
1995
1963
1875
1895
1843
1851
1951
1911
1715
2039
1895
2039
1951
2015
1883
2063
1811
1867
1787
1923
1911
1919
1899
1915
1883
1899
1859
1927
1855
1987
1859
1955
1907
2035
1887
1911
1899
1907
1811
1795
1915
1855
1835
1907
1907
1855
1875
1947
1887
1879
1787
1895
1799
1899
1879
1963
1907
1819
1855
1839
1851
2011
1943
1887
1871
1979
1915
1923
1923
2015
1779
1807
1831
1859
1943
1907
1775
1871
1939
1935
1955
1855
1971
1975
1907
1895
1855
1915
1879
1779
1943
1835
1863
2023
1879
1859
1971
1919
1855
1983
1947
1915
1895
1999
1863
1755
1919
1943
1843
1959
2039
1875
1863
1915
1867
1915
2059
1887
1903
1867
1771
1931
1823
1891
1899
1895
1855
1839
1935
1839
1855
1899
1831
1863
2011
1843
1719
1875
1863
1963
1915
1859
1831
1955
1843
2027
1995
1915
1951
1991
1811
1847
1927
1919
1891
2023
1939
2075
1923
1819
1963
1831
1907
1839
1955
1775
1823
1959
1995
1883
1959
1875
1879
1959
1915
2071
2003
1895
1903
1847
1739
1995
1903
1799
1855
1963
1895
1807
1775
1791
1939
1879
1791
1943
1931
1895
1807
1731
1835
1983
2063
1835
1707
1927
1851
1907
1643
1767
1779
