327
563
387
571
527
699
539
595
331
519
691
779
287
783
559
595
427
647
555
715
483
719
419
615
323
755
447
747
467
591
535
651
495
607
383
655
335
599
315
663
383
651
339
595
503
559
499
451
435
595
415
647
259
587
411
511
395
711
591
607
399
567
399
559
503
691
519
715
383
751
355
535
359
667
427
635
555
599
555
739
507
535
283
575
415
559
475
507
535
603
423
483
443
587
523
603
431
619
463
519
515
543
559
619
287
619
287
575
343
667
379
707
487
735
467
487
427
523
539
719
463
559
311
659
623
627
495
699
399
555
455
627
463
675
559
683
271
715
571
643
283
723
367
699
491
595
439
719
483
627
571
739
359
571
343
515
427
591
427
655
511
611
591
747
307
663
459
759
431
523
343
567
459
739
275
571
499
627
471
703
351
663
471
703
435
663
383
687
431
499
367
603
443
731
383
699
579
699
411
627
443
479
451
763
431
791
355
567
415
687
451
631
443
567
523
631
379
591
455
691
463
675
447
671
419
727
423
635
535
623
363
679
467
563
411
687
267
559
439
683
467
707
607
471
299
659
383
595
447
651
539
711
279
547
355
527
459
723
379
671
423
679
307
719
491
659
347
735
399
623
519
639
395
707
371
623
503
651
403
575
531
487
411
779
367
691
327
799
467
735
331
795
463
627
343
611
235
719
467
611
463
675
411
551
511
667
431
775
403
647
519
739
435
471
531
535
363
491
215
747
503
675
415
703
495
559
299
551
579
559
323
647
419
635
343
611
459
699
447
715
371
679
431
619
427
515
603
719
367
783
451
619
499
531
491
699
563
567
311
479
427
591
439
659
403
667
527
667
443
751
307
647
419
531
319
679
471
587
483
679
503
607
355
575
647
747
443
623
571
611
319
563
543
591
427
623
363
587
359
679
451
647
367
735
479
519
391
635
419
619
231
467
379
675
311
723
287
599
415
479
383
507
511
623
443
543
315
579
399
639
471
659
303
659
607
551
611
691
295
763
327
587
395
715
271
551
419
623
603
675
499
651
379
587
419
815
443
603
515
691
463
663
495
611
415
707
475
647
495
707
395
695
375
659
459
575
283
599
507
499
511
599
367
687
643
659
467
559
375
647
375
727
419
643
347
607
559
343
91
395
0
495
91
535
427
599
395
595
423
727
275
343
283
455
363
295
499
523
383
435
383
455
519
367
343
435
371
323
391
459
403
479
419
339
439
419
303
327
307
379
515
411
359
259
483
443
471
283
343
491
271
391
375
295
223
311
519
435
523
523
411
487
495
347
499
431
323
403
587
423
443
347
515
415
287
315
399
535
523
363
427
371
355
531
375
439
519
487
475
559
479
227
299
399
399
199
419
359
343
355
395
459
439
447
323
467
467
407
415
335
483
371
467
271
527
475
567
387
371
415
531
447
339
315
515
503
427
239
399
331
435
375
495
499
459
319
343
435
279
271
427
315
427
459
395
335
363
391
371
435
423
447
443
339
383
427
427
499
467
439
459
423
359
359
547
399
295
295
411
495
355
415
355
315
419
387
539
439
439
363
355
327
431
311
379
371
559
255
223
387
303
363
427
491
427
419
515
315
383
303
451
407
571
339
447
419
435
499
467
439
419
347
367
383
407
483
523
451
467
415
299
435
523
347
523
455
455
383
515
339
387
439
503
303
327
391
279
363
471
427
407
335
567
415
471
315
347
359
319
319
459
375
423
567
403
443
323
519
279
479
407
215
427
319
359
415
479
435
331
563
539
303
459
399
395
359
435
467
495
363
419
367
479
367
355
291
351
315
335
331
407
539
451
323
455
395
435
335
407
351
547
543
279
347
279
399
451
407
435
355
363
323
431
303
495
303
563
455
371
447
511
395
299
375
327
423
379
327
479
451
403
387
343
491
483
235
295
487
403
363
539
415
435
411
527
391
463
483
351
451
371
315
459
331
459
423
191
335
483
283
427
287
443
403
475
383
439
367
375
375
439
339
543
455
427
383
579
463
323
499
343
587
619
579
439
411
327
315
363
323
315
415
503
299
431
435
355
479
331
379
515
427
431
283
431
283
379
295
443
391
443
391
443
527
375
511
491
331
503
551
335
319
467
443
451
539
307
351
387
319
559
387
391
439
391
423
299
403
279
535
599
335
315
355
471
471
459
363
391
451
367
347
383
403
331
403
271
491
343
327
327
459
435
435
403
347
383
279
419
459
423
351
551
395
507
223
507
475
239
511
475
475
427
419
407
515
351
447
335
255
367
307
347
491
419
431
291
299
395
371
427
367
303
355
411
515
415
279
359
471
299
447
271
383
291
307
403
383
535
467
587
583
563
963
