371
539
443
571
575
827
403
739
371
531
331
595
515
555
431
707
439
643
379
583
451
790
559
807
634
619
487
771
426
547
359
631
475
675
423
667
583
539
487
679
447
751
323
747
479
555
466
559
443
795
487
607
391
511
443
667
395
695
395
583
531
451
387
671
523
743
403
743
427
627
390
835
455
739
503
779
515
615
543
591
383
667
547
526
450
530
439
615
407
763
363
719
495
659
374
723
587
603
519
739
411
663
483
679
399
543
298
611
503
626
511
695
562
563
527
559
367
759
431
683
311
563
463
815
339
651
335
691
611
731
563
699
619
711
395
655
531
619
427
627
359
631
503
727
475
643
399
775
295
607
535
722
370
723
514
655
291
675
447
611
407
647
607
559
415
583
327
679
491
615
507
623
447
771
483
847
459
711
531
563
367
699
459
643
535
855
290
687
447
583
415
651
475
667
327
579
383
539
503
579
435
735
507
583
543
703
279
655
379
691
507
719
435
595
475
651
459
687
355
459
403
602
387
575
467
695
435
679
315
599
471
763
415
623
467
595
423
575
511
831
483
843
367
630
287
651
515
635
395
683
415
679
487
663
387
639
426
719
427
627
423
627
499
791
515
555
447
635
495
675
551
571
447
555
483
754
427
775
367
783
535
607
499
739
391
579
531
631
563
615
515
727
318
583
411
759
403
643
582
699
319
631
371
579
394
619
431
587
523
747
447
571
519
618
395
535
435
698
334
519
499
891
311
651
411
655
423
743
435
767
495
526
439
499
619
551
439
659
551
699
583
699
423
699
263
615
399
815
439
719
327
875
435
715
411
703
439
563
419
575
519
531
499
675
499
655
491
755
387
563
435
635
430
495
419
611
403
507
383
671
479
619
551
699
543
615
411
807
427
670
287
626
491
719
451
727
503
591
499
675
355
647
499
507
259
687
499
523
503
694
339
803
551
715
423
643
347
623
387
639
503
671
435
639
467
795
503
667
387
639
579
663
491
678
435
694
387
743
635
539
447
479
411
731
471
751
527
594
391
570
395
683
543
775
463
679
415
523
555
695
491
671
559
687
451
695
443
663
398
751
439
727
535
635
550
567
366
603
411
747
419
895
595
595
427
571
407
747
315
699
367
598
383
467
526
595
490
542
162
443
159
327
150
803
319
527
258
555
499
587
486
455
543
459
463
486
523
390
327
335
427
483
243
335
579
583
191
387
546
310
354
455
527
515
467
387
407
391
523
319
454
359
427
347
491
339
327
323
475
359
523
394
459
351
443
478
467
543
491
399
455
387
499
471
483
319
499
291
503
359
383
219
415
379
431
563
395
415
411
479
419
495
407
347
463
547
439
418
527
455
311
311
467
439
471
495
359
302
251
519
410
435
527
247
478
451
415
355
379
414
415
247
395
343
383
491
491
491
491
491
491
491
491
491
491
491
491
491
491
491
491
491
491
491
491
491
491
491
491
491
491
455
395
362
303
307
371
243
399
391
515
423
383
423
467
431
571
487
243
327
331
399
399
427
259
455
311
259
399
255
323
343
375
359
375
547
418
331
459
551
355
287
343
410
427
383
358
391
427
491
499
243
447
419
447
470
415
347
331
343
286
318
518
391
519
511
283
495
527
295
531
295
411
391
407
331
495
403
431
406
411
407
446
323
443
507
443
423
515
199
411
299
507
299
266
307
511
418
439
323
295
447
375
431
235
543
287
331
379
431
431
375
379
515
447
395
475
387
355
315
375
339
475
387
351
307
591
563
383
499
535
223
459
379
434
451
519
359
407
359
387
235
514
403
423
443
423
267
474
487
411
359
479
451
383
335
559
331
431
403
479
359
559
551
467
331
343
339
499
323
303
319
471
371
423
354
551
303
435
299
479
375
331
434
379
463
615
303
402
455
463
291
542
375
367
499
427
567
387
391
275
447
427
506
451
374
371
359
515
331
382
443
423
386
439
371
387
431
350
415
315
327
343
435
591
391
383
491
355
482
375
471
343
331
483
523
471
339
431
243
362
279
475
379
511
314
475
327
311
327
439
199
483
463
539
331
287
187
415
351
455
319
435
347
559
523
359
295
475
491
587
323
483
411
603
443
447
367
494
267
431
371
291
339
487
411
451
351
415
627
507
451
323
535
391
379
443
422
543
467
390
451
451
607
418
347
542
407
279
391
419
471
579
423
559
419
511
367
507
379
259
263
379
399
439
451
395
423
338
378
555
379
511
375
527
447
410
351
539
447
407
551
527
287
395
495
491
443
439
467
403
387
471
375
355
371
315
551
451
587
427
331
311
395
403
503
327
415
519
251
475
275
443
411
391
403
303
391
494
367
503
279
347
743
