378
706
451
590
467
623
679
791
427
735
459
635
515
655
498
699
495
735
487
794
435
559
478
699
415
739
691
702
599
703
371
639
555
706
363
843
610
582
594
691
303
595
687
791
403
675
562
791
547
843
463
778
403
755
559
711
495
607
575
635
463
695
523
771
515
542
527
714
591
679
455
674
542
718
435
754
463
714
311
778
426
611
515
639
407
599
427
715
607
575
547
639
467
719
439
771
495
683
498
811
515
719
579
786
435
771
531
583
547
643
491
590
439
658
399
587
391
631
451
647
511
755
495
687
347
767
494
879
474
699
599
718
551
615
538
699
391
699
586
815
459
663
506
603
475
579
538
787
475
750
495
775
543
771
491
723
490
762
371
819
455
743
499
719
475
767
355
651
499
787
431
539
455
723
454
583
379
659
427
651
411
635
467
651
435
615
579
754
463
751
431
819
502
607
523
643
467
867
455
762
271
715
390
703
491
643
555
686
590
627
515
771
615
651
315
743
379
747
410
559
603
638
487
675
471
703
467
767
498
730
375
779
387
582
383
674
510
654
443
735
547
650
523
734
478
719
567
759
523
619
311
547
395
667
535
619
599
611
462
831
594
667
367
863
439
707
462
654
546
707
511
758
467
690
466
655
491
835
567
783
531
546
431
682
403
795
495
555
530
659
471
738
407
706
370
743
383
610
367
663
542
675
547
746
495
642
587
630
439
727
503
567
483
611
586
574
379
539
523
714
483
646
587
735
579
703
375
751
527
582
571
655
547
655
610
798
614
759
611
671
570
607
527
691
515
666
471
739
439
623
403
791
379
746
518
602
391
687
335
675
554
683
527
627
470
671
427
759
450
711
327
611
439
651
503
775
339
651
455
606
463
718
371
763
355
679
383
475
498
623
463
686
523
531
471
659
438
666
503
834
323
691
415
611
590
682
423
766
406
778
431
630
515
643
438
779
522
719
539
807
330
751
451
731
470
643
511
622
451
635
619
647
434
747
455
811
379
715
539
890
411
743
427
727
371
771
631
718
543
703
479
715
575
675
450
567
399
706
427
667
427
663
651
786
527
535
482
779
538
735
423
779
358
623
578
759
311
570
407
667
431
775
378
671
550
638
566
635
419
643
587
703
447
783
443
595
419
523
167
415
87
355
215
803
478
527
427
686
363
711
511
559
575
611
519
303
467
359
510
339
471
527
562
362
450
486
507
554
403
519
383
538
463
551
427
395
495
459
462
555
558
395
435
446
454
542
354
558
587
387
351
391
451
371
455
459
442
459
383
374
511
483
331
563
463
390
378
511
482
299
303
423
522
510
535
355
507
347
587
443
471
387
407
507
395
519
547
355
495
507
579
511
471
427
499
379
531
283
335
415
486
579
375
374
463
479
411
563
471
399
483
511
423
471
422
427
310
535
535
535
535
535
535
535
535
535
535
535
535
535
535
535
535
535
535
535
535
535
535
535
535
535
535
435
486
395
339
451
486
310
355
523
482
510
319
362
475
631
439
387
590
319
422
443
543
551
391
415
426
414
507
591
447
614
459
403
418
423
523
435
479
295
450
459
391
530
643
506
515
527
407
311
299
467
447
391
487
306
435
618
482
471
415
419
499
331
371
495
527
431
383
379
471
591
506
447
503
431
415
391
619
535
527
391
390
390
407
450
374
435
519
427
339
390
451
274
534
427
491
435
631
479
471
471
355
391
627
439
458
463
515
435
455
467
503
447
471
487
483
375
467
487
422
383
483
491
399
563
487
399
394
527
311
475
399
438
430
406
363
443
479
371
390
471
447
515
523
455
351
490
511
438
375
395
551
350
431
491
470
495
435
458
358
399
623
359
487
511
359
443
571
467
451
394
479
479
455
467
583
451
399
367
366
555
479
439
387
419
514
287
703
478
531
314
523
479
455
587
406
535
515
383
510
443
367
558
463
527
631
399
555
399
442
462
354
375
531
475
363
443
463
619
518
447
495
567
523
359
479
510
507
555
383
387
371
347
462
407
439
443
430
363
495
442
435
431
455
471
639
427
367
374
539
499
482
282
535
611
439
511
535
531
355
458
483
419
379
475
599
535
471
430
662
471
407
551
319
343
546
467
471
295
391
431
463
443
403
562
583
467
354
491
466
450
634
351
363
535
338
431
458
407
375
311
542
530
555
459
471
430
331
287
486
483
419
351
394
399
551
343
499
523
455
466
459
479
555
335
431
395
499
495
283
399
419
375
398
487
427
326
535
319
547
478
335
443
367
487
578
442
547
546
527
398
511
478
475
435
539
426
475
534
551
342
471
602
623
398
439
374
511
482
639
503
446
491
402
351
487
354
374
419
498
590
