439
471
307
555
287
499
259
563
291
495
247
486
222
391
267
487
267
519
235
467
239
515
179
487
227
314
271
567
223
611
275
499
395
523
331
451
371
515
274
403
231
531
323
443
223
435
350
555
275
507
323
591
275
355
227
427
275
495
367
527
327
431
199
531
299
571
326
459
275
523
271
603
291
407
307
459
127
535
195
475
355
471
287
623
103
570
346
455
163
379
195
482
223
507
319
507
306
459
331
559
391
499
387
563
251
387
363
627
295
495
331
443
243
447
275
495
243
519
283
543
347
415
247
375
303
635
175
471
239
627
307
623
123
507
399
467
191
547
123
499
291
411
327
595
259
567
491
355
371
479
371
459
162
543
455
591
223
339
255
575
223
439
343
451
251
483
331
559
411
411
326
319
251
431
123
519
271
431
287
531
367
527
527
475
307
583
335
490
331
411
223
559
263
407
378
551
379
479
263
567
295
299
315
539
263
487
330
547
299
471
355
487
398
503
219
643
239
454
259
567
243
451
331
591
219
491
355
455
250
407
143
523
187
370
267
527
287
623
479
563
267
551
319
559
263
535
215
447
367
491
186
411
275
495
227
639
431
363
375
535
219
447
291
519
379
411
491
615
439
387
463
379
299
615
87
487
387
459
294
563
323
567
375
503
363
491
279
531
311
531
219
571
363
691
187
547
171
518
391
507
267
487
347
399
271
579
510
571
203
570
311
459
351
527
203
519
335
503
163
475
319
462
391
607
319
619
307
571
274
623
347
511
322
507
323
407
275
511
375
491
239
498
219
687
307
563
259
551
223
435
255
467
327
519
379
471
175
531
335
403
251
591
346
675
403
523
351
427
295
535
415
471
207
459
403
491
359
579
195
647
303
519
339
495
210
563
271
499
327
463
283
539
99
403
379
491
251
451
351
559
199
643
379
455
295
543
235
431
391
419
199
535
371
531
175
471
267
663
375
491
343
475
255
451
215
435
503
515
291
407
290
583
247
431
423
303
266
631
319
475
239
515
267
470
339
407
367
459
427
591
311
491
311
351
207
471
411
503
431
543
335
367
335
479
163
527
415
663
335
631
391
398
343
499
223
451
354
475
135
487
283
439
319
619
183
435
259
502
299
639
219
403
267
527
231
379
251
294
23
259
0
127
43
603
271
599
299
471
295
483
359
315
307
267
223
254
275
342
334
315
355
163
107
399
207
235
327
223
399
299
263
263
227
219
219
271
271
99
255
123
371
239
311
263
499
183
243
147
391
175
203
187
155
303
327
135
287
135
299
275
543
311
279
275
383
223
295
143
295
319
199
327
99
291
275
439
311
191
251
311
243
242
231
463
223
311
199
227
283
167
183
295
307
251
250
283
195
279
187
227
351
395
215
223
255
307
307
347
267
367
359
219
283
187
259
119
119
119
119
119
119
119
119
119
119
119
119
119
119
119
119
119
119
119
119
119
119
119
119
119
1091
219
363
199
339
243
187
259
363
211
271
351
243
399
323
219
199
331
223
306
303
215
379
335
203
275
251
243
239
243
347
243
315
267
306
231
315
279
235
267
351
167
331
227
211
51
279
199
263
239
222
247
291
327
151
319
391
211
347
223
251
231
259
266
243
211
335
206
203
331
235
235
199
343
247
243
271
343
139
151
263
191
422
371
234
163
195
295
211
223
259
243
159
143
231
323
262
255
179
347
187
275
307
315
319
163
243
371
287
387
231
295
467
215
279
259
319
358
282
191
267
238
259
203
291
415
243
279
443
251
202
431
247
263
342
147
143
383
327
171
267
323
119
283
347
335
303
255
231
199
355
87
491
259
299
191
315
243
383
403
219
319
298
287
335
127
239
311
246
274
315
271
443
183
231
303
295
319
207
203
263
259
279
231
283
259
74
243
315
427
167
275
215
339
207
271
291
343
294
339
219
187
282
323
231
131
291
387
351
199
255
259
323
243
215
279
167
259
355
275
267
259
239
159
247
215
111
319
407
287
370
186
243
227
247
287
235
303
243
270
355
371
239
279
239
171
279
303
247
299
290
195
215
207
427
187
271
322
263
227
298
195
243
287
315
379
335
166
319
239
299
231
303
339
331
187
367
179
235
195
291
347
111
195
290
219
327
299
299
295
335
407
315
283
275
283
191
331
134
187
195
399
331
163
339
334
323
247
459
259
303
235
195
223
119
163
295
287
174
314
363
291
307
359
303
250
187
279
347
235
279
171
387
187
343
398
214
235
155
243
335
231
327
411
407
159
111
255
299
199
167
359
323
291
319
279
187
151
223
151
230
159
267
347
295
323
303
159
339
283
255
195
271
255
171
183
395
203
415
423
511
498
475
683
