322
581
323
661
251
619
483
545
410
567
453
550
399
658
537
606
269
547
379
451
367
601
282
481
291
615
311
589
434
570
466
479
290
597
425
682
459
491
443
521
557
643
527
646
295
574
306
730
422
583
343
663
315
511
455
711
406
579
402
555
506
627
631
686
463
539
395
635
395
514
427
527
386
599
370
686
414
778
415
563
594
593
270
606
411
651
418
687
423
607
438
611
438
563
431
655
523
551
519
506
327
555
315
445
315
551
433
574
311
602
453
539
479
427
266
530
437
487
450
495
334
591
369
615
449
619
390
483
487
542
491
547
411
483
374
675
323
667
355
574
425
581
355
563
483
455
465
487
527
519
435
495
283
691
314
627
358
471
433
534
506
647
485
523
179
687
318
561
449
499
399
599
350
627
471
599
383
475
407
595
441
551
501
423
334
619
415
622
231
479
427
625
474
619
329
463
495
579
254
642
399
558
371
515
489
599
367
623
326
691
409
549
399
639
315
555
311
487
343
651
359
526
446
505
331
494
455
511
343
450
319
651
430
597
387
569
363
654
407
623
391
450
242
599
439
451
463
442
383
571
309
615
315
535
362
507
467
574
330
482
343
713
467
479
442
515
367
553
502
591
407
739
399
595
405
563
425
427
263
527
383
545
287
619
370
539
335
603
361
707
463
597
303
655
359
527
223
451
263
658
391
599
431
603
301
603
374
653
262
545
479
661
373
526
346
481
559
527
375
567
570
554
433
565
406
619
377
579
279
622
335
554
398
659
502
751
339
543
395
662
418
541
362
523
461
511
415
458
314
635
450
693
470
471
406
703
250
506
287
649
455
519
361
571
243
454
382
558
331
631
583
543
415
503
359
663
519
471
475
595
391
651
659
535
518
487
386
743
349
467
170
601
359
439
331
509
306
715
579
691
211
611
385
643
407
558
449
445
309
563
367
462
359
507
423
575
293
491
343
558
551
423
462
546
489
553
435
595
454
543
419
639
266
559
367
615
334
525
417
506
338
483
427
433
171
575
534
499
559
503
411
639
495
506
239
659
551
571
303
643
319
531
339
625
350
631
403
565
414
631
359
691
383
501
438
435
447
591
359
721
287
550
463
655
427
530
359
567
338
675
217
631
293
555
298
511
253
307
90
369
38
311
43
487
195
514
325
531
439
465
399
338
533
335
365
281
391
423
375
391
279
359
309
319
198
295
394
378
385
478
431
375
351
343
347
206
279
339
369
339
411
314
578
329
331
373
458
207
267
303
375
397
398
415
299
419
487
253
375
270
485
495
446
318
362
309
251
283
343
195
315
241
259
323
335
319
290
466
414
347
487
437
265
367
351
390
331
234
366
487
318
307
307
455
225
414
307
363
363
203
395
283
335
251
359
411
287
299
367
471
407
339
374
374
327
351
338
301
469
203
377
278
433
295
391
378
427
414
351
495
127
285
327
459
343
227
317
359
374
350
371
415
326
315
403
231
506
322
405
258
386
275
349
387
387
258
370
295
403
299
454
219
433
267
463
299
398
398
447
263
483
221
463
430
387
434
387
91
335
259
455
395
326
419
311
506
326
331
422
255
251
199
327
326
491
203
389
315
419
119
279
373
463
314
318
382
510
378
321
459
339
351
341
279
311
382
399
403
338
371
419
189
426
275
419
331
297
407
486
373
270
255
275
282
287
239
291
315
397
373
398
469
607
350
267
335
251
217
399
331
407
371
497
449
478
378
299
167
363
391
443
139
425
245
275
259
270
221
370
497
454
375
411
214
301
407
362
227
375
299
331
361
295
267
471
314
283
413
299
450
309
351
391
434
433
314
278
474
275
366
303
311
410
350
178
453
415
354
497
371
277
283
325
378
167
347
231
453
319
367
215
279
190
543
387
395
475
398
246
363
257
342
379
419
323
355
323
215
291
211
443
459
319
363
487
414
326
278
447
263
470
327
523
322
465
255
303
331
383
339
435
318
471
334
365
394
454
381
251
389
427
322
350
314
299
551
391
345
330
439
315
451
447
299
318
343
179
267
303
430
379
435
399
281
430
311
431
390
363
383
515
315
402
247
333
319
267
270
203
306
390
235
367
433
293
311
291
311
331
383
371
406
229
319
319
339
463
254
294
347
319
231
346
311
447
379
291
331
323
339
378
219
339
261
414
313
387
271
295
391
362
427
413
385
387
310
383
334
226
282
375
291
395
399
446
543
295
267
367
466
407
407
325
383
375
181
439
382
450
493
451
346
373
345
379
375
373
263
219
451
347
359
403
495
450
387
274
303
347
299
331
403
321
231
481
551
249
350
427
399
271
339
351
427
195
318
325
179
167
199
354
142
251
523
