533
663
370
578
394
640
398
520
357
675
461
680
413
730
369
714
349
543
354
695
398
625
530
769
447
710
562
823
458
661
379
775
478
805
640
697
508
736
490
629
458
535
516
717
404
691
370
795
385
483
447
613
354
687
535
606
525
634
520
689
497
743
534
683
486
739
366
666
533
702
327
673
524
781
539
646
444
720
459
650
449
631
381
596
499
636
399
749
503
680
457
689
476
653
490
685
391
717
512
809
367
649
581
693
501
554
515
722
564
713
391
744
447
639
595
770
447
582
441
731
418
714
480
705
504
639
365
659
457
697
490
701
505
763
455
603
612
610
406
631
446
690
535
715
503
679
551
825
438
697
407
774
420
591
431
602
570
659
471
687
366
707
629
681
472
662
384
748
433
678
545
660
539
590
515
722
466
759
567
525
525
915
466
656
556
647
603
548
456
781
487
739
478
596
634
774
395
842
498
677
482
512
507
769
459
571
419
734
385
645
494
637
345
719
318
607
470
619
495
611
455
621
536
771
482
725
549
785
467
782
350
683
351
556
398
899
606
719
491
781
537
661
455
685
511
682
548
638
490
681
354
580
418
633
653
637
458
645
466
732
527
743
384
679
502
619
539
622
633
630
524
757
527
672
421
755
395
610
489
630
484
599
474
651
533
603
441
650
431
512
516
647
523
721
390
648
351
649
455
684
482
685
513
686
495
595
555
667
523
642
542
539
346
651
361
741
337
504
568
669
496
574
471
676
569
695
369
661
452
599
455
739
525
718
397
555
338
599
502
810
595
570
335
773
353
649
403
527
331
549
355
771
622
706
505
571
471
633
522
561
413
693
405
743
353
675
513
743
609
663
589
608
526
800
436
627
375
621
423
567
547
625
525
678
592
769
380
789
388
602
586
602
499
441
327
567
471
802
421
848
360
597
410
701
619
711
526
724
424
709
461
621
387
630
491
733
445
544
284
721
477
689
369
636
304
654
437
717
428
763
352
701
438
625
481
635
334
704
511
656
643
673
450
559
612
755
427
698
605
657
337
691
543
701
301
711
397
622
509
806
452
781
452
588
370
673
526
588
517
597
459
587
504
634
591
758
647
701
541
605
483
660
458
630
507
557
363
614
626
665
449
667
466
678
370
693
617
473
0
396
219
357
190
647
470
685
394
565
291
611
409
277
513
551
478
373
498
498
442
364
590
518
315
564
248
372
550
426
386
551
509
403
452
358
455
326
529
543
484
310
431
455
387
374
484
475
502
438
519
465
467
511
501
426
373
491
534
483
422
402
464
495
413
455
517
561
462
387
361
311
367
393
313
443
488
437
570
386
529
423
472
387
354
373
543
335
436
512
497
428
554
307
490
345
407
524
319
364
388
400
505
465
401
404
562
353
401
337
537
372
522
446
409
446
393
505
389
206
475
481
446
372
610
259
607
326
474
293
585
479
577
435
462
353
443
437
342
403
413
482
320
475
613
360
343
512
351
379
558
346
370
541
475
514
396
335
499
380
552
499
478
317
550
511
491
487
446
371
422
645
438
323
481
476
375
341
345
367
451
444
406
544
421
342
499
345
275
410
357
455
478
491
558
491
432
335
299
366
294
503
455
504
474
371
471
321
427
519
439
487
479
441
531
415
306
259
594
495
399
529
509
341
432
447
511
363
381
353
391
371
506
331
614
354
226
223
377
321
443
581
443
339
406
450
334
387
376
450
495
434
527
535
434
411
507
442
561
424
547
266
626
322
367
427
359
401
395
422
609
322
447
339
626
458
547
555
338
378
436
397
433
465
411
289
452
525
338
375
427
506
328
375
367
503
404
549
382
315
564
523
330
519
391
434
417
525
489
505
577
327
457
258
507
334
466
369
456
476
407
335
461
306
316
481
517
542
315
514
510
507
421
436
621
385
443
390
621
479
490
293
477
325
512
361
485
502
551
438
468
482
431
442
534
570
459
307
464
434
225
417
645
314
342
551
459
465
547
429
443
310
404
358
432
324
428
414
495
435
572
383
594
419
373
323
293
304
480
381
525
334
397
404
566
391
604
445
511
596
451
444
382
535
592
410
423
495
437
415
551
419
517
454
451
515
510
379
425
411
453
525
423
479
440
453
492
473
448
543
619
354
525
408
426
411
555
475
323
353
530
285
449
439
391
403
635
571
402
380
482
573
443
473
343
407
426
417
361
451
395
467
517
511
483
339
451
449
462
276
453
470
457
352
404
362
513
220
461
470
311
458
438
441
374
537
323
418
462
395
398
411
453
406
432
491
497
429
285
382
590
474
463
390
383
598
427
459
554
434
560
464
359
394
397
351
476
374
330
497
657
518
634
582
555
903
