411
723
339
762
539
591
459
723
471
579
451
590
499
655
542
735
431
654
535
699
475
762
435
690
635
823
526
718
455
747
495
687
519
623
534
595
443
795
515
666
443
730
531
739
343
823
439
739
431
614
467
767
538
699
503
739
407
595
399
599
522
683
391
714
523
727
379
655
467
747
439
687
551
555
555
654
478
703
595
663
555
671
463
723
495
683
439
759
555
627
527
671
319
623
490
723
563
751
455
727
514
647
438
587
483
583
547
667
455
771
411
639
367
803
407
647
451
647
527
755
583
687
519
555
451
579
551
699
451
731
631
631
503
771
499
711
491
618
510
751
531
718
583
567
395
627
507
618
411
683
559
735
563
643
435
687
338
815
558
903
563
719
490
651
467
706
383
647
475
763
467
687
543
651
471
659
463
715
595
851
423
783
419
847
547
667
531
631
447
643
447
710
507
839
627
867
571
791
619
659
383
619
475
702
606
511
511
563
555
587
427
727
479
687
431
779
566
631
467
759
431
679
511
735
447
675
387
762
559
699
491
599
287
603
507
499
383
631
475
675
422
563
495
687
531
779
455
559
503
751
599
743
543
771
591
735
475
779
566
791
395
723
543
679
507
791
491
735
547
811
342
671
543
635
359
751
347
595
571
759
475
699
535
679
467
715
619
619
475
695
487
691
371
714
491
695
427
667
467
719
415
583
507
851
466
743
423
663
483
859
491
815
438
627
507
655
367
655
687
650
383
822
423
707
383
659
583
803
667
795
431
783
479
819
599
735
399
699
403
691
526
830
478
691
563
611
571
703
574
687
382
846
531
651
543
763
447
875
558
659
539
607
475
674
667
839
423
807
490
751
491
754
519
595
371
607
547
787
355
775
407
823
363
715
491
675
467
623
423
787
539
619
459
542
423
643
487
663
507
719
523
743
531
747
459
627
547
751
274
855
507
515
471
735
483
819
535
651
475
787
507
787
463
583
563
571
506
771
398
707
478
719
411
811
435
511
526
635
375
691
595
603
379
659
515
547
595
583
455
767
355
638
574
735
479
634
567
715
603
755
567
755
519
671
619
671
587
694
355
687
619
891
663
723
431
659
539
675
407
587
383
759
475
731
358
719
423
663
542
671
415
687
519
591
535
675
419
611
271
363
235
423
0
683
527
479
399
671
483
566
511
503
327
503
419
327
387
403
587
463
511
347
343
391
531
371
475
511
475
467
382
483
475
414
535
446
307
459
503
375
491
395
511
431
555
574
439
331
595
351
287
534
435
355
498
347
431
475
475
611
518
543
442
587
555
583
547
523
483
391
319
375
439
371
447
511
387
399
503
475
563
431
538
499
555
439
443
399
419
495
467
575
423
403
387
411
503
511
555
455
502
559
454
407
483
487
494
383
387
483
483
587
530
479
439
439
439
439
439
439
439
439
439
439
439
439
439
439
439
439
439
439
439
439
439
439
439
439
439
439
1319
335
495
507
411
447
411
419
475
215
407
278
547
402
543
551
491
475
431
535
463
442
611
411
471
335
447
479
390
510
351
447
447
447
475
455
411
463
586
427
519
535
535
311
407
375
503
483
355
547
271
543
519
543
415
386
475
447
418
275
459
515
482
339
471
495
402
422
483
499
563
427
367
535
347
511
403
563
427
371
587
535
515
435
331
515
570
579
531
415
451
491
383
491
439
299
483
407
455
378
531
447
511
419
467
578
547
479
431
431
407
431
515
491
519
374
430
539
439
379
206
455
291
355
427
443
323
539
538
431
506
427
391
423
387
635
455
411
307
519
607
487
527
615
463
551
427
523
363
423
367
459
467
358
547
403
559
495
403
475
447
515
599
415
431
534
495
451
547
531
475
366
515
530
546
435
383
415
547
519
443
379
422
395
539
427
395
387
595
427
423
635
642
434
595
434
531
407
427
438
390
411
511
483
419
343
491
535
471
447
519
403
483
335
471
470
443
435
343
427
443
499
615
386
511
427
571
523
391
475
498
379
431
347
399
455
359
471
555
423
439
547
579
423
251
459
530
483
395
467
427
427
399
570
483
419
555
459
351
663
471
487
387
347
491
539
286
347
471
427
527
491
459
639
455
331
446
523
451
395
607
475
419
439
367
439
399
415
591
551
435
519
563
531
594
483
499
471
427
371
563
470
483
383
539
459
579
551
523
479
475
510
451
370
475
451
619
462
590
451
499
407
427
375
475
463
695
502
331
535
475
351
735
302
483
434
479
527
583
339
527
519
439
355
411
446
343
487
503
495
563
551
451
339
503
491
474
479
323
347
379
407
299
559
435
607
355
319
431
687
374
507
471
554
594
471
403
463
503
475
491
451
451
791
