203
455
310
489
291
402
413
535
325
490
186
383
281
443
275
427
218
515
275
455
143
357
287
271
375
309
221
543
207
450
186
535
391
587
51
542
151
503
305
389
291
471
277
475
186
435
231
370
262
371
175
431
355
451
322
383
215
415
319
563
323
522
309
499
346
543
319
539
422
521
249
553
251
398
243
555
258
479
203
347
299
490
223
379
135
579
187
455
306
446
154
461
171
530
297
439
291
442
306
506
349
391
255
419
243
407
186
445
239
403
238
543
267
518
337
526
183
494
265
391
223
614
202
461
167
321
329
595
443
439
326
369
273
507
247
395
411
491
266
415
162
419
211
574
227
371
283
591
163
382
242
387
255
455
262
559
219
491
147
489
271
503
225
538
247
497
194
475
263
591
283
458
123
603
287
551
210
406
347
355
222
526
247
471
119
431
221
355
199
346
375
455
350
493
239
494
306
335
251
447
319
401
326
526
335
427
318
455
213
506
305
583
259
527
279
502
179
442
235
322
281
522
337
381
327
463
299
649
191
454
333
495
94
494
239
451
326
378
410
429
475
479
343
373
379
515
190
551
315
442
111
283
314
435
179
514
347
507
339
545
270
449
233
489
187
443
319
535
203
463
403
451
401
481
151
497
351
423
223
549
158
459
202
443
206
386
290
539
279
447
147
343
179
470
207
486
287
375
323
459
211
487
331
705
294
471
215
483
187
350
335
531
223
465
354
671
334
353
303
579
295
385
423
534
335
299
394
555
309
543
229
395
215
473
349
475
301
507
291
571
238
390
375
434
183
343
289
507
311
461
334
454
327
495
419
423
275
391
87
409
114
519
147
483
255
431
167
511
213
583
351
547
143
426
247
450
265
318
218
547
155
411
275
434
437
371
306
585
303
291
251
265
179
502
169
334
314
403
247
594
258
415
273
491
370
399
123
495
358
477
227
543
438
431
251
475
239
454
378
523
255
699
182
337
415
342
317
462
183
341
351
451
251
543
218
355
265
366
331
555
361
290
253
443
266
471
270
467
265
503
338
326
335
439
251
515
74
494
375
455
319
351
305
399
253
471
242
499
227
463
317
463
181
547
403
383
279
509
362
369
214
519
131
475
339
427
339
406
246
443
323
358
343
499
323
583
198
329
2
291
0
102
151
483
237
579
294
391
343
237
202
266
191
179
283
307
109
130
15
263
265
165
295
117
230
211
155
242
319
241
291
195
357
173
231
297
91
123
309
191
202
106
259
102
225
283
383
227
306
198
235
255
249
303
158
141
159
255
275
203
322
239
319
215
154
278
374
127
343
199
223
99
327
267
277
143
326
157
263
342
359
291
393
223
203
87
206
347
275
202
251
285
293
313
95
319
250
218
109
210
186
167
263
83
297
181
197
295
379
199
263
183
367
246
106
263
263
263
263
263
263
263
263
263
263
263
263
263
263
263
263
263
263
263
263
263
263
263
263
263
263
303
223
225
311
255
367
175
194
174
286
139
219
195
295
167
247
203
234
227
178
289
441
101
362
195
303
183
290
222
342
315
279
243
255
241
315
230
250
235
219
341
282
227
231
351
213
298
381
219
318
11
279
283
186
190
198
235
295
162
334
171
343
222
379
243
265
279
299
358
221
207
151
175
254
125
299
290
191
234
287
247
402
298
238
91
238
193
355
118
345
125
23
259
307
262
303
295
107
265
286
403
163
215
311
151
386
51
243
343
271
223
279
291
258
207
194
189
221
231
190
103
191
223
254
186
50
179
337
238
229
163
293
190
283
250
291
199
226
65
303
317
333
179
147
150
179
263
455
299
175
237
255
197
249
331
339
281
249
111
270
143
117
409
259
335
291
202
327
351
101
122
135
295
274
243
63
202
203
121
227
267
367
163
251
309
247
299
233
211
165
135
271
330
163
59
147
194
261
207
190
263
177
207
210
46
173
255
391
239
218
119
283
251
266
230
258
191
342
118
359
259
275
182
283
367
339
225
245
183
121
182
143
347
323
267
262
298
403
165
307
234
273
137
367
273
314
218
263
177
299
326
298
193
171
215
271
271
294
407
275
171
275
183
243
251
253
221
271
297
215
137
366
330
210
339
314
75
243
319
254
263
366
253
303
177
311
397
190
287
178
211
371
215
239
207
487
31
226
159
322
278
275
159
218
170
279
137
291
231
143
255
155
319
83
239
271
315
207
86
241
390
331
95
249
169
171
294
223
97
303
251
189
187
270
257
330
283
287
191
339
197
339
170
370
183
205
109
351
194
213
169
395
211
339
306
338
162
277
154
291
214
158
218
107
215
210
266
302
255
243
122
115
251
206
219
191
295
389
247
203
249
458
454
