327
595
483
578
411
715
363
547
286
606
259
419
527
607
307
518
370
367
458
579
410
471
399
567
342
583
310
603
471
655
331
574
443
691
350
462
350
439
282
619
453
767
515
659
394
599
363
435
471
494
315
611
475
430
323
590
315
667
459
483
295
650
458
623
394
654
374
583
515
506
390
471
387
731
419
567
323
599
459
563
307
587
463
591
494
515
427
603
331
547
498
435
551
623
365
603
343
551
275
499
315
550
367
519
423
510
455
603
239
523
507
555
343
563
434
531
650
583
391
687
466
506
387
687
351
663
499
623
423
463
447
523
415
426
375
559
342
599
295
615
475
595
531
575
411
586
367
607
463
591
517
587
375
578
358
479
365
631
398
562
455
571
555
519
299
671
535
519
245
571
282
537
518
506
411
535
507
558
466
558
334
591
163
655
415
627
379
539
323
587
327
607
375
595
239
454
358
550
303
519
323
586
295
618
258
559
367
474
283
677
295
687
401
655
467
590
487
575
335
523
318
655
399
695
307
595
430
531
483
567
335
643
311
539
319
707
470
503
415
603
367
523
419
638
330
567
474
579
243
587
383
490
219
594
382
635
419
471
379
611
258
527
406
611
254
706
367
594
443
583
523
626
414
549
362
539
458
627
299
447
403
530
511
595
479
515
515
603
527
570
398
599
338
770
310
527
431
575
442
639
355
662
339
639
187
546
339
519
350
619
430
667
466
495
331
623
311
647
347
542
447
627
435
666
283
555
427
733
261
523
415
707
407
673
403
642
397
670
371
614
259
462
354
491
279
487
415
619
411
591
477
551
287
626
331
547
391
523
362
643
282
675
255
495
283
679
350
487
366
581
422
629
399
723
403
731
434
483
439
547
339
655
379
471
394
526
495
699
343
719
342
351
206
479
387
611
482
725
207
774
411
619
534
659
335
551
315
535
254
523
366
627
378
494
383
659
410
623
195
574
386
622
367
702
323
549
339
551
355
529
442
651
427
647
486
518
422
682
383
613
455
571
327
581
386
631
334
643
339
627
283
670
371
495
423
579
299
583
374
659
371
487
455
719
375
546
330
367
354
630
455
547
335
571
350
615
319
599
458
674
471
619
450
603
483
411
407
602
526
575
291
627
342
563
263
481
331
583
103
315
154
319
71
538
247
426
283
593
262
511
339
319
267
467
415
467
307
507
351
219
499
314
291
482
311
295
323
459
475
338
355
463
402
479
395
493
327
483
350
261
430
339
407
337
427
353
609
378
410
375
447
255
311
347
526
321
357
371
386
382
307
267
395
415
303
287
354
362
491
403
355
411
465
315
338
423
307
275
574
286
363
455
374
327
371
353
515
306
306
391
341
351
286
467
459
387
323
355
259
327
218
346
373
394
331
503
298
267
439
287
429
339
471
439
323
291
295
213
434
322
423
319
298
415
421
345
342
287
458
490
466
246
402
211
383
339
162
327
422
307
323
359
558
427
411
311
294
490
358
362
479
371
451
310
315
321
425
367
523
303
455
391
383
431
338
282
331
375
267
303
295
457
347
434
375
229
435
442
419
467
498
415
174
307
402
419
391
511
463
279
351
367
383
406
358
347
325
214
347
422
351
367
443
223
531
314
346
451
431
379
431
299
427
595
270
407
494
311
391
255
419
322
439
381
391
359
347
246
423
418
342
311
323
295
270
375
423
275
350
459
363
441
399
378
303
183
314
343
450
534
343
419
498
387
367
231
411
446
375
397
355
410
199
307
435
427
451
331
398
355
359
375
379
386
211
315
418
266
339
474
343
334
375
315
359
314
394
350
587
307
455
207
301
291
273
378
291
221
391
223
355
351
530
307
351
363
399
299
359
423
423
319
310
239
330
491
431
350
399
379
322
294
342
350
474
387
331
346
387
331
382
206
354
367
326
371
235
278
223
295
227
379
307
295
359
250
339
383
399
138
359
223
338
403
319
386
287
431
375
275
331
418
259
339
419
334
418
334
423
286
317
262
346
443
343
214
247
286
347
351
359
375
355
279
499
343
306
375
419
203
367
354
334
355
314
387
326
357
375
303
463
303
207
338
455
291
383
359
311
410
287
218
319
351
371
471
394
343
227
241
466
435
307
397
359
355
259
494
387
534
419
307
371
386
319
263
382
366
287
303
283
286
431
355
383
310
479
242
423
491
427
234
314
179
375
331
366
458
369
311
519
427
302
339
407
198
139
273
343
323
283
431
303
203
442
307
307
402
399
291
258
359
446
330
414
287
350
403
419
275
355
314
227
435
399
355
495
295
318
387
415
315
403
379
339
207
267
367
423
409
371
319
263
286
151
250
357
325
131
319
203
319
331
574
