467
582
531
611
424
559
421
679
333
471
539
617
455
629
509
481
449
651
434
618
428
668
357
623
435
627
378
653
354
527
339
667
267
587
370
495
354
595
463
623
388
535
341
527
391
737
391
560
321
646
397
621
258
562
447
551
265
683
477
730
434
543
483
661
403
593
435
646
370
578
339
659
393
667
421
580
481
555
369
521
579
699
440
567
271
559
329
565
350
643
307
641
411
586
466
779
534
629
483
607
394
633
493
746
474
627
437
609
423
648
347
659
482
706
426
763
331
614
470
638
335
556
270
486
423
533
382
570
405
612
394
758
323
599
483
704
262
513
383
635
303
595
251
644
351
494
376
663
295
619
590
744
566
683
514
655
339
583
418
569
375
623
438
497
542
566
406
633
407
591
371
635
411
546
378
726
330
618
349
455
347
654
291
601
502
467
372
544
329
599
359
670
687
503
364
539
347
544
371
570
463
554
423
593
413
633
323
625
633
610
366
568
323
558
420
636
388
530
490
640
261
571
467
721
382
751
570
719
466
570
211
530
371
607
437
623
335
429
414
687
365
613
401
717
275
577
476
615
425
508
331
630
362
658
404
659
544
557
537
769
435
653
493
505
470
593
609
555
375
683
573
625
275
714
403
809
395
703
345
557
192
628
392
576
398
619
391
691
422
533
319
580
427
838
497
583
287
655
387
678
468
639
390
772
400
618
296
534
433
733
414
686
375
722
483
499
415
682
434
865
389
588
373
641
353
546
570
831
434
514
466
750
377
427
308
554
339
503
462
607
438
687
427
629
425
451
528
634
442
561
303
689
423
415
385
598
482
505
378
706
461
612
443
614
352
784
443
553
458
737
368
750
493
706
303
581
415
566
409
647
229
551
446
632
390
558
492
625
482
642
207
552
363
646
379
733
305
623
344
595
445
746
463
582
362
634
282
562
363
608
319
741
394
585
407
559
234
686
633
523
362
576
532
709
342
689
333
551
307
702
361
675
483
558
491
711
559
695
387
638
393
532
425
673
275
586
475
574
334
663
350
681
418
717
415
652
377
607
530
567
393
603
436
722
478
621
549
718
491
563
413
537
370
759
523
589
432
471
415
791
275
673
515
574
414
628
332
671
185
513
299
683
524
477
484
627
511
456
107
212
105
159
0
488
295
562
497
611
435
552
387
318
412
443
339
229
451
319
330
279
397
200
449
241
280
418
522
333
478
330
386
414
216
399
282
504
446
469
454
416
426
312
529
327
442
312
364
370
455
247
392
349
465
400
426
402
390
280
448
399
524
395
408
424
474
395
534
364
350
351
444
351
381
370
292
343
487
315
441
218
415
353
185
311
321
367
451
431
381
351
439
400
478
261
418
307
329
429
381
447
506
435
413
359
270
418
402
374
362
303
370
373
309
365
494
390
375
363
363
363
363
363
363
363
363
363
363
363
363
363
363
363
363
363
363
363
363
363
363
363
363
363
363
271
399
315
361
298
397
331
307
431
487
307
353
315
323
411
343
375
394
255
358
363
411
336
422
354
441
390
422
495
316
301
370
223
348
479
327
366
371
288
505
123
304
521
417
385
433
461
539
371
353
381
275
317
269
355
402
312
307
322
330
326
355
474
284
269
394
331
315
327
473
383
290
337
531
342
229
359
313
313
314
387
466
335
398
396
486
466
391
267
424
347
482
407
475
276
506
366
442
319
347
319
355
255
206
447
239
207
317
484
510
443
491
362
468
375
383
314
451
417
289
349
335
341
349
402
347
453
294
254
305
399
402
398
321
539
495
283
413
469
478
283
378
246
411
219
510
467
366
271
467
573
519
438
415
240
272
268
438
399
474
268
363
352
447
381
381
307
439
558
315
383
352
329
492
431
414
246
391
311
225
378
387
372
317
316
359
378
447
401
378
434
168
383
455
338
364
261
609
365
413
281
445
304
387
391
417
381
194
457
398
179
417
413
456
332
319
319
261
403
395
358
347
445
450
379
430
347
242
298
434
393
397
301
271
442
395
369
398
386
425
515
311
299
315
346
554
357
276
340
433
339
326
305
470
379
393
477
452
481
312
270
377
339
398
423
491
369
319
355
423
225
402
319
453
211
305
303
331
323
320
330
458
367
505
333
450
389
293
393
410
220
391
367
323
430
413
323
370
323
442
395
351
429
458
420
421
384
341
265
462
451
311
359
413
512
371
442
331
414
535
437
356
344
314
418
387
370
327
410
382
464
320
395
316
307
337
416
415
495
381
289
225
385
370
379
486
232
530
387
469
331
392
407
382
510
355
309
493
297
372
404
356
310
401
515
403
355
283
281
574
359
343
321
370
329
439
246
395
448
479
765
