390
634
498
742
443
465
283
574
407
649
313
617
419
643
477
513
483
598
451
707
259
647
369
701
479
515
371
742
410
654
483
771
323
611
431
595
323
589
435
699
426
559
302
571
269
587
442
549
350
709
343
611
398
574
343
627
459
586
363
559
234
715
455
661
351
489
343
646
411
527
417
775
415
547
498
547
415
474
419
673
335
674
555
722
473
483
345
819
287
619
323
659
433
529
403
702
359
650
358
539
435
678
582
719
542
651
307
586
613
555
433
690
478
639
370
519
343
579
386
589
418
657
451
631
271
619
265
537
389
709
414
626
391
595
243
675
529
546
347
750
379
515
422
467
555
587
495
601
395
643
391
587
442
661
422
554
374
599
401
565
502
683
583
554
387
721
401
791
421
622
433
595
375
493
443
754
451
661
585
619
374
646
383
546
339
551
379
595
459
651
490
613
474
583
278
633
359
610
503
545
329
591
443
543
507
461
487
646
419
622
451
658
439
582
473
501
381
701
414
579
443
659
483
539
273
561
567
591
285
637
417
541
365
526
375
599
307
617
470
629
463
611
397
553
401
685
425
615
213
539
423
719
458
430
497
575
290
375
421
403
373
547
437
609
454
519
449
723
450
559
457
579
283
707
509
643
397
642
441
589
371
454
365
505
431
603
359
559
409
509
491
733
355
483
571
625
347
511
426
579
217
641
555
459
299
641
347
553
377
659
421
586
450
523
369
550
341
415
333
594
375
683
527
591
370
594
442
574
362
603
327
599
515
483
466
714
367
745
373
631
421
554
469
574
371
515
431
734
379
569
298
525
515
589
450
713
214
622
299
631
427
494
471
675
401
687
358
591
425
569
434
535
435
543
454
603
529
515
363
667
239
518
411
675
507
611
479
674
391
555
411
682
275
611
387
566
366
742
531
550
294
635
571
741
415
665
470
695
535
575
449
631
363
478
402
565
415
545
354
653
293
601
518
594
370
681
350
627
381
723
313
653
433
646
423
459
325
731
435
718
307
571
466
666
458
565
342
631
383
567
414
665
429
539
375
494
341
369
291
607
567
635
405
582
447
538
401
670
375
550
350
509
398
553
531
799
415
494
587
641
307
670
539
633
379
639
403
641
375
602
457
686
369
525
475
582
414
415
115
398
119
267
0
687
406
699
389
473
235
571
534
451
341
278
439
566
514
402
123
249
279
330
451
349
390
367
481
435
383
275
419
287
291
211
399
335
531
250
311
450
358
467
387
331
458
323
427
227
363
285
473
387
462
421
275
287
397
483
335
341
363
427
203
478
478
379
275
433
395
339
351
286
443
259
315
175
379
475
411
335
326
418
471
331
229
330
383
375
423
493
417
303
322
341
270
327
270
394
335
383
535
394
407
302
439
474
499
254
377
498
331
539
526
289
299
363
363
363
363
363
363
363
363
363
363
363
363
363
363
363
363
363
363
363
363
363
363
363
363
363
363
423
291
255
498
190
506
331
315
367
330
303
461
431
366
527
453
497
435
378
335
397
365
298
371
391
342
271
363
375
349
498
521
409
431
403
427
302
278
323
439
427
477
383
311
359
399
379
337
262
279
285
238
397
363
345
463
371
315
227
391
341
367
287
477
463
543
455
414
281
447
435
279
449
363
407
421
362
317
335
337
321
577
410
326
501
377
285
341
387
369
326
442
389
479
323
335
531
335
306
359
243
299
517
529
239
265
290
451
195
247
421
433
298
390
507
465
313
461
253
327
349
405
307
363
322
355
339
330
446
307
195
483
414
355
301
378
314
322
299
379
347
430
442
459
487
437
385
283
483
247
469
311
357
307
191
379
369
435
383
535
327
333
423
422
415
325
247
515
423
238
351
410
343
299
247
413
411
510
254
531
482
291
377
435
378
419
313
334
375
250
375
457
443
318
273
359
401
438
502
407
487
427
286
479
566
245
399
342
331
483
329
583
346
319
314
470
397
385
327
283
317
495
299
447
431
406
341
479
431
375
377
275
242
342
405
411
355
463
491
495
453
355
319
379
423
283
315
323
277
415
383
419
266
442
347
411
335
470
251
411
419
373
407
519
379
347
514
458
277
434
422
326
310
430
303
474
339
483
265
309
370
339
371
383
373
455
502
311
471
425
369
371
341
367
451
279
237
343
393
214
261
343
447
469
473
390
395
262
342
330
418
474
315
350
414
303
223
475
295
426
387
545
418
333
447
426
362
263
227
410
359
439
439
350
259
467
431
454
382
522
431
305
334
293
343
375
490
411
399
379
475
417
457
423
431
313
414
411
250
459
459
307
225
499
358
303
270
425
367
423
429
353
333
287
379
470
307
251
259
377
330
518
671
