499
726
378
489
377
539
427
602
255
583
390
489
457
593
369
526
479
703
504
418
422
653
353
683
408
493
512
734
398
571
458
660
439
667
421
604
455
618
422
643
410
515
554
747
266
580
439
689
454
577
319
742
401
510
562
661
443
660
523
619
462
607
583
665
305
610
409
806
470
703
543
597
377
478
403
545
454
703
407
773
531
697
355
751
411
635
465
628
283
639
311
428
367
537
451
530
382
552
499
708
392
455
351
575
395
629
337
658
487
679
560
583
375
547
421
579
480
579
505
766
489
578
407
714
309
583
526
563
331
682
403
717
509
563
520
642
460
719
360
533
351
659
243
595
419
612
392
664
468
697
407
713
439
615
469
690
330
618
496
763
403
603
385
641
490
649
302
564
341
554
526
467
308
477
513
771
474
522
405
654
389
597
439
505
348
532
439
636
493
587
398
688
377
582
337
711
378
587
455
559
446
559
588
652
315
588
245
593
491
811
397
663
306
765
418
715
379
478
395
733
463
622
487
713
458
637
437
579
417
688
402
602
443
541
377
646
456
719
543
659
428
693
453
582
547
593
319
511
331
571
488
601
465
590
419
810
562
561
506
643
286
585
403
700
347
555
441
618
355
591
469
620
372
735
439
566
451
664
474
692
375
535
383
543
434
610
387
583
435
698
467
591
327
595
422
647
501
608
440
579
394
599
359
755
412
718
414
642
475
577
406
750
444
541
487
523
359
494
570
617
358
514
527
658
385
536
473
535
495
548
361
735
451
553
411
558
533
597
346
551
395
691
262
623
455
591
416
547
434
574
474
495
379
609
427
691
349
644
419
578
351
650
349
670
441
525
417
670
406
627
423
591
444
707
453
669
373
595
366
556
365
534
365
663
517
530
553
741
361
644
347
753
386
491
435
562
436
449
607
689
437
703
336
765
405
689
395
658
330
566
373
740
382
509
416
794
435
626
506
655
459
524
527
531
293
610
384
583
399
643
491
613
287
598
537
659
455
619
438
577
403
610
313
571
519
604
415
577
397
630
531
595
437
492
465
510
434
695
442
631
307
692
436
718
406
425
346
759
493
477
480
406
493
605
325
543
370
564
459
638
470
703
364
739
474
711
400
627
241
673
441
674
443
635
469
684
320
522
49
328
126
343
263
606
364
619
203
586
335
634
347
167
491
479
522
412
307
503
270
295
509
427
435
327
444
281
419
341
383
403
377
328
367
315
352
322
551
273
287
429
525
319
415
399
300
448
391
447
321
432
341
576
531
348
250
380
337
449
391
311
382
372
283
455
430
454
460
352
381
135
297
223
329
399
523
445
415
411
548
314
483
417
485
358
467
271
500
408
435
311
395
187
403
489
475
325
374
430
447
523
325
455
311
374
392
474
374
251
361
527
211
487
365
503
451
303
281
310
280
459
479
325
485
407
454
387
508
347
310
406
355
621
334
247
460
341
423
409
381
399
418
348
363
400
345
447
319
407
451
434
511
275
327
322
359
332
358
316
399
247
460
282
387
395
452
409
281
309
447
369
461
335
525
445
422
373
519
395
246
229
414
546
237
406
291
262
443
383
379
526
219
525
375
418
339
378
448
505
303
541
398
332
391
328
478
441
339
335
431
427
363
398
390
422
471
291
514
349
442
311
306
347
401
247
427
291
444
501
491
325
328
274
402
575
392
319
374
379
414
285
327
439
310
315
443
463
419
382
411
355
495
474
524
473
397
616
367
445
355
302
449
444
526
429
374
365
299
413
441
351
481
351
226
323
441
428
335
405
405
367
471
395
275
321
467
383
457
394
439
518
515
414
481
453
446
449
461
239
488
338
409
363
526
299
352
451
421
360
335
333
315
535
362
447
573
394
514
362
523
409
328
330
435
517
414
354
423
374
381
446
466
469
370
411
377
371
474
399
361
402
355
285
317
391
470
370
350
326
450
462
732
603
353
462
395
509
405
202
433
222
455
467
361
421
455
417
369
379
466
331
375
410
437
275
374
386
439
442
486
404
339
522
293
303
314
350
574
499
466
303
431
443
343
359
281
491
358
447
526
315
425
362
446
363
595
457
305
319
391
429
354
351
527
366
431
363
458
327
257
423
297
523
314
273
526
385
438
454
359
382
339
509
195
415
404
321
381
313
373
392
421
350
422
542
382
362
385
453
384
353
411
191
448
346
433
398
391
354
299
543
377
271
384
274
471
203
393
343
539
342
522
469
430
343
357
370
531
526
407
323
378
311
415
403
356
460
434
227
354
457
462
518
304
443
499
495
472
427
374
399
395
345
474
379
476
435
491
428
459
451
265
291
321
430
355
340
288
413
555
463
430
292
427
805
