471
771
567
903
635
723
571
739
591
735
707
803
567
707
575
831
459
775
535
863
595
723
631
675
727
771
527
731
563
703
607
699
619
835
671
647
531
795
603
767
523
647
635
815
667
647
519
827
495
783
607
827
659
827
503
743
647
847
439
791
619
831
639
815
575
803
547
787
595
679
611
879
543
727
607
663
671
703
499
687
571
735
607
767
603
719
463
911
607
811
675
591
579
815
539
799
707
907
415
843
431
791
515
755
411
847
639
703
415
795
455
743
695
767
675
859
583
723
563
767
515
803
571
915
663
755
659
871
471
803
711
807
723
727
527
691
491
799
547
775
555
823
523
807
659
743
567
815
547
763
535
799
615
643
551
835
527
723
583
827
499
815
595
763
691
719
655
843
567
843
543
663
627
771
691
875
587
979
571
855
511
847
511
895
655
871
591
663
651
771
483
799
563
727
535
823
491
783
643
727
587
747
559
791
651
867
627
675
567
915
611
615
683
843
571
823
599
723
567
843
703
755
495
731
547
775
647
827
511
803
511
643
515
587
579
735
579
699
575
955
663
731
703
759
619
803
675
919
559
683
579
755
507
751
535
823
675
859
611
651
631
811
343
927
515
699
595
767
523
907
435
811
571
911
415
747
539
851
699
783
507
811
611
723
627
763
463
787
563
735
579
883
431
883
499
907
499
811
467
715
611
739
463
739
659
799
599
747
503
727
471
843
595
843
579
775
587
631
523
851
647
835
643
883
483
655
463
799
619
775
559
727
523
699
659
831
587
731
555
791
355
783
551
747
515
679
443
787
547
819
655
683
727
563
583
799
563
783
451
835
575
763
567
763
659
751
547
823
603
739
559
775
739
783
535
823
611
795
479
755
531
715
607
755
579
939
703
759
667
699
591
771
539
751
747
783
631
735
659
867
687
731
515
843
463
883
679
747
487
783
627
875
687
727
787
595
527
707
535
823
527
843
555
883
503
819
527
755
539
859
531
779
475
743
571
779
667
711
463
851
723
803
587
703
719
871
639
747
655
847
603
715
599
699
619
879
643
579
543
731
603
723
511
683
571
651
567
779
535
823
559
927
519
779
651
775
319
711
391
691
547
731
507
991
615
667
503
819
587
647
467
723
623
739
467
847
675
559
459
503
343
527
315
687
511
819
559
631
603
763
491
511
575
611
639
563
595
439
631
559
671
479
379
627
539
503
499
459
499
571
655
435
559
507
551
475
543
515
699
603
575
447
711
547
547
531
695
595
839
635
515
527
463
451
547
427
367
411
523
515
615
459
511
623
539
575
507
663
559
571
419
459
575
539
495
515
567
463
523
467
415
507
563
531
443
543
555
619
547
539
563
435
563
527
563
535
435
575
543
715
583
479
663
483
567
563
587
615
639
643
539
683
547
671
631
423
423
423
423
423
423
423
423
423
423
423
423
423
423
423
423
423
423
423
423
423
423
423
423
423
503
587
631
395
547
559
611
583
567
559
571
475
603
607
487
547
539
431
563
679
431
519
611
415
447
471
515
507
491
543
627
495
571
391
615
567
455
575
411
711
447
639
631
467
491
619
555
563
615
675
515
511
559
643
783
503
643
531
687
519
687
615
559
507
587
531
535
515
651
531
599
659
651
551
599
487
459
547
455
615
483
507
575
519
827
615
467
651
419
635
487
631
675
579
595
495
531
439
495
563
535
583
667
571
563
467
623
455
627
463
623
527
523
547
723
539
467
639
667
499
559
447
583
619
423
491
519
531
587
439
643
675
551
587
547
459
467
591
487
591
675
623
507
491
531
607
479
487
615
483
519
551
571
479
415
663
483
419
479
599
459
435
507
575
723
483
739
539
655
527
627
515
643
459
571
491
735
567
415
607
491
575
507
531
343
515
579
607
515
479
571
615
671
655
587
547
559
583
751
491
411
483
519
575
619
567
463
495
515
547
723
555
347
571
539
495
543
547
639
523
555
587
607
551
523
607
451
531
523
679
603
567
695
507
455
431
443
571
471
687
675
607
555
399
819
523
583
447
411
447
635
655
663
455
399
699
567
695
491
467
535
451
407
603
475
575
643
543
587
567
443
563
551
667
599
627
475
675
555
547
459
527
555
451
575
631
539
595
599
551
459
527
563
503
555
495
459
387
519
463
635
515
523
447
503
499
599
699
551
595
523
387
595
543
399
515
663
443
343
571
591
519
599
515
551
723
563
631
535
523
563
507
535
587
463
595
483
435
575
599
571
615
435
527
747
547
551
631
547
455
659
539
443
531
595
523
503
535
595
447
511
367
743
519
579
631
515
447
543
659
539
499
439
511
403
683
579
403
267
323
419
319
499
683
