447
610
420
600
399
572
276
573
339
516
350
558
376
607
436
573
462
530
375
624
405
599
435
596
349
433
361
510
515
544
384
675
344
643
422
450
528
569
491
555
425
470
414
657
299
543
537
788
438
591
371
422
439
696
339
490
344
580
351
706
291
506
332
619
320
633
424
589
455
678
462
529
452
495
396
721
377
615
437
592
350
611
454
645
353
556
348
651
320
580
400
643
375
498
421
466
424
574
437
509
384
538
393
643
393
595
341
492
471
468
499
461
408
603
407
443
396
646
289
577
431
601
369
662
315
635
304
651
301
535
523
496
285
581
424
479
484
702
432
577
390
522
469
597
397
578
515
454
452
524
388
538
362
602
273
557
313
507
399
646
375
668
501
555
509
648
439
594
392
466
542
557
292
656
343
345
376
473
354
555
360
746
389
656
384
366
381
561
358
479
451
471
343
694
371
546
583
518
500
599
379
583
303
576
483
527
371
604
400
653
349
540
342
516
435
716
310
582
459
515
392
473
484
690
343
593
491
520
514
511
336
675
408
576
399
587
331
639
466
730
403
601
419
709
324
615
386
515
321
476
329
563
413
505
308
715
405
657
520
650
413
517
288
492
427
585
488
599
396
674
494
734
306
659
473
623
430
582
354
784
370
599
297
460
348
515
369
583
564
602
405
634
312
505
375
649
349
355
396
577
437
494
395
533
393
567
334
618
315
593
367
440
403
443
388
513
383
531
191
571
499
629
335
587
459
494
391
487
482
544
345
490
415
519
456
609
574
571
287
713
491
622
362
637
356
531
593
599
551
635
305
687
418
527
471
590
364
601
430
544
505
550
395
413
343
565
422
530
318
556
409
519
432
556
292
630
397
486
393
616
335
546
483
674
561
614
397
669
497
588
328
648
373
622
471
624
277
707
299
641
424
723
406
537
355
665
521
500
315
554
385
597
350
653
367
608
413
706
423
641
378
486
556
538
522
648
427
700
443
532
454
624
467
446
371
580
450
562
531
586
422
583
321
641
430
516
397
659
520
618
335
562
426
626
456
614
363
416
458
661
413
659
391
553
420
663
324
521
423
594
518
647
396
561
333
518
412
663
451
610
527
509
311
658
346
702
351
522
290
560
549
530
251
620
370
608
348
414
107
312
0
293
102
539
439
416
461
574
501
616
312
415
400
431
323
437
384
275
279
318
256
455
365
332
293
347
323
367
580
394
473
309
419
218
253
373
487
349
258
336
438
332
391
353
448
407
527
356
387
271
283
289
459
275
355
381
412
238
416
402
328
352
262
331
414
328
225
315
322
376
352
433
321
436
401
402
334
339
462
293
330
348
279
334
318
241
370
339
318
431
285
463
357
376
451
199
334
359
321
255
372
233
380
390
340
296
418
345
461
335
284
368
406
499
320
177
386
329
461
313
252
393
262
321
341
429
363
334
448
364
420
190
492
451
295
399
374
349
309
374
507
387
356
340
507
294
381
374
359
439
415
297
465
300
385
343
371
420
314
191
416
406
199
290
276
290
313
461
493
375
311
389
405
477
471
315
496
430
381
403
350
352
459
276
566
274
351
406
323
349
343
313
406
214
357
269
341
288
295
377
472
336
336
383
460
371
266
356
389
457
286
347
353
370
408
434
511
316
277
430
429
408
256
455
344
362
269
195
285
336
240
390
396
385
417
449
333
439
365
450
308
342
509
337
383
238
353
253
410
393
348
311
420
487
335
615
380
305
353
303
195
342
322
279
292
382
308
399
402
441
469
234
430
366
407
272
461
363
284
442
320
285
428
303
392
359
359
223
262
276
365
280
333
434
391
269
335
365
270
332
318
379
350
355
360
348
360
266
364
355
351
340
341
375
333
281
472
469
268
400
386
340
516
373
280
366
312
195
356
321
216
316
396
418
391
347
334
276
393
332
401
453
420
256
356
267
373
370
348
346
363
437
325
459
388
370
268
347
415
422
465
385
435
208
335
447
476
386
364
315
352
368
487
334
501
383
274
385
334
269
377
321
461
363
364
411
356
280
373
268
395
266
288
325
355
496
303
277
304
324
414
295
330
280
337
324
363
340
529
402
410
492
421
356
387
344
358
388
361
268
534
214
351
222
531
393
380
365
349
327
303
447
318
453
356
357
306
324
380
380
367
400
278
311
361
412
469
316
476
380
461
223
407
367
279
388
252
373
301
299
402
324
234
340
334
261
372
303
321
303
478
220
516
266
349
390
355
282
345
278
304
381
289
246
363
287
354
343
363
316
335
366
435
286
457
554
330
470
367
136
378
486
196
324
326
346
221
368
415
231
170
385
288
286
464
306
400
342
357
275
412
396
399
695
