555
747
378
595
419
723
371
679
347
707
491
762
483
771
527
615
495
775
507
735
503
683
479
651
303
535
415
695
275
731
351
743
399
571
535
715
351
555
411
619
295
647
291
511
351
758
523
651
447
687
467
647
431
707
643
631
419
611
475
603
471
715
455
679
543
711
535
743
459
663
307
619
463
683
491
707
487
671
639
787
527
783
419
838
391
634
474
695
503
651
331
727
555
695
539
727
431
623
563
810
423
743
283
671
479
539
471
611
423
515
423
595
543
763
503
610
451
635
406
643
475
583
411
527
434
631
467
643
607
639
583
682
434
683
427
871
459
663
651
607
590
607
427
679
466
666
451
695
459
798
395
615
427
615
435
710
463
583
399
555
487
606
523
647
307
627
583
807
323
675
323
699
491
755
411
623
391
635
503
675
415
691
431
743
395
591
435
659
439
671
479
803
359
615
483
667
591
583
391
755
447
619
435
675
491
779
378
711
307
543
531
651
351
587
359
647
446
703
499
651
391
623
507
807
423
642
571
635
571
527
447
699
503
659
387
574
495
599
523
735
479
643
618
631
551
535
591
559
318
671
415
579
567
619
475
739
307
651
475
775
447
675
371
663
479
615
535
647
315
611
411
734
415
651
463
747
463
535
523
639
507
695
363
575
227
699
443
739
355
570
527
607
475
598
567
759
398
631
603
679
411
659
535
763
506
695
579
654
291
567
363
671
470
619
511
507
459
611
403
767
510
679
495
623
467
507
618
646
463
679
531
635
499
579
527
783
535
763
619
691
439
611
515
662
347
631
531
839
319
639
399
703
451
615
383
579
467
659
347
667
407
538
483
643
371
671
455
803
439
539
594
755
594
527
539
779
543
643
523
607
543
639
334
735
531
699
527
839
367
475
407
575
431
767
486
651
335
695
463
627
507
727
415
567
475
771
591
623
471
639
391
655
463
734
575
639
458
679
475
647
551
611
367
531
379
595
418
531
471
635
431
659
467
555
310
731
419
639
435
639
407
639
411
686
427
551
427
803
463
531
483
683
407
575
423
655
363
543
535
631
475
646
419
707
475
647
483
655
459
643
463
711
451
498
507
671
463
742
491
714
367
582
311
771
495
631
558
622
527
591
415
599
347
583
431
579
503
487
91
463
183
310
0
715
331
543
459
759
387
543
347
443
491
427
434
415
447
455
562
487
367
387
235
471
322
259
339
415
391
359
331
359
419
431
335
483
419
515
403
251
459
331
435
471
455
535
490
419
451
363
359
635
363
483
411
267
483
419
326
415
535
475
243
475
543
455
451
395
579
407
447
363
415
335
451
423
302
463
355
531
523
539
391
451
567
371
478
279
503
431
251
451
435
367
511
331
283
375
367
435
551
391
259
367
471
575
383
326
498
434
423
391
382
359
291
359
483
231
419
467
534
439
391
307
419
411
426
327
463
391
359
358
535
426
491
423
486
515
299
387
447
550
467
562
399
471
319
367
411
427
442
414
431
359
363
407
359
471
583
459
623
379
323
475
271
347
559
423
355
371
419
343
471
327
491
443
543
279
367
475
587
407
419
443
467
535
459
323
387
523
579
403
443
379
547
567
479
327
571
299
287
391
482
463
503
463
595
439
411
447
278
359
475
439
327
387
463
567
419
427
331
411
475
423
338
347
439
319
463
399
467
439
435
479
275
339
399
327
359
363
415
355
335
371
299
547
399
363
479
491
531
455
443
531
539
490
491
419
443
431
315
279
435
419
427
447
475
391
323
367
503
322
571
383
335
387
482
290
595
427
458
487
363
423
275
347
403
323
431
439
435
379
551
391
447
427
290
555
499
431
431
399
631
531
370
483
427
463
507
391
387
411
407
551
395
467
479
415
391
303
411
450
383
427
579
375
415
331
363
499
359
355
395
375
375
483
427
451
458
483
531
407
342
386
291
447
242
382
471
451
591
383
531
447
475
551
511
363
507
527
243
339
303
326
571
395
387
379
491
475
451
267
375
343
587
519
451
231
319
579
415
439
359
403
411
347
419
287
343
383
542
335
467
555
475
327
275
334
451
411
443
443
339
479
499
431
383
395
419
439
423
507
415
379
275
418
478
459
447
347
263
454
595
603
423
367
383
391
535
471
567
331
391
531
335
375
491
327
423
411
643
343
386
519
475
435
267
371
334
447
359
391
327
447
419
343
411
343
494
339
595
475
475
511
503
394
471
431
442
419
427
363
383
403
483
611
315
459
335
307
575
187
431
347
423
503
375
311
579
531
442
339
475
439
383
391
471
355
535
391
415
403
367
411
359
399
539
299
491
435
258
395
339
366
435
403
447
503
363
311
179
355
403
639
