355
427
319
743
467
595
455
559
479
675
471
563
435
743
455
663
307
631
435
611
515
651
447
747
495
619
499
663
399
583
383
843
543
535
391
571
407
567
423
659
435
679
559
551
431
659
391
555
463
527
427
751
423
567
387
707
495
583
479
575
419
591
507
723
419
807
507
547
555
575
607
655
507
531
499
743
427
647
523
635
451
591
519
647
423
511
435
559
447
627
439
699
299
567
439
655
463
535
387
635
459
623
383
595
427
623
251
727
435
611
375
591
471
727
479
683
531
591
327
643
567
451
479
723
435
667
331
663
535
751
443
571
431
735
331
779
539
631
395
495
323
635
287
783
547
587
415
711
571
591
511
523
407
563
427
735
511
591
351
647
383
703
383
547
403
575
471
619
587
755
399
671
431
615
379
559
395
591
443
623
531
639
483
627
507
555
395
707
463
583
423
495
539
575
519
643
503
615
383
587
555
611
463
723
483
811
499
695
483
571
491
623
371
551
475
519
483
615
527
471
267
511
567
627
455
635
435
631
363
755
355
615
263
567
491
727
467
595
419
579
583
659
407
775
391
671
339
619
467
571
471
551
435
695
427
563
499
611
515
655
555
747
599
611
439
619
559
579
435
623
391
619
387
671
515
475
491
675
455
751
435
583
511
687
439
711
347
739
387
759
483
695
551
547
491
583
319
603
403
619
351
635
407
635
375
739
379
683
527
619
383
703
443
679
431
503
439
583
391
631
423
735
475
611
419
543
427
567
447
659
463
519
431
615
579
639
327
707
419
759
531
611
471
663
383
643
527
587
587
659
483
659
459
531
391
667
435
631
439
743
427
619
519
779
527
699
339
639
387
451
519
647
395
731
427
627
443
491
395
675
299
723
563
559
595
731
487
719
375
655
503
679
343
539
359
727
275
671
519
803
503
659
431
527
479
691
467
647
419
799
439
711
375
559
443
675
467
767
371
687
475
443
459
647
355
631
579
783
407
579
531
607
567
699
459
587
479
687
515
711
327
567
523
563
507
627
439
815
555
683
511
535
395
655
399
643
379
551
471
571
499
639
515
639
523
519
431
699
439
703
403
767
483
731
351
835
391
523
455
699
527
743
471
475
467
651
411
511
491
743
459
691
431
619
459
551
379
507
243
263
143
239
347
615
455
619
375
535
403
619
543
359
391
531
359
299
451
391
271
431
307
371
387
455
451
391
435
451
527
427
531
387
447
255
359
359
367
435
443
587
423
435
515
255
315
479
459
343
523
279
411
399
591
435
339
307
335
403
431
603
331
511
443
403
495
347
307
423
479
427
491
459
435
439
447
467
431
235
479
419
339
467
335
303
415
531
311
339
375
327
375
207
527
379
339
531
339
419
227
419
339
431
387
379
455
423
315
355
471
403
343
535
379
307
455
383
543
395
503
531
367
375
459
403
655
383
391
503
315
343
367
539
327
455
383
287
435
387
399
427
447
371
459
539
391
347
379
431
383
367
459
427
395
455
395
471
395
355
439
339
523
539
415
447
311
359
355
427
371
415
431
471
479
487
299
407
483
439
427
367
499
263
503
303
359
487
395
451
263
223
443
379
335
395
411
303
459
299
491
391
339
415
427
347
471
423
491
503
443
475
399
383
455
379
435
283
387
411
407
479
519
415
487
427
311
507
483
363
275
351
411
351
463
319
375
371
491
427
307
471
371
363
451
339
371
419
439
327
431
275
607
403
515
515
443
455
431
427
323
419
395
343
435
439
335
367
263
391
651
415
387
371
375
403
303
343
431
455
363
375
467
551
495
423
295
339
399
435
511
483
471
487
335
335
615
507
515
367
427
355
527
475
435
539
431
415
459
527
427
543
519
447
435
403
387
255
471
431
319
335
335
255
351
471
363
419
431
359
359
335
471
259
555
387
503
411
379
355
571
515
347
359
363
515
287
415
419
391
483
551
307
411
491
307
379
563
507
383
419
299
619
455
383
411
431
427
367
419
307
507
267
383
483
407
523
443
543
447
483
455
359
271
451
311
447
423
315
379
491
283
387
439
431
391
443
327
479
295
411
475
459
535
331
467
431
415
375
419
455
431
443
531
451
495
399
387
311
399
411
367
483
471
407
495
471
387
567
379
439
467
327
435
327
423
275
475
451
487
335
479
275
387
359
387
515
375
411
435
483
387
435
343
379
423
279
367
411
491
319
299
323
379
263
363
463
423
423
495
479
235
175
423
471
495
391
431
419
435
383
331
419
371
351
455
367
451
427
383
467
311
287
375
343
323
507
239
335
455
527
435
471
379
419
487
403
475
411
315
355
439
547
131
515
451
419
539
335
291
331
479
367
523
359
603
