642
825
574
719
626
638
478
758
563
503
483
665
633
659
587
721
615
759
478
602
683
837
610
693
413
635
547
755
579
871
587
739
597
683
567
763
600
806
462
746
595
893
507
731
676
722
644
806
685
741
538
741
499
791
406
750
489
738
587
882
454
703
475
775
582
659
500
851
523
835
494
877
687
735
591
789
518
726
528
851
509
695
421
787
546
666
561
731
603
849
618
750
457
753
531
893
531
785
622
670
553
582
552
771
622
855
546
685
694
712
573
776
645
741
550
796
691
799
503
855
426
691
417
751
511
746
607
831
736
735
524
806
511
838
534
741
643
730
510
739
591
673
503
802
559
744
613
767
639
699
535
829
499
670
671
703
551
675
629
826
463
810
621
778
585
683
508
830
682
605
555
730
501
735
509
817
414
867
697
783
498
829
607
707
407
771
599
765
563
837
445
896
686
832
747
673
627
751
583
611
667
769
509
751
485
774
516
747
712
907
546
806
553
812
727
843
679
703
655
777
491
738
663
812
554
749
594
895
570
705
569
851
623
661
526
805
581
778
437
954
579
707
526
675
625
630
487
789
711
724
647
609
594
619
553
795
654
798
578
706
665
743
626
659
591
551
523
787
599
806
497
682
551
775
515
863
530
632
505
801
491
815
495
623
506
666
581
692
551
827
543
650
473
674
461
801
603
661
577
699
667
851
531
883
592
839
596
793
495
909
454
890
494
710
489
641
487
729
542
706
665
717
502
602
441
731
518
719
589
715
643
707
571
789
638
695
555
759
639
797
535
771
565
857
507
785
553
791
519
743
549
751
659
621
585
687
717
742
519
783
534
713
682
725
522
799
597
771
598
702
503
934
451
719
705
879
511
710
620
671
495
755
410
714
563
846
650
723
623
851
535
763
493
735
538
823
495
827
667
634
585
662
654
753
515
739
534
686
557
707
504
757
519
683
574
854
547
876
607
763
609
711
488
805
439
722
613
763
547
817
543
686
523
863
566
855
477
709
585
738
535
649
587
850
487
578
587
929
703
721
727
867
521
847
518
783
313
729
445
707
414
797
531
646
673
791
545
736
465
867
600
829
457
749
555
842
586
606
637
817
353
786
603
870
543
787
512
700
586
735
515
862
507
721
635
819
539
554
253
539
253
487
405
702
523
738
615
613
549
746
449
506
499
582
562
541
498
359
674
483
548
654
611
374
449
587
488
446
609
551
478
505
507
557
579
541
503
515
584
591
573
615
467
587
487
658
635
478
398
419
614
497
507
595
473
538
531
535
617
330
613
595
576
457
435
559
517
646
531
610
634
519
587
494
578
399
553
457
469
421
536
574
511
426
641
442
605
549
485
607
483
636
455
510
610
596
509
578
559
569
572
526
486
463
511
501
593
443
587
526
523
603
659
555
611
521
521
521
521
521
521
521
521
521
521
521
521
521
521
521
521
521
521
521
521
521
521
521
521
521
738
479
495
490
518
525
405
414
553
547
486
447
630
611
702
653
461
540
531
514
493
527
388
435
459
635
454
443
533
446
587
391
610
533
397
550
613
597
635
545
486
459
375
432
534
427
409
573
572
705
585
347
499
583
470
399
531
559
435
539
495
491
435
529
479
583
465
479
416
453
447
603
574
434
605
534
701
580
551
578
571
619
586
477
469
467
651
530
802
487
567
579
635
463
479
509
439
469
618
439
559
327
471
707
515
384
413
447
468
524
491
659
610
587
557
491
509
610
323
350
654
639
570
399
543
531
551
535
578
527
455
463
551
447
522
565
547
594
519
490
556
521
650
599
503
667
566
457
535
574
609
639
563
559
423
434
559
425
526
453
516
614
554
566
439
481
579
381
466
428
617
403
545
451
417
555
646
458
662
459
477
506
411
479
435
389
455
538
555
546
577
457
460
539
574
571
479
594
606
455
460
449
477
549
683
399
563
589
515
529
626
439
659
498
595
534
485
447
617
513
451
387
461
549
595
508
554
595
449
435
567
681
491
779
518
497
538
437
665
610
467
473
514
595
471
579
635
477
546
511
514
523
484
525
414
453
550
731
551
405
614
537
495
434
615
355
585
457
546
731
382
615
585
477
551
625
567
589
566
470
663
390
618
511
674
493
527
419
643
481
527
541
651
513
449
446
514
526
483
503
649
323
539
561
530
493
607
507
587
542
615
511
582
414
451
462
475
463
445
702
577
575
538
595
372
688
617
598
419
540
387
327
391
579
626
558
653
602
450
598
539
431
611
407
403
374
659
370
561
475
617
608
553
571
527
652
738
523
545
485
515
434
563
455
592
468
563
501
583
554
478
478
629
507
575
594
569
497
325
276
343
298
347
513
