410
623
467
583
443
627
251
731
330
610
471
595
327
627
279
503
306
623
247
671
479
615
483
391
399
675
275
611
407
623
435
563
499
671
471
791
391
651
507
583
499
555
495
587
379
631
459
655
415
682
539
635
483
559
406
567
363
463
411
659
291
619
418
607
483
571
455
634
495
499
463
699
571
611
467
611
391
567
291
647
423
591
499
530
439
635
367
630
359
695
490
535
343
475
443
651
367
651
366
607
327
459
363
579
359
707
535
606
271
583
490
623
478
507
527
699
547
579
575
474
470
631
315
666
431
503
363
555
447
647
415
663
491
479
391
743
439
603
263
615
499
559
327
523
619
663
443
627
475
531
331
659
443
659
387
527
423
703
327
647
351
543
415
607
403
571
347
623
383
607
426
735
427
663
459
719
474
663
427
611
359
575
367
463
359
579
358
650
287
619
547
583
519
610
395
614
503
571
503
567
355
747
351
519
371
591
291
562
455
582
379
607
279
491
355
594
443
511
415
611
315
671
447
599
379
643
447
675
431
490
355
571
434
675
299
563
450
523
327
631
355
563
519
671
455
631
378
535
383
403
363
599
391
507
239
631
475
667
439
643
371
519
379
702
351
606
423
791
374
655
411
714
419
578
495
598
363
775
399
558
422
847
539
499
303
551
363
531
423
683
507
735
402
707
243
690
287
675
363
579
287
647
347
611
183
691
419
607
471
658
311
575
379
631
483
555
403
503
379
611
415
627
459
507
331
626
343
567
491
563
279
675
415
727
403
523
267
559
503
627
538
522
451
546
439
699
363
523
447
623
479
551
518
699
415
627
311
615
403
615
411
519
407
847
255
563
607
603
491
507
574
654
595
675
347
603
406
635
443
643
447
747
311
515
359
647
419
479
407
594
470
607
283
443
363
686
547
498
363
519
423
615
442
603
266
687
539
539
407
579
463
475
374
591
519
535
463
626
431
627
367
622
387
643
343
523
391
635
346
619
399
655
319
507
423
675
543
627
494
583
371
639
431
579
527
611
319
714
311
599
307
731
471
659
379
639
527
603
383
550
295
438
479
699
271
499
439
655
411
599
567
675
435
731
447
690
255
571
431
663
331
783
423
523
495
439
443
587
431
643
551
658
535
587
407
635
463
499
175
423
103
343
278
619
359
539
491
594
311
815
403
391
463
359
439
342
335
451
358
447
279
423
323
339
471
391
415
447
411
263
315
307
383
371
395
375
355
335
411
351
279
446
391
355
426
371
419
399
307
391
391
403
427
431
315
359
419
290
563
299
543
439
475
207
551
467
246
427
279
251
419
303
431
355
375
239
319
375
371
519
343
311
335
411
419
475
403
291
287
295
411
339
311
483
418
319
410
235
286
443
310
343
351
375
491
443
379
359
339
331
463
386
451
375
262
335
350
538
538
538
538
538
538
538
538
538
538
538
538
538
538
538
538
538
538
538
538
538
538
538
538
538
538
571
403
303
402
419
387
283
307
215
379
299
359
239
439
303
439
423
327
463
507
287
355
527
418
399
379
347
515
347
311
447
411
507
502
366
451
219
363
414
195
319
379
443
371
527
383
395
466
326
423
379
387
363
443
378
223
403
478
363
343
347
403
399
359
355
339
303
391
239
411
370
415
403
451
455
503
375
438
427
387
383
263
339
439
410
387
347
327
443
278
403
435
427
491
395
335
382
471
627
339
339
478
487
315
251
315
310
447
291
530
339
291
282
487
454
439
291
351
451
351
467
326
315
391
398
451
510
351
270
331
403
423
431
206
423
219
343
318
455
451
306
379
451
679
423
378
295
483
459
347
291
219
427
387
463
339
391
350
435
403
451
350
302
410
427
367
227
423
318
411
459
331
267
310
383
458
363
439
251
495
243
303
302
311
271
379
315
271
358
407
339
415
295
435
351
475
215
463
395
323
414
259
427
494
379
399
394
367
459
451
435
399
439
323
266
415
375
363
366
455
371
303
502
415
455
391
387
455
255
351
351
331
531
423
339
495
251
339
371
303
379
347
467
483
459
471
295
335
414
371
247
395
407
191
446
275
411
467
422
494
323
379
291
355
390
366
411
367
395
419
506
219
458
435
291
463
459
323
339
515
399
390
323
455
443
459
259
390
255
363
347
359
291
415
359
311
383
366
323
335
471
263
427
463
355
458
402
463
459
427
506
351
295
351
307
439
267
331
270
339
367
407
271
362
267
395
383
423
235
503
299
403
263
370
295
507
439
291
471
382
479
311
231
407
278
311
323
367
439
343
299
423
275
423
362
371
287
483
383
259
407
403
339
439
427
399
267
399
267
534
391
411
335
283
263
359
130
374
387
259
459
