402
494
419
427
347
690
381
563
367
497
450
571
295
559
357
511
418
523
439
595
311
587
361
499
391
471
298
595
423
542
359
674
355
607
379
463
291
403
266
447
322
423
259
575
487
519
379
638
431
555
462
527
354
546
335
623
499
586
339
611
287
518
251
587
439
431
293
519
543
503
187
551
355
723
287
515
367
582
250
659
418
609
423
623
515
655
471
627
307
538
203
587
350
459
435
606
331
599
303
479
319
559
311
403
275
739
295
503
311
491
283
581
374
493
367
494
215
455
383
526
274
543
277
499
339
539
319
611
442
582
419
626
471
715
435
630
330
531
335
535
470
527
415
669
271
630
339
679
339
614
367
425
282
527
407
538
449
505
502
734
327
595
347
327
559
502
346
610
331
571
419
499
402
495
550
583
399
495
243
499
315
443
379
519
379
542
369
638
547
362
335
715
389
515
286
571
491
678
351
499
281
634
555
402
383
495
427
595
367
459
447
506
350
601
411
471
366
567
351
571
291
639
373
527
283
491
462
623
467
627
391
439
319
531
315
555
631
502
395
530
355
419
359
698
231
483
250
538
459
643
427
779
275
507
410
599
411
579
397
667
386
570
271
735
187
475
387
531
411
635
403
563
447
662
406
487
387
559
434
455
391
555
431
522
499
619
367
547
499
447
406
673
405
563
350
447
443
514
319
523
351
651
427
743
378
507
387
685
355
566
354
567
394
579
371
447
407
511
347
667
367
659
439
550
459
669
331
487
355
511
315
535
454
577
430
398
503
659
395
553
387
663
190
659
370
606
301
539
375
498
358
595
375
623
423
598
262
471
326
754
423
547
482
618
423
438
351
479
395
587
419
659
359
691
511
554
346
566
311
742
231
635
434
555
526
663
371
598
479
635
413
495
339
511
271
474
454
507
367
603
377
450
370
515
302
586
295
487
191
498
411
607
379
591
502
523
519
601
435
598
423
602
367
431
339
611
362
403
423
559
355
659
299
519
335
495
369
578
442
607
407
487
215
603
423
570
359
443
407
539
383
670
331
627
322
591
466
575
326
503
378
562
411
535
423
638
434
635
286
499
479
495
474
659
367
707
371
591
383
670
411
687
453
675
379
674
338
559
435
519
383
683
399
471
450
611
335
463
39
314
159
305
0
483
394
542
347
479
331
603
319
199
423
327
326
331
346
223
307
306
399
331
427
302
287
543
387
495
339
407
270
419
455
475
335
331
150
379
282
215
351
343
423
323
407
443
325
339
323
319
323
343
219
243
298
375
343
491
263
330
379
279
379
295
311
322
427
159
243
235
333
371
394
191
483
419
429
319
267
439
269
467
319
331
351
411
419
234
298
234
366
306
263
410
274
439
398
298
234
190
391
355
211
423
398
311
187
362
471
427
310
326
403
381
447
409
343
271
238
346
458
411
366
381
202
415
298
349
403
243
323
373
327
251
375
335
298
249
471
278
386
491
398
315
307
259
275
355
282
387
363
346
174
282
318
255
322
266
358
461
383
355
359
379
407
225
291
335
331
327
486
315
303
302
467
411
169
347
367
131
299
311
387
243
183
263
259
411
263
390
271
359
318
275
431
322
211
151
346
298
523
355
246
331
327
379
526
359
467
371
329
415
294
207
453
358
258
383
287
375
286
214
391
430
459
254
350
307
171
391
390
283
271
333
403
279
371
342
318
322
315
363
515
379
379
229
218
423
443
259
351
515
475
271
234
366
379
355
339
219
463
338
363
415
318
418
215
399
422
310
350
311
243
235
475
210
311
370
262
379
414
427
395
362
377
398
379
258
303
346
255
350
262
319
403
295
406
303
326
367
479
327
325
307
311
303
297
334
422
270
270
355
399
347
343
374
397
230
311
335
367
375
291
199
290
294
339
293
303
274
315
191
369
386
155
367
359
407
351
361
235
335
443
286
495
327
227
299
291
283
351
422
315
371
339
371
278
195
345
391
275
250
267
279
462
263
322
323
223
351
251
341
371
333
411
431
303
402
311
467
325
303
431
315
347
375
250
219
335
267
283
311
363
357
267
334
386
279
427
286
367
387
427
279
431
439
443
379
415
163
315
419
425
431
407
355
258
487
371
243
235
303
315
339
327
254
419
279
403
381
406
235
279
255
307
274
311
390
403
383
346
347
343
327
343
267
423
381
478
323
430
263
403
187
221
202
363
438
183
414
391
442
311
298
250
327
298
311
471
342
323
318
341
463
430
290
427
423
343
295
330
377
310
459
235
243
438
227
271
171
383
371
299
375
246
263
299
382
434
203
474
310
203
342
326
306
233
347
375
515
163
215
211
319
247
411
341
478
314
209
319
250
446
433
