459
547
354
451
387
698
427
555
259
443
579
527
226
679
427
627
443
754
378
515
387
666
351
475
458
743
287
607
383
547
475
743
538
575
355
559
434
527
271
691
303
655
379
582
399
555
287
563
262
647
427
579
274
598
407
647
375
499
431
599
379
607
323
611
343
615
307
607
338
551
423
559
418
643
315
471
335
543
423
723
322
779
547
561
435
523
371
623
526
522
410
431
331
435
391
707
323
511
287
591
370
667
511
623
379
571
378
619
626
374
459
687
351
494
375
727
354
663
390
663
386
615
351
747
351
575
438
726
490
555
231
602
358
567
394
598
279
591
390
655
267
423
378
658
467
662
363
659
463
583
423
571
347
574
271
654
219
611
342
551
347
630
334
499
295
614
387
610
402
495
239
451
375
487
474
590
531
507
451
706
375
570
267
426
230
658
447
523
459
567
287
539
331
755
427
583
283
491
363
675
355
499
430
571
547
643
455
502
327
574
387
650
383
519
206
623
495
586
530
694
398
566
370
438
323
723
311
646
431
791
243
483
386
563
331
662
366
623
443
627
423
579
467
599
343
526
370
634
399
638
539
447
467
586
323
555
426
615
415
562
402
619
455
639
399
530
395
587
311
647
375
659
575
582
319
650
503
583
483
515
335
655
319
643
295
631
382
658
347
655
407
707
134
691
354
647
486
418
439
659
323
655
335
611
430
614
414
651
346
547
455
567
318
618
315
375
271
603
339
627
347
491
407
622
371
727
462
438
235
539
351
607
403
538
434
571
346
478
311
523
459
531
462
587
279
543
334
451
418
455
267
578
251
554
307
559
462
671
407
555
267
495
331
587
463
587
431
730
467
547
323
715
355
403
510
599
347
547
479
414
335
579
390
667
271
643
383
671
435
697
418
558
307
666
455
639
375
547
347
607
463
491
462
547
366
587
471
582
323
659
535
563
403
467
359
502
451
659
490
587
387
439
454
559
339
591
355
567
327
431
415
547
403
655
427
555
311
623
350
655
375
539
423
498
562
491
379
674
427
602
423
699
403
627
519
619
470
659
382
462
450
566
403
579
367
474
407
570
430
547
403
546
343
515
391
490
282
643
431
547
355
535
383
567
374
603
474
595
331
507
366
702
259
658
538
634
375
475
135
199
0
310
31
639
427
479
399
535
351
511
359
347
471
359
286
322
335
395
438
462
231
375
319
443
283
338
367
431
499
311
491
227
275
375
387
298
351
342
239
311
406
319
295
159
463
499
371
459
375
447
370
383
422
223
383
331
375
382
443
318
367
266
239
255
423
379
339
471
390
250
283
363
415
347
295
307
495
206
350
419
371
295
299
271
419
351
383
355
298
363
338
430
415
487
343
351
379
218
423
263
310
411
278
295
163
367
339
331
186
367
435
339
339
378
318
263
394
439
359
306
295
322
391
235
343
414
282
419
267
442
382
390
466
299
255
362
306
431
486
419
370
331
411
319
423
295
498
375
447
347
293
343
363
370
427
311
267
399
398
275
315
411
347
543
434
271
430
355
291
399
415
339
387
583
411
431
342
314
371
390
434
382
355
315
226
439
379
307
399
370
423
346
423
359
462
391
323
287
298
435
431
347
383
315
387
289
287
279
295
246
295
303
474
183
431
359
367
266
251
239
395
287
255
382
339
323
554
371
279
267
271
362
415
243
543
423
307
303
471
279
375
383
251
194
431
255
247
187
475
495
438
387
335
311
399
374
334
159
395
255
327
162
247
403
379
271
375
495
411
410
279
339
491
387
391
411
279
335
358
383
383
294
323
474
203
351
318
323
423
262
306
315
475
383
375
407
351
435
371
479
239
326
415
159
363
283
319
250
183
303
358
219
259
299
378
283
418
355
447
355
515
210
235
455
250
298
222
339
547
346
367
187
422
431
438
370
290
331
318
323
355
430
631
311
479
375
387
250
439
318
310
367
263
335
355
246
415
327
307
375
247
215
355
431
422
406
363
431
258
267
383
311
298
339
299
367
391
427
490
443
422
483
419
431
283
235
338
211
295
307
355
423
295
427
351
463
235
259
355
351
295
186
231
242
291
187
355
343
375
382
371
226
322
223
271
414
395
351
390
361
402
255
366
414
335
411
462
275
351
366
319
398
186
229
267
319
507
359
367
283
390
267
398
315
394
427
331
323
458
326
411
222
434
402
423
271
295
279
231
411
339
407
406
314
330
243
399
399
463
506
391
419
319
451
299
271
455
395
403
319
375
319
327
291
234
383
327
183
295
407
275
387
314
278
302
458
389
363
215
455
519
347
523
382
411
395
347
262
323
351
207
306
355
531
307
219
431
387
411
479
534
395
539
763
