487
655
587
814
583
727
567
755
547
639
455
723
443
711
499
767
467
703
423
715
651
799
447
607
527
795
443
779
475
843
538
691
663
843
427
695
523
730
475
727
535
767
635
663
531
634
519
822
563
799
603
675
455
838
499
650
411
699
643
723
479
631
527
731
394
839
510
691
587
655
543
695
491
691
402
651
550
710
467
742
627
847
555
659
439
683
527
687
567
675
507
687
495
855
623
647
735
755
455
815
419
675
487
735
499
823
442
727
483
667
387
555
535
655
475
666
522
543
655
835
651
643
515
767
455
631
495
875
479
759
391
699
415
727
491
763
427
563
555
791
443
819
579
799
463
906
451
739
442
623
475
751
475
835
467
631
571
847
542
771
539
719
499
779
615
595
467
619
607
818
467
755
659
703
527
607
439
727
575
795
671
511
307
715
578
671
574
727
443
638
406
847
447
787
515
843
507
767
655
731
531
663
583
663
671
619
527
775
410
675
635
599
495
666
431
835
435
639
447
687
523
675
555
815
387
831
467
766
495
679
439
715
419
663
487
735
495
595
459
863
563
831
579
659
539
703
627
738
447
823
459
723
455
759
407
790
407
743
643
803
475
743
483
839
451
683
538
603
395
567
415
791
607
763
507
659
406
643
523
759
418
790
487
723
586
767
571
719
674
843
523
783
647
786
427
767
567
655
447
806
703
539
590
619
546
711
435
763
683
659
459
847
611
771
551
675
426
907
451
751
502
622
591
743
522
683
519
779
539
699
402
699
467
591
495
919
647
755
471
743
555
667
470
791
451
639
491
747
655
663
511
723
631
723
487
635
663
666
371
827
579
631
467
731
590
715
479
827
562
815
459
771
618
751
595
579
447
683
407
659
382
786
575
747
582
775
635
799
503
815
463
891
423
751
407
875
606
699
587
802
511
731
527
835
531
783
515
771
407
603
487
615
339
683
543
675
475
791
551
639
619
707
543
699
435
735
483
683
439
783
563
883
450
791
559
603
303
699
539
699
571
727
543
723
447
611
495
758
598
694
587
750
499
763
511
707
355
779
415
647
495
655
563
674
575
647
395
703
491
746
643
678
434
591
506
834
531
703
571
798
455
759
599
703
419
699
595
791
395
831
487
695
542
730
527
770
487
643
387
407
303
411
39
759
599
723
674
699
463
751
534
455
555
475
471
511
487
571
507
570
322
455
603
567
455
551
515
555
527
550
523
491
650
627
539
503
535
399
403
467
679
483
423
331
547
519
371
506
375
491
515
307
419
539
495
487
447
539
515
427
559
567
399
543
651
391
483
443
367
475
439
527
586
415
422
431
471
595
443
487
343
507
639
351
439
567
474
551
615
367
431
619
455
531
470
407
579
379
475
435
511
635
579
411
435
555
491
483
574
539
315
403
655
499
514
491
535
595
403
391
459
403
511
411
539
547
586
426
539
503
607
399
487
535
515
363
423
599
443
315
535
367
511
579
375
631
422
571
435
475
515
279
463
431
507
543
571
583
538
567
543
507
511
607
439
487
635
499
427
339
542
463
543
547
479
563
551
535
479
358
555
439
555
411
522
559
507
487
511
550
451
443
418
591
535
419
511
603
575
515
599
447
527
455
443
427
622
479
575
559
631
423
619
514
435
354
575
463
503
395
419
531
459
399
499
591
339
602
427
403
515
459
395
451
431
471
506
499
447
671
563
459
431
415
535
371
275
471
427
463
426
614
451
415
623
583
507
503
323
459
531
499
439
591
303
423
459
439
575
575
511
419
443
471
591
435
402
583
471
367
374
354
575
451
551
451
419
579
438
543
523
435
507
523
595
606
487
407
415
558
571
531
619
374
543
423
519
535
459
375
458
466
402
391
631
495
547
459
411
379
635
579
507
583
495
555
563
479
407
543
439
467
371
579
407
507
611
467
415
583
547
535
666
551
459
491
563
499
515
451
511
611
551
459
607
375
519
491
507
523
627
451
398
383
459
518
563
415
442
451
567
499
551
375
539
547
431
527
323
463
639
639
431
518
471
463
479
407
410
455
403
455
451
347
479
535
390
495
527
379
455
383
439
471
379
483
567
419
651
535
455
531
298
475
435
402
607
483
543
487
463
527
543
571
619
423
507
511
515
635
435
623
483
623
275
519
391
591
551
438
599
298
539
583
543
419
582
499
587
547
435
407
471
523
519
495
479
462
575
587
434
511
635
479
599
571
475
619
531
375
463
507
539
455
383
479
583
466
415
499
531
459
451
459
491
519
683
363
559
571
427
403
358
431
551
323
474
467
534
434
407
386
538
571
419
511
459
471
471
347
318
439
455
351
435
555
643
359
503
327
403
535
459
663
