467
407
279
387
155
727
415
539
159
551
191
371
327
483
367
423
299
403
235
603
343
575
295
551
279
435
411
543
315
463
343
547
359
555
499
507
359
503
355
471
323
551
387
471
231
423
335
591
311
571
311
675
335
571
415
503
243
543
171
507
307
483
391
531
403
583
375
591
403
491
487
491
319
643
311
483
299
611
263
447
491
487
195
463
367
563
375
623
355
531
295
563
443
503
399
475
299
519
323
455
295
459
375
515
531
547
519
531
451
479
295
631
307
611
211
643
427
499
375
451
439
515
303
543
291
591
263
703
227
627
335
563
307
399
415
427
351
407
219
575
315
679
475
475
271
439
251
711
351
511
403
571
343
635
251
539
431
631
363
459
391
455
379
607
479
491
383
443
279
503
371
655
431
471
303
339
387
427
383
559
463
611
339
451
255
431
275
563
407
603
351
659
363
579
247
527
383
559
327
579
147
399
303
435
271
575
319
531
503
507
271
495
379
451
255
539
407
619
319
659
287
515
363
551
335
543
335
295
379
543
407
415
191
515
327
455
223
371
371
587
291
535
335
515
295
543
231
431
167
539
299
435
287
395
295
627
183
471
471
447
383
431
235
395
311
511
331
407
375
631
343
483
323
467
359
587
459
611
387
543
303
551
411
483
403
467
231
399
375
483
263
535
351
567
343
583
307
427
291
591
371
487
323
503
335
607
219
459
355
531
419
511
395
527
291
619
459
535
439
555
331
511
339
439
247
499
267
335
335
543
447
583
195
523
387
447
367
527
335
447
367
487
415
515
231
495
279
499
507
411
447
531
383
379
331
443
335
475
395
511
335
543
427
303
291
563
463
467
347
619
375
651
295
559
423
679
315
419
355
543
235
431
467
607
235
631
311
603
427
615
347
587
391
559
351
531
343
571
343
579
447
511
383
439
407
503
211
507
475
583
255
671
379
591
515
551
379
499
447
403
335
599
299
555
351
519
335
451
227
459
447
451
463
523
255
455
387
583
247
459
379
523
359
527
523
535
387
511
335
631
311
647
423
479
379
431
407
547
279
511
331
483
315
499
331
459
359
459
219
403
295
599
259
563
343
539
279
535
347
503
391
523
431
571
383
439
215
431
383
467
347
471
215
411
339
551
387
283
63
303
3
191
195
511
323
439
311
455
203
579
143
331
303
263
331
239
299
139
331
243
263
371
199
315
411
307
275
283
203
295
347
327
319
299
351
191
179
319
343
235
367
431
479
295
299
351
367
259
299
371
227
291
443
363
439
359
195
311
323
195
355
315
187
391
467
383
319
343
355
443
283
279
211
315
443
279
379
287
247
203
303
291
339
331
335
383
303
367
443
291
295
395
399
259
271
211
219
251
231
323
255
327
415
291
415
335
347
315
283
187
239
363
339
251
331
427
371
367
307
271
295
323
95
315
243
411
231
251
307
303
367
327
387
291
379
219
291
203
311
319
323
395
415
275
303
339
507
287
459
307
407
247
395
483
219
367
479
315
275
347
443
227
327
207
343
355
387
419
491
283
215
251
351
443
395
307
351
287
327
303
219
147
307
251
283
387
367
227
315
371
243
355
203
227
287
243
251
239
387
259
203
359
351
155
367
247
291
291
267
235
427
355
331
167
279
251
319
155
187
207
343
367
191
311
315
151
131
415
419
275
183
327
379
531
203
303
271
271
239
307
307
399
315
323
307
375
187
319
327
271
311
347
447
287
307
287
395
407
379
255
467
383
163
159
335
327
311
423
255
339
359
319
223
259
331
195
355
263
295
83
267
311
343
359
219
319
387
327
451
503
191
191
363
351
431
23
291
211
339
135
451
215
315
279
407
379
247
291
343
283
311
371
275
383
291
403
459
247
291
243
395
315
367
291
183
135
243
115
275
271
283
343
331
279
267
387
279
327
359
255
347
219
131
235
295
347
239
171
275
207
459
243
243
243
239
319
259
275
323
183
391
331
231
275
223
347
335
303
263
279
363
243
347
351
299
267
267
155
195
399
447
359
383
307
163
339
443
247
283
271
251
239
223
383
359
263
287
251
303
319
391
483
379
275
311
379
279
315
231
367
419
243
279
227
327
303
171
243
315
279
223
303
279
267
327
303
235
311
343
231
243
327
387
363
199
283
259
303
419
259
271
291
303
327
355
251
411
295
223
355
215
295
379
355
379
251
291
167
359
375
327
315
431
287
187
311
267
339
283
239
295
231
471
359
279
435
291
351
219
247
283
275
391
383
171
343
375
251
167
383
287
371
307
263
331
375
403
339
359
251
223
387
223
259
315
407
407
335
395
263
271
299
343
199
315
239
251
163
283
339
379
371
267
559
