357
641
439
682
359
614
301
671
463
682
363
607
411
649
486
575
311
583
342
553
270
555
333
641
455
758
335
679
331
653
415
703
483
674
398
631
253
621
257
567
363
723
466
631
270
547
503
694
506
619
374
661
483
583
403
663
321
719
381
629
299
559
495
661
450
442
511
646
374
621
385
575
442
667
371
602
371
615
411
721
495
702
321
635
442
703
366
645
515
565
447
678
357
538
499
605
623
545
290
727
493
663
319
785
275
591
366
665
345
609
407
677
527
546
374
567
449
539
359
538
426
682
369
715
214
427
394
871
402
685
353
703
467
554
431
747
291
609
389
610
411
735
333
741
347
659
330
703
263
631
535
593
421
345
553
585
334
475
271
659
243
511
259
558
426
567
495
547
451
491
443
589
298
514
507
682
407
546
441
711
471
467
303
587
199
678
363
705
299
657
566
545
426
611
466
637
223
521
230
613
371
513
399
583
303
715
231
673
419
505
355
738
277
485
559
622
371
547
343
474
438
499
291
603
379
422
494
642
371
669
194
683
375
583
399
591
351
546
449
662
395
583
267
490
299
475
450
754
443
406
502
546
571
559
563
715
415
595
381
673
318
527
351
403
311
619
355
654
299
597
567
618
281
550
439
667
381
629
413
603
533
607
339
539
350
550
410
715
343
514
467
609
453
795
515
614
470
619
291
674
371
590
402
703
359
711
326
514
335
653
375
470
443
542
323
669
254
527
323
666
439
743
497
629
214
467
479
567
311
735
355
463
431
415
447
641
377
437
297
603
325
529
401
729
393
694
458
667
482
589
254
637
346
569
361
686
334
445
434
635
475
674
459
621
402
629
519
451
557
651
551
646
355
583
397
590
543
647
495
562
327
626
327
455
355
582
465
682
434
651
519
555
407
493
541
646
443
499
214
654
341
661
475
518
323
539
381
487
393
670
513
641
429
529
543
574
394
510
370
587
471
503
297
706
442
525
483
711
317
601
255
631
350
769
447
691
395
543
299
798
406
557
479
578
327
673
523
667
345
663
325
613
470
617
406
503
342
582
510
431
457
535
443
675
570
735
473
679
345
603
410
629
355
491
287
635
421
633
547
451
319
551
279
711
389
546
462
625
429
610
467
566
457
711
451
693
405
473
71
347
167
313
77
665
349
467
337
481
423
575
437
463
418
375
450
441
303
254
343
218
498
427
145
302
325
374
403
266
478
243
387
387
407
437
395
329
287
410
399
414
369
575
365
334
313
307
503
463
569
359
503
381
363
381
358
347
391
359
406
305
423
479
542
418
398
530
395
231
439
370
419
295
367
238
223
543
335
363
351
453
465
375
394
402
407
382
434
191
461
479
389
510
426
255
394
271
339
363
361
443
453
238
335
299
491
391
431
342
447
419
359
181
447
421
419
429
387
426
425
258
325
331
467
269
493
381
351
401
335
371
371
298
409
483
509
263
359
339
265
243
221
279
287
317
375
435
349
415
410
453
475
347
369
463
391
397
401
487
263
167
430
395
347
249
391
386
353
269
469
339
405
179
442
422
266
422
295
405
383
411
443
223
438
383
451
430
429
470
319
409
537
525
387
441
467
347
339
529
419
351
529
386
447
343
415
405
317
259
439
286
395
429
507
399
357
427
427
450
355
303
318
362
455
459
411
383
439
243
319
423
262
377
218
442
394
281
463
343
455
342
462
463
459
183
354
299
513
203
383
389
399
422
534
375
362
443
489
379
515
371
299
315
287
327
410
451
434
349
315
379
375
423
265
403
226
395
395
377
431
415
481
519
491
293
338
475
262
394
527
337
339
469
401
455
223
330
395
483
278
309
542
474
455
306
455
357
331
459
487
201
405
454
275
291
431
355
507
526
329
407
453
366
374
307
319
442
495
259
359
343
431
283
290
467
439
386
415
135
377
289
327
355
222
323
341
299
459
267
518
307
407
334
341
293
270
422
355
287
295
291
298
322
363
299
479
394
377
223
290
547
514
330
355
267
366
299
463
377
459
415
475
386
302
531
502
507
345
423
465
319
267
502
310
430
307
227
313
378
454
398
367
282
362
339
433
371
429
473
274
323
249
301
371
389
365
371
395
383
399
387
487
403
351
481
233
387
399
267
487
289
471
386
467
315
398
335
339
470
185
283
349
270
321
283
431
346
387
307
395
395
425
314
387
315
431
425
363
287
330
355
329
587
343
378
246
467
383
413
355
426
239
219
210
433
275
322
321
283
359
527
447
415
443
455
398
370
422
322
446
469
439
367
381
423
443
253
361
275
403
307
299
381
385
339
413
325
383
287
362
471
267
247
379
417
343
455
431
255
347
323
371
399
405
495
