467
675
507
695
467
675
423
743
567
767
443
591
487
587
415
763
563
659
459
803
555
703
459
699
391
811
419
623
514
687
559
719
475
815
519
659
611
631
627
735
499
674
399
655
367
707
511
643
527
631
599
707
587
771
603
751
511
715
579
583
463
642
407
811
599
799
535
682
575
679
403
851
463
859
523
683
527
767
559
611
650
723
455
651
439
799
763
691
479
755
535
787
339
795
539
611
459
731
543
639
527
739
506
831
547
547
547
723
443
607
435
767
491
699
459
631
370
679
575
679
587
595
463
579
579
719
522
723
559
759
539
823
643
823
503
635
531
746
562
771
531
699
579
703
499
819
503
823
474
671
495
747
607
698
383
763
375
599
479
631
511
551
594
759
331
791
475
755
579
583
643
715
583
735
619
711
523
647
454
675
547
631
399
671
591
811
419
695
435
843
475
699
443
655
523
879
543
675
511
711
447
771
687
807
495
711
515
691
523
751
547
715
375
759
599
826
451
699
574
671
463
823
403
718
507
811
411
799
590
719
503
663
567
515
427
815
311
715
627
742
655
739
691
843
343
543
399
755
423
635
447
763
531
667
475
591
442
723
523
735
339
731
579
763
543
595
351
771
523
783
570
807
443
783
595
810
430
647
435
803
543
695
447
663
535
707
487
727
591
850
503
555
575
699
647
782
591
699
627
679
527
699
523
699
523
699
511
659
511
691
583
691
399
835
515
686
571
719
483
718
495
743
519
691
403
691
455
743
771
667
499
622
611
727
491
695
555
671
395
703
383
575
703
819
451
931
451
787
619
635
611
779
483
647
503
643
435
763
579
682
567
571
395
695
555
627
535
847
423
935
615
751
567
727
675
687
491
655
579
603
519
723
491
790
463
718
555
595
595
619
574
639
363
715
635
787
531
751
567
615
487
731
363
743
467
627
495
747
443
871
547
879
459
631
563
947
442
751
471
659
495
667
367
631
679
747
603
687
399
626
559
682
414
775
431
791
619
803
427
759
567
691
558
591
571
651
431
799
447
691
623
715
507
819
470
635
551
647
479
675
547
763
591
647
527
611
515
698
418
523
511
583
479
819
499
747
555
675
487
735
355
711
491
759
607
875
595
615
551
599
607
866
559
855
455
611
559
619
287
471
195
431
187
671
519
759
467
631
515
638
519
459
471
519
643
543
611
499
542
383
431
415
543
407
479
523
563
515
563
411
483
343
403
555
559
487
431
323
359
431
443
483
511
507
535
539
442
395
350
507
591
479
582
451
483
487
483
335
415
483
475
403
431
515
383
503
443
391
611
519
471
547
699
467
587
623
603
459
439
463
631
507
531
367
527
407
571
527
507
363
507
519
587
379
439
535
555
583
411
539
415
303
507
571
371
483
439
483
443
423
583
527
475
387
458
495
411
363
387
359
434
567
283
531
459
611
519
571
535
543
447
419
463
423
362
414
443
463
431
487
503
491
535
571
579
551
575
459
439
575
414
475
539
427
447
519
358
446
475
555
591
543
450
430
431
371
379
591
491
539
503
491
575
419
447
511
455
559
659
366
491
483
419
447
439
479
499
403
543
479
599
431
479
551
307
435
283
411
431
459
535
551
511
467
495
514
567
479
563
539
487
651
459
523
475
507
523
414
359
427
531
587
491
419
543
363
307
498
447
411
443
463
498
443
563
439
407
343
539
511
463
487
543
479
375
379
431
382
563
603
451
511
531
363
579
579
575
543
450
390
367
475
319
451
515
446
631
471
415
467
515
414
539
547
603
467
579
551
423
327
475
446
519
519
567
583
387
539
579
523
431
479
555
439
479
531
515
523
486
379
546
579
335
403
427
579
579
571
447
595
567
455
479
587
583
507
499
635
563
535
499
667
643
371
503
379
447
267
615
351
530
355
635
523
463
451
367
495
411
486
466
375
411
327
483
567
443
499
519
491
503
447
470
611
443
475
471
459
595
331
499
543
543
343
339
559
567
439
459
419
631
383
507
503
411
419
618
595
531
539
367
455
407
431
467
531
339
462
475
475
483
547
411
415
451
471
559
323
551
447
451
511
451
499
455
391
514
539
514
371
435
451
471
490
491
527
539
335
471
363
427
363
431
539
467
387
627
495
467
502
423
483
499
503
567
331
499
511
579
443
483
383
419
495
495
555
479
483
443
347
459
535
399
547
371
391
531
531
411
531
431
515
587
435
475
595
547
463
495
371
550
427
555
487
411
446
411
479
479
471
675
523
439
579
419
403
418
563
539
562
471
603
495
555
523
483
555
599
491
411
347
458
471
443
367
519
551
527
527
427
326
443
611
391
463
547
547
383
255
211
266
251
231
483
