1071
1075
1070
1066
1083
1067
1066
1083
1063
1078
1062
1079
1070
1087
1083
1087
1073
1087
1083
1083
1083
1073
1079
1079
1083
1075
1065
1079
1079
1065
1083
1083
1083
1070
1079
1066
1079
1087
1071
1065
1070
1082
1063
1083
1067
1065
1082
1074
1063
1074
1083
1083
1082
1075
1074
1079
1083
1083
1087
1083
1067
1078
1065
1087
1070
1075
1074
1075
1078
1065
1074
1077
1067
1074
1083
1071
1073
1079
1083
1087
1083
1066
1083
1079
1070
1070
1079
1063
1069
1070
1066
1071
1083
1074
1079
1083
1083
1070
1065
1074
1069
1079
1071
1087
1083
1079
1075
1073
1083
1075
1071
1087
1083
1070
1071
1078
1083
1070
1083
1079
1083
1079
1083
1071
1067
1075
1069
1083
1083
1083
1066
1083
1073
1079
1083
1078
1079
1075
1074
1079
1083
1087
1067
1074
1083
1083
1083
1079
1083
1070
1078
1083
1075
1065
1066
1079
1073
1087
1071
1061
1071
1083
1071
1075
1083
1067
1071
1083
1083
1079
1079
1082
1067
1087
1079
1083
1082
1082
1079
1074
1074
1079
1074
1083
1079
1083
1071
1071
1070
1071
1079
1083
1070
1070
1079
1074
1075
1083
1079
1087
1079
1069
1065
1074
1079
1079
1078
1083
1065
1070
1069
1079
1083
1075
1078
1074
1066
1066
1083
1070
1071
1074
1063
1071
1083
1083
1079
1074
1083
1059
1067
1071
1070
1082
1069
1087
1066
1087
1075
1063
1078
1083
1070
1067
1070
1079
1066
1087
1070
1079
1083
1083
1067
1083
1083
1079
1079
1071
1083
1071
1074
1071
1079
1083
1083
1083
1067
1071
1083
1067
1083
1078
1069
1075
1079
1069
1079
1087
1078
1074
1074
1078
1070
1069
1069
1070
1069
1079
1083
1083
1070
1083
1074
1070
1083
1066
1079
1070
1083
1083
1083
1083
1083
1069
1074
1087
1073
1083
1083
1078
1067
1079
1074
1065
1069
1079
1074
1079
1079
1079
1075
1069
1083
1074
1083
1079
1078
1065
1067
1083
1063
1075
1079
1075
1071
1087
1073
1083
1083
1073
1066
1077
1078
1070
1083
1083
1067
1083
1083
1075
1070
1079
1075
1087
1079
1087
1082
1071
1087
1071
1078
1079
1069
1075
1083
1079
1075
1083
1067
1075
1083
1071
1083
1083
1070
1075
1083
1063
1082
1079
1083
1075
1083
1078
1071
1075
1069
1075
1086
1083
1083
1079
1075
1070
1071
1070
1066
1075
1083
1083
1066
1083
1071
1083
1074
1083
1079
1079
1073
1067
1083
1077
1070
1071
1079
1087
1077
1065
1074
1075
1079
1074
1070
1083
1087
1065
1067
1083
1083
1083
1083
1079
1075
1083
1078
1079
1071
1073
1074
1071
1079
1070
1071
1083
1067
1083
1070
1075
1067
1083
1073
1070
1083
1083
1079
1083
1082
1087
1083
1083
1079
1083
1081
1087
1070
1083
1075
1083
1071
1075
1075
1083
1074
1083
1087
1087
1079
1067
1079
1071
1069
1083
1079
1079
1083
1079
1074
1066
1066
1079
1087
1070
1079
1079
1079
1073
1078
1067
1074
1079
1075
1074
1079
1079
1081
1078
1082
1071
1070
1071
1065
1066
1075
1069
1067
1083
1070
1074
1083
1079
1066
1069
1078
1079
1070
1079
1071
1070
1075
1077
1087
1077
1073
1075
1079
1069
1071
1079
1074
1067
1069
1078
1070
1074
1065
1087
1079
1087
1069
1074
1083
1083
1069
1075
1077
1062
1079
1087
1067
1083
1065
1069
1083
1071
1073
1071
1074
1075
1075
1065
1083
1083
1079
1079
1070
1079
1078
1070
1083
1066
1083
1071
1063
1075
1078
1083
1075
1083
1078
1083
1082
1070
1079
1073
1077
1075
1067
1070
1070
1074
1065
1075
1087
1070
1083
1078
1079
1083
1079
1067
1083
1079
1083
1079
1079
1071
1071
1071
1071
1071
1071
1071
1071
1071
1071
1071
1071
1071
1071
1071
1071
1071
1071
1071
1071
1071
1071
1071
1071
1071
1071
1914
1075
1083
1067
1083
1075
1071
1071
1087
1074
1075
1083
1083
1069
1067
1079
1087
1070
1083
1065
1075
1070
1070
1074
1071
1079
1069
1074
1079
1082
1083
1071
1077
1070
1078
1079
1087
1065
1087
1079
1067
1065
1083
1069
1083
1067
1078
1071
1071
1073
1071
1079
1073
1067
1079
1075
1073
1071
1082
1070
1083
1079
1075
1071
1083
1069
1079
1073
1073
1078
1063
1083
1075
1070
1073
1083
1082
1079
1074
1074
1079
1074
1074
1074
1083
1083
1066
1070
1070
1069
1075
1067
1075
1082
1083
1087
1083
1079
1063
1074
1083
1075
1083
1074
1075
1073
1079
1083
1075
1071
1083
1075
1063
1074
1075
1078
1074
1069
1083
1074
1079
1075
1079
1066
1073
1087
1069
1063
1066
1075
1071
1071
1074
1074
1070
1078
1075
1087
1079
1073
1071
1063
1083
1070
1073
1083
1083
1083
1070
1083
1069
1083
1078
1070
1063
1082
1071
1067
1074
1074
1079
1073
1063
1083
1083
1083
1086
1079
1075
1065
1074
1079
1083
1074
1083
1083
1078
1079
1067
1079
1079
1079
1069
1070
1070
1083
1083
1074
1082
1074
1079
1083
1079
1083
1087
1079
1074
1073
1067
1069
1079
1075
1083
1078
1066
1066
1079
1079
1074
1083
1087
1083
1083
1074
1087
1070
1083
1069
1075
1074
1079
1083
1083
1083
1083
1079
1073
1073
1083
1066
1078
1075
1075
1087
1083
1082
1067
1079
1071
1083
1079
1069
1066
1083
1067
1067
1078
1083
1070
1083
1066
1082
1069
1083
1079
1075
1083
1087
1079
1079
1083
1075
1083
1083
1083
1070
1065
1079
1067
1083
1070
1082
1074
1082
1086
1070
1079
1075
1083
1074
1083
1069
1078
1083
1069
1075
1071
1067
1083
1066
1066
1079
1083
1071
1083
1079
1075
1083
1083
1082
1074
1082
1075
1083
1069
1083
1067
1075
1083
1079
1083
1071
1083
1082
1087
1079
1078
1075
1075
1070
1087
1083
1083
1069
1073
1079
1074
1083
1075
1071
1079
1065
1083
1083
1075
1065
1071
1083
1083
1085
1070
1079
1074
1070
1083
1066
1079
1086
1083
1066
1066
1067
1083
1070
1079
1078
1074
1067
1075
1078
1083
1087
1079
1070
1087
1082
1066
1083
1079
1083
1070
1082
1075
1066
1071
1065
1071
2167
1450
14
1915
2178
513
