1067
1066
1067
1063
1062
1063
1062
1058
1059
1063
1062
1062
1061
1068
1063
1065
1067
1061
1063
1062
1061
1067
1057
1062
1065
1057
1055
1059
1065
1058
1058
1061
1057
1062
1058
1059
1059
1063
1066
1055
1062
1063
1063
1061
1062
1067
1061
1063
1054
1064
1054
1067
1062
1058
1055
1067
1058
1063
1061
1055
1063
1054
1055
1057
1054
1062
1058
1067
1058
1061
1054
1059
1057
1058
1061
1051
1058
1067
1058
1067
1059
1055
1061
1063
1051
1067
1058
1059
1059
1054
1067
1057
1058
1057
1063
1061
1059
1053
1067
1065
1063
1058
1061
1066
1058
1053
1061
1067
1063
1063
1068
1063
1063
1062
1055
1057
1061
1059
1066
1055
1067
1065
1058
1059
1062
1063
1060
1066
1061
1059
1058
1059
1057
1059
1065
1061
1067
1067
1058
1065
1059
1057
1059
1057
1055
1061
1061
1062
1055
1062
1067
1058
1067
1054
1061
1058
1062
1054
1066
1057
1067
1061
1063
1065
1055
1058
1066
1059
1054
1065
1063
1063
1059
1054
1065
1061
1055
1062
1069
1059
1058
1066
1061
1062
1067
1063
1059
1062
1062
1058
1065
1059
1057
1055
1065
1059
1055
1059
1054
1063
1054
1063
1055
1063
1069
1060
1054
1059
1063
1063
1061
1065
1065
1059
1064
1055
1065
1058
1066
1069
1059
1058
1057
1059
1062
1063
1051
1063
1057
1063
1058
1063
1063
1055
1061
1059
1058
1056
1056
1057
1061
1063
1066
1063
1054
1062
1059
1062
1065
1061
1061
1060
1058
1055
1063
1062
1054
1062
1067
1057
1063
1062
1054
1055
1054
1063
1053
1067
1055
1065
1064
1059
1058
1067
1057
1055
1059
1067
1063
1059
1067
1057
1059
1057
1055
1061
1067
1063
1055
1062
1051
1059
1059
1067
1062
1063
1066
1062
1057
1057
1064
1062
1059
1062
1069
1058
1063
1058
1062
1067
1056
1066
1055
1059
1061
1055
1057
1059
1059
1054
1067
1059
1058
1059
1058
1063
1055
1066
1067
1059
1061
1062
1062
1059
1067
1065
1059
1061
1065
1061
1058
1065
1057
1061
1064
1054
1063
1067
1061
1058
1058
1066
1061
1059
1061
1066
1063
1067
1067
1054
1062
1055
1058
1059
1061
1067
1058
1057
1063
1065
1065
1055
1058
1061
1065
1065
1055
1064
1057
1062
1063
1061
1051
1059
1057
1054
1065
1062
1055
1055
1063
1059
1059
1063
1058
1071
1057
1061
1051
1065
1061
1054
1067
1061
1063
1062
1069
1055
1062
1062
1067
1063
1060
1061
1060
1059
1059
1059
1058
1068
1067
1063
1061
1058
1058
1069
1059
1062
1067
1059
1064
1058
1057
1063
1055
1060
1065
1067
1059
1063
1067
1062
1062
1060
1071
1065
1061
1059
1059
1057
1062
1063
1068
1065
1051
1064
1067
1063
1063
1064
1061
1055
1068
1062
1058
1064
1062
1059
1062
1053
1066
1063
1063
1062
1065
1062
1063
1068
1061
1061
1059
1057
1063
1059
1061
1065
1055
1059
1062
1061
1062
1063
1059
1062
1063
1063
1058
1063
1069
1057
1065
1054
1054
1063
1054
1067
1063
1059
1058
1063
1066
1058
1062
1058
1059
1067
1061
1067
1065
1054
1067
1057
1063
1059
1055
1064
1059
1057
1055
1061
1055
1051
1055
1063
1061
1058
1058
1063
1059
1058
1062
1055
1058
1063
1060
1055
1059
1061
1064
1067
1065
1061
1061
1065
1056
1054
1063
1063
1063
1057
1057
1051
1062
1058
1058
1059
1059
1055
1066
1065
1059
1061
1066
1067
1059
1061
1065
1059
1063
1058
1061
1057
1059
1053
1066
1061
1055
1063
1058
1063
1061
1063
1061
1058
1050
1065
1063
1058
1050
1062
1058
1061
1054
1065
1061
1054
1071
1067
1057
1070
1058
1067
1061
1057
1062
1058
1065
1053
1053
1053
1053
1053
1053
1053
1053
1053
1053
1053
1053
1053
1053
1053
1053
1053
1053
1053
1053
1053
1053
1053
1053
1053
1053
1069
1058
1059
1055
1057
1058
1061
1059
1057
1059
1062
1065
1058
1064
1058
1058
1059
1064
1057
1059
1055
1059
1059
1061
1063
1064
1063
1063
1067
1059
1062
1069
1060
1063
1063
1058
1061
1067
1059
1050
1059
1066
1055
1064
1061
1059
1061
1055
1059
1063
1059
1058
1066
1054
1065
1058
1057
1067
1062
1057
1059
1054
1059
1063
1063
1058
1055
1059
1063
1063
1069
1061
1054
1061
1059
1061
1058
1071
1065
1064
1054
1061
1061
1059
1063
1057
1061
1062
1062
1051
1067
1062
1062
1063
1055
1055
1059
1064
1066
1063
1050
1059
1061
1066
1049
1054
1067
1061
1059
1063
1068
1054
1059
1061
1063
1067
1060
1058
1065
1061
1057
1063
1066
1069
1067
1059
1063
1062
1063
1066
1061
1057
1065
1063
1067
1062
1063
1063
1055
1057
1067
1060
1064
1058
1058
1054
1054
1062
1065
1063
1067
1055
1058
1054
1067
1065
1058
1059
1063
1055
1061
1067
1063
1058
1067
1065
1049
1057
1051
1054
1064
1057
1063
1067
1051
1059
1069
1061
1050
1059
1066
1059
1059
1059
1057
1059
1061
1066
1055
1062
1057
1061
1059
1059
1063
1054
1053
1062
1065
1055
1063
1063
1058
1059
1058
1065
1059
1059
1063
1061
1055
1063
1062
1057
1059
1067
1059
1059
1063
1057
1053
1061
1069
1072
1057
1066
1051
1065
1058
1057
1054
1064
1063
1069
1062
1057
1063
1058
1061
1057
1065
1054
1055
1058
1066
1063
1062
1054
1067
1067
1061
1061
1062
1059
1067
1059
1063
1058
1063
1059
1057
1055
1058
1069
1060
1055
1058
1058
1061
1054
1061
1068
1067
1055
1062
1062
1064
1054
1059
1059
1054
1063
1067
1063
1068
1055
1061
1067
1062
1061
1061
1065
1058
1065
1061
1061
1059
1051
1059
1062
1063
1061
1067
1065
1065
1063
1055
1065
1063
1063
1055
1065
1063
1057
1057
1057
1058
1057
1063
1063
1058
1062
1062
1063
1062
1063
1063
1055
1061
1062
1063
1058
1060
1063
1061
1058
1054
1062
1068
1051
1062
1062
1055
1062
1063
1061
1051
1059
1061
1057
1061
1061
1059
1065
1055
1065
1065
1064
1055
1058
1063
1065
1062
1065
1051
1061
1055
1057
1057
1063
1057
1058
1059
1065
1067
194
0
1459
895
81
385
