966
967
966
968
963
973
969
976
968
967
967
966
962
975
976
968
963
967
973
971
971
969
976
977
973
968
966
963
973
972
973
967
959
963
958
970
972
976
972
966
970
972
966
971
967
974
969
969
972
970
973
973
966
974
976
959
974
963
975
975
974
963
959
972
959
974
967
963
966
967
973
977
976
965
972
971
971
967
972
971
970
973
974
970
966
969
973
972
967
966
967
966
974
973
968
967
972
963
967
969
972
969
970
973
959
972
966
963
970
973
968
969
966
959
967
968
955
973
969
958
963
962
966
962
961
967
972
972
969
971
964
966
969
967
963
965
968
978
966
959
969
972
970
959
969
974
977
967
972
966
973
969
962
967
959
974
963
966
968
968
973
977
970
975
967
964
970
969
970
955
966
964
969
974
972
977
969
969
971
965
971
970
968
967
963
966
966
973
966
977
973
972
975
970
972
968
972
969
966
958
965
967
970
973
975
970
970
973
966
968
971
959
969
966
972
972
972
963
973
966
969
973
973
970
959
970
964
966
967
971
965
969
970
964
973
977
970
955
971
970
968
962
976
967
967
969
976
973
970
973
963
963
966
963
963
964
972
970
970
976
977
972
973
971
977
972
967
970
970
963
959
965
975
963
972
967
970
960
973
962
969
974
972
967
967
976
973
970
971
969
971
954
963
968
969
966
966
963
972
977
967
968
976
968
970
971
963
973
973
973
970
962
966
967
969
968
975
966
969
968
969
964
967
977
969
966
969
966
970
959
973
955
978
973
972
970
972
954
973
965
969
977
976
973
969
963
967
969
966
971
968
968
969
964
969
968
970
977
967
976
972
970
965
966
970
967
972
959
967
967
962
969
972
973
970
968
969
972
967
966
972
973
965
968
967
964
969
963
973
966
970
974
972
971
973
967
966
970
972
970
973
969
967
971
966
971
971
978
969
971
963
976
976
972
967
970
965
969
967
968
969
967
969
972
966
963
970
976
967
972
969
973
973
966
970
971
967
962
964
969
969
969
963
974
967
976
967
962
972
967
968
963
963
973
976
967
970
972
972
976
972
973
967
973
959
968
973
960
971
966
971
970
968
970
967
972
968
970
963
970
972
970
972
976
972
969
970
973
974
960
972
955
966
959
971
973
973
972
959
967
968
970
955
972
963
973
966
970
973
970
968
965
969
973
970
970
968
965
969
967
971
973
967
976
973
975
963
972
974
973
967
969
958
972
973
976
963
971
973
973
967
969
962
963
973
972
966
970
971
970
969
969
976
975
976
966
972
969
974
971
974
976
973
974
975
971
972
970
972
974
973
969
970
963
973
963
966
972
963
971
975
971
970
972
959
968
972
976
968
976
960
972
967
971
969
959
976
963
972
973
976
973
972
972
963
967
971
969
978
970
971
977
973
966
969
970
973
972
969
972
973
969
971
969
971
973
969
970
962
974
973
969
975
970
968
962
966
970
967
963
967
973
968
965
967
972
972
967
967
974
968
970
972
972
968
965
968
966
976
975
968
971
972
967
967
973
977
969
968
963
972
965
976
968
971
971
968
980
973
975
964
967
973
960
967
975
959
975
965
966
962
970
963
976
970
967
971
973
967
967
962
972
969
962
972
967
976
977
969
962
966
971
975
963
972
970
962
972
972
969
971
966
963
967
974
972
967
971
971
966
971
969
971
959
964
973
967
970
963
973
968
972
974
969
967
971
968
967
972
969
966
963
974
971
976
974
969
972
976
972
970
973
967
967
971
971
969
974
969
976
971
966
969
966
973
973
969
970
974
970
966
969
971
967
968
968
971
969
976
975
976
973
975
970
969
971
966
958
966
967
955
967
963
975
970
973
972
968
971
976
972
963
959
970
963
972
971
962
968
967
972
964
972
966
963
959
968
965
972
958
962
963
967
970
968
969
973
967
973
971
966
971
969
968
971
969
970
969
970
968
973
973
973
969
974
969
970
964
974
971
965
971
968
970
969
966
972
967
966
970
972
967
972
974
969
971
970
966
963
967
970
976
976
968
969
966
974
974
963
959
973
974
967
976
972
959
962
969
973
963
976
972
969
963
975
969
967
969
970
973
972
970
963
970
973
966
973
967
971
969
976
966
966
969
959
968
958
966
974
968
968
962
959
968
970
969
966
967
967
974
966
972
969
969
973
975
975
969
969
965
974
967
968
963
972
959
967
966
973
967
959
959
971
967
967
970
971
963
972
968
970
972
970
971
968
966
972
963
959
970
967
970
970
971
972
966
974
967
959
969
970
970
972
968
973
969
971
976
966
974
967
972
969
971
971
974
973
965
967
967
962
971
962
969
973
963
966
967
233
523
0
1570
1397
702
