2024
962
968
968
969
964
963
963
962
974
963
960
968
959
965
961
962
958
967
962
972
967
954
951
951
958
968
959
955
962
964
962
964
968
968
970
974
969
961
962
958
963
958
968
958
954
967
969
972
959
958
969
968
958
965
963
968
959
966
972
967
967
965
971
967
967
963
963
950
964
959
969
968
970
971
954
967
973
965
970
971
963
968
964
959
972
958
970
959
969
964
964
961
969
962
969
959
958
968
968
965
970
970
955
965
966
967
962
965
959
967
964
967
955
968
966
964
970
970
963
964
965
970
966
959
959
961
963
962
961
960
965
968
963
968
969
968
959
968
966
963
969
958
965
971
959
955
969
962
969
967
963
967
962
969
968
965
962
968
969
962
965
965
962
969
963
954
970
965
964
965
960
961
962
966
958
966
965
965
963
958
966
962
963
970
969
963
958
954
970
962
964
968
969
969
963
964
962
958
973
966
964
969
963
964
964
969
970
972
963
961
965
968
958
965
968
969
965
964
962
959
959
965
968
964
967
962
967
968
964
974
961
965
966
968
954
965
958
968
958
969
968
968
964
969
962
966
958
968
969
963
970
958
966
963
963
967
964
964
974
967
962
963
968
972
954
967
965
969
964
964
964
969
959
965
963
958
969
969
964
962
963
962
958
968
968
966
966
962
963
967
964
963
961
954
969
962
958
959
962
970
971
965
955
963
955
962
969
969
965
967
966
966
964
964
967
964
963
972
964
965
959
965
965
965
964
971
958
973
965
963
967
959
967
959
966
959
965
965
958
968
969
965
961
973
955
963
961
966
968
967
978
966
967
954
968
968
961
967
958
958
954
969
967
965
958
954
955
958
965
957
954
960
964
958
956
965
971
966
965
963
950
963
973
959
958
966
966
965
963
972
960
955
958
957
968
969
969
958
964
951
958
961
969
968
964
971
969
970
964
969
962
961
964
969
962
967
966
967
955
962
965
970
962
962
968
968
960
966
963
959
963
968
959
962
959
959
967
965
958
965
963
971
961
968
970
961
967
964
967
963
964
963
960
969
962
966
958
963
964
966
963
966
964
968
959
966
962
967
969
961
967
963
951
967
963
963
969
967
964
954
961
970
958
967
964
968
965
966
963
956
962
969
961
971
962
958
967
951
968
969
968
963
962
965
958
963
954
965
970
967
969
969
973
964
967
962
969
959
968
965
958
965
956
963
963
962
963
963
967
963
968
962
968
959
969
968
963
970
961
955
963
965
962
964
969
966
967
963
954
958
967
969
963
968
960
972
965
971
970
965
977
962
967
957
957
966
959
968
958
963
969
954
950
962
961
957
968
968
964
964
972
966
964
963
964
963
962
964
965
966
964
962
968
954
950
963
963
965
957
964
964
969
969
958
956
963
961
962
963
970
968
957
957
972
963
963
963
963
963
963
963
963
963
963
963
963
963
963
963
963
963
963
963
963
963
963
963
963
963
963
1718
952
962
963
966
961
967
971
967
966
961
967
958
961
971
963
968
958
968
962
968
961
967
958
967
965
958
963
967
963
963
967
953
963
964
968
969
967
963
971
961
972
972
954
968
958
959
968
961
966
959
969
968
962
968
961
958
953
958
968
967
968
963
967
964
963
961
953
968
962
964
967
963
965
964
958
971
961
967
964
967
971
962
967
964
967
957
962
968
968
958
965
964
968
966
972
967
972
962
968
961
965
963
965
963
962
965
966
960
964
961
968
967
967
969
969
968
962
968
963
963
969
964
964
963
969
964
967
969
968
965
968
971
964
970
965
958
967
962
968
954
959
955
968
962
969
962
966
964
961
962
965
964
965
963
963
967
972
958
966
963
969
974
963
958
970
968
965
968
960
965
956
972
961
967
967
967
961
950
961
961
964
966
966
965
968
969
963
965
965
961
960
963
972
968
965
959
969
965
963
969
963
962
968
963
965
968
967
967
967
964
963
955
969
964
961
959
967
959
962
967
962
969
958
969
965
970
968
963
962
963
957
968
966
966
964
969
965
962
962
963
958
968
962
967
973
968
958
963
958
963
965
968
961
964
959
954
965
969
967
968
958
967
963
961
957
969
963
969
963
967
962
959
967
958
965
972
959
972
970
961
965
973
965
970
965
963
961
964
969
967
969
965
958
964
964
959
963
971
968
962
964
964
968
964
963
958
959
954
962
965
966
964
971
963
970
964
964
964
965
962
968
973
968
959
965
954
967
967
964
964
968
963
965
965
971
969
967
963
968
962
969
968
963
963
963
966
970
965
964
972
970
961
962
962
968
964
977
969
965
964
964
967
964
967
965
967
960
964
969
961
959
964
960
966
968
953
2009
1410
2246
360
534
1788
