811
815
811
535
816
798
813
811
805
811
807
807
801
813
806
811
815
802
801
709
801
813
810
722
815
801
813
535
811
812
809
339
815
809
806
802
801
797
811
724
811
813
811
797
798
797
811
799
811
727
801
797
811
811
797
801
816
812
809
813
806
618
803
806
805
811
811
815
802
815
802
341
813
815
816
802
804
811
808
797
797
811
808
619
798
805
810
2202
813
812
813
804
810
803
805
714
805
808
811
797
807
815
808
635
811
811
802
815
815
816
797
815
811
797
802
797
797
798
811
798
815
811
816
806
802
802
806
802
805
727
811
811
811
816
811
807
806
811
816
539
811
797
811
808
815
798
802
799
798
812
809
809
815
797
799
807
811
805
798
806
807
811
796
804
815
626
802
246
801
815
802
802
809
798
812
443
809
810
798
810
811
815
811
815
798
798
816
798
812
813
811
811
811
811
806
806
813
807
809
806
803
802
812
808
811
806
816
807
820
815
812
808
815
811
807
810
798
710
811
804
808
802
805
798
809
807
797
806
811
811
802
806
802
811
809
801
802
811
806
802
808
817
802
807
805
802
801
815
811
812
801
624
815
803
797
809
811
805
801
815
801
798
798
815
811
801
798
617
811
812
798
801
802
727
810
805
811
816
802
802
811
811
798
802
804
797
812
804
806
807
815
535
805
811
801
810
793
809
811
807
798
810
802
811
805
806
808
799
798
806
805
811
798
809
811
807
799
808
806
815
812
804
800
819
810
811
810
811
807
811
809
809
807
816
810
632
805
531
805
808
806
811
807
815
815
809
808
534
811
806
811
807
798
811
811
618
798
815
798
816
812
811
798
817
809
813
811
801
806
811
803
811
811
807
811
804
798
798
802
802
810
808
805
809
798
793
809
815
805
798
801
803
810
809
801
807
811
535
801
811
811
816
809
535
816
806
811
724
815
820
798
812
798
811
811
803
809
803
811
802
803
815
812
813
798
806
804
805
797
635
811
802
802
815
817
813
811
635
812
632
801
808
811
806
811
810
803
812
815
799
811
811
811
802
797
815
802
802
805
797
809
813
810
811
813
811
810
796
809
811
810
806
811
806
801
251
820
807
798
802
802
807
806
794
813
813
808
804
808
808
811
811
798
802
813
811
811
810
801
815
815
812
811
811
798
719
811
802
817
809
811
809
797
812
801
811
815
811
807
811
809
815
805
807
811
801
802
797
813
797
809
806
814
807
812
815
809
799
817
811
816
813
811
813
810
816
801
802
816
811
798
813
816
807
808
819
798
797
801
802
797
823
811
810
807
813
801
806
811
812
811
811
817
812
799
812
797
815
816
803
815
816
820
801
811
807
807
797
811
806
807
798
810
806
807
811
802
810
806
810
813
808
821
794
816
812
810
815
802
802
807
815
809
801
811
800
800
800
800
800
800
800
800
800
800
800
800
800
800
800
800
800
800
800
800
800
800
800
800
800
800
799
809
805
810
812
811
798
808
810
815
802
798
799
811
800
806
811
815
810
811
798
802
812
797
808
812
796
802
802
814
811
807
807
810
806
812
802
804
801
802
811
802
807
801
811
801
807
806
811
799
811
807
799
798
807
808
807
800
802
815
806
800
806
811
796
806
801
811
811
809
810
805
806
801
802
810
811
811
801
811
810
806
811
811
811
806
811
810
801
810
811
811
810
804
796
801
809
805
812
802
797
798
806
807
797
798
811
811
804
800
810
801
811
806
805
798
798
802
794
816
811
806
798
794
807
816
806
811
810
813
798
806
815
798
809
811
817
812
801
801
797
811
811
809
806
798
802
812
815
818
797
812
810
805
802
805
811
801
797
801
797
806
809
811
800
810
797
800
808
807
802
811
805
801
796
810
800
810
811
801
807
798
809
801
811
812
811
808
800
811
815
806
808
808
811
797
810
806
811
809
797
807
811
812
811
806
801
807
809
807
811
811
811
806
811
811
805
811
812
806
806
806
805
797
808
811
811
802
797
797
811
806
811
819
802
816
802
820
804
802
811
817
812
801
808
808
813
804
806
801
809
800
811
807
810
811
801
811
803
805
801
802
808
811
820
805
815
810
806
811
811
817
811
811
804
811
806
813
811
811
807
808
811
797
806
809
811
812
802
806
801
805
807
805
805
813
805
812
806
816
803
812
808
806
811
811
806
811
811
802
811
815
803
809
811
805
804
811
805
811
811
811
811
805
806
812
807
806
819
811
806
811
805
811
812
805
815
811
811
811
808
802
811
802
801
812
804
811
805
811
802
797
803
811
816
802
811
809
804
797
810
797
811
806
807
805
804
810
819
811
802
806
806
810
805
811
805
38
291
839
258
0
2155
