59
479
479
467
471
483
471
119
475
123
471
475
483
479
467
475
475
2143
483
2131
483
471
483
2166
475
355
483
2203
471
483
479
2119
475
359
471
115
487
471
471
467
475
363
471
467
479
467
470
475
475
483
471
115
475
411
466
2135
471
475
463
475
479
467
475
467
471
2127
475
2167
471
423
475
355
471
474
471
115
475
2123
479
2123
471
463
475
115
475
123
475
359
475
475
471
2187
471
118
471
2123
471
475
471
2119
475
466
483
475
467
479
479
471
479
2195
475
466
467
475
479
119
479
471
471
474
463
355
471
2131
483
471
470
2167
471
2115
479
471
471
471
471
471
479
355
483
471
475
475
475
2139
483
483
471
475
475
2127
475
483
471
2159
475
471
467
355
471
471
471
2135
471
471
467
2151
471
471
471
2111
471
419
470
2167
471
471
475
2171
475
363
475
355
479
471
483
475
475
467
471
471
467
483
475
2247
470
119
475
475
475
475
471
475
467
475
479
467
471
475
475
2119
471
115
483
411
463
475
475
2107
479
475
479
359
483
2207
471
354
475
415
475
419
475
463
475
467
467
2143
467
479
467
2219
471
411
471
483
475
483
467
475
471
475
471
475
479
475
475
2122
467
2119
471
359
471
467
471
2135
475
2139
467
475
479
467
475
471
474
475
475
475
479
475
475
123
471
2175
479
479
467
355
479
475
471
2111
471
475
479
475
471
471
479
479
470
295
463
475
471
2207
475
2191
474
419
475
2191
479
351
471
407
463
2111
467
475
471
295
471
2167
475
2147
467
2139
471
355
479
119
463
2115
471
2239
475
367
463
2127
475
119
475
479
474
119
471
2110
475
351
471
483
2107
467
475
419
471
467
475
123
467
2150
471
479
471
475
475
475
471
355
471
479
475
487
475
478
467
2111
471
467
479
467
475
359
479
2175
475
2151
475
471
479
479
475
479
474
479
479
295
479
2163
467
467
475
419
475
475
471
475
471
355
471
471
471
475
475
355
479
118
475
483
359
2123
479
123
471
471
475
351
479
303
479
2123
479
471
475
2127
475
475
475
479
479
467
475
119
475
475
479
2199
471
119
471
475
467
2131
479
475
479
119
471
2247
471
2199
475
479
487
2139
471
355
479
475
479
2139
483
2191
471
2175
475
291
471
475
475
123
479
351
467
2151
470
479
475
479
471
475
471
295
471
471
471
363
471
475
475
467
475
475
475
303
471
475
467
463
483
471
475
475
475
475
479
475
475
471
479
475
483
475
479
475
471
467
467
475
474
475
483
471
470
463
479
463
471
475
463
479
471
471
483
471
475
475
467
479
471
467
475
475
483
471
471
475
471
483
471
475
475
463
471
475
475
467
475
475
471
475
475
475
467
475
463
475
483
470
475
467
463
470
475
470
471
471
471
463
479
479
475
467
467
475
467
483
467
471
479
471
483
470
471
475
471
483
475
471
467
475
479
467
463
471
471
467
471
463
470
479
479
471
471
475
475
471
475
479
479
483
471
479
471
467
475
467
479
483
475
475
467
471
475
475
471
487
475
483
471
471
479
463
471
471
487
467
467
482
475
471
479
483
471
475
467
467
475
470
479
475
467
487
475
471
463
467
467
483
475
471
479
471
475
471
471
471
467
471
471
467
471
475
479
479
467
479
475
463
467
475
487
483
482
467
471
467
479
475
475
463
471
467
467
475
475
471
479
471
479
467
471
479
471
467
463
467
475
475
483
467
471
471
463
475
479
463
467
471
483
475
471
467
471
475
475
475
471
471
483
475
483
467
479
471
463
475
475
475
471
475
471
467
467
475
470
471
475
479
479
467
479
475
479
475
471
467
475
475
475
471
471
467
475
475
475
482
471
475
463
475
471
483
479
471
479
474
475
475
479
475
463
475
467
479
475
475
471
467
471
475
479
463
475
479
471
487
479
471
475
483
471
463
471
467
475
471
475
487
471
467
471
483
475
474
471
471
483
479
463
463
471
467
475
471
475
471
471
471
471
471
471
479
467
471
471
467
483
467
475
475
479
475
475
479
483
483
479
475
471
475
475
475
483
471
463
479
471
467
475
471
471
467
463
475
470
471
471
463
479
479
483
463
479
463
471
467
479
475
475
463
470
483
475
471
471
475
463
475
479
475
463
463
479
466
475
479
475
471
471
475
483
471
471
471
479
479
471
483
467
471
475
466
466
483
467
475
471
467
475
471
471
474
471
467
467
475
463
467
471
479
467
475
487
463
474
471
467
483
471
467
475
471
463
487
475
483
471
467
471
463
471
471
475
479
479
471
475
467
475
467
471
463
467
475
467
470
475
479
483
475
467
467
467
475
483
475
471
467
471
471
475
471
467
479
467
475
467
483
471
467
479
483
467
471
471
471
463
471
51
363
0
955
967
1727
