2359
915
1135
1139
1147
1143
1139
1139
1139
1139
1139
1135
1142
1139
1139
1134
1139
1135
1139
1135
1139
910
1138
1139
1142
1139
1139
1139
1139
915
1139
1139
1131
1135
1139
1139
1142
915
1142
1143
1139
915
1139
1139
1139
1143
1142
911
1135
1142
1135
1139
1139
911
1135
1139
1147
1135
1143
907
1147
1139
1139
915
1131
1135
1139
915
1139
915
1139
907
1139
1139
1139
915
1135
1139
1138
914
1135
1139
1146
915
1135
1143
1138
1139
1139
915
1139
1138
1142
1146
1139
911
1139
922
1135
1127
1139
1131
1139
915
1131
915
1143
1139
1143
1142
1142
907
1142
1135
1143
918
1143
915
1139
915
1135
1143
1138
1139
1130
1139
1139
911
1139
1139
1139
911
1135
907
1139
1139
1139
1135
1135
1143
1139
1142
1139
907
1139
1139
1142
1139
1139
1135
1139
899
1131
1139
1139
1139
1135
1139
1142
911
1139
911
1131
903
1130
1135
1142
907
1131
1135
1139
1135
1150
1139
1139
910
1135
911
1138
915
1135
911
1142
1139
1139
915
1139
911
1142
922
1138
906
1131
918
1142
1142
1139
1139
1139
1139
1135
907
1142
1139
1139
907
1143
1135
1142
911
1135
907
1139
910
1135
915
1131
1139
1139
907
1139
1131
1139
915
1139
1130
1142
915
1139
1135
1135
907
1139
1142
1139
919
1147
911
1135
907
1139
1131
1135
1139
1142
1135
1131
919
1139
1139
1139
1123
1143
1139
1134
915
1139
907
1135
1135
1146
1143
1131
1135
1139
1135
1139
915
1139
915
1143
1131
1139
915
1143
915
1143
1135
1139
918
1139
915
1139
1142
1143
1131
1143
1139
1139
907
1139
1131
1143
1147
1139
915
1139
1138
1142
1135
1139
911
1142
915
1143
911
1139
918
1139
911
1143
907
1135
1139
1143
1142
1135
1139
1131
1146
1139
1139
1127
1139
1142
1135
1135
1139
1135
1139
1135
1135
1142
927
1139
1139
1143
1139
1139
915
1142
911
1135
918
1143
911
1135
915
1139
1139
1131
1139
1139
1131
1142
1135
1142
1131
1143
911
1139
1139
1130
1138
1143
915
1142
915
1131
1139
1139
911
1139
1139
1147
915
1139
1135
1139
1135
1139
1138
1131
1142
1139
915
1143
1135
1139
915
1142
1139
1142
1139
1143
915
1142
911
1139
1142
1142
1142
1135
1147
1143
1139
1135
1134
1139
1139
1139
1134
1139
1135
1139
907
1139
911
1143
1139
1147
1131
1139
918
1135
1135
1142
1139
1139
910
1139
1138
1139
907
1139
911
1139
1142
1146
1138
1139
1130
1139
915
1139
1143
1147
907
1139
1142
1135
923
1142
911
1135
907
1147
1135
1139
1139
1143
915
1139
1135
1139
907
1139
1139
1143
911
1139
906
1138
1130
1139
910
1139
1143
1139
915
1142
919
1139
915
1135
907
1139
1142
1139
1139
1147
915
1139
1142
1139
915
1139
1135
1138
1139
1143
1139
1142
1135
1139
1143
1139
1139
1139
1135
1146
1146
1139
1143
1143
1135
1139
1135
1147
1139
1139
1139
1139
1143
1134
1139
1146
1139
1138
1135
1139
1142
1143
1139
1142
1135
1139
1139
1131
1151
1143
1139
1131
1139
1143
1135
1139
1143
1135
1139
1139
1139
1143
1139
1142
1135
1135
1139
1127
1135
1143
1131
1142
1139
1139
1147
1142
1135
1142
1139
1127
1139
1139
1127
1131
1143
1139
1138
1139
1139
1143
1143
1139
1134
1143
1130
1139
1139
1131
1139
1135
1134
1139
1139
1135
1139
1139
1139
1139
1135
1139
1143
1134
1146
1143
1139
1143
1143
1138
1134
1139
1139
1143
1139
1135
1035
1035
1035
1035
1035
1035
1035
1035
1035
1035
1035
1035
1035
1035
1035
1035
1035
1035
1035
1035
1035
1035
1035
1035
1035
846
1139
1143
1142
1135
1135
1130
1139
1131
1139
1139
1135
1139
1130
1134
1134
1135
1135
1139
1135
1142
1139
1142
1147
1143
1135
1139
1127
1126
1139
1142
1138
1139
1135
1143
1139
1139
1123
1135
1131
1143
1139
1139
1139
1139
1139
1142
1138
1147
1126
1135
1131
1135
1143
1139
1139
1139
1138
1130
1139
1139
1135
1143
1138
1131
1139
1131
1142
1130
1134
1135
1138
1127
1131
1139
1135
1139
1139
1142
1139
1143
1139
1139
1138
1135
1131
1139
1143
919
1142
1139
1139
1139
1131
1131
1134
1139
1142
1119
1135
1139
1131
1135
1139
1139
1142
1135
1143
1138
1142
1135
1143
1143
1135
1131
1139
1135
1135
1135
1143
1139
1135
1139
1135
1143
1143
1139
1139
1147
1131
1139
1139
1143
1139
1139
1135
1139
1135
1142
1139
1139
1142
1135
1139
1135
1139
1143
1142
1135
1143
1142
1135
1139
1147
1139
1139
1139
1139
1143
1135
1135
1135
1135
1139
1135
1142
1135
1139
1139
1135
1139
1138
1139
1139
1142
1139
1134
1135
1143
1139
1142
1135
1139
1135
1139
1135
1139
1143
1143
1139
1138
1131
1139
1142
1143
1139
1139
1139
1139
1139
1139
1138
1123
1138
1143
1135
1143
1135
1139
1139
1135
1139
1139
1151
1139
1135
1142
1139
1142
1139
1139
1139
1139
1135
1139
1138
1135
1139
1142
1139
1139
1139
1139
915
1143
1135
1139
1142
1143
1135
1143
1135
1139
1134
1139
1138
1139
1143
1131
1139
1139
1143
1147
1139
1135
1143
1135
1139
1139
1130
1143
1135
1143
1139
1139
1139
1138
1143
1139
1139
1143
1143
1138
1139
1139
1139
1143
1142
1127
1127
1139
1126
1143
1139
1143
1139
1135
1139
1143
1146
1143
1135
1139
1139
1146
1139
1131
1139
1139
1139
1143
1139
1139
1131
1131
1138
1139
1139
1139
1131
1139
1139
1139
1131
1139
1143
1139
1139
1130
1135
1142
1139
1131
1139
1142
1135
1142
1147
1139
1138
1135
1139
1135
1134
1139
1139
1138
1143
1135
1143
1135
1139
1147
1131
1143
1143
1135
1143
1139
1139
1135
1139
1142
1143
1139
1139
1143
1142
1135
1138
1135
1131
1143
1135
1139
1139
1138
1139
1139
1131
1139
1135
1142
1139
1139
1139
1123
1135
171
0
263
11
1058
2095
