1063
1059
1065
1065
1064
1063
1059
1065
1063
1063
1063
1062
1074
1065
1074
1061
1063
1069
1074
1059
1063
1065
1065
1065
1059
1063
1065
1067
1069
1066
1065
1060
1069
1059
1078
1063
1063
1065
1055
1059
1063
1060
1059
1059
1065
1062
1068
1059
1059
1063
1067
1067
1074
1059
1064
1062
1073
1059
1063
1066
1069
1055
1062
1063
1059
1059
1059
1062
1067
1063
1060
1066
1073
1059
1059
1063
1074
1070
1064
1063
1065
1059
1063
1065
1065
1059
1069
1065
1070
1074
1073
1065
1059
1063
1065
1062
1067
1060
1074
1074
1065
1066
1059
1059
1059
1059
1070
1078
1065
1063
1059
1073
1058
1063
1059
1060
1064
1075
1069
1059
1067
1059
1073
1078
1063
1062
1064
1058
1062
1065
1074
1055
1070
1064
1062
1082
1059
1059
1068
1063
1069
1065
1073
1071
1059
1063
1070
1067
1063
1063
1059
1059
1062
1060
1073
1071
1078
1062
1063
1059
1070
1063
1058
1067
1067
1065
1069
1065
1065
1065
1059
1066
1062
1063
1061
1069
1063
1071
1065
1067
1061
1066
1070
1070
1062
1069
1067
1063
1067
1074
1062
1060
1069
1063
1067
1061
1065
1059
1069
1074
1074
1065
1073
1065
1067
1069
1070
1074
1063
1059
1059
1067
1074
1063
1070
1074
1061
1065
1066
1067
1063
1059
1062
1063
1063
1065
1074
1059
1061
1065
1059
1065
1063
1069
1059
1059
1073
1063
1078
1074
1066
1070
1066
1074
1074
1066
1063
1065
1073
1062
1063
1063
1059
1073
1074
1058
1073
1059
1063
1059
1063
1062
1074
1065
1063
1074
1070
1065
1064
1059
1066
1055
1060
1065
1062
1061
1078
1067
1071
1065
1063
1063
1070
1065
1061
1066
1063
1065
1070
1065
1074
1070
1066
1070
1070
1059
1063
1066
1073
1071
1062
1051
1074
1064
1067
1058
1059
1067
1063
1065
1065
1066
1074
1071
1065
1063
1065
1065
1059
1071
1062
1059
1063
1063
1071
1058
1067
1066
1075
1065
1066
1059
1063
1069
1064
1070
1063
1055
1055
1060
1067
1065
1065
1074
1069
1067
1059
1074
1069
1069
1067
1058
1063
1059
1069
1067
1063
1059
1063
1055
1065
1070
1075
1067
1074
1071
1058
1059
1067
1058
1059
1063
1054
1059
1061
1069
1061
1065
1062
1063
1064
1069
1063
1063
1065
1063
1063
1055
1061
1063
1061
1077
1065
1062
1059
1074
1066
1059
1063
1059
1065
1065
1066
1069
1063
1070
1063
1059
1067
1063
1062
1065
1061
1067
1063
1065
1069
1074
1063
1065
1067
1067
1070
1061
1063
1055
1064
1065
1065
1059
1070
1071
1063
1061
1062
1070
1079
1069
1065
1070
1060
1065
1063
1060
1073
1069
1070
1063
1061
1059
1067
1074
1059
1066
1073
1065
1062
1063
1062
1063
1066
1071
1067
1059
1063
1070
1063
1065
1063
1066
1070
1063
1058
1065
1074
1064
1070
1063
1066
1069
1066
1062
1066
1070
1064
1063
1070
1058
1065
1071
1065
1061
1063
1069
1063
1059
1070
1059
1059
1065
1057
1074
1060
1070
1067
1065
1065
1065
1063
1067
1063
1073
1065
1059
1074
1071
1065
1065
1065
1059
1070
1059
1067
1059
1061
1065
1070
1062
1063
1069
1063
1065
1063
1067
1067
1061
1063
1059
1071
1066
1064
1066
1059
1064
1061
1065
1067
1065
1059
1073
1059
1059
1058
1059
1063
1065
1067
1063
1069
1064
1074
1066
1063
1061
1064
1063
1061
1063
1063
1067
1070
1065
1063
1067
1063
1064
1070
1063
1059
1063
1075
1074
1063
1065
1066
1065
1065
1061
1061
1065
1070
1059
1078
1063
1065
1065
1064
1070
1066
1061
1063
1078
1066
1065
1065
1062
1067
1066
1061
1063
1063
1065
1070
1063
1069
1066
1059
1066
1065
1067
1066
1061
1064
1059
1069
1062
1069
1059
1073
1058
1064
1063
1063
1062
1074
1064
1070
1069
1063
1069
1063
1065
1059
1063
1065
1065
1063
1059
1067
1065
1075
1065
1062
1065
1063
1063
1065
1059
1064
1062
1062
1066
1063
1064
1069
1060
1061
1071
1069
1063
1066
1069
1063
1059
1063
1067
1063
1059
1067
1062
1064
1070
1074
1059
1063
1059
1070
1059
1078
1062
1063
1066
1064
1071
1058
1074
1074
1059
1065
1070
1058
1077
1063
1070
1073
1061
1065
1061
1061
1063
1059
1069
1061
1063
1063
1062
1061
1062
1075
1065
1064
1074
1073
1078
1061
1059
1063
1062
1062
1059
1063
1071
1065
1061
1066
1069
1063
1055
1062
1061
1065
1059
1063
1062
1064
1073
1070
1065
1067
1063
1069
1078
1070
1058
1059
1078
1062
1078
1065
1059
1070
1067
1062
1059
1063
1058
1058
1063
1065
1059
1065
1063
1063
1063
1063
1074
1059
1071
1067
1064
1063
1057
1074
1070
1058
1064
1078
1067
1061
1073
1063
1065
1069
1063
1075
1067
1074
1059
1063
1059
1065
1062
1065
1063
1066
1066
1069
1065
1059
1059
1067
1070
1066
1074
1066
1070
1061
1063
1063
1065
1067
1059
1069
1063
1067
1067
1070
1070
1059
1065
1078
1064
1059
1063
1059
1070
1063
1067
1064
1063
1059
1067
1063
1066
1059
1063
1067
1061
1063
1059
1061
1062
1069
1063
1063
1068
1063
1063
1074
1063
1063
1063
1065
1063
1063
1065
1059
1075
1073
1067
1063
1056
1077
1065
1075
1059
1059
1067
1079
1071
1061
1067
1067
1063
1073
1066
1070
1063
1065
1069
1069
1065
1074
1061
1059
1063
1069
1063
1075
1063
1069
1063
1071
1059
1061
1069
1059
1062
1067
1078
1065
1068
1058
1063
1067
1068
1073
1063
1061
1059
1059
1059
1069
1070
1059
1063
1074
1062
1062
1063
1065
1070
1065
1060
1060
1071
1065
1067
1063
1063
1059
1063
1066
1059
1069
1065
1065
1073
1063
1063
1064
1063
1063
1067
1061
1059
1065
1062
1063
1070
1062
1064
1058
1063
1066
1063
1063
1063
1061
1067
1069
1065
1063
1070
1069
1058
1063
1059
1059
1065
1059
1059
1064
1070
1065
1062
1067
1055
1069
1069
1059
1069
1063
1061
1069
1059
1059
1063
1064
1070
1067
1063
1069
1066
1069
1065
1060
1063
1058
1062
1069
1059
1063
1070
1062
1063
1065
1060
1933
2119
674
1231
2038
1739
