455
2215
463
2143
459
2127
459
2155
459
463
463
459
455
395
455
2111
463
2243
459
455
455
2167
459
459
467
2115
467
2111
471
470
455
2107
459
2223
455
119
459
2107
451
463
459
2119
467
455
451
115
455
291
463
403
463
2139
459
2147
459
2123
471
467
459
403
467
2123
459
2151
467
2139
455
2155
467
459
459
2227
459
2115
459
2191
459
115
467
2259
455
459
459
2123
459
459
455
351
459
2155
462
2115
459
2175
463
2183
459
2191
459
2187
459
463
459
459
459
2123
455
463
462
463
459
455
455
2211
491
2243
459
415
459
2151
459
2183
459
118
463
471
455
2151
495
2103
459
287
455
2155
455
2155
467
2103
471
2139
467
2163
471
2175
467
403
459
295
467
459
455
463
463
119
459
2203
467
2215
463
455
351
2239
455
2111
467
463
467
2199
459
2175
463
466
463
463
463
2131
459
467
467
2143
459
415
467
2167
459
2183
455
455
455
459
459
2167
463
467
459
2187
459
299
459
2151
459
2151
471
2195
459
118
459
119
467
291
459
2139
463
2107
459
2159
459
351
463
2123
479
2111
467
2123
459
119
475
467
459
2255
467
119
463
459
463
467
455
2123
463
355
459
2239
459
2147
463
2191
459
359
455
347
455
407
471
2155
459
2267
459
2211
463
2167
455
467
459
359
463
2119
463
455
459
2179
455
2135
455
466
467
2207
459
2287
463
467
455
119
459
459
459
2115
471
291
459
2159
455
467
467
2119
459
2163
459
463
459
403
459
2163
471
2267
459
455
411
2310
515
2295
459
2219
579
2227
455
2119
463
347
459
2107
459
2207
455
459
455
2123
459
2155
459
2191
467
2171
463
2127
463
2243
458
2123
455
2175
467
455
458
2123
471
459
463
399
459
459
467
2255
467
2115
459
2223
459
459
463
2167
467
403
459
2151
459
2135
463
347
455
2219
463
2247
467
462
479
2167
459
115
471
463
463
347
462
2167
459
2170
462
2123
455
467
459
119
459
351
455
2219
463
347
463
295
463
2246
471
458
459
467
455
2167
455
2107
467
463
459
2139
455
346
467
2135
463
2247
467
2175
459
2191
471
2155
459
2147
455
347
463
455
411
2271
459
2127
467
291
459
2271
463
2191
463
2227
463
347
459
115
463
2143
463
2127
459
463
459
119
467
2227
463
2183
467
2154
455
2163
463
2139
459
2111
463
2203
471
2115
467
463
467
467
451
2183
459
2259
467
2371
467
2175
471
2119
455
2175
471
2219
459
343
459
299
455
459
459
455
463
471
455
463
471
2183
463
2247
471
459
463
359
459
455
462
467
463
455
459
459
471
459
459
459
463
471
463
459
459
459
463
467
455
471
455
463
463
467
467
463
459
459
459
459
467
475
463
467
471
458
459
463
459
459
459
459
455
451
459
455
463
467
467
463
459
455
463
463
463
459
459
467
471
467
471
467
459
467
463
459
463
455
459
459
459
455
463
463
291
467
459
467
459
459
459
459
463
463
451
459
459
459
459
459
459
459
2251
455
459
455
475
467
463
471
467
459
455
459
467
455
459
459
463
459
463
463
459
459
459
459
462
462
459
463
455
459
463
459
459
467
471
459
471
458
458
467
455
467
459
459
459
471
463
463
463
459
347
459
455
455
462
467
471
459
471
455
471
459
455
459
451
455
459
459
463
463
463
459
451
403
471
459
459
467
455
463
463
459
459
459
351
459
463
459
459
459
463
459
467
467
459
459
455
459
463
463
455
403
467
459
459
459
459
455
459
459
471
463
471
463
463
451
455
451
459
471
459
459
459
471
471
467
471
467
463
459
455
463
459
467
455
467
458
467
459
471
467
471
463
467
459
467
459
459
459
467
467
459
455
467
463
467
463
459
467
471
459
462
467
463
463
459
463
459
459
459
467
467
459
459
467
455
475
119
455
462
459
451
455
463
463
459
455
459
462
459
459
463
455
463
459
467
455
463
459
455
467
459
459
459
463
455
455
459
463
459
455
463
467
459
463
455
459
459
475
467
459
455
467
459
463
455
347
459
459
455
459
455
467
459
467
463
459
467
471
466
455
454
467
463
459
467
455
455
459
467
459
451
459
455
451
455
459
459
459
459
463
462
455
459
459
459
467
455
455
463
463
463
471
459
459
455
471
463
471
455
451
467
463
459
459
458
463
459
459
471
459
463
459
459
459
459
467
459
463
459
455
459
463
475
471
455
463
463
463
463
459
463
455
459
463
462
467
455
467
467
455
459
459
463
475
471
463
351
459
459
463
467
459
455
459
463
463
471
463
459
455
459
459
455
467
475
467
455
471
467
455
459
471
459
455
467
455
459
459
455
459
459
459
463
455
463
459
459
295
459
459
455
455
467
463
459
467
467
467
459
463
463
471
459
459
459
291
463
463
455
459
455
459
471
459
459
455
466
459
455
467
455
466
475
463
463
459
459
471
463
459
351
463
467
878
579
971
0
1895
863
