1087
1071
1071
1079
1074
1086
1067
1079
1082
1087
1087
1078
1071
1082
1087
1083
1083
1067
1075
1071
1070
1087
1079
1079
1085
1075
1075
1079
1090
1082
1087
1087
1087
1075
1075
1086
1071
1067
1075
1085
1083
1075
1086
1089
1079
1089
1079
1077
1083
1083
1079
1071
1071
1079
1071
1075
1083
1071
1087
1081
1074
1067
1071
1083
1075
1085
1067
1082
1074
1090
1075
1078
1093
1067
1087
1090
1085
1085
1083
1071
1081
1071
1081
1090
1078
1071
1083
1082
1083
1081
1081
1075
1087
1075
1071
1071
1071
1070
1071
1082
1070
1075
1081
1087
1074
1078
1083
1087
1086
1071
1071
1075
1083
1075
1079
1075
1087
1071
1093
1075
1093
1077
1087
1075
1083
1083
1083
1075
1074
1085
1082
1075
1071
1079
1087
1083
1071
1086
1070
1087
1079
1083
1086
1071
1071
1086
1087
1071
1086
1067
1071
1071
1074
1075
1087
1087
1083
1067
1089
1094
1085
1067
1079
1075
1091
1075
1079
1071
1083
1083
1070
1075
1087
1090
1075
1086
1086
1071
1086
1075
1091
1071
1087
1083
1079
1086
1075
1083
1078
1085
1082
1075
1089
1071
1075
1086
1083
1082
1093
1083
1075
1071
1067
1087
1087
1075
1071
1067
1083
1087
1071
1083
1078
1067
1087
1078
1074
1071
1086
1075
1071
1087
1089
1079
1071
1089
1093
1071
1075
1093
1087
1075
1086
1089
1075
1079
1074
1082
1083
1078
1083
1081
1087
1067
1075
1078
1067
1083
1075
1071
1083
1082
1070
1087
1079
1079
1071
1081
1087
1086
1075
1087
1082
1075
1086
1085
1087
1085
1090
1082
1082
1086
1074
1075
1083
1075
1083
1082
1070
1074
1070
1083
1078
1067
1089
1083
1074
1078
1071
1070
1067
1083
1071
1085
1070
1078
1082
1079
1078
1081
1075
1067
1087
1071
1087
1071
1075
1079
1075
1071
1079
1083
1071
1083
1087
1075
1075
1079
1071
1075
1089
1086
1079
1087
1091
1086
1079
1075
1078
1079
1079
1087
1087
1078
1085
1083
1074
1067
1087
1089
1083
1079
1079
1075
1083
1071
1079
1087
1075
1071
1083
1083
1083
1079
1083
1085
1083
1083
1079
1079
1075
1075
1075
1071
1082
1082
1083
1083
1075
1085
1083
1071
1067
1071
1085
1082
1093
1071
1071
1067
1070
1075
1087
1071
1090
1089
1083
1079
1075
1079
1079
1079
1071
1094
1071
1075
1079
1079
1075
1079
1070
1067
1083
1071
1070
1085
1079
1087
1083
1079
1071
1079
1070
1083
1071
1087
1075
1071
1074
1085
1075
1075
1094
1089
1075
1071
1087
1075
1090
1075
1086
1075
1071
1075
1083
1079
1083
1079
1083
1075
1089
1078
1083
1075
1086
1075
1090
1067
1079
1071
1079
1071
1070
1090
1071
1067
1082
1079
1074
1086
1082
1090
1071
1079
1079
1075
1077
1071
1090
1071
1074
1083
1071
1079
1094
1071
1083
1075
1074
1087
1071
1089
1086
1082
1082
1089
1075
1079
1083
1083
1087
1087
1079
1075
1083
1083
1079
1071
1087
1079
1086
1075
1071
1074
1079
1086
1071
1071
1086
1067
1070
1087
1087
1086
1083
1075
1075
1079
1078
1075
1071
1079
1071
1071
1083
1079
1083
1083
1075
1083
1083
1079
1079
1094
1078
1087
1090
1075
1087
1079
1086
1081
1089
1075
1071
1071
1086
1078
1071
1093
1075
1087
1094
1071
1075
1078
1082
1071
1075
1090
1087
1094
1087
1075
1083
1071
1078
1070
1075
1075
1075
1087
1090
1075
1078
1071
1083
1093
1087
1074
1071
1087
1083
1070
1089
1083
1082
1087
1079
1079
1085
1071
1081
1082
1079
1087
1082
1089
1082
1071
1071
1086
1081
1078
1074
1086
1075
1077
1082
1071
1075
1087
1089
1082
1082
1082
1087
1079
1075
1090
1075
1085
1087
1081
1070
1079
1075
1089
1075
1086
1079
1075
1075
1071
1074
1075
1083
1087
1087
1087
1074
1075
1087
1071
1082
1074
1089
1091
1087
1083
1091
1082
1087
1086
1090
1089
1087
1089
1086
1071
1082
1082
1075
1082
1071
1075
1075
1083
1078
1070
1071
1087
1075
1071
1073
1090
1082
1078
1079
1067
1087
1074
1082
1083
1086
1086
1083
1070
1083
1071
1079
1075
1079
1083
1075
1083
1071
1094
1075
1082
1078
1071
1086
1085
1085
1083
1093
1083
1083
1082
1078
1071
1079
1086
1087
1085
1071
1070
1085
1071
1079
1067
1089
1089
1071
1074
1075
1079
1087
1083
1079
1070
1071
1077
1070
1075
1079
1082
1067
1071
1079
1087
1085
1087
1082
1075
1070
1075
1082
1079
1075
1071
1089
1079
1093
1083
1093
1079
1086
1075
1078
1071
1079
1075
1071
1082
1081
1083
1083
1079
1085
1071
1082
1081
1087
1086
1089
1071
1075
1075
1086
1083
1086
1071
1079
1087
1075
1079
1070
1090
1083
1079
1089
1093
1083
1083
1090
1093
1070
1079
1074
1075
1079
1083
1083
1075
1071
1087
1079
1074
1079
1071
1075
1075
1078
1074
1075
1075
1082
1075
1070
1070
1091
1067
1067
1075
1074
1091
1083
1070
1075
1090
1071
1067
1087
1082
1078
1074
1089
1075
1082
1082
1082
1086
1078
1085
1082
1089
1079
1079
1083
1086
1087
1089
1087
1075
1079
1079
1086
1079
1067
1083
1086
1085
1075
1087
1085
1087
1086
1083
1067
1087
1083
1087
1070
1071
1075
1075
1093
1090
1079
1071
1075
1075
1087
1075
1081
1079
1075
1098
1086
1067
1086
1075
1087
1075
1082
1089
1071
1075
1075
1071
1090
1075
1075
1075
1071
1089
1090
1079
1079
1082
1078
1083
1071
1075
1089
1090
1078
1089
1083
1089
1079
1078
1075
1071
1079
1079
1079
1085
1079
1071
1086
1074
1074
1090
1075
1087
1075
1079
1083
1075
1086
1071
1087
1087
1090
1075
1089
1071
1087
1079
1079
1079
1075
1094
1091
1079
1079
1087
1078
1074
1078
1085
1086
1078
1071
1091
1071
1093
1071
1078
1083
1087
1090
1075
1086
1087
1078
1071
1071
1081
1075
1083
1074
1071
1079
1090
1071
1075
1070
1075
1085
1079
1075
1085
1079
1074
1085
1083
1078
1074
1087
1075
1089
1075
1087
1083
1087
1074
1079
1086
1071
1071
1075
1083
1075
1077
0
703
2121
247
63
1651
