319
579
319
658
247
615
479
542
407
567
451
547
395
655
535
603
266
543
375
450
363
598
279
479
287
611
307
586
431
567
463
479
287
594
423
679
455
490
439
519
555
642
523
643
294
571
302
727
419
583
342
663
311
510
454
707
403
575
399
551
503
623
627
683
459
535
391
631
391
511
426
523
383
595
367
683
411
775
411
559
591
587
267
603
407
647
415
683
423
603
435
607
435
559
427
651
519
547
519
503
323
551
311
443
311
547
431
571
307
599
450
535
475
427
262
527
434
483
447
491
331
587
367
611
447
619
386
479
483
539
487
546
410
479
371
671
319
663
351
570
423
578
351
559
479
451
463
486
523
515
434
491
279
687
310
627
355
470
431
531
503
643
483
519
175
683
315
558
447
499
395
595
347
623
470
595
379
471
403
594
439
550
499
422
331
615
414
619
227
475
423
622
471
615
323
459
491
575
251
639
395
554
367
514
486
595
366
619
322
690
406
547
395
635
311
551
307
486
339
647
358
523
443
502
330
491
451
507
339
447
315
647
427
594
383
567
359
651
407
619
387
447
239
595
435
447
459
438
379
570
303
611
311
535
359
503
466
571
327
479
339
710
463
478
439
511
362
550
499
587
403
735
395
594
403
559
423
423
259
526
379
542
283
615
367
538
331
599
358
703
462
595
299
651
355
523
219
450
262
654
387
595
431
602
299
599
367
651
258
542
478
658
370
522
343
478
555
527
374
566
567
551
431
562
403
615
374
578
275
618
331
551
395
655
499
750
335
539
387
659
415
539
358
519
459
507
411
455
311
634
447
691
467
467
403
699
247
502
283
646
451
515
358
567
239
451
379
555
327
627
579
539
414
502
355
659
515
470
471
591
390
647
655
531
515
483
383
739
343
463
167
599
355
435
327
507
303
711
579
687
207
607
383
639
403
555
443
443
307
559
363
458
355
503
419
575
287
487
339
555
547
419
459
543
486
547
435
591
451
539
415
638
262
555
363
611
331
522
414
503
335
479
423
427
167
574
531
495
555
499
407
635
491
502
235
655
547
567
299
639
315
527
338
622
343
627
399
559
411
630
355
687
379
498
435
431
443
587
355
718
283
547
459
651
423
526
358
566
335
674
214
630
290
551
295
507
247
303
87
367
35
307
39
483
191
511
322
527
435
459
395
334
531
331
363
278
387
422
371
387
278
355
303
315
195
291
391
374
379
475
427
371
347
339
343
203
275
338
367
334
407
311
574
326
327
371
455
203
263
299
371
395
394
411
295
415
483
250
371
266
483
491
443
311
359
306
247
279
339
194
314
239
255
322
331
315
287
463
411
343
483
434
262
363
347
386
327
231
363
483
315
303
303
451
222
411
303
359
359
199
391
279
331
247
355
407
283
295
363
467
403
338
371
371
323
347
335
298
466
198
374
275
431
291
387
375
423
411
347
491
123
282
323
455
339
223
314
355
370
346
370
411
323
314
402
227
503
319
403
255
382
271
347
383
383
254
366
291
399
295
451
215
427
263
459
299
395
395
443
259
482
219
459
430
383
431
383
87
331
255
451
394
323
415
307
503
322
327
419
251
250
195
323
322
490
198
383
311
415
115
275
367
459
311
315
379
506
374
315
455
335
347
338
275
307
379
398
399
335
367
415
186
423
271
415
327
291
407
483
370
267
251
271
279
286
238
287
311
391
370
394
467
603
347
263
331
247
214
395
327
403
370
495
446
475
375
295
163
359
387
439
135
422
243
271
255
267
218
367
495
451
371
407
211
298
403
359
223
371
298
327
355
291
263
471
311
282
410
295
447
307
350
387
431
427
310
275
471
271
363
299
307
407
347
175
447
411
351
495
367
271
279
319
374
163
343
227
451
315
363
211
275
186
539
383
391
471
394
243
359
254
339
378
418
319
351
319
211
287
207
439
455
315
359
483
411
323
275
446
259
467
323
518
318
462
251
303
327
379
335
434
314
467
331
362
391
451
378
247
386
423
319
347
311
295
547
387
339
327
435
311
447
447
295
315
342
175
266
299
427
375
431
395
278
427
307
427
387
359
379
511
311
399
243
330
315
263
267
199
302
387
231
363
431
287
310
287
307
327
379
367
403
223
315
315
338
462
250
287
343
315
230
343
307
443
375
287
327
319
335
374
215
335
255
411
310
383
267
291
387
358
423
411
382
383
307
379
327
223
279
371
287
391
395
443
539
291
263
363
463
406
403
323
379
371
175
435
379
447
487
447
343
367
342
375
371
367
259
215
450
346
358
399
494
446
383
271
299
343
295
327
399
318
227
479
547
246
347
423
395
270
335
347
423
191
314
319
175
167
199
351
143
250
523
