635
901
787
885
717
1017
668
856
591
913
567
730
835
915
613
825
675
674
763
887
717
778
705
876
650
890
617
913
778
963
639
879
751
999
657
767
659
747
589
926
760
1075
823
966
701
907
673
742
781
798
623
918
782
738
629
895
624
975
769
790
603
958
765
931
704
960
682
891
823
812
699
779
695
1038
726
875
633
906
767
871
614
891
771
899
801
821
734
910
638
855
806
742
859
931
675
912
651
861
583
807
623
857
673
826
729
817
762
909
545
831
815
863
652
871
742
838
959
890
699
995
773
811
695
995
659
969
809
931
731
771
756
831
723
734
679
868
650
906
602
923
783
903
838
883
721
895
675
915
771
898
825
895
683
884
666
789
671
939
706
869
765
878
863
827
606
977
843
826
550
877
590
843
825
812
719
845
817
865
774
865
641
898
473
963
719
933
686
847
631
895
637
917
682
901
547
759
663
857
611
829
631
891
602
923
565
865
675
784
590
983
603
997
708
963
773
897
794
885
643
830
625
963
707
1003
617
903
737
839
790
874
642
951
619
847
625
1014
777
811
722
911
675
831
727
945
635
874
779
887
551
899
690
795
527
900
687
943
730
779
687
915
564
833
713
918
559
1014
673
902
747
893
831
933
722
857
669
846
766
933
606
754
713
837
819
902
788
823
823
910
836
877
705
907
643
1078
617
835
738
883
750
947
662
969
647
947
493
853
649
827
655
925
738
973
771
801
638
931
619
956
653
850
756
935
745
973
591
863
734
1039
570
829
725
1013
714
981
710
950
703
975
678
920
566
767
661
799
586
793
723
927
719
898
783
859
597
932
639
855
702
829
670
953
590
985
564
801
591
985
655
794
673
889
729
937
709
1030
709
1036
742
791
746
854
645
965
686
778
701
832
803
1004
651
1025
648
659
511
786
695
919
789
1033
518
1080
719
927
841
967
645
859
621
841
562
832
672
934
685
799
687
966
717
932
505
881
692
929
674
1007
629
857
647
857
663
838
749
959
735
957
791
826
729
989
690
919
763
879
634
888
693
939
640
950
646
935
589
977
677
803
730
886
605
893
679
967
679
797
763
1027
681
855
635
675
662
936
762
855
643
878
657
921
627
906
765
982
780
927
758
911
789
717
715
910
833
881
598
935
650
871
572
787
639
891
408
623
462
625
376
846
554
733
594
901
570
821
647
626
575
775
723
774
615
814
657
527
809
620
599
789
618
606
631
767
783
645
661
770
709
787
703
802
635
791
657
567
737
647
717
645
735
659
915
684
717
684
754
562
618
655
831
627
663
677
693
689
614
575
701
722
611
595
659
668
800
709
663
717
772
622
646
731
614
582
881
594
669
761
680
633
677
659
825
611
613
699
648
658
594
773
768
693
630
662
567
632
525
654
681
701
640
811
605
576
746
597
737
646
779
747
631
598
603
522
741
629
730
626
606
722
728
652
647
595
765
798
771
552
707
519
691
646
467
635
730
617
630
667
863
733
719
619
602
797
665
669
786
679
760
615
621
629
733
674
831
611
763
698
691
738
643
589
639
682
575
610
602
763
654
740
682
535
743
749
726
774
805
722
481
614
709
725
699
819
770
587
659
675
692
711
664
655
631
521
654
730
659
674
751
532
840
620
652
758
740
685
737
607
734
901
575
715
802
617
698
563
727
629
746
687
699
665
655
551
728
726
649
619
631
603
577
682
729
583
657
767
671
747
707
683
611
491
620
648
755
843
653
729
805
695
674
537
719
753
683
702
661
717
507
614
745
738
759
640
704
662
665
681
685
693
519
622
725
573
646
780
651
641
682
624
667
621
699
657
897
615
763
515
607
598
581
685
599
529
699
532
662
659
838
615
659
670
708
606
668
730
728
627
616
545
635
799
739
656
707
686
629
601
649
655
782
695
638
650
697
635
688
514
661
675
633
679
541
583
530
602
532
687
616
601
666
556
647
691
709
445
667
527
642
711
627
692
596
738
683
582
639
725
567
645
727
639
725
642
733
591
623
571
654
751
651
522
553
595
655
657
668
684
665
586
806
654
611
681
725
510
673
661
639
662
621
695
634
666
682
611
770
611
515
643
763
599
689
667
619
717
596
526
626
659
676
777
701
651
533
547
771
743
615
705
667
663
567
799
693
842
727
614
677
691
627
571
687
671
596
611
589
591
739
661
690
617
785
547
731
797
733
539
622
487
682
638
671
765
677
619
826
735
610
647
715
503
448
581
651
631
589
741
611
511
747
614
611
707
707
599
564
663
750
638
720
595
656
711
726
581
662
619
534
744
707
663
803
603
626
693
723
622
710
684
646
518
575
674
731
715
679
626
571
595
459
556
665
632
440
626
511
628
641
881
