1018
1115
1079
1159
963
1103
955
1215
867
1015
1079
1155
999
1163
1043
1019
979
1183
967
1159
970
1211
903
1163
975
1163
919
1199
891
1071
883
1206
799
1122
910
1031
879
1135
1003
1159
927
1070
879
1063
923
1275
926
1098
855
1183
947
1159
791
1099
987
1091
799
1211
999
1271
975
1083
1027
1203
947
1131
979
1191
907
1115
883
1198
942
1207
955
1115
1027
1095
911
1063
1131
1243
978
1103
811
1099
878
1111
874
1171
839
1171
943
1123
1010
1315
1078
1167
1023
1147
927
1167
1031
1286
1019
1167
975
1147
959
1183
891
1219
1019
1247
963
1303
871
1155
1011
1171
863
1095
803
1023
963
1079
915
1103
935
1151
935
1295
859
1139
1023
1242
791
1055
923
1179
847
1131
791
1179
891
1015
919
1203
835
1159
1131
1287
1107
1227
1051
1207
891
1119
959
1107
919
1159
971
1031
1075
1099
950
1167
951
1131
914
1174
954
1075
915
1262
863
1158
1003
983
891
1191
827
1139
1043
1011
907
1087
863
1139
895
1215
1235
1055
907
1059
882
1079
907
1107
995
1087
951
1127
955
1163
855
1159
1167
1151
907
1110
855
1094
959
1170
923
1070
1031
1171
791
1103
999
1247
922
1287
1103
1259
1007
1115
751
1066
903
1146
971
1159
875
963
954
1222
899
1151
939
1251
815
1107
1015
1147
959
1039
863
1163
902
1195
946
1207
1083
1095
1082
1311
971
1195
1035
1047
1015
1130
1155
1107
911
1223
1107
1163
887
1246
963
1347
915
1247
894
1099
739
1167
931
1110
935
1159
931
1239
975
1071
855
1115
963
1367
1039
1123
831
1206
923
1219
1007
1175
935
1311
943
1163
830
1079
971
1279
959
1219
779
1255
1030
1039
959
1219
967
1403
927
1131
915
1183
899
1123
1075
1359
963
1043
1015
1291
915
971
847
1099
887
1051
1003
1155
982
1231
963
1170
971
987
1051
1147
979
1095
847
1231
963
951
919
1123
1019
1035
907
1234
995
1147
979
1191
883
1307
983
1099
987
1267
907
1287
1031
1243
839
1119
951
1103
943
1182
771
1095
990
1179
931
1095
1031
1167
1023
1179
751
1087
903
1178
911
1267
842
1146
891
1151
975
1283
999
1107
891
1175
831
1107
903
1151
858
1275
939
1135
947
1099
779
1231
1179
1067
903
1107
1067
1243
859
1239
887
1095
839
1227
894
1207
1026
1095
1031
1255
1099
1231
954
1187
935
1067
943
1203
823
1095
1019
1111
791
1219
895
1215
943
1243
943
1183
915
1147
1070
1122
930
1146
975
1235
1099
1163
1087
1275
1039
1107
947
1067
915
1307
1067
1107
975
1034
959
1323
827
1199
1035
1091
959
1171
879
1219
727
1039
842
1231
1055
1019
1035
1171
1043
991
643
867
643
695
470
1015
831
1087
1031
1151
979
1091
923
862
935
1003
903
783
1019
875
871
826
955
743
995
931
823
1047
1051
623
1007
859
927
975
747
923
803
1031
983
1015
991
955
991
851
1071
875
979
855
915
923
1003
795
947
902
1011
951
967
955
943
838
818
947
1083
942
963
979
1019
1447
1091
887
875
882
967
887
931
918
843
903
1055
863
971
739
935
735
738
851
867
915
991
979
927
431
983
942
991
791
691
855
882
975
511
983
847
939
963
859
779
959
939
635
567
1083
247
858
1395
935
1187
939
911
943
943
943
943
943
943
943
943
943
943
943
943
943
943
943
943
943
943
943
943
943
943
943
943
943
943
815
903
1443
890
847
935
874
651
1231
1031
835
899
907
887
951
783
923
951
791
891
863
943
867
455
903
982
939
979
1047
859
854
891
734
863
639
850
910
915
863
1219
0
846
1031
935
931
975
859
1079
911
883
903
815
814
803
890
927
859
851
835
807
859
899
1035
839
819
927
863
847
867
1003
914
815
939
1071
895
775
899
847
843
843
907
1011
879
939
939
1207
1023
923
823
1251
899
1031
923
1027
827
1051
903
967
863
898
855
931
795
827
983
783
755
859
1031
1055
979
1027
911
994
907
951
875
971
959
811
871
863
959
891
951
843
943
826
783
855
939
903
927
851
1075
1023
819
967
1355
1030
799
911
783
951
771
1055
1011
903
799
995
1127
1067
979
958
779
819
743
979
951
1023
787
907
895
979
919
927
843
971
1071
843
918
895
867
1031
975
963
795
939
847
767
911
915
823
851
854
903
915
983
919
923
971
707
922
991
871
899
803
1155
899
954
822
991
843
923
919
939
915
739
995
939
719
955
935
990
883
867
863
799
943
927
895
895
979
987
919
967
887
779
839
975
935
935
838
807
979
939
907
931
923
967
1051
851
843
859
895
1099
911
831
883
975
879
859
839
1007
915
927
1006
987
1027
847
815
919
867
939
955
1035
910
847
891
955
767
943
863
1023
751
846
842
959
883
887
883
1015
907
1047
883
999
927
827
931
959
759
935
899
859
967
939
863
911
870
979
942
895
971
1019
967
963
923
891
815
1011
995
863
907
959
1055
915
979
871
958
1075
979
899
895
855
959
934
903
867
943
919
1015
867
943
859
847
883
955
959
1035
914
831
771
927
910
918
1027
775
1067
927
1170
871
927
947
922
1047
895
843
1031
835
915
951
899
847
939
1055
951
891
823
823
1111
899
886
862
915
919
975
790
963
995
1027
1307
