762
970
809
931
788
973
597
1084
671
959
825
941
673
969
626
859
656
968
597
1025
831
964
828
731
737
1023
625
958
751
975
785
909
847
1015
815
1137
741
1007
857
938
847
904
848
923
722
978
809
995
761
1025
891
984
836
914
757
918
713
812
763
1011
636
967
770
951
831
918
802
978
839
841
811
1045
916
967
821
961
739
923
646
994
775
938
845
873
790
990
722
975
710
1045
838
853
686
822
787
993
713
1003
711
943
672
810
711
919
705
1054
876
951
617
922
824
931
821
850
877
1049
894
923
919
823
812
973
659
1007
776
850
707
902
786
993
771
1026
841
837
739
1094
786
951
609
961
840
903
667
865
974
1013
786
938
815
877
678
996
783
1001
741
875
767
1051
675
983
691
891
764
956
748
917
699
979
729
959
771
1083
776
1018
817
1071
817
1009
770
962
713
921
707
803
703
931
729
998
628
961
883
921
870
959
747
963
851
919
851
902
700
1093
707
863
714
936
642
904
802
880
725
958
623
837
703
936
784
847
758
953
661
1271
802
946
723
983
785
1025
774
835
698
914
783
1034
647
915
798
867
666
983
701
911
862
1009
799
971
722
887
735
760
711
954
738
857
591
987
829
1022
795
1001
731
882
723
1057
707
951
771
1138
723
1014
759
1063
771
925
837
947
713
1122
747
904
771
1194
870
845
651
903
711
876
769
1029
847
1079
755
1045
579
1032
629
1022
714
1161
642
990
698
958
519
1035
811
967
826
985
662
915
729
981
833
907
747
860
729
952
755
970
809
854
684
969
659
918
855
909
629
1025
763
1071
759
868
611
903
851
978
881
875
801
895
777
1056
711
884
805
978
831
889
861
1048
762
969
658
961
751
967
767
873
763
1178
589
913
960
953
835
854
921
1007
946
1025
696
944
750
977
782
976
793
1086
651
856
697
994
754
815
557
939
798
943
599
794
716
1034
893
873
718
874
769
969
791
957
626
1035
893
879
744
925
802
831
718
943
871
879
827
967
775
969
711
965
729
994
691
887
737
975
674
975
752
1018
672
793
748
1015
887
972
833
921
735
990
778
935
882
955
662
1053
657
950
657
1082
817
1007
743
994
861
937
721
903
707
799
811
1034
623
839
782
997
731
939
913
1019
773
1066
779
1023
598
919
777
1014
683
1137
793
879
945
799
791
935
779
990
903
998
851
933
753
984
827
866
521
771
343
705
632
961
705
887
843
940
659
1173
738
754
791
690
771
672
669
795
715
793
635
770
677
683
817
719
760
803
772
598
650
673
759
732
749
733
707
719
774
702
644
815
758
729
758
709
760
732
638
731
730
749
777
779
672
726
780
649
921
647
905
803
1095
564
1131
819
575
791
642
621
758
663
801
747
1211
463
493
778
723
877
698
650
679
759
233
817
1053
170
606
623
727
671
442
859
749
662
746
574
614
607
647
638
667
710
297
800
718
705
675
175
800
723
797
723
622
655
723
909
909
909
909
909
909
909
909
909
909
909
909
909
909
909
909
909
909
909
909
909
909
909
909
909
909
799
787
242
767
767
734
757
662
524
743
667
730
896
775
638
787
1235
676
975
839
661
721
573
758
551
701
695
888
699
663
1453
592
851
1386
710
791
254
714
747
539
674
718
784
682
871
631
635
793
698
755
157
755
707
790
733
579
757
827
711
695
709
735
758
730
671
0
666
745
608
750
636
764
751
791
803
866
733
788
779
735
515
607
690
798
769
747
702
626
778
606
571
767
761
832
733
675
729
831
1009
695
703
830
827
656
598
655
629
786
634
879
681
642
633
843
833
805
660
718
789
695
816
662
643
730
737
495
848
691
598
669
749
773
775
545
770
569
696
663
769
795
647
711
799
1031
781
732
651
843
793
654
641
560
782
723
813
680
737
705
783
754
803
709
642
747
771
725
571
774
663
763
803
686
619
663
725
797
690
769
595
846
587
649
668
654
637
718
663
643
702
639
679
759
644
782
694
789
577
821
736
754
758
602
778
848
731
746
737
706
783
791
789
743
788
670
615
774
735
727
724
801
722
649
859
770
814
743
732
793
563
690
694
677
869
760
679
831
608
695
713
649
725
697
855
845
813
835
633
682
755
695
601
763
769
555
802
631
775
800
762
841
667
730
640
704
739
714
759
711
734
738
856
567
803
785
644
827
807
683
699
851
743
731
667
806
787
726
610
742
607
705
690
707
635
755
701
654
733
743
672
686
826
613
779
814
703
808
754
809
821
775
853
673
650
693
659
790
609
683
622
671
711
734
614
703
618
759
726
763
583
852
634
749
605
713
627
848
789
644
825
735
834
662
574
735
634
666
669
713
791
700
647
773
633
771
706
714
633
825
723
602
749
747
686
783
778
738
611
746
627
883
735
760
683
623
605
713
477
718
734
607
802
