709
802
727
735
653
997
687
869
674
802
758
879
602
865
663
819
723
831
746
901
617
895
669
806
698
779
603
903
730
849
666
979
663
915
687
770
599
711
573
753
628
732
567
883
793
825
687
945
738
861
767
835
662
852
642
930
806
893
646
919
595
825
559
895
746
741
599
827
849
810
492
858
663
1030
594
823
675
890
558
963
725
915
731
930
823
961
779
934
615
843
510
895
656
767
741
911
639
907
609
785
625
868
616
707
582
1047
603
811
618
800
589
887
679
799
674
802
523
761
692
833
583
851
583
805
647
847
625
919
749
889
723
933
779
1022
742
937
638
839
642
839
777
834
722
975
578
935
647
987
645
921
676
731
587
837
715
843
756
813
807
1041
633
903
653
635
865
808
651
917
639
877
725
806
707
803
855
893
705
804
554
805
620
751
685
823
687
849
675
945
853
667
640
1023
694
822
593
879
798
984
659
804
589
942
861
710
687
804
734
901
671
766
755
813
655
907
719
779
673
874
655
881
599
946
679
833
590
799
770
931
774
937
698
747
623
838
622
863
939
807
701
835
661
727
666
1006
537
791
555
843
769
953
731
1085
585
815
717
909
718
886
706
975
691
877
578
1045
494
783
694
841
719
941
709
871
753
967
712
793
695
866
742
759
698
863
737
827
807
928
675
857
806
753
713
981
711
867
657
755
752
819
626
833
662
961
735
1050
684
816
695
990
663
872
658
875
701
887
678
757
715
818
654
972
675
963
746
856
765
975
641
795
662
823
621
843
758
885
737
705
810
963
702
861
695
969
497
967
677
911
604
850
681
805
663
903
681
931
731
907
569
775
631
1060
729
854
790
923
731
743
659
784
703
895
727
969
669
1001
818
861
653
871
619
1050
542
942
742
863
833
969
680
905
786
939
720
803
647
813
575
781
761
815
675
909
685
755
675
823
607
893
603
793
497
806
718
913
685
899
809
831
825
906
742
906
730
909
673
738
645
918
669
710
730
867
663
965
607
825
639
805
675
883
747
913
713
795
522
911
731
877
669
751
714
846
693
975
634
937
630
899
770
878
631
813
688
867
718
840
729
946
741
941
591
807
787
803
781
967
675
1010
681
900
689
977
717
995
761
982
687
982
645
867
743
826
691
989
710
779
758
917
639
770
345
616
469
610
309
793
703
846
654
787
638
917
626
509
730
637
633
639
650
527
615
611
706
631
736
607
597
850
693
802
648
713
577
727
762
782
639
639
459
687
587
522
655
649
729
635
715
751
634
647
631
627
631
645
531
550
609
683
650
797
562
639
687
582
687
603
623
631
731
465
548
541
639
677
699
495
793
726
739
621
575
743
575
775
627
638
659
718
725
542
605
543
671
611
575
724
573
753
703
597
541
502
700
659
519
730
704
613
497
669
781
731
614
633
718
686
749
715
0
572
553
660
758
719
679
675
523
694
603
650
695
547
639
171
738
555
679
642
597
549
814
595
701
803
693
618
615
565
578
662
582
691
671
657
483
587
629
567
633
577
671
765
693
663
669
681
699
531
603
644
641
639
794
621
614
608
779
723
478
654
675
445
617
619
697
551
493
574
569
720
571
695
573
667
627
587
737
627
519
465
654
605
832
663
551
642
635
685
831
667
781
679
639
723
601
514
761
665
563
691
595
682
591
523
699
738
766
561
655
616
479
698
695
594
577
641
712
587
676
650
625
627
624
671
825
686
685
538
526
733
751
563
660
821
783
581
540
671
687
661
647
529
773
642
671
725
626
727
521
706
730
616
658
618
549
543
781
517
617
675
570
685
721
735
705
671
687
706
686
563
609
653
563
657
578
627
707
603
716
609
632
674
787
633
634
613
619
611
605
641
729
575
579
661
706
658
651
681
702
537
618
645
673
686
599
507
596
602
645
601
610
583
623
498
675
691
463
674
669
714
658
667
542
645
751
595
803
634
534
607
599
591
657
729
623
678
645
678
587
506
653
697
583
559
573
587
771
570
629
631
531
662
561
648
681
641
718
743
610
709
619
775
632
613
737
620
655
682
558
527
643
575
587
619
671
667
578
640
694
589
735
593
675
697
738
585
738
747
753
686
722
470
621
727
734
739
715
662
566
795
678
551
541
611
623
647
635
562
727
587
713
689
712
542
589
567
610
581
619
698
711
692
652
653
651
631
652
575
731
690
787
631
734
573
712
495
529
511
670
744
491
719
700
751
619
604
557
634
603
619
777
650
633
625
649
770
736
596
737
731
651
602
635
686
617
766
543
549
745
535
578
479
689
682
607
686
554
569
605
691
741
513
783
620
511
647
634
611
541
655
685
825
470
520
522
626
558
717
650
785
621
517
627
559
754
741
