486
655
583
811
579
723
566
751
543
638
451
719
443
710
495
763
466
699
423
711
647
798
446
603
523
791
439
778
471
839
535
687
659
839
423
695
519
726
471
727
534
766
631
659
529
631
515
818
561
795
602
671
451
834
495
647
407
697
642
719
475
631
523
730
391
839
506
687
583
651
539
695
487
687
398
651
546
707
463
739
626
846
555
655
439
679
523
687
566
674
503
686
491
855
619
643
731
751
451
811
418
674
481
734
495
822
439
723
479
663
386
551
531
654
471
663
518
539
654
831
650
642
511
763
454
630
494
871
475
758
387
698
411
726
487
759
425
561
551
787
439
819
578
795
459
903
450
734
438
623
474
747
474
831
465
627
567
846
539
767
535
717
495
775
611
594
466
615
603
815
463
754
655
703
523
606
439
723
571
794
669
510
305
714
574
671
567
723
443
634
402
842
443
783
511
839
503
763
655
730
527
663
579
662
667
615
523
771
407
674
634
598
491
663
430
831
435
638
443
686
522
671
554
811
383
827
463
763
491
675
435
711
415
662
483
731
493
594
458
859
562
827
575
655
535
699
623
734
443
819
458
722
454
755
406
786
405
742
639
802
471
739
479
835
451
681
534
601
393
566
414
787
606
763
503
658
402
642
519
758
414
786
482
723
583
766
567
715
671
842
519
782
643
782
423
766
563
654
446
803
702
538
587
615
543
707
434
762
678
659
458
843
607
770
549
671
423
906
447
747
499
619
590
739
515
679
515
775
535
695
398
698
466
587
491
915
643
754
467
739
551
667
466
787
447
635
489
745
655
659
510
719
627
723
485
635
659
663
370
822
575
627
463
727
587
711
475
826
558
811
455
770
615
747
591
579
446
682
403
655
379
783
571
743
579
775
631
798
495
811
459
890
419
749
403
871
603
695
583
799
507
731
523
831
527
779
511
770
403
602
483
611
335
682
539
674
471
787
546
638
615
703
541
695
434
731
479
679
438
779
559
879
446
787
555
599
302
695
534
699
567
726
539
722
442
610
491
755
595
691
587
747
495
759
510
706
351
778
411
646
491
651
559
671
571
647
391
699
487
742
639
675
430
590
502
831
527
703
567
795
451
755
598
699
415
698
591
787
394
827
483
694
537
726
526
766
483
639
386
403
299
410
35
755
598
718
671
698
459
751
531
451
551
474
467
507
485
567
503
567
318
451
599
563
455
547
511
550
525
547
522
491
647
626
535
498
534
397
399
465
679
479
422
330
543
515
367
503
371
487
511
303
418
538
491
483
443
535
511
423
557
563
398
539
649
387
479
439
363
473
435
523
582
413
419
427
471
595
439
483
342
503
635
347
435
563
471
547
614
359
427
619
451
526
466
403
578
375
470
431
507
631
575
407
431
551
487
479
571
535
314
399
651
495
510
486
531
593
399
387
454
398
506
406
535
545
583
422
535
499
606
395
486
531
511
359
419
599
439
311
531
363
510
575
371
627
418
567
431
471
511
278
459
430
505
542
567
579
535
563
542
502
507
606
435
483
631
495
426
338
539
459
539
543
475
559
547
531
478
354
551
435
551
407
518
558
505
483
507
547
447
439
414
587
531
415
510
599
571
511
598
443
525
451
439
423
618
475
575
555
630
419
617
510
431
350
574
459
499
394
415
527
455
395
495
587
335
599
426
399
511
455
394
450
427
466
499
495
443
669
559
455
427
411
531
367
273
467
423
459
423
611
447
411
619
579
503
502
319
455
530
498
439
591
299
418
455
435
574
571
509
415
439
467
587
431
398
582
467
363
371
350
571
447
547
447
415
574
434
539
519
431
503
518
591
601
483
403
411
554
566
527
615
371
539
419
519
531
459
373
451
462
399
387
627
491
543
455
407
375
634
575
503
581
491
551
559
475
403
539
438
463
370
577
403
503
610
463
411
582
543
531
663
551
455
487
559
498
514
447
507
611
547
455
606
371
515
490
503
519
623
447
393
382
455
514
559
411
438
447
563
495
547
370
535
543
427
523
319
459
635
635
427
514
467
462
478
403
407
451
399
454
447
343
477
531
387
491
523
375
454
379
438
469
375
479
563
418
647
534
451
527
294
471
430
395
607
479
539
486
462
523
539
569
618
419
506
507
511
633
434
622
479
619
271
515
387
590
547
435
595
294
538
579
542
419
578
495
583
543
433
403
470
515
517
491
475
458
574
583
427
506
634
475
595
570
471
615
526
370
459
506
535
451
379
475
579
462
411
495
527
459
451
455
487
515
679
362
555
567
423
402
355
427
549
323
470
463
531
431
406
382
534
567
415
507
455
467
470
343
315
438
451
347
431
551
639
354
506
327
406
535
463
667
