2019416611
2019416611
2019416615
2019416615
2019416611
2019416611
2019416615
2019416623
2019416611
2019416635
2019416655
2019416615
2019416635
2019416495
2019416615
2019416611
2019416615
2019416615
2019416627
2019416615
2019416611
2019416611
2019416679
2019416623
2019416091
2019416623
2019416691
2019416623
2019416611
2019416611
2019416623
2019416683
2019416615
2019416615
2019416615
2019416615
2019416743
2019416615
2019416615
2019416611
2019416615
2019416611
2019416611
2019416615
2019416675
2019416615
2019416611
2019416611
2019416679
2019416615
2019416611
2019416647
2019416611
2019416615
2019416611
2019416611
2019416631
2019416627
2019416639
2019416615
2019416611
2019416655
2019416615
2019416615
2019416631
2019416703
2019416643
2019416615
2019416611
2019416615
2019416647
2019416615
2019416611
2019416615
2019416611
2019416619
2019416615
2019416615
2019416691
2019416623
2019416615
2019416615
2019416611
2019416623
2019416675
2019416655
2019416635
2019416615
2019416675
2019416611
2019416615
2019416627
2019416611
2019416619
2019416627
2019416627
2019416615
2019416611
2019416611
2019416619
2019416615
2019416611
2019416615
2019416615
2019416691
2019416635
2019416611
2019416611
2019416611
2019416615
2019416611
2019416615
2019416647
2019416611
2019416611
2019416635
2019416675
2019416635
2019416691
2019416615
2019416611
2019416611
2019416615
2019416611
2019416611
2019416635
2019416643
2019416611
2019416611
2019416631
2019416631
2019416615
2019416615
2019416611
2019416615
2019416611
2019416771
2019416607
2019416611
2019416615
2019416627
2019416651
2019416615
2019416611
2019416715
2019416615
2019416695
2019416615
2019416611
2019416611
2019416615
2019416635
2019416659
2019416539
2019416611
2019416623
2019416491
2019416615
2019416611
2019416619
2019416611
2019416611
2019416611
2019416615
2019416615
2019416615
2019416699
2019416643
2019416647
2019416615
2019416639
2019416615
2019416615
2019416623
2019416615
2019416615
2019416615
2019416619
2019416615
2019416631
2019416723
2019416611
2019416615
2019416611
2019416607
2019416627
2019416615
2019416611
2019416623
2019416731
2019416611
2019416659
2019416615
2019416615
2019416611
2019416787
2019416679
2019416615
2019416611
2019416675
2019416615
2019416611
2019416611
2019416623
2019416611
2019416611
2019416611
2019416615
2019416615
2019416615
2019416611
2019416663
2019416615
2019416627
2019416615
2019416611
2019416611
2019416611
2019416611
2019416611
2019416635
2019416623
2019416627
2019416615
2019416627
2019416615
2019416671
2019416631
2019416611
2019416611
2019416619
2019416615
2019416675
2019416615
2019416611
2019417023
2019416615
2019416611
2019416607
2019416611
2019416691
2019416615
2019416619
2019416627
2019416611
2019416615
2019416815
2019416623
2019416611
2019416639
2019416695
2019416611
2019416615
2019416659
2019416655
2019416615
2019416611
2019416623
2019416619
2019416627
2019416683
2019416627
2019416691
2019416623
2019416643
2019416619
2019416611
2019416615
2019416667
2019416639
2019416607
2019416619
2019416611
2019416615
2019416611
2019416643
2019416611
2019416615
2019416615
2019416615
2019416687
2019416819
2019416611
2019416615
2019416611
2019416615
2019416635
2019416611
2019416611
2019416631
2019416611
2019416627
2019416679
2019416631
2019416635
2019416627
2019416611
2019416615
2019416611
2019416683
2019416683
2019416615
2019416687
2019416615
2019415755
2019416623
2019416635
2019416635
2019416615
2019416615
2019416699
2019416643
2019416663
2019416619
2019416611
2019416615
2019416523
2019416615
2019416699
2019416615
2019416611
2019416611
2019416611
2019416615
2019416611
2019416615
2019416611
2019416611
2019416619
2019416667
2019416727
2019416615
2019416643
2019416615
2019416619
2019416611
2019416615
2019416615
2019416611
2019416639
2019416647
2019416611
2019416659
2019416615
2019416635
2019416627
2019416667
2019416635
2019416679
2019416619
2019416611
2019416615
2019416615
2019416623
2019416611
2019416619
2019416611
2019416615
2019416611
2019416611
2019416611
2019416615
2019415583
2019416643
2019415483
2019416655
2019416607
2019416611
2019416611
2019416715
2019416611
2019416611
2019416607
2019416759
2019416667
2019416615
2019416615
2019416615
2019416611
2019416615
2019416611
2019416611
2019416611
2019416619
2019416611
2019416615
2019416739
2019416615
2019416611
2019416759
2019416707
2019416615
2019416611
2019416611
2019416611
2019416611
2019416615
2019416631
2019416615
2019416611
2019416763
2019416687
2019416755
2019416615
2019416611
2019416615
2019416627
2019416611
2019416719
2019416615
2019416599
2019416627
2019416703
2019416615
2019416651
2019416623
2019416623
2019416615
2019416623
2019416643
2019416615
2019416643
2019416611
2019416695
2019416635
2019416631
2019416615
2019416615
2019416611
2019416615
2019416615
2019416643
2019416671
2019416635
2019416663
2019416639
2019415631
2019416615
2019416851
2019416611
2019416627
2019416639
2019416631
2019416687
2019416631
2019416627
2019416611
2019416363
2019416747
2019416691
2019416611
2019416611
2019416787
2019416619
2019415887
2019416743
2019416611
2019416615
2019416703
2019416643
2019416615
2019416611
2019416611
2019416615
2019416615
2019416615
2019416731
2019416615
2019416739
2019416615
2019416659
2019416615
2019416739
2019416635
2019416607
2019416627
2019416763
2019416703
2019416763
2019416719
2019416611
2019416611
2019416611
2019416611
2019416615
2019416611
2019416611
2019416803
2019416619
2019416615
2019416603
2019416611
2019416611
2019416607
2019416615
2019416611
2019415455
2019416743
2019415711
2019416811
2019415455
2019416607
2019416611
2019416611
2019416603
2019416735
2019415283
2019416683
2019416607
2019416607
2019416611
2019416735
2019416611
2019416611
2019416747
2019416615
2019416611
2019416611
2019416679
2019416607
2019416611
2019415863
2019416611
2019416607
2019415195
2019416075
2019416607
2019416827
2019416611
2019416607
2019416611
2019416611
2019415875
2019416615
2019416611
2019415695
2019416611
2019416611
2019416607
2019416611
2019416611
2019416603
2019416687
2019416615
2019416779
2019416611
2019416607
2019416607
2019416611
2019416823
2019416611
2019416843
2019416719
2019416603
2019416603
2019416735
2019415623
2019415455
2019416611
2019415591
2019415519
2019416611
2019416615
2019416611
2019416611
2019416607
2019415575
2019416615
2019416611
2019415227
2019416611
2019417015
2019416603
2019416603
2019416611
2019416815
2019416611
2019416611
2019415487
2019416611
2019415811
2019416607
2019416611
2019416611
2019416611
2019416059
2019415823
2019415927
2019416611
2019415619
2019416759
2019416611
2019416611
2019416611
2019415747
2019415807
2019415579
2019415571
2019415899
2019415603
2019416603
2019416611
2019416611
2019416607
2019416603
2019416611
2019415619
2019415831
2019415679
2019415979
2019416027
2019415615
2019415743
2019415963
2019415727
2019415679
2019415815
2019415723
2019416223
2019416275
2019415695
2019416411
2019415779
2019416095
2019416147
2019415271
2019415911
2019415727
2019416599
2019416251
2019415759
2019416095
2019416135
2019415907
2019415767
2019416027
2019416611
2019415927
2019415967
2019416611
2019416611
2019415363
2019415707
2019414667
2019416603
2019416607
2019416603
2019416611
2019416859
2019415871
2019416015
2019415571
2019415939
2019416611
2019416615
2019416611
2019416611
2019415055
2019415647
2019415779
2019415875
2019415411
2019415787
2019416603
2019415891
2019416611
2019416611
2019416611
2019415743
2019415807
2019415819
2019415479
2019416787
2019416611
2019416611
2019416603
2019416611
2019416607
2019416611
2019416611
2019416611
2019416607
2019416603
2019416835
2019416611
2019416607
2019415667
2019416715
2019416611
2019415751
2019416775
2019416655
2019416607
2019416607
2019415055
2019415755
2019415991
2019415543
2019416607
2019416611
2019416603
2019416607
2019416611
2019416611
2019416603
2019415467
2019416611
2019416787
2019416607
2019416727
2019416695
2019416603
2019415475
2019415583
2019415455
2019415891
2019416607
2019416607
2019416603
2019416667
2019416615
2019416611
2019415699
2019415807
2019415751
2019416647
2019416611
2019416611
2019416603
2019416615
2019416603
2019416611
2019416603
2019416243
2019415471
2019416611
2019416611
2019416607
2019416683
2019416731
2019416611
2019416647
2019416735
2019416611
2019416607
2019416611
2019416655
2019416611
2019416607
2019416683
2019416611
2019415339
2019416603
2019416795
2019416611
2019416603
2019416607
2019416619
2019415807
2019415667
2019416611
2019415755
2019416675
2019416615
2019416611
2019416607
2019416603
2019415971
2019416679
2019416615
2019416603
2019416615
2019416651
2019416611
2019416615
2019416719
2019416747
2019416775
2019416611
2019415571
2019416607
2019415511
2019416603
2019416611
2019416763
2019416723
2019416619
2019416695
2019416607
2019416611
2019416703
2019416615
2019416611
2019416611
2019416611
2019416615
2019416615
2019415531
2019415851
2019416603
2019416615
2019416611
2019416743
2019416611
2019416655
2019416759
2019416663
2019416703
2019416715
2019416611
2019416611
2019416739
2019416667
2019416615
2019416615
2019415447
2019416607
2019416615
2019416695
2019416651
2019416611
2019416611
2019416743
2019416611
2019416611
2019416611
2019416603
2019416615
2019416603
2019416611
2019416723
2019416603
2019416627
2019415707
2019416611
2019416715
2019416723
2019416699
2019416615
2019416611
2019416611
2019416607
2019416615
2019416783
2019416775
2019416627
2019416611
2019416611
2019416675
2019416683
2019416611
2019416859
2019416803
2019416695
2019416603
2019416655
2019416727
2019416615
2019416683
2019416603
2019416627
2019416731
2019416615
2019416707
2019416611
2019416611
2019416611
2019416607
2019416707
2019416603
2019416771
2019416771
2019416611
2019416631
2019416611
2019416679
2019416727
2019416615
2019416715
2019416611
2019416627
2019415879
2019416659
2019416755
2019416615
2019416607
2019416619
2019415759
2019416615
2019416607
2019416751
2019416663
2019416615
2019416655
2019416615
2019416723
2019416603
2019416643
2019416615
2019416611
2019416611
2019416675
2019416615
2019416775
2019416627
2019416619
2019416611
2019416647
2019416707
2019416611
2019416611
2019416767
2019416667
2019416611
2019416615
2019416611
2019416655
2019416611
2019416603
2019416611
2019416707
2019416603
2019416667
2019416607
2019416731
2019416671
2019416691
2019416611
2019416667
2019416611
2019416603
2019416627
2019416611
2019416619
2019416699
2019416611
2019416615
2019416611
2019416611
2019416611
2019416611
2019416615
2019416659
2019416611
2019416635
2019416623
2019416651
2019416767
2019416611
2019416611
2019416687
2019416607
2019416607
2019416711
2019416623
2019416747
2019416611
2019416611
2019416663
2019416607
2019416683
2019416643
2019416663
2019416615
2019416699
2019416615
2019416715
2019416615
2019416659
2019416615
2019416611
2019416615
2019416623
2019416611
2019416611
2019416611
2019416691
2019416611
2019416611
2019416611
2019416727
2019416611
2019416619
2019416611
2019416651
2019416611
2019416611
2019416643
2019416675
2019416611
2019416735
2019416611
2019416611
2019416611
2019416707
2019416735
2019416651
2019416671
2019416623
2019416615
2019416615
2019416615
2019416615
2019416607
2019416615
2019416615
2019416615
2019416635
2019416615
2019416611
2019416747
2019416615
2019416615
2019416611
2019416615
2019416703
2019416611
2019416615
2019416611
2019416755
2019416675
2019416611
2019416611
2019416623
