467
407
279
387
159
727
419
539
159
551
191
371
327
483
367
423
299
407
235
603
343
575
295
555
279
435
415
543
315
463
343
547
359
555
499
507
359
503
355
471
323
555
387
471
231
427
335
591
311
571
311
675
335
571
415
503
243
543
171
507
307
483
391
531
399
583
375
591
403
491
487
491
319
643
311
483
303
611
263
447
487
487
195
463
371
563
375
623
359
531
295
567
443
503
399
475
299
519
323
455
295
459
375
515
535
547
519
531
451
483
295
631
307
611
211
643
427
499
375
451
439
519
303
543
287
591
263
703
227
627
335
563
307
395
415
427
351
407
219
575
315
679
475
475
271
443
251
711
351
507
403
571
343
635
251
539
431
631
363
459
391
459
383
607
479
491
379
443
275
503
371
655
431
471
303
339
387
427
383
559
463
611
339
451
255
431
275
563
407
603
351
663
363
579
247
527
383
559
327
579
147
399
303
435
271
575
319
535
503
507
271
495
379
451
255
539
403
619
319
663
291
515
363
551
335
543
335
295
379
543
407
419
191
519
327
455
223
371
371
591
291
535
339
515
295
543
231
431
171
539
299
435
287
395
299
627
187
471
471
447
383
431
235
395
315
511
331
407
375
631
343
483
323
467
363
587
459
611
387
547
303
551
415
483
403
467
235
403
375
483
263
535
351
567
343
583
307
427
291
591
371
487
323
503
331
607
219
459
355
527
419
511
395
527
295
619
459
539
439
559
331
511
339
435
247
499
267
339
335
547
447
583
195
523
387
447
367
527
335
447
367
487
415
515
231
495
279
499
507
411
447
535
383
379
331
443
335
479
395
511
335
543
431
303
291
563
463
471
347
619
375
651
295
559
423
679
315
419
355
543
235
431
467
607
235
631
311
603
431
615
347
587
391
559
351
531
343
571
343
579
447
515
387
439
407
503
211
511
475
587
255
671
379
595
515
551
379
503
447
403
335
599
299
555
351
519
335
451
227
459
451
451
467
523
255
455
387
583
247
463
379
523
359
527
523
539
387
511
335
627
311
647
423
479
379
431
407
551
279
511
331
483
315
499
331
459
359
459
219
403
295
599
259
559
343
539
279
535
351
507
395
523
431
571
383
439
215
431
383
467
347
471
219
411
339
551
387
283
63
303
2
191
195
511
323
439
311
455
203
583
147
331
303
263
331
239
299
139
331
243
263
375
199
315
411
307
279
287
203
295
347
331
319
299
351
195
179
319
347
235
367
431
479
295
299
351
371
259
299
371
227
291
443
367
439
359
195
311
323
195
355
319
187
391
467
383
319
343
355
443
283
279
211
319
447
283
379
287
247
203
303
287
339
331
335
383
303
367
439
291
295
391
399
259
271
207
219
251
231
323
255
327
415
291
415
335
347
315
283
187
239
363
339
251
331
427
371
363
311
271
295
323
91
315
247
415
231
251
307
303
363
327
383
291
375
219
291
211
315
319
327
395
415
275
303
339
507
287
463
307
407
247
395
487
219
367
479
319
271
347
447
227
327
207
347
359
383
419
491
287
215
251
351
443
395
307
351
287
327
307
219
147
307
251
283
391
367
227
315
371
243
359
203
227
291
243
251
239
391
259
203
359
351
159
367
247
295
291
267
235
427
355
331
167
279
251
319
159
187
207
343
367
191
311
315
151
135
415
419
275
183
327
379
531
203
307
271
275
239
307
307
399
319
327
307
379
187
319
331
271
311
347
447
287
307
287
391
407
383
255
467
387
163
159
335
327
311
423
259
343
359
319
223
259
331
195
355
263
295
79
267
315
343
359
223
323
387
327
451
503
191
191
363
351
431
23
291
211
339
135
451
215
315
279
407
379
247
291
347
287
311
371
275
383
291
403
459
251
291
243
395
315
371
295
183
135
243
115
275
271
283
347
331
283
271
387
279
327
363
255
347
219
131
235
295
347
239
171
275
207
459
243
243
243
239
319
263
275
323
183
391
331
235
275
223
351
335
303
263
283
363
243
347
351
299
267
271
155
195
403
447
363
387
307
167
339
443
251
287
271
255
239
223
383
363
263
287
251
303
319
391
487
379
275
311
379
283
315
231
367
419
243
279
231
327
303
171
243
315
279
223
303
283
267
327
303
235
311
343
231
243
327
387
363
199
283
259
307
419
263
271
291
303
327
355
255
411
299
227
355
215
295
379
355
379
251
295
167
359
375
327
315
431
287
191
311
267
339
287
243
295
235
471
359
283
435
291
351
219
247
283
279
391
383
171
343
375
251
167
387
287
371
307
263
331
375
403
339
363
255
223
387
223
259
315
407
407
335
395
259
271
303
343
203
319
239
251
163
283
339
379
375
267
563
