329
560
443
620
401
690
447
727
374
704
569
633
377
671
346
501
460
571
395
675
351
726
455
443
482
654
466
549
259
659
354
720
431
658
554
682
491
504
391
554
459
593
363
553
363
653
470
600
476
590
554
588
457
722
435
531
413
601
426
646
386
610
465
655
437
696
630
631
449
633
413
631
455
601
435
483
619
530
366
567
461
614
495
474
564
642
437
637
483
639
428
624
419
716
317
701
413
568
362
757
423
658
469
734
355
599
290
563
441
732
431
579
536
663
312
595
527
642
473
588
458
586
475
722
451
582
399
657
421
704
449
711
387
589
441
681
452
637
434
746
431
784
383
604
483
708
452
769
389
507
465
527
338
443
413
577
530
625
417
628
614
858
483
665
511
640
537
641
466
594
483
651
434
599
583
627
429
779
344
743
414
545
226
571
526
799
544
582
463
605
455
597
533
666
519
596
444
666
565
734
322
647
453
582
467
695
369
623
360
667
438
722
435
672
364
529
383
587
395
658
411
711
439
754
514
620
397
613
424
633
305
517
484
475
432
626
449
436
493
770
415
571
575
557
270
514
523
587
489
708
439
642
562
499
546
849
390
700
496
635
344
435
403
459
483
590
487
606
408
649
341
595
479
667
544
563
290
543
393
607
375
621
453
627
492
729
547
562
482
728
423
511
453
713
456
613
521
669
525
622
271
671
355
715
431
507
533
671
426
507
430
807
490
725
431
570
434
591
471
674
399
648
383
624
458
778
328
725
403
686
456
567
444
637
533
695
443
653
515
620
392
557
466
693
512
563
424
635
369
570
397
653
306
717
497
665
374
621
501
653
410
638
356
678
321
647
492
581
647
639
460
685
659
641
509
647
527
607
440
523
432
555
381
832
451
684
371
725
399
695
358
577
518
686
414
663
557
625
515
683
307
661
494
638
501
666
331
659
488
553
469
738
344
556
405
805
479
643
544
762
430
551
549
716
561
520
461
538
342
714
347
426
345
597
483
642
368
657
418
726
455
571
534
693
468
717
383
737
423
610
551
598
509
892
549
708
431
463
496
611
454
575
527
623
580
751
641
758
391
500
573
699
334
679
368
703
321
672
590
671
433
635
346
565
533
663
493
615
414
669
571
733
322
621
430
547
421
497
41
256
281
318
125
678
421
648
307
549
375
605
473
427
415
295
418
517
446
423
512
430
426
362
606
517
383
254
422
350
466
373
333
403
407
418
579
452
390
355
353
291
442
443
570
449
510
331
447
588
371
417
527
315
403
407
523
489
462
452
383
450
416
385
394
253
523
348
269
309
366
455
463
322
431
483
427
479
560
531
466
402
407
453
502
443
325
441
521
534
402
395
523
431
426
480
452
423
553
348
383
391
431
543
497
250
387
521
435
352
506
351
618
360
421
347
325
479
411
390
319
351
475
498
345
438
436
377
250
320
459
417
603
294
487
408
406
266
446
322
579
548
367
481
397
322
336
495
474
407
497
367
374
371
373
451
562
403
394
397
542
223
563
403
410
499
443
418
479
439
391
354
441
379
471
463
332
482
526
360
387
493
475
400
397
335
470
511
477
537
334
359
417
397
539
445
354
431
438
347
438
267
409
514
607
363
522
510
427
406
400
415
469
389
429
327
407
438
389
526
461
470
356
465
513
392
484
351
402
486
379
523
410
260
605
324
574
396
618
496
463
402
452
402
555
486
384
403
439
372
352
384
411
519
391
527
302
527
531
486
481
187
383
326
399
408
465
491
331
587
423
365
485
405
458
355
493
548
442
389
451
291
361
400
404
362
479
371
387
361
436
442
566
327
528
374
398
455
367
543
526
370
359
402
405
441
538
371
528
405
379
499
392
335
263
393
421
317
474
391
491
442
314
366
343
510
438
487
391
441
485
343
377
375
563
395
469
435
511
505
363
350
394
411
432
454
551
437
403
442
572
473
413
418
525
423
396
518
334
441
459
374
391
398
546
381
429
379
353
394
599
356
302
384
445
353
345
299
459
437
511
370
447
420
242
327
472
482
554
285
411
473
439
338
487
395
439
434
457
455
430
441
529
315
388
299
312
515
381
338
360
282
413
373
490
407
470
465
443
349
427
373
529
431
450
364
263
406
345
413
442
384
348
381
358
495
317
322
334
326
367
447
376
416
419
366
249
438
498
343
575
383
419
338
391
482
330
406
392
321
451
412
494
421
447
303
462
425
484
473
395
413
520
359
439
377
514
501
421
351
491
471
415
551
464
330
447
471
544
478
401
338
449
413
458
299
383
354
390
430
354
313
267
369
445
298
411
338
357
370
451
414
418
185
279
247
379
255
490
281
372
365
302
269
394
614
