442
472
310
557
287
501
259
566
291
495
249
487
223
394
267
486
267
520
237
469
242
518
181
490
227
314
271
570
223
615
275
502
395
523
333
454
371
518
274
403
235
533
323
447
226
436
350
555
274
507
325
591
277
356
227
426
278
495
370
526
330
434
203
535
301
574
326
461
275
523
274
603
294
409
309
462
129
535
196
478
358
473
290
622
104
571
346
457
165
381
195
482
224
508
319
509
306
457
333
559
391
499
387
565
251
389
363
631
294
498
334
443
243
449
277
495
244
519
284
545
349
415
247
377
305
637
177
473
239
629
307
623
123
507
401
467
193
551
123
501
291
414
330
595
261
567
492
354
371
482
371
461
163
545
455
593
225
341
255
575
226
439
343
451
253
482
331
561
411
414
327
322
254
435
123
521
271
431
287
531
367
527
527
475
308
584
335
491
334
412
223
563
264
409
379
551
381
481
263
568
298
299
318
543
266
491
330
549
299
471
355
489
398
503
218
645
240
454
260
567
243
451
333
593
220
491
355
459
251
409
143
526
187
370
271
530
289
623
479
565
267
553
321
559
265
534
215
449
368
493
185
414
274
497
229
642
435
367
376
538
222
447
291
521
379
413
490
617
439
389
465
382
302
617
89
487
387
461
295
565
323
568
375
503
365
491
279
530
311
531
219
571
366
691
189
547
175
519
394
506
267
491
349
403
273
579
510
573
203
570
312
461
351
526
203
521
337
505
163
477
322
463
391
611
319
621
308
571
275
623
347
513
322
507
326
407
275
513
378
491
239
499
219
687
307
563
260
553
226
437
257
469
327
523
383
473
175
534
335
402
251
593
346
678
404
523
354
429
297
535
415
471
209
461
403
493
362
579
198
647
303
522
341
499
210
563
273
501
329
467
284
539
99
405
379
494
251
453
350
561
202
643
381
454
297
543
238
431
394
422
199
536
375
533
175
471
269
665
376
491
341
477
258
451
216
435
504
517
291
408
291
583
248
431
423
303
266
631
322
474
241
518
270
471
342
410
367
460
427
591
311
491
313
351
209
471
412
505
434
543
335
369
338
479
161
527
415
664
335
635
394
399
346
498
226
451
353
477
135
487
285
442
319
621
183
437
259
502
302
641
219
402
268
530
233
381
252
295
23
258
0
127
43
603
270
602
302
473
297
486
361
318
311
267
223
254
279
343
334
315
355
165
106
401
207
237
328
227
399
301
266
267
229
219
219
271
271
101
259
126
374
243
314
266
501
183
243
150
394
178
205
187
159
305
330
137
287
135
300
278
547
314
281
274
387
227
298
145
295
319
200
327
101
294
276
441
314
191
253
313
246
243
231
466
223
311
201
227
286
167
185
297
309
251
249
282
195
281
187
230
353
397
215
224
255
310
308
347
267
367
361
220
287
191
259
119
119
119
119
119
119
119
119
119
119
119
119
119
119
119
119
119
119
119
119
119
119
119
119
119
119
220
365
197
341
244
189
259
365
214
271
353
245
400
325
223
202
334
223
305
304
217
383
336
206
278
251
246
239
243
347
245
318
269
307
233
319
282
239
267
355
166
335
231
211
52
281
199
265
242
223
249
294
327
153
322
394
213
347
223
255
232
262
267
246
214
338
207
203
333
234
238
202
343
249
244
273
345
140
153
263
191
422
372
234
166
197
294
214
226
259
243
159
147
234
323
263
257
180
350
189
277
309
316
320
162
244
374
291
389
234
297
469
215
282
261
320
358
283
194
267
239
260
206
294
417
245
281
445
250
203
431
247
265
343
147
145
382
329
174
270
326
122
283
348
335
305
257
234
200
356
90
494
259
301
191
319
243
386
403
220
321
299
288
337
127
243
311
247
275
315
271
445
183
231
303
298
319
210
203
263
262
281
233
287
261
75
243
318
427
170
276
219
339
209
271
291
347
295
339
219
187
282
326
234
135
293
389
355
200
257
259
325
247
217
283
168
259
358
275
268
262
243
163
249
215
113
321
409
289
371
187
243
230
251
287
239
303
245
271
355
374
241
282
242
174
282
305
249
300
291
199
218
211
427
189
273
322
266
227
299
198
243
290
318
379
338
167
320
239
301
231
306
343
332
187
367
181
235
197
293
350
111
195
291
219
329
298
302
296
338
407
317
284
279
285
194
335
135
189
197
403
332
164
341
337
325
250
463
263
306
237
196
225
118
165
295
290
175
315
366
294
307
359
303
251
187
280
350
236
280
175
389
190
344
399
214
238
155
244
339
231
329
414
407
163
115
255
298
200
167
361
323
294
319
279
191
152
225
151
230
160
270
351
299
325
306
159
339
286
259
198
271
257
174
185
398
204
419
426
515
499
476
687
