2019416615
2019416619
2019416615
2019416611
2019416611
2019416687
2019416643
2019416623
2019416683
2019416611
2019416643
2019416611
2019416615
2019416615
2019416643
2019416615
2019416611
2019416619
2019416615
2019417259
2019416659
2019416615
2019416611
2019416611
2019416655
2019416611
2019416687
2019416615
2019416615
2019416611
2019416615
2019416615
2019416615
2019416615
2019416643
2019416615
2019416611
2019416627
2019416627
2019416607
2019416611
2019416611
2019416615
2019416611
2019416611
2019416627
2019416751
2019416623
2019416615
2019416615
2019416615
2019416639
2019416615
2028276803
2019416623
2019416619
2019416611
2019416615
2019416623
2019416675
2019416615
2019416611
2019416611
2019416611
2019416807
2019417023
2019416611
2019416615
2019416615
2019416623
2019416615
2019416611
2019416611
2019416695
2019416615
2019416611
2019416611
2019416611
2019416615
2019416615
2019416611
2019416623
2019416611
2019416623
2019416615
2019416615
2019416607
2019416615
2019416623
2019416623
2019416615
2019416611
2019416615
2019416607
2019416711
2019416611
2019416607
2019416627
2019416611
2019416615
2019416615
2019418207
2019416627
2019416615
2019416611
2019416615
2019416615
2019416643
2019416611
2019416611
2019416611
2019416667
2019416627
2019416623
2019416615
2019416495
2019416611
2019416615
2019416647
2019416611
2019416611
2019416623
2019416683
2019416615
2019416611
2019416627
2019416615
2019416643
2019416631
2019416615
2019416611
2019416615
2019416711
2019416611
2019416615
2019416627
2019416611
2019416611
2019416611
2019416623
2019416615
2019416615
2019416611
2019416351
2019416655
2019416615
2019416611
2019416611
2019416671
2019416615
2019416611
2019416623
2019416615
2019416623
2019416623
2019416615
2019416611
2019416623
2019416615
2019416611
2019416659
2019416619
2019416611
2019416623
2019416611
2019416615
2019416623
2019416623
2019416615
2019416615
2019416615
2019416615
2019416623
2019416611
2019416611
2019416619
2019416615
2019416615
2019416611
2019416643
2019416639
2019416615
2019416611
2019416611
2019416615
2019416627
2019416611
2019416611
2019416655
2019416635
2019416615
2019416615
2019416611
2019416615
2019416615
2019416623
2019416615
2019416615
2019416651
2019416615
2019416723
2019416615
2019416583
2019416611
2019416611
2019416767
2019416611
2019416211
2019416615
2019416615
2019416771
2019416623
2019416615
2019416615
2019416611
2019416611
2019416623
2019416623
2019416619
2019416615
2019416615
2019416619
2019416623
2019416639
2019416611
2019416615
2019416615
2019416627
2019416611
2019416627
2019416647
2019416615
2019416767
2019416615
2019416611
2019416611
2019416651
2019416615
2019416611
2019416615
2019416615
2019416623
2019416611
2019416615
2019416695
2019416623
2019416615
2019416611
2019416611
2019416615
2019416627
2019416619
2019416611
2019416799
2019416615
2019416615
2019416659
2019416615
2019416631
2019416615
2019416207
2019416615
2019416611
2019416615
2019416631
2019416615
2019416615
2019416663
2019416615
2019416611
2019416615
2019416627
0
2019416615
2019416647
2019416615
2019416611
2019416615
2019416615
2019416615
2019416615
2019416615
2019416611
2019416663
2019416707
2019416611
2019416611
2019416611
2019416615
2019416955
2019416607
2019416611
2019416615
2019416623
2019416611
2019416615
2019416691
2019416615
2019416635
2019416623
2019416611
2019416639
2019416615
2019416611
2019416611
2019416819
2019416615
2019416623
2019416623
2019416623
2019416611
2019416615
2019416615
2019416615
2019416659
2019416615
2019416615
2019416615
2019416639
2019416615
2019416623
2019416615
2019416611
2019416611
2019416611
2019416615
2019416611
2019416615
2019416639
2019416619
2019416615
2019416611
2019416651
2019416615
2019416699
2019416623
2019416659
2019416615
2019416643
2019416615
2019416611
2019416679
2019416667
2019416623
2019416615
2019416567
2019418135
2019416651
2019416615
2019416623
2019416615
2019416623
2019416631
2019416615
2019416615
2019416379
2019416615
2019416631
2019416615
2019416611
2019416631
2019416607
2019416611
2019416615
2019416611
2019416615
2019416611
2019416627
2019416639
2019416623
2019416623
2019416623
2019416615
2019416611
2019416611
2019416623
2019416663
2019416615
2019416615
2019416615
2019416619
2019416615
2019416615
2019416611
2019416615
2019416623
2019416615
2019416615
2019416611
2019416615
2019416615
2019416615
2019416695
2019416615
2019416643
2019416619
2019416615
2019416607
2019416347
2019416615
2019416635
2019416615
2019416611
2019416799
2019416615
2019416615
2019416611
2019416611
2019416615
2019416339
2019416675
2019416627
2019416611
2019416619
2019416615
2019416611
2019416611
2019416615
2019416835
2019416619
2019416675
2019416615
2019416615
2019416623
2019416611
2019416683
2019416651
2019416615
2019416615
2019416735
2019416611
2019416611
2019416615
2019416615
2019416631
2019416615
2019416611
2019416611
2019417103
2019416627
2019416711
2019416623
2019416623
2019416615
2019416647
2019416619
2019416611
2019416623
2019416627
2019416615
2019416623
2019416615
2019416631
2019416815
2019416615
2019416619
2019416623
2019416615
2019416627
2019416623
2019416615
2019416611
2019416619
2019416623
2019416611
2019416623
2019416623
2019416615
2019416623
2019416623
2019416619
2019416623
2019416611
2019416611
2019416619
2019416611
2019416615
2019416623
2019416611
2019416707
2019416615
2019416623
2019416623
2019416951
2019416615
2019416623
2019416723
2019416615
2019416611
2019416623
2019416615
2019416611
2019416615
2019416639
3897503939
2019416611
2019416615
2019416619
2019416615
2019416615
2019416695
2019416615
2019416615
2019416615
2019416615
2019416623
2019416615
2019416615
2019416643
2019416619
2019416743
2019416615
2019416615
2019416611
2019416615
2019416747
2019416863
2019416611
2019416611
2019416615
2019416639
2019416615
2019416587
2019416631
2019416615
2019416615
2019416611
2019416647
2019416611
2019416611
2019416611
2019416611
2019416723
2019416615
2019416611
2019416615
2019416639
2019416703
2019416615
2019416627
2019416615
2019416635
2019416651
2019416615
2019416631
2019416615
2019416615
2019416659
2019416615
2019416615
2019416611
2019416635
2019416627
2019416631
2019416627
2019416615
2019416615
2019416643
2019416643
2019416615
2019416615
2019416611
2019416615
2019416615
2019416615
2019416615
2019416615
2019416611
2019416611
2019416615
2019416611
2019416703
2019416615
2019416615
2019416615
2019416611
2019416615
2019416643
2019416611
2019416615
2019416611
2019416635
2019416615
2019416611
2019416639
2019416611
2019416611
2019416643
2019416615
2019416611
2019416655
2019416611
2019416615
2019416623
2019416607
2019416639
2019416615
2019416615
2019416611
2019416611
2019416611
2019416623
2019416615
2019416635
2019416627
2019416615
2019416607
2019416639
2019416643
2019416635
2019416615
2019416611
2019416615
2019416611
2019416611
2019416643
2019416615
2019416635
2019416615
2019416631
2019416615
2019416611
2019416731
2019416615
2019416615
2019416615
2019416611
2019416611
2019416615
2019416615
2019416611
2019416611
2019416611
2019416611
2019416763
2019416651
2019416615
2019416615
2019416611
2019416615
2019416951
2019416615
2019416615
2019416611
2019416651
2019416611
2019416623
2019416635
2019416611
2019416615
2019416763
2019416619
2019416615
2019416611
2019416627
2019416611
2019416655
2019416615
2019416611
2019416651
2019416611
2019416611
2019416615
2019416611
2019416615
2019416627
2019416623
2019416615
2019416631
2019416615
2019416631
2019416639
2019416611
2019416611
2019416615
2019416611
2019416611
2019416611
2019416611
2019416615
2019416611
2019416615
2019416611
2019416663
2019416615
2019416615
2019416611
2019416611
2019416615
2019416611
2019416623
2019416615
2019416611
2019416627
2019416615
2019416611
2019416611
2019416611
2019416847
2019416615
2019416611
2019416615
2019416615
2019416627
2019416611
2019416615
2019416615
2019416631
2019416631
2019416647
2019416611
2019416611
2019416615
2019416611
2019416611
2019416611
2019416679
2019416659
2019416615
2019416611
2019416627
2019416611
2019416615
2019416615
2019416619
2019416611
2019416639
2019416611
2019416611
2019416615
2019416639
2019416615
2019416555
2019416607
2019416635
2019416611
2019416651
2019416615
2019416611
2019416615
2019416619
2019416615
2019416611
2019416611
2019416611
2019416611
2019416611
2019416659
2019416611
2019416615
2019416635
2019416639
2019416631
2019416615
2019416615
2019416615
2019416615
2019416611
2019416615
2019416615
2019416611
2019416615
2019416647
2019416615
2019416611
2019416611
2019416615
2019416615
2019416627
2019416615
2019416823
2019416615
2019416611
2019416615
2019416611
2019416615
2019416639
2019416639
2019416615
2019416611
2019416611
2019416615
2019416615
2019416611
2019416679
2019416611
2019416655
2019416615
2019416615
2019416611
2019416671
2019416615
2019416615
2019416615
2019416615
2019416611
2019416611
2019416611
2019416667
2019416615
2019416611
2019416615
2019416303
2019416615
2019416679
2019416727
2019416611
2019416615
2019416611
2019416611
2019416615
2019416623
2019416611
2019416615
2019416615
2019416615
2019416611
2019416611
2019416611
2019416639
2019416611
2019416615
2019416611
2019416615
2019416615
2019416627
2019416623
2019416615
2019416775
2019416615
2019416639
2019416615
2019416615
2019416615
2019416611
2019416647
2019416639
2019416615
2019416611
2019416611
2019416615
2019416635
2019416647
2019416615
2019416615
2019416687
2019416619
2019416651
2019416727
2019416615
2019416623
2019416659
2019416615
2019416611
2019416635
2019416615
2019416615
2019416647
2019416635
2019416627
2019416651
2019416615
2019416643
2019416615
2019416627
2019416615
2019416623
2019416635
2019416611
2019416615
2019416615
2019416627
2019416611
2019416611
2019416699
2019416615
2019416611
2019416611
2019416615
2019416615
2019416611
2019416615
2019416611
2019416623
2019416615
2019416615
2019416631
2019416615
2019416611
2019416615
2019416663
2019416611
2019416639
2019416651
2019416615
2019416615
2019416611
2019416611
2019416611
2019416615
2019416611
2019416627
2019416631
2019416615
2019416623
2019416635
2019416615
2019416615
2019416639
2019416615
2019416643
2019416611
2019416607
2019416615
2019416615
2019416647
2019416615
2019416655
2019416611
2019416615
2019416611
2019416615
2019416627
2019416711
2019416615
2019416627
2019416563
2019416615
2019416615
2019416615
2019416675
2019416615
2019416611
2019416615
2019416611
2019416611
2019416615
2019416631
2019416627
2019416623
2019416635
2019416611
2019416611
2019416615
2019416611
2019416611
2019416871
2019416611
2019416611
2019416767
2019416615
2019416607
2019416615
2019416627
2019416639
2019416615
2019416623
2019416611
2019416655
2019416639
2019416611
2019416611
2019416615
2019416807
2019416627
2019416615
2019416615
2019416615
2019416611
2019416699
2019416627
2019416615
2019416615
2019416615
2019416611
2019416615
2019416611
2019416619
2019416671
2019416623
2019416611
2019416615
2019416611
2019416611
2019416615
2019416643
2019416615
2019416651
2019416615
2019416623
2019416615
2019416775
2019416615
2019416619
2019416675
2019416651
2019416611
2019416651
2019416659
2019416611
2019416615
2019416635
2019416615
2019416623
2019416631
2019416675
2019416643
2019416619
2019416627
2019416615
2019416611
2019416703
2019416627
2019416619
2019416715
2019416615
2019416659
2019416611
2019416615
2019416615
2019416611
2019416615
2019416611
2019416375
