203
455
311
487
291
399
411
535
323
490
186
383
279
443
275
427
215
515
275
455
143
355
290
271
375
307
219
543
207
447
187
535
391
587
51
542
151
503
303
387
291
470
275
475
186
438
231
371
259
371
175
431
355
451
322
383
215
415
318
563
323
522
310
499
346
543
318
539
419
519
250
551
251
398
243
555
255
479
203
347
299
487
223
379
138
578
187
455
303
446
154
459
171
527
295
439
291
439
306
506
350
391
255
418
243
407
186
443
239
403
235
542
267
515
335
523
183
491
263
391
223
614
203
459
167
319
327
595
442
439
327
367
271
507
247
395
407
491
266
415
163
419
211
571
227
371
283
591
163
379
239
387
254
455
262
559
219
491
147
487
271
502
226
535
247
495
191
475
263
590
283
455
126
603
287
551
210
406
347
351
222
527
246
471
118
430
219
358
202
343
375
454
350
491
239
495
306
335
251
447
319
399
323
526
335
427
319
455
214
503
303
583
259
527
278
499
179
442
235
323
279
522
335
379
327
463
299
647
191
454
334
495
94
494
239
451
326
379
410
427
475
479
342
371
375
515
191
551
315
442
111
283
314
434
179
515
347
507
339
543
270
447
231
487
187
442
319
535
203
463
403
450
399
482
151
495
351
423
223
547
158
459
202
443
206
383
287
539
279
447
147
343
175
471
207
483
287
375
323
459
211
487
331
703
294
470
215
482
187
347
335
531
223
463
351
671
334
351
303
579
295
386
423
534
335
299
394
555
310
543
227
395
215
474
350
475
302
507
291
567
238
387
375
431
183
343
287
507
311
459
335
455
327
495
419
423
275
391
87
407
114
519
150
483
255
430
167
511
214
583
350
547
143
427
247
447
263
318
219
547
155
411
275
434
435
371
303
583
302
291
251
263
179
499
167
334
315
402
247
594
258
415
271
491
367
399
123
495
355
475
227
543
435
431
251
475
239
451
375
523
255
699
179
335
415
339
318
462
182
339
351
451
250
543
215
354
263
366
330
555
359
287
251
443
263
471
270
467
263
503
335
323
335
439
251
515
71
495
375
455
318
351
303
398
251
470
242
499
227
463
315
463
182
547
403
383
279
507
362
367
214
519
131
475
339
427
338
403
246
443
322
358
343
499
323
583
199
327
2
291
0
102
151
483
235
575
294
391
342
235
202
263
191
178
283
307
107
131
15
263
266
166
295
115
227
211
155
243
319
239
291
195
358
171
231
295
91
123
307
191
203
107
259
103
226
283
383
227
303
198
235
255
247
302
158
142
159
255
275
203
319
239
319
215
155
275
371
127
343
202
223
99
326
267
275
143
327
155
263
343
359
291
394
223
203
87
206
347
275
203
251
283
291
311
95
319
250
218
107
210
186
167
262
82
295
182
195
295
379
199
263
183
367
243
106
262
262
262
262
262
262
262
262
262
262
262
262
262
262
262
262
262
262
262
262
262
262
262
262
262
262
303
222
223
307
255
367
175
194
175
283
139
219
195
291
167
247
203
234
227
179
287
439
99
359
195
303
183
290
223
343
315
279
243
255
242
315
231
250
235
219
339
282
227
231
351
211
298
379
219
318
11
279
282
186
191
199
235
295
163
334
171
343
222
379
243
263
279
299
358
223
210
151
175
254
123
299
291
191
234
287
247
402
299
235
91
238
191
355
119
346
127
23
259
307
263
303
295
107
263
286
403
163
215
311
151
387
51
243
343
271
223
279
294
259
207
195
187
222
231
190
103
191
223
254
187
51
179
335
239
227
163
291
190
283
250
291
199
227
63
303
318
331
179
146
150
179
263
455
298
175
238
255
198
250
335
339
279
247
107
267
143
115
407
259
335
291
203
327
351
99
123
135
295
274
243
63
203
203
119
227
267
367
163
250
307
247
299
234
211
166
135
271
330
163
59
147
191
262
207
187
263
178
207
211
46
175
255
390
242
219
119
283
251
266
231
258
191
342
119
359
259
275
183
283
367
339
226
246
183
119
183
143
347
323
267
263
299
403
166
307
234
275
138
367
271
314
219
263
175
299
326
299
194
171
215
271
271
294
407
275
171
274
183
243
251
254
219
271
295
215
139
367
331
211
339
315
75
243
319
254
263
363
251
303
179
311
398
191
287
178
210
371
215
239
207
487
31
227
159
323
278
275
159
219
167
279
135
291
231
143
255
158
319
83
239
271
315
207
83
242
391
331
95
250
167
171
295
226
95
303
251
190
187
267
255
330
283
287
191
339
198
339
170
370
183
206
107
351
195
214
170
395
211
339
307
339
162
278
155
290
215
159
219
107
215
211
267
303
255
243
122
115
250
203
219
194
295
387
243
199
246
455
451
