646
827
578
723
629
639
482
762
567
506
487
669
635
663
591
723
619
763
482
606
687
839
611
695
415
639
551
759
586
875
591
742
602
687
571
767
603
809
463
751
599
897
511
733
679
725
647
810
687
743
541
743
503
794
410
754
491
742
590
886
457
707
479
779
586
662
503
855
526
839
497
879
690
739
595
791
519
727
531
855
513
699
423
791
550
670
563
735
607
851
622
751
459
755
535
898
535
787
626
671
555
585
555
775
627
859
551
687
699
715
577
779
647
743
554
799
694
803
507
859
430
694
421
755
515
750
611
835
739
739
527
810
514
842
539
743
647
734
514
742
594
675
507
806
563
747
615
771
643
699
539
834
503
674
675
707
554
678
631
831
467
814
623
779
587
686
511
834
686
609
559
734
503
739
511
819
418
871
699
787
502
831
611
711
411
775
603
767
567
839
449
899
687
835
751
675
631
755
587
614
670
774
511
755
487
779
519
747
715
910
550
810
557
815
730
846
682
706
658
782
495
742
667
815
558
751
595
899
574
707
574
853
627
663
530
807
585
779
439
959
583
707
531
679
627
631
489
791
715
727
651
614
599
623
555
799
658
801
582
710
667
747
630
663
595
554
527
791
603
810
501
686
555
778
519
867
531
635
507
803
494
819
499
627
510
667
583
695
555
831
546
654
477
678
463
803
607
663
579
703
669
855
535
887
595
843
599
795
499
911
458
894
498
711
493
643
491
733
547
709
667
719
506
606
443
733
521
723
591
719
646
711
575
791
641
699
559
762
642
799
539
775
567
859
507
790
558
795
522
747
554
755
663
627
587
691
719
746
523
786
539
715
683
727
526
803
599
775
602
706
506
939
455
719
707
883
515
714
623
673
499
759
414
715
567
850
654
727
627
855
539
767
497
739
542
827
499
830
670
635
587
663
658
755
519
742
538
687
559
711
507
762
522
685
578
855
551
879
610
767
611
714
491
807
442
726
615
766
551
821
547
689
527
866
570
858
479
711
587
739
538
651
591
854
491
582
591
934
707
723
730
869
523
850
519
783
315
733
447
711
417
814
535
647
675
794
549
739
467
871
603
831
459
751
559
843
589
611
639
819
355
787
606
873
546
791
515
703
590
739
518
865
511
723
639
822
543
557
255
543
255
491
407
705
526
739
618
615
551
750
454
507
503
583
567
546
503
362
675
487
551
655
615
378
451
591
493
450
613
555
482
507
511
562
583
543
503
519
590
594
575
619
471
591
491
662
638
483
399
422
617
499
510
599
475
542
534
539
621
335
618
598
579
459
439
563
519
647
535
614
638
523
591
495
581
403
558
459
471
423
539
578
515
430
643
443
607
554
490
611
487
639
459
514
611
599
511
579
563
571
575
527
490
465
515
503
598
449
591
529
527
607
661
558
615
370
370
370
370
370
370
370
370
370
370
370
370
370
370
370
370
370
370
370
370
370
370
370
370
370
370
483
499
494
522
529
410
418
555
551
491
451
633
615
703
655
463
542
535
517
495
531
391
438
462
638
458
447
535
451
591
395
615
535
399
554
615
601
639
547
491
463
379
435
538
431
413
575
575
707
587
350
502
587
474
403
535
563
439
543
499
495
439
533
482
586
470
483
421
458
450
607
578
435
607
538
703
583
555
583
574
622
590
479
475
471
655
535
806
491
571
583
639
467
483
513
443
471
623
443
563
330
475
711
519
387
415
451
473
527
495
663
615
591
559
495
511
614
327
351
658
643
575
403
546
535
555
539
583
530
459
467
555
451
526
567
551
598
523
494
559
526
651
603
503
671
571
459
538
578
611
643
567
563
427
438
563
430
530
458
519
618
558
570
443
485
582
383
467
431
619
405
547
455
422
559
647
462
663
463
479
510
415
483
438
394
459
543
559
551
579
462
463
543
578
575
483
598
610
459
463
454
479
551
687
403
567
594
519
531
631
443
663
499
599
539
487
451
619
518
455
391
463
554
599
511
557
599
451
439
570
683
494
782
523
499
543
439
670
615
471
478
515
599
475
583
638
479
549
515
519
527
490
527
418
458
555
735
555
410
619
541
499
435
619
359
587
461
551
735
387
619
587
479
555
627
571
591
569
474
666
391
622
515
675
495
531
423
647
483
531
543
655
517
451
450
518
529
486
507
651
327
543
566
534
498
611
511
590
546
619
515
587
418
455
467
479
467
450
705
579
579
542
599
375
691
619
603
423
543
391
331
395
583
630
563
655
607
454
602
543
435
615
410
407
378
663
371
563
479
621
611
555
574
531
655
742
527
550
490
519
438
567
459
595
471
567
503
587
559
483
483
631
511
579
598
571
499
326
278
343
299
347
514
