415
727
339
763
543
595
463
727
471
583
454
591
503
659
543
739
433
655
535
703
475
763
439
691
638
827
530
719
455
747
498
687
522
626
535
595
446
795
518
669
446
731
534
743
346
827
442
743
435
614
470
771
539
699
507
739
407
599
402
601
523
687
395
715
527
731
379
659
470
747
439
691
553
559
555
655
479
707
599
666
559
675
463
723
499
686
443
763
558
630
530
675
319
627
491
723
566
751
455
731
515
650
439
591
486
587
551
670
455
771
415
642
371
803
407
647
455
649
530
759
585
687
523
559
454
579
554
702
451
735
635
634
503
771
501
715
495
619
511
755
531
719
587
571
398
627
511
619
411
687
563
739
567
647
435
687
339
818
562
903
567
722
491
655
470
707
387
647
475
766
471
691
545
655
474
659
466
715
599
855
423
783
422
851
547
671
535
635
451
643
449
711
511
839
631
867
575
795
623
662
386
623
475
705
607
515
511
563
558
589
431
730
483
687
435
782
567
631
466
763
433
679
515
735
450
679
387
763
563
699
494
599
291
607
510
503
387
635
479
678
423
567
495
687
535
779
459
563
503
753
599
747
547
775
593
738
479
782
567
793
395
726
543
683
507
795
495
739
550
815
343
674
547
639
363
751
351
599
575
763
478
702
539
682
470
718
622
621
478
699
490
694
375
715
494
698
429
671
467
722
415
587
510
855
467
747
426
667
486
859
495
818
439
627
510
658
370
658
691
651
387
823
426
710
386
659
585
806
670
795
435
787
482
823
603
739
403
703
407
691
527
834
481
691
567
613
575
707
575
691
383
847
534
655
546
767
450
879
559
659
543
611
478
675
667
839
423
807
491
751
491
755
523
598
375
610
547
791
355
778
410
827
367
717
494
679
469
626
427
790
542
623
462
543
425
646
490
667
507
723
527
747
535
751
463
631
547
751
275
858
511
515
474
738
486
823
539
655
478
790
511
791
467
583
567
571
507
771
402
707
479
719
415
815
438
515
527
638
379
695
595
606
383
662
515
551
595
586
459
767
358
639
575
738
483
635
570
719
607
759
571
755
526
671
619
671
589
695
357
690
623
895
663
726
435
659
543
679
410
590
387
763
479
731
359
719
426
663
543
674
418
690
519
595
539
678
419
611
275
367
237
427
0
686
531
483
403
674
483
570
511
507
327
503
419
331
390
403
591
467
515
351
347
395
535
375
479
515
478
471
383
487
475
415
538
447
310
462
507
375
495
397
515
435
559
575
442
335
599
355
291
535
439
359
499
351
434
479
479
615
519
543
443
591
559
586
551
526
487
395
322
375
439
371
450
514
391
402
507
478
567
435
539
501
558
443
447
401
423
499
467
578
426
407
387
415
507
514
558
459
503
562
455
407
487
490
495
387
390
487
487
587
531
483
443
323
323
323
323
323
323
323
323
323
323
323
323
323
323
323
323
323
323
323
323
323
323
323
323
323
323
335
499
511
414
447
411
423
478
218
410
281
551
403
546
553
494
479
431
535
467
443
613
415
475
335
451
479
391
511
355
447
450
451
478
458
415
463
587
430
519
539
538
314
411
379
506
486
359
551
274
547
523
547
419
389
479
451
419
279
462
518
483
343
475
498
403
423
487
503
567
430
370
539
351
511
407
567
431
375
591
539
518
438
335
515
571
583
535
418
454
495
386
495
441
303
487
411
459
379
535
451
515
422
470
579
549
482
435
435
411
431
519
495
523
375
431
542
443
383
207
458
293
359
431
447
327
543
539
431
507
430
395
427
391
638
458
415
311
522
607
491
529
617
466
555
430
523
363
427
367
462
469
359
550
406
563
498
407
479
450
518
599
417
435
535
495
451
551
535
479
367
519
534
547
435
387
419
551
522
445
383
426
399
543
431
395
391
599
427
427
639
643
435
599
435
535
411
430
439
391
415
515
487
422
347
495
539
471
451
523
406
487
339
475
471
446
435
346
430
447
503
618
390
514
431
575
526
395
478
499
382
435
353
402
455
363
475
555
423
443
551
582
426
255
463
534
487
398
467
430
431
403
571
487
419
562
463
351
667
475
490
387
351
495
542
287
350
473
430
530
491
463
643
459
335
447
527
455
399
610
478
422
442
371
442
403
419
591
555
439
523
567
531
598
486
503
474
427
374
566
471
487
383
543
463
583
554
526
482
478
511
451
371
475
451
623
463
591
454
503
407
431
378
478
467
699
503
334
539
479
355
738
303
487
435
482
531
586
342
531
522
439
359
414
447
346
491
507
498
567
554
453
341
507
495
475
483
327
347
383
411
302
563
438
611
357
323
435
691
375
511
475
557
597
474
403
466
501
471
487
447
447
790
