679
817
812
812
587
852
675
878
567
961
871
719
645
959
631
807
546
774
707
821
561
947
663
799
625
782
675
895
689
968
655
817
538
863
847
802
638
1019
729
850
611
825
648
837
535
858
507
986
573
805
681
831
678
760
644
965
626
760
550
777
807
831
806
842
645
776
732
915
721
898
723
797
702
748
665
920
691
787
610
770
509
837
665
854
687
828
755
929
665
790
727
935
470
873
659
849
570
831
747
931
673
836
539
847
775
770
597
865
723
898
675
869
674
823
655
966
593
956
623
1059
680
837
699
977
721
821
720
820
778
969
712
851
733
795
607
839
624
857
797
959
693
950
710
851
689
772
655
932
810
870
622
753
792
755
527
713
459
873
681
818
779
800
724
950
675
787
526
910
569
969
744
819
686
837
630
840
732
868
584
869
549
883
700
817
735
971
669
847
671
751
650
913
683
850
723
851
657
822
610
945
606
855
787
809
568
788
655
823
717
943
683
994
630
901
653
673
704
950
787
759
664
849
679
766
639
827
742
919
658
813
755
837
634
747
661
847
544
974
621
910
694
698
801
829
745
968
454
965
507
701
663
763
776
698
619
900
797
878
720
829
848
815
681
848
635
815
812
881
748
791
744
1016
551
802
726
828
622
944
743
879
635
723
564
888
599
902
573
897
702
851
681
790
781
814
722
799
607
882
719
792
532
859
736
1035
607
885
667
865
628
943
693
954
684
716
664
1045
635
871
635
1029
730
691
581
853
672
786
703
736
789
915
636
787
643
923
838
892
679
760
633
817
674
911
785
845
748
739
683
868
622
826
774
877
624
961
709
909
681
898
394
929
633
776
682
992
687
819
619
918
738
875
701
922
819
907
649
773
596
797
730
778
808
799
718
890
734
850
770
974
653
967
716
943
776
816
685
957
686
811
648
937
705
888
771
806
682
907
829
879
732
811
637
773
645
717
775
796
611
783
543
856
723
843
695
929
611
843
769
926
766
854
869
907
563
874
569
863
709
810
697
951
575
958
773
859
643
728
606
958
593
949
770
937
694
919
645
869
683
881
679
831
851
788
532
825
538
826
755
921
449
843
754
907
780
869
723
853
542
892
673
919
684
807
687
802
503
826
668
990
683
830
684
744
510
882
734
937
714
612
379
650
295
510
475
865
671
834
754
818
710
775
691
464
639
597
802
603
701
573
594
701
699
542
605
489
735
795
678
667
768
659
601
579
590
713
684
575
608
687
806
702
511
683
740
651
639
629
667
621
672
691
676
586
730
685
682
543
479
540
604
724
557
564
682
614
603
564
606
670
649
681
582
708
651
573
504
598
619
497
723
547
704
559
670
506
563
622
561
661
683
634
631
671
508
603
817
610
721
505
535
585
740
750
706
671
683
704
671
600
593
735
603
693
555
575
599
583
583
583
583
583
583
583
583
583
583
583
583
583
583
583
583
583
583
583
583
583
583
583
583
583
583
727
603
489
638
739
700
458
605
763
756
583
650
724
609
697
732
645
596
605
734
619
713
727
747
616
635
616
670
630
686
634
813
714
627
679
739
433
744
641
638
439
593
708
570
819
505
726
640
547
671
647
653
598
576
673
627
595
639
492
650
447
773
599
834
631
611
569
658
724
553
611
689
632
742
723
669
592
722
748
850
531
529
521
783
676
699
675
543
489
704
655
677
727
611
706
730
751
632
650
612
630
620
603
605
676
657
684
534
698
680
667
586
672
605
676
763
633
620
614
580
541
526
508
685
681
551
657
630
803
695
738
577
673
697
576
610
574
448
569
641
556
663
688
643
697
725
550
653
727
563
548
698
671
608
611
612
759
654
535
704
587
731
657
616
634
527
614
470
702
544
640
680
640
690
627
646
605
709
631
687
717
754
615
751
628
583
647
631
580
641
630
673
633
742
612
621
521
702
803
560
535
607
664
825
495
757
551
767
606
765
588
687
670
710
602
735
526
763
790
727
685
716
597
647
671
798
654
602
669
651
673
758
589
673
743
641
676
739
583
732
546
645
578
518
631
742
445
517
562
702
560
594
547
480
741
605
615
693
638
715
623
757
743
450
775
710
644
659
592
610
749
694
639
665
696
577
630
687
663
600
692
671
719
721
569
697
719
662
627
749
604
563
711
546
727
654
683
708
644
742
573
662
675
654
657
622
602
599
734
741
725
571
446
558
597
603
743
638
568
665
680
588
627
741
747
604
491
596
661
626
506
581
578
559
709
693
615
731
697
719
637
721
650
795
648
746
636
615
814
687
642
606
565
667
498
671
730
539
393
761
669
590
536
604
607
610
795
663
503
578
497
547
563
641
639
728
502
526
451
446
462
576
770
