448
610
420
600
399
571
276
573
339
515
350
557
376
607
437
573
462
530
375
624
406
599
435
595
350
434
362
511
514
545
384
676
344
643
423
450
529
570
490
554
425
470
415
657
299
543
538
789
438
591
371
421
439
695
338
490
343
579
351
707
290
507
331
619
319
633
423
587
454
678
462
529
452
495
397
722
377
615
437
591
350
611
454
646
351
556
349
651
321
580
399
643
374
498
421
466
424
573
436
511
383
537
393
644
394
594
342
493
471
468
499
461
409
604
407
443
397
645
289
575
430
599
369
662
314
635
304
651
301
535
523
495
283
581
423
479
484
702
432
577
390
522
470
598
397
578
515
454
451
525
388
539
362
601
273
557
314
507
398
647
374
670
501
555
508
646
438
594
391
466
542
556
291
655
343
345
375
473
354
555
360
745
390
656
383
365
380
560
357
479
450
470
343
696
371
546
582
518
499
599
377
582
302
575
483
527
372
604
399
653
348
540
342
515
435
717
309
582
459
515
392
473
485
689
343
593
491
519
514
510
336
675
408
575
398
587
331
639
466
731
404
599
419
709
323
614
387
515
320
477
328
563
413
506
308
714
405
656
519
649
413
515
287
491
427
585
489
599
395
674
495
735
306
658
473
623
429
582
354
784
370
599
297
461
348
515
371
584
564
602
406
634
311
505
377
648
349
354
395
577
437
493
395
533
394
568
335
617
314
594
367
439
403
443
387
513
383
531
191
570
499
628
335
587
459
495
391
486
483
543
345
490
415
519
457
608
574
571
286
714
489
622
361
635
357
531
593
599
551
635
305
687
418
527
471
590
365
600
430
543
505
550
395
412
342
566
423
531
317
556
409
518
433
555
291
629
395
487
393
616
335
546
483
675
561
614
397
670
498
587
327
646
373
622
471
623
278
707
299
642
423
723
406
537
354
666
521
500
315
554
386
596
350
652
367
608
413
707
423
640
377
485
555
538
521
648
428
700
443
531
454
623
467
446
371
579
451
562
530
585
422
582
321
640
427
515
396
659
519
618
335
561
425
625
455
614
363
415
457
661
413
659
390
553
420
663
323
521
423
594
517
647
395
559
331
519
411
663
450
610
526
508
311
658
346
702
351
522
291
560
550
529
251
621
371
608
349
413
107
313
0
293
103
539
439
417
462
574
501
617
313
415
401
431
323
437
384
275
279
319
256
455
365
332
293
347
323
367
580
394
473
309
420
218
253
372
486
347
257
335
438
333
391
354
447
407
527
355
387
271
284
288
458
275
355
381
413
239
415
403
327
352
261
330
413
328
226
315
323
377
351
433
321
437
401
403
335
339
463
293
330
347
279
334
318
240
370
339
318
431
285
462
357
375
450
199
332
359
321
254
370
233
380
390
340
295
418
346
461
335
283
368
406
497
321
175
385
331
461
315
251
392
259
319
341
431
363
332
451
362
420
190
493
452
295
403
373
351
311
377
507
387
357
340
508
294
382
375
359
439
415
299
465
301
386
344
370
421
315
191
416
405
199
291
277
290
313
461
493
375
311
389
405
478
471
316
496
430
382
404
351
352
460
277
567
273
351
405
323
350
345
314
405
215
357
271
342
289
295
378
474
335
335
383
460
372
267
355
390
457
287
347
354
370
409
435
511
316
279
431
429
407
255
455
345
362
271
195
285
335
241
391
396
386
418
450
335
439
365
451
308
343
509
337
384
238
354
253
411
395
349
312
420
489
336
615
380
307
354
303
195
343
322
281
294
382
309
400
403
443
470
235
431
367
407
273
462
364
285
442
321
286
429
303
392
359
359
222
263
277
366
281
333
433
390
269
338
366
271
331
318
379
351
357
360
349
359
266
363
355
351
341
342
375
333
282
472
470
270
400
387
341
515
373
281
366
311
195
357
322
217
317
397
418
392
347
334
276
394
332
402
453
420
255
358
268
373
369
349
347
363
437
325
460
389
371
269
347
415
421
467
387
435
209
335
447
475
387
365
316
351
368
488
335
502
383
275
386
335
269
377
322
461
363
364
412
357
281
374
269
395
266
289
326
356
497
303
278
303
322
414
297
330
281
338
325
364
341
530
403
411
492
423
357
386
343
359
389
361
269
535
213
352
223
532
394
378
367
350
327
302
447
319
454
357
358
307
324
381
382
367
401
278
311
363
412
469
316
477
379
462
223
407
367
279
388
253
373
302
299
403
323
235
341
335
261
372
303
321
302
479
221
516
267
349
391
356
282
345
279
305
381
289
246
364
287
354
342
365
317
336
366
435
287
455
554
330
470
368
136
379
486
196
323
326
346
222
367
415
231
171
385
286
287
463
306
401
342
359
276
415
399
402
697
