391
635
499
743
443
463
283
575
407
651
311
615
419
643
479
515
483
595
451
707
259
647
367
699
479
515
371
739
407
655
483
771
323
611
431
595
323
587
435
699
427
559
303
571
267
587
443
547
351
711
343
611
395
575
343
627
459
587
363
559
231
715
455
659
351
487
343
647
411
527
415
775
415
547
495
547
415
471
419
671
335
675
555
719
471
483
343
819
287
619
323
659
431
527
403
699
359
651
355
539
435
679
583
719
543
651
307
587
611
555
431
691
475
639
367
519
343
579
387
587
419
659
451
631
271
619
263
535
387
711
411
627
391
595
243
675
527
547
347
747
379
515
423
467
555
587
495
599
395
643
391
587
443
659
419
555
371
599
399
563
503
683
583
555
387
719
399
791
419
623
431
595
375
491
443
755
451
663
583
623
371
647
383
547
339
551
379
595
459
651
491
615
475
583
275
631
359
611
503
543
327
591
443
543
507
459
487
643
419
623
451
655
439
583
471
499
379
699
411
579
443
659
483
539
271
563
567
591
287
635
415
539
363
523
375
599
307
615
471
627
463
611
395
555
399
687
423
615
215
539
423
719
459
427
495
575
287
375
419
403
371
547
435
607
455
519
447
723
451
559
455
579
283
707
507
643
399
643
439
587
367
455
363
503
431
603
359
559
407
507
491
731
355
483
571
627
347
511
423
579
215
643
559
459
299
643
347
555
375
659
419
587
447
523
367
551
339
415
331
595
375
683
527
591
371
595
439
575
363
603
327
599
515
483
467
715
367
743
371
631
419
555
467
575
371
515
431
735
379
571
299
523
515
591
451
711
211
619
299
627
427
495
471
675
399
687
359
591
423
571
431
535
435
543
455
603
527
515
363
667
239
519
411
675
507
611
479
675
391
555
411
683
275
611
387
563
367
743
531
551
295
635
571
739
415
663
471
695
535
575
447
631
367
479
403
563
415
543
355
651
291
603
519
595
367
679
351
627
379
723
315
651
431
647
423
459
323
731
435
719
307
571
467
663
459
563
339
631
383
567
411
663
427
539
375
495
339
367
291
607
567
635
403
583
447
539
399
671
375
547
347
507
399
551
531
799
415
495
587
639
307
667
539
631
379
639
403
639
375
603
455
687
367
523
475
583
411
419
115
399
119
267
0
687
403
699
387
471
235
571
535
451
339
279
439
567
515
403
123
247
279
331
451
351
387
367
479
435
383
275
419
287
291
211
399
335
531
247
311
451
359
467
387
331
459
323
427
227
363
287
475
387
463
419
275
287
395
483
335
339
363
427
203
475
479
379
275
431
395
339
351
283
443
259
315
175
379
475
411
335
327
419
471
331
231
331
383
375
423
491
419
303
319
339
271
327
267
391
331
383
535
395
407
299
439
475
499
255
375
495
331
539
527
287
299
363
363
363
363
363
363
363
363
363
363
363
363
363
363
363
363
363
363
363
363
363
363
363
363
363
363
419
291
255
495
191
503
331
315
367
331
303
463
431
367
527
451
495
435
379
335
395
363
299
371
391
343
271
363
375
347
495
523
411
431
403
427
303
279
323
439
427
475
383
311
359
399
379
335
263
279
287
239
395
363
343
463
371
315
227
391
343
367
287
479
463
543
455
415
279
447
435
279
447
363
407
419
363
319
335
339
319
575
411
323
503
375
287
339
387
367
327
443
391
479
323
335
531
335
307
363
243
299
515
527
239
263
291
451
195
247
423
431
299
387
507
467
315
459
251
327
351
403
307
363
323
355
343
331
447
307
199
483
415
355
299
379
315
323
299
379
347
431
439
459
487
435
383
283
483
247
467
311
355
307
191
383
371
435
383
535
327
331
423
423
415
327
247
515
423
239
351
411
343
299
247
415
411
507
255
531
483
291
375
435
379
419
315
335
375
251
375
455
443
319
275
359
399
435
503
407
487
427
287
479
567
243
399
343
331
483
331
583
347
319
311
471
395
387
327
283
315
495
299
447
431
407
339
479
431
375
375
279
243
343
403
411
355
463
491
495
451
355
319
383
423
283
315
323
275
415
383
419
267
443
351
411
335
471
251
411
419
371
407
519
379
347
515
459
275
435
423
327
311
431
303
475
339
483
263
311
367
339
371
383
375
455
503
311
471
423
367
371
343
367
451
279
235
343
391
215
259
343
447
467
471
391
395
263
343
327
419
475
315
351
415
303
223
475
295
427
387
547
415
331
447
427
363
263
227
411
359
439
439
351
259
467
431
455
383
523
431
303
335
295
343
375
491
411
399
379
475
415
455
423
431
311
415
411
251
459
459
307
227
499
359
303
271
427
367
423
427
351
335
287
379
467
307
251
259
375
327
515
671
