783
987
947
1079
799
1043
831
1059
811
1039
846
955
867
1067
879
1115
899
1203
887
1203
827
1247
927
911
835
1111
919
991
831
971
862
1206
851
1095
859
1231
915
1050
951
1091
1015
1067
819
1143
931
1007
895
1023
883
1035
875
971
807
1071
903
919
875
1135
983
1083
714
1023
875
1159
935
1155
955
1131
931
1051
899
1095
859
1031
779
1063
967
1119
923
1207
859
1019
903
1043
759
1303
1075
1099
959
967
966
1223
859
1047
879
1159
747
1015
855
943
1047
1067
1023
1027
927
971
827
1195
831
1195
1055
983
903
1115
995
1011
1031
1115
811
923
847
1095
1003
1079
975
1211
815
1151
879
1067
791
1255
1015
1115
1007
1155
851
1171
935
1131
923
1199
967
1047
863
1126
951
1107
919
939
951
1135
983
1059
979
1063
939
1102
807
1043
899
1055
971
1139
959
1139
819
1139
891
1127
851
1051
999
1095
923
1111
923
1043
995
1215
807
1103
947
1115
923
1083
875
1202
959
1027
787
1059
1047
991
975
1043
955
1118
807
1115
955
1031
751
1159
1023
1207
867
1067
831
983
847
1135
887
1111
951
1034
1071
1023
795
1011
691
987
871
1151
919
1019
795
1135
770
1067
923
1019
871
1143
843
1135
939
1095
987
1066
1022
1107
951
1107
935
1231
855
1111
863
1115
935
1043
787
1235
907
1051
818
1127
907
1099
815
1015
811
971
747
999
751
1051
915
1102
767
1223
923
1135
1019
1127
955
1083
895
1079
911
1239
855
1067
887
935
723
1147
763
1243
791
1175
959
1147
902
1135
911
1123
979
995
1075
979
955
1035
882
1011
838
1063
1023
1095
783
1175
999
1067
883
1187
790
1075
911
1275
947
1183
1011
1163
871
1415
935
1055
935
1219
806
1087
799
1179
834
1199
855
983
803
1083
1038
1071
731
1019
879
1147
787
959
975
1099
975
939
955
1143
847
975
995
1151
983
1035
855
1167
1047
1091
907
1019
815
1051
943
1107
863
1087
894
1103
1023
1087
919
979
859
1087
895
1079
743
1031
959
1043
922
1147
887
947
995
1131
879
1114
727
1179
779
1111
835
1079
839
1051
1043
1107
963
1099
862
1095
859
1079
975
1015
891
1011
827
999
911
1083
911
1143
847
1119
843
1151
763
1075
991
1171
847
963
939
1187
895
1027
947
1095
871
1167
851
763
787
1043
739
1071
739
1071
803
1027
795
1071
1023
1183
939
935
859
1103
971
1095
827
1047
762
907
931
1155
983
1087
991
1143
1015
1023
847
1131
943
1123
907
1115
815
1163
854
1099
935
1155
891
931
1003
1087
967
1023
771
1215
858
1131
907
1027
839
1095
939
835
655
895
39
791
603
1047
1279
1099
779
911
679
1167
803
1019
883
783
891
679
875
807
782
867
855
787
1223
791
927
955
807
879
823
1003
891
839
971
1003
903
831
843
983
991
731
775
823
955
699
839
731
963
743
947
803
747
843
831
871
775
807
911
787
939
746
895
807
923
846
959
883
831
619
719
895
1063
575
979
827
807
715
827
991
910
835
975
891
495
739
851
739
831
331
991
743
827
699
923
787
758
911
831
303
971
0
823
759
863
871
607
739
767
751
879
1035
827
795
775
831
843
135
623
879
879
879
879
879
879
879
879
879
879
879
879
879
879
879
879
879
879
879
879
879
879
879
879
879
879
527
811
755
571
683
730
779
1215
871
871
755
775
1079
1107
775
834
1007
943
867
835
895
815
679
751
719
875
827
1510
683
783
759
1211
875
987
807
607
747
791
799
899
943
911
843
991
943
938
899
975
1063
779
811
767
567
955
859
911
583
855
787
631
839
483
883
842
871
675
891
867
851
843
975
859
919
827
775
866
767
819
855
651
774
879
791
875
887
767
855
623
807
875
759
1179
463
647
911
859
711
923
951
795
818
835
963
859
1015
1015
811
803
767
803
763
811
703
703
759
771
786
407
703
951
759
915
847
859
779
991
691
835
987
987
983
847
1047
735
811
675
779
895
687
898
895
867
795
839
843
703
863
851
783
715
815
927
847
879
895
979
663
887
811
963
834
971
895
951
851
819
811
951
783
739
883
827
651
1015
871
919
743
787
743
879
967
1003
1043
827
727
759
923
770
591
739
875
1034
755
943
943
883
803
727
911
935
843
891
755
791
935
751
891
803
899
919
759
895
895
835
754
895
743
751
695
871
855
943
895
723
719
899
747
891
783
923
858
895
1039
927
867
939
759
866
1007
907
835
899
843
923
799
803
775
923
919
778
943
943
607
863
883
910
863
783
818
863
915
831
975
747
819
827
886
915
923
915
795
959
919
803
767
779
895
875
767
687
883
855
755
947
762
887
935
899
887
811
799
835
851
795
763
839
867
799
895
859
919
903
831
935
858
831
819
847
763
919
867
807
787
847
1027
795
783
779
915
995
891
891
794
823
975
735
907
871
831
939
899
827
735
871
931
963
979
911
862
895
895
851
891
927
883
851
859
783
779
975
839
1007
682
939
803
887
751
727
747
875
787
827
767
879
903
919
803
723
639
731
835
899
815
803
779
855
775
735
807
879
1070
