733
1062
810
950
827
985
1038
1151
791
1098
810
986
867
1013
851
1051
847
1087
843
1146
787
915
831
1055
771
1085
1039
1053
954
1061
726
997
906
1063
721
1199
959
923
947
1043
659
951
1043
1147
762
1039
925
1158
906
1197
825
1139
763
1113
915
1053
843
959
926
987
819
1046
877
1106
874
905
881
1069
945
1042
814
1030
901
1075
787
1111
818
1069
667
1135
783
971
869
967
774
949
787
1071
962
929
903
995
823
1079
791
1131
849
1038
857
1158
867
1069
930
1138
790
1129
881
939
913
1010
851
947
813
1018
763
943
763
998
835
998
869
1123
857
1047
698
1114
851
1230
831
1061
957
1070
907
971
899
1047
742
1050
943
1175
813
1026
859
963
823
927
889
1135
819
1106
850
1131
895
1123
843
1083
843
1114
739
1182
815
1101
858
1075
833
1115
741
1001
855
1147
791
895
811
1082
807
931
731
1007
779
1005
770
991
810
1015
793
963
934
1119
823
1111
795
1187
863
967
879
1003
825
1239
815
1117
631
1071
750
1061
854
1013
915
1041
943
985
871
1131
971
1007
670
1095
735
1107
767
910
969
1002
839
1034
827
1059
825
1123
851
1086
733
1135
739
931
739
1027
855
999
791
1087
899
1007
883
1086
830
1073
923
1115
870
970
655
911
749
1023
895
966
954
963
802
1171
943
1034
719
1218
799
1063
819
1011
902
1062
873
1119
831
1047
825
1014
847
1187
921
1143
891
911
795
1045
749
1146
847
910
891
1002
826
1089
759
1057
722
1094
735
971
719
1027
899
1034
939
1081
830
985
945
989
799
1083
851
911
842
987
1034
943
753
911
879
1071
835
1006
946
1106
943
1049
725
1107
881
938
923
1007
905
1011
971
1153
958
1118
981
1027
925
963
887
1059
865
1015
834
1087
795
987
770
1158
754
1102
866
967
745
1039
689
779
881
1039
877
979
881
1143
783
1117
807
1139
649
965
794
1006
855
1135
659
999
799
963
819
1075
727
1133
709
1031
738
830
858
986
835
1035
877
887
819
1015
783
1009
866
1186
670
1054
777
969
941
1035
778
1119
765
1126
787
991
871
997
794
1119
871
1071
887
1134
694
1103
783
1094
831
1001
905
981
806
990
971
1011
807
1098
803
1162
605
1067
891
1251
777
1135
786
1081
738
1135
974
1067
899
1049
846
1059
921
1025
795
911
751
1062
777
1009
769
985
1006
1159
867
1067
846
1135
879
1086
777
1123
703
990
931
1103
666
931
815
1023
774
1115
722
1023
902
986
919
979
781
999
941
1051
815
1066
799
927
767
879
519
763
431
671
577
1203
838
877
777
1034
723
1073
858
917
927
954
879
667
831
733
911
687
827
885
925
714
803
831
847
901
758
879
514
890
817
911
782
726
843
418
798
902
903
745
799
782
825
801
699
902
931
743
705
222
815
745
846
745
773
879
757
747
883
829
722
945
255
747
739
867
838
650
659
791
874
847
871
509
855
711
947
539
815
742
755
855
723
875
911
707
833
739
925
899
291
791
855
775
923
675
602
767
847
951
742
747
835
838
0
925
835
746
839
867
758
649
1483
803
727
362
362
362
362
362
362
362
362
362
362
362
362
362
362
362
362
362
362
362
362
362
362
362
362
362
362
805
861
377
913
871
871
1125
746
907
810
883
691
711
839
975
814
759
958
674
799
1030
895
831
481
986
745
782
878
999
897
983
1007
783
751
295
883
789
845
658
710
799
735
874
990
846
670
898
767
658
655
819
809
778
867
681
811
975
843
821
771
787
851
699
739
865
858
443
658
769
798
1083
863
811
867
777
763
1174
975
878
877
739
743
746
771
818
729
799
882
791
833
759
461
643
906
785
843
459
983
845
823
819
715
773
995
802
823
822
881
793
803
823
859
802
839
846
857
730
831
854
787
751
849
853
423
914
833
755
739
879
666
821
753
805
783
701
706
803
837
731
741
830
822
886
883
798
701
845
731
795
739
747
907
706
790
849
819
841
775
807
707
763
973
713
1239
727
707
793
941
833
823
742
830
834
819
819
949
830
778
725
723
905
839
787
735
771
863
646
1061
837
875
674
890
855
835
949
481
886
874
747
870
802
721
919
823
874
983
757
910
755
790
829
723
743
911
833
727
803
817
979
874
802
851
931
883
729
846
875
859
922
851
747
737
713
833
775
799
815
787
731
853
795
786
785
803
823
973
771
717
733
905
855
841
638
899
971
963
867
886
879
707
818
837
775
734
841
961
895
842
769
1011
819
765
947
674
703
903
827
834
655
751
786
815
799
761
922
938
825
713
850
817
815
1135
707
721
899
695
759
818
765
731
674
905
883
907
811
831
791
691
651
838
843
770
714
757
762
918
707
867
887
827
835
818
838
919
697
791
731
854
846
639
761
807
745
765
847
791
679
773
675
911
851
715
799
725
855
947
774
901
905
891
763
873
842
835
795
903
783
811
897
907
691
823
962
973
754
799
729
867
843
1009
874
811
854
755
709
843
707
731
777
861
943
