535
664
372
579
394
640
399
520
357
675
462
682
413
730
371
714
350
544
353
695
399
626
530
770
449
711
562
825
459
661
380
775
478
806
640
697
508
737
491
629
459
536
518
718
405
692
371
796
386
484
447
615
354
689
538
607
526
635
520
690
497
745
535
683
487
739
367
668
535
703
327
675
524
781
539
646
444
721
461
651
450
631
382
597
501
637
399
749
503
681
457
688
477
655
490
686
392
717
513
811
369
651
581
694
501
555
515
723
566
714
392
745
447
639
597
769
446
583
442
732
419
714
481
706
505
640
366
661
458
697
490
701
506
763
455
605
614
611
406
633
447
691
537
716
502
680
551
825
439
698
408
775
419
593
432
603
571
659
471
688
367
707
629
681
472
663
385
749
434
679
546
661
539
589
515
725
467
760
569
525
527
915
466
656
556
648
604
547
455
782
489
739
479
597
635
775
395
843
499
677
483
513
507
769
459
571
419
736
385
647
495
639
345
721
319
607
471
619
497
613
457
622
538
770
483
726
550
785
467
782
349
683
352
555
399
901
607
719
492
781
539
662
456
685
510
682
550
638
491
681
354
582
419
634
654
639
458
645
467
734
528
744
383
680
504
620
541
622
634
631
525
758
527
673
422
755
395
609
490
631
484
599
475
651
534
606
442
652
431
513
518
648
523
722
391
648
351
650
456
685
481
687
513
687
495
596
557
667
523
643
542
540
346
651
362
742
339
505
570
669
495
574
471
676
571
695
370
661
451
599
454
739
526
719
398
557
339
600
502
810
597
570
335
774
354
651
403
529
332
551
357
771
623
706
506
573
471
634
523
563
413
694
406
743
353
675
513
744
610
664
589
609
527
800
436
628
375
622
423
570
547
626
526
680
593
770
381
789
388
604
587
603
500
442
328
568
473
802
422
850
361
598
409
702
621
710
527
725
424
709
461
622
387
631
491
733
446
544
285
721
478
689
369
637
303
654
437
719
429
764
351
702
439
626
482
636
335
703
511
657
644
675
451
560
613
755
429
699
607
658
337
693
544
701
301
711
398
623
510
806
453
782
453
589
370
674
527
590
518
599
459
587
506
634
593
758
648
702
542
606
483
661
457
631
507
558
363
615
627
666
448
668
466
679
369
693
617
475
0
397
220
359
192
648
471
685
395
566
293
611
409
278
513
552
478
373
499
498
442
365
591
519
315
564
250
373
551
427
387
553
510
404
452
359
455
327
530
543
485
311
432
455
387
374
484
476
502
439
520
465
467
510
502
426
373
491
535
483
422
401
465
495
414
455
517
561
462
388
362
311
367
393
314
443
489
438
571
385
529
423
471
387
353
374
544
337
435
512
499
429
555
307
490
345
408
525
319
365
389
400
505
466
402
404
562
353
401
338
537
373
522
447
409
446
394
506
388
207
477
482
447
373
611
258
607
327
474
292
583
480
577
435
463
353
443
438
343
405
414
481
321
475
613
362
345
513
352
381
558
346
369
541
475
514
397
335
500
380
553
500
478
317
551
511
491
488
447
373
422
645
438
325
482
476
375
341
345
368
451
445
406
546
421
342
500
346
275
410
358
456
478
491
559
491
432
335
299
366
294
504
455
505
475
370
472
321
427
519
439
488
479
442
531
416
307
260
595
496
401
530
510
342
432
448
511
363
382
353
392
371
507
332
615
356
226
223
377
322
443
582
443
339
406
449
334
387
376
451
498
434
526
536
435
411
506
442
561
424
549
266
626
322
369
427
359
402
395
424
611
322
447
339
627
457
547
557
337
378
436
397
433
466
412
291
453
525
339
376
426
505
328
376
368
503
403
550
381
316
565
525
331
519
391
435
418
526
489
503
578
325
458
257
508
335
465
369
457
477
407
336
461
306
315
482
517
543
316
515
510
509
421
436
623
386
444
391
621
479
489
292
476
326
512
362
486
503
552
439
468
483
432
444
534
571
459
309
465
435
225
418
646
315
343
551
459
467
548
430
443
309
404
358
433
325
429
414
494
434
573
383
595
420
374
324
293
306
481
381
526
335
397
405
568
391
605
445
513
598
453
445
383
535
593
411
424
496
438
415
553
420
518
454
452
514
511
379
425
411
453
525
423
479
439
454
493
474
448
543
619
355
526
409
426
411
555
476
323
353
530
286
451
440
391
402
636
571
402
381
483
574
443
473
343
408
427
417
362
450
395
467
517
511
484
339
452
450
462
277
453
471
457
353
404
363
513
221
462
471
312
458
437
442
373
538
323
417
462
395
399
411
453
407
433
492
498
429
286
383
591
475
464
391
384
599
428
459
555
435
560
465
359
395
398
354
476
374
331
498
653
515
630
578
551
899
