1043
1270
923
1035
919
1079
971
1147
803
1139
935
1043
999
1131
899
1062
1015
1243
1035
963
959
1195
899
1263
943
1035
1055
1275
943
1114
995
1187
979
1199
959
1139
995
1163
959
1182
943
1050
1087
1275
807
1119
979
1227
991
1123
862
1287
935
1043
1103
1203
983
1191
1059
1162
999
1147
1123
1207
855
1151
955
1351
1011
1239
1083
1139
911
1002
943
1095
995
1239
946
1311
1071
1239
895
1283
947
1175
1003
1171
819
1187
847
963
907
1079
995
1075
923
1087
1039
1239
930
991
890
1115
919
1159
875
1199
1031
1219
1094
1119
911
1083
955
1115
1003
1115
1031
1299
1023
1111
943
1247
835
1115
1067
1107
875
1227
950
1183
1047
1099
1055
1175
1019
1255
887
1195
875
1191
779
1131
962
1154
931
1207
1007
1239
950
1258
987
1163
1019
1235
879
1175
1043
1303
943
1143
927
1179
1031
1191
843
1095
875
1079
1071
1011
847
1015
1051
1311
1015
1070
947
1195
934
1135
983
1047
887
1055
987
1183
1039
1143
935
1222
911
1103
875
1250
915
1127
991
1095
994
1103
1131
1191
851
1119
790
1123
1027
1355
939
1206
858
1307
947
1251
922
1003
927
1262
1019
1167
1027
1255
1002
1179
975
1114
943
1223
935
1139
991
1087
919
1183
990
1251
1083
1195
955
1227
991
1123
1083
1131
859
1047
871
1111
1026
1131
1011
1139
963
1354
1107
1103
1051
1179
831
1123
935
1235
887
1107
987
1163
907
1135
1015
1163
910
1274
983
1111
991
1207
1015
1235
919
1079
923
1083
971
1147
927
1119
971
1238
991
1130
862
1131
959
1183
1043
1151
986
1131
935
1138
887
1287
951
1255
959
1183
1023
1119
943
1283
971
1079
1026
1063
907
1035
1111
1155
903
1063
1075
1195
923
1075
1003
1071
1031
1087
899
1291
987
1083
947
1099
1083
1139
887
1091
939
1234
802
1167
995
1131
951
1087
975
1114
1015
1046
919
1155
970
1231
883
1183
959
1119
887
1190
895
1211
983
1063
951
1203
943
1167
967
1134
983
1247
991
1207
907
1131
903
1095
911
1083
907
1207
1063
1075
1099
1291
911
1191
895
1298
927
1031
971
1103
974
990
1135
1223
975
1243
875
1307
943
1235
935
1191
859
1103
914
1287
926
1051
955
1339
975
1163
1047
1195
999
1059
1067
1071
827
1151
926
1119
931
1183
1035
1155
831
1127
1079
1195
991
1163
979
1111
935
1143
855
1114
1059
1135
955
1119
939
1171
1075
1135
975
1038
991
1051
975
1235
983
1171
851
1231
979
1259
963
971
887
1295
1039
1015
1027
947
1031
1143
863
1083
915
1091
995
1182
1007
1239
903
1279
1011
1247
935
1167
783
1211
983
1215
983
1179
1011
1231
863
1063
591
871
671
883
803
1147
899
1159
743
1123
871
1171
887
710
1035
1023
1063
955
847
1043
807
831
1055
971
975
871
987
819
959
891
923
943
919
867
911
855
891
859
1091
819
830
979
1078
855
959
939
835
987
931
983
855
967
879
1115
1071
887
791
919
879
991
935
855
919
907
822
994
975
991
999
891
919
674
839
755
863
939
1062
987
959
951
1087
851
1027
955
1023
903
1015
815
1043
947
971
847
931
731
947
1035
1015
871
919
975
991
1071
866
991
847
918
931
1011
915
791
899
1067
759
1035
903
1039
991
846
815
850
815
999
1023
863
1031
951
999
931
1051
882
847
943
899
1155
870
787
999
883
963
951
919
939
955
887
907
939
887
990
862
947
987
971
1051
815
871
862
899
871
899
858
939
787
995
819
923
927
991
947
823
851
991
911
1003
875
1063
983
959
911
1058
935
787
779
959
1087
783
947
831
799
979
923
919
1071
759
1071
918
959
875
919
991
1047
851
1083
943
874
931
867
1011
983
879
874
975
974
907
935
927
967
1015
835
1059
895
987
854
847
887
951
783
971
831
987
1043
1039
867
863
815
943
1115
931
859
915
923
955
827
867
983
847
855
987
1002
963
919
950
895
1035
1015
1063
1011
938
1159
907
983
891
839
983
983
1063
971
918
907
839
955
983
887
1023
891
763
855
983
963
879
939
939
906
1007
931
815
859
1007
923
995
934
983
1059
1059
958
1011
991
987
987
1007
782
1035
879
939
907
1063
839
886
991
959
907
867
875
859
1075
891
986
1111
931
1051
899
1063
947
867
867
978
1063
955
891
959
910
919
987
1003
1007
907
955
919
915
1011
935
887
943
907
835
859
931
1007
903
883
863
991
1003
1275
1147
895
999
935
1054
951
743
971
755
987
983
903
963
999
959
914
923
1007
871
919
951
979
822
915
923
978
979
1023
939
879
1063
834
843
847
875
1103
1039
1003
843
975
987
895
903
819
1035
903
991
1071
855
959
895
983
899
1135
998
847
859
935
971
899
895
1063
903
967
899
999
875
803
967
847
1059
851
811
1067
927
975
991
899
923
879
1051
738
963
943
859
926
851
911
931
958
883
963
1079
923
899
923
987
923
891
951
727
983
882
963
931
930
891
839
1079
919
811
927
807
1007
739
931
879
1075
879
1070
1011
971
875
891
915
1071
1063
935
859
919
851
967
951
894
995
979
771
891
1003
1003
1059
847
983
1043
1039
1015
975
915
939
935
886
1015
927
1015
979
1031
975
999
991
803
823
859
967
871
875
834
951
1087
999
963
831
967
1347
