799
907
711
817
745
1051
785
914
629
807
935
883
583
1039
789
987
798
1105
739
878
746
1041
717
838
821
1109
626
969
745
913
838
1098
897
938
718
922
797
891
637
1061
662
1018
745
943
758
915
643
927
613
999
783
929
622
943
763
1003
730
847
795
963
743
971
691
981
703
975
675
967
695
906
773
919
777
1007
678
839
695
907
778
1081
679
1135
898
918
795
883
742
983
882
879
778
793
693
799
754
1066
681
873
643
949
723
1022
867
986
739
935
741
983
986
731
821
1054
717
851
741
1087
711
1023
746
1019
741
979
713
1107
706
939
813
1091
858
919
614
959
723
935
765
990
645
950
747
1011
623
781
731
1023
819
1014
719
1018
815
935
783
943
713
931
629
1014
575
979
702
899
705
1007
694
854
650
975
747
975
763
851
595
810
734
842
831
951
883
870
810
1063
729
922
629
785
583
1015
811
882
823
929
654
903
695
1111
785
942
639
851
721
1037
719
867
805
942
911
1003
807
862
687
933
746
1007
742
879
566
986
889
945
894
1054
767
929
729
791
683
1078
665
1001
786
1146
599
846
747
927
694
1023
723
973
799
990
779
934
825
958
707
887
727
995
762
999
899
814
829
947
687
915
783
978
777
923
757
979
818
1001
761
881
761
949
674
1011
730
1019
934
939
678
1014
866
939
843
882
695
1014
678
1003
654
994
739
1018
714
1033
763
1079
495
1058
717
999
843
770
795
1015
683
1011
699
977
791
979
771
1007
705
902
822
927
678
974
678
737
634
963
699
985
709
841
763
975
726
1086
817
795
593
895
707
974
769
909
794
930
707
837
673
883
823
895
821
943
635
906
689
811
774
815
629
939
613
914
671
917
814
1033
771
925
625
847
690
947
823
951
791
1089
827
906
682
1071
715
763
871
962
707
907
841
778
698
937
751
1029
629
995
733
1019
791
1070
783
918
670
1015
815
991
734
911
703
967
823
851
822
909
723
947
834
941
691
1023
894
922
763
823
715
858
803
1021
849
941
746
799
807
917
699
953
719
927
685
778
767
906
757
1011
787
913
667
979
707
1022
731
893
791
857
918
849
739
1035
791
963
790
1058
763
987
879
978
826
1019
730
829
811
927
762
938
726
833
755
931
789
901
758
906
699
873
750
847
641
1009
790
895
709
895
743
929
739
962
834
951
687
859
717
1055
611
1015
897
1001
734
834
491
559
359
669
393
1001
786
835
755
894
714
875
718
711
831
719
647
675
697
787
797
823
595
738
670
805
645
699
725
793
858
670
851
583
630
725
745
659
713
699
599
671
759
681
661
519
823
857
731
821
737
810
729
743
782
589
749
694
734
747
811
683
735
619
595
603
779
735
699
823
739
605
643
719
774
707
647
663
849
559
713
779
727
650
663
633
789
721
745
717
662
727
695
777
769
843
699
711
739
579
786
621
675
773
638
653
533
725
699
697
547
746
793
699
711
739
677
619
751
801
722
663
655
685
751
593
710
775
643
779
625
810
747
753
829
657
611
721
667
791
842
775
727
687
773
683
791
663
858
731
805
703
649
703
721
733
790
673
639
775
759
634
669
765
707
907
795
627
790
721
650
765
778
703
750
939
770
793
702
670
731
747
791
738
711
669
587
799
731
670
757
731
786
707
789
726
821
747
677
639
651
795
794
711
743
673
746
650
642
634
654
602
655
663
831
542
791
719
731
629
614
603
759
651
617
745
699
679
907
723
631
621
631
718
775
599
903
783
666
659
829
635
731
747
615
551
794
607
610
549
834
854
809
749
702
670
755
729
694
522
753
615
690
523
609
759
737
638
742
857
771
771
645
699
859
745
750
773
639
710
735
745
743
657
683
833
561
707
677
681
783
618
665
674
833
745
727
770
710
797
733
835
593
687
775
525
735
643
677
605
538
663
718
578
619
659
735
643
775
719
809
714
875
567
594
815
601
653
571
691
901
703
721
541
783
789
795
730
646
687
675
675
715
790
993
669
834
733
750
615
803
685
675
727
631
701
722
611
775
687
669
735
605
575
711
787
783
773
725
790
617
634
739
670
658
701
666
729
755
787
851
803
782
845
783
791
643
595
698
571
665
663
711
779
654
787
714
831
594
622
714
711
654
549
594
599
649
550
725
706
734
739
733
583
681
583
638
775
755
707
747
719
751
613
725
775
698
775
823
601
713
723
675
761
547
578
627
691
871
713
723
639
745
619
757
678
750
787
698
683
831
687
771
586
797
766
789
633
658
630
591
770
702
771
767
675
690
602
763
763
823
865
747
773
679
819
663
631
819
762
763
674
730
674
681
651
593
741
679
538
647
765
639
742
679
639
659
811
745
723
575
819
879
702
875
734
767
758
703
617
682
703
561
671
715
894
669
575
787
738
766
843
887
743
907
1113
