470
678
510
695
468
679
423
747
570
769
443
595
489
590
416
766
567
661
464
807
558
707
461
701
393
815
423
626
516
690
563
722
477
815
522
663
614
635
630
739
503
675
401
659
371
711
515
646
529
635
601
711
589
775
607
753
515
716
581
589
466
645
409
815
601
804
539
684
578
681
406
854
468
863
527
687
533
771
563
616
653
727
459
654
445
804
766
695
479
759
537
791
341
801
542
616
459
732
547
643
529
742
508
835
551
551
551
725
447
609
438
770
493
702
463
634
371
683
577
682
592
598
466
582
582
722
523
727
563
761
542
829
647
825
505
639
534
749
563
775
533
703
585
706
502
824
506
823
474
673
498
753
610
699
384
766
378
605
483
632
512
555
595
761
335
794
479
759
583
583
647
719
586
739
623
715
526
649
457
678
547
635
405
676
594
815
420
699
438
847
475
703
447
660
525
880
549
678
515
713
448
774
691
809
499
714
519
694
527
755
551
719
378
763
601
827
455
700
576
674
467
826
406
722
508
816
415
803
591
723
507
665
569
519
431
819
313
720
630
745
659
743
694
844
346
546
403
758
424
635
451
767
535
669
478
593
444
727
523
738
340
736
583
767
547
598
354
775
525
787
571
811
448
788
599
813
431
651
435
804
549
698
449
669
538
709
491
730
595
852
506
559
578
703
649
785
595
701
631
680
531
706
525
702
525
703
513
663
514
695
588
695
403
839
517
687
575
723
486
720
498
749
521
695
407
695
459
745
775
670
503
625
616
728
491
698
558
675
398
707
385
579
707
821
451
935
451
790
623
638
613
784
486
652
505
646
437
769
583
683
571
575
398
696
558
630
538
850
426
939
621
755
570
730
679
689
495
658
582
604
523
727
495
793
466
721
559
598
599
621
574
641
366
719
638
789
534
755
571
619
489
734
365
747
469
631
498
750
447
875
549
883
461
634
565
950
443
755
474
660
495
670
371
634
683
751
606
691
402
627
562
686
417
778
434
795
623
807
428
763
569
695
560
593
574
652
431
803
450
693
626
718
509
823
472
639
554
650
481
677
548
767
594
651
531
613
517
699
419
526
515
587
483
822
499
750
560
679
491
736
358
718
494
763
611
879
599
618
554
602
613
868
562
860
459
615
562
623
288
474
197
435
189
673
522
761
470
635
519
641
525
463
474
523
646
547
615
502
543
386
434
419
547
410
483
525
566
519
566
415
489
347
406
559
563
489
437
327
361
435
445
487
515
509
539
540
445
399
353
509
595
483
583
455
484
491
487
339
417
484
475
407
437
519
383
507
445
394
613
523
474
549
703
467
590
627
606
464
441
466
634
511
535
367
530
407
574
531
509
365
508
520
591
382
443
536
557
587
414
541
419
305
510
575
375
487
441
486
447
427
583
531
477
387
459
495
415
365
389
363
436
573
283
533
461
617
523
572
538
545
448
422
463
426
365
417
447
463
434
493
506
494
537
574
580
554
579
461
443
575
415
479
540
430
451
522
359
447
479
557
594
545
451
431
435
374
381
595
495
542
505
495
579
421
450
514
458
563
665
367
494
484
423
447
442
482
502
406
546
479
603
434
483
555
310
438
287
414
434
460
538
552
511
471
499
515
569
482
563
542
487
655
461
523
477
510
527
416
361
429
531
589
493
422
547
367
310
498
450
414
446
467
500
447
566
442
411
345
544
515
467
491
546
480
378
381
434
383
565
607
455
516
532
367
582
581
577
547
452
391
371
479
324
453
519
447
634
476
416
467
518
415
542
551
607
470
582
555
425
331
479
447
523
522
569
587
390
542
583
527
434
482
557
443
483
531
519
525
488
380
549
583
339
406
430
581
582
574
450
600
569
459
485
591
587
511
502
637
565
539
503
671
646
375
506
381
448
270
619
354
531
357
637
526
466
452
371
499
411
487
467
378
411
331
484
569
445
501
522
495
507
450
471
613
447
478
473
462
600
333
503
549
545
347
340
560
570
442
462
423
635
387
511
503
414
423
620
598
534
539
371
458
411
434
470
535
339
465
478
477
487
550
413
418
455
473
563
327
553
449
451
515
455
501
457
395
515
542
517
374
439
454
474
492
493
531
543
338
473
366
428
367
435
542
472
392
629
498
470
503
426
484
502
506
571
333
502
513
579
444
487
388
423
498
498
558
481
487
445
350
463
539
402
548
375
394
535
531
411
534
434
520
591
438
479
599
551
467
497
375
553
429
556
489
415
447
415
483
482
475
679
523
441
583
422
405
420
566
542
563
473
606
499
558
525
487
558
605
493
415
349
460
474
447
370
525
551
531
530
431
327
446
614
394
466
549
547
384
255
213
266
251
231
485
