556
750
379
599
421
729
375
682
350
710
493
765
483
774
529
618
498
777
511
738
506
687
483
654
307
539
416
698
279
735
355
745
402
573
537
718
354
558
415
620
297
650
295
515
354
760
527
656
451
687
471
652
432
712
647
633
423
614
478
606
475
718
457
683
546
716
537
746
461
666
312
623
466
687
495
709
488
674
643
790
531
787
419
840
393
636
475
699
505
653
333
730
556
700
543
730
430
626
565
811
427
748
287
675
482
542
473
612
423
519
427
601
545
766
504
610
453
639
407
645
478
584
413
529
435
633
471
647
611
640
587
683
435
685
429
871
462
667
653
610
593
610
427
681
467
668
455
697
462
801
399
616
429
618
437
711
465
584
403
559
491
607
525
651
308
630
589
811
327
678
325
701
491
756
414
627
395
639
505
679
418
695
434
746
398
592
435
660
441
675
482
807
362
615
486
670
595
585
391
757
448
621
437
680
494
781
380
715
309
547
532
654
351
589
363
652
447
707
503
653
395
627
511
808
425
644
573
637
573
530
447
703
504
663
388
575
497
602
527
741
483
645
620
633
554
536
595
563
319
675
417
581
567
622
477
742
310
651
476
778
450
679
375
666
482
619
537
649
317
614
414
735
418
653
467
749
464
538
523
640
511
697
366
576
228
702
448
741
358
571
530
609
476
599
571
761
399
632
606
683
414
662
538
767
509
698
580
655
295
571
365
672
471
621
515
511
462
612
407
771
513
681
498
623
471
508
619
647
463
681
535
638
499
582
530
788
539
766
623
695
444
615
519
663
351
632
533
843
320
643
403
708
455
618
389
581
468
663
349
670
411
540
487
645
373
674
458
806
439
542
596
759
596
531
543
781
547
646
526
609
547
643
337
739
533
702
530
841
371
477
409
575
434
770
487
654
337
697
467
629
511
727
417
570
479
774
594
627
475
642
394
658
466
735
577
639
460
683
477
649
556
614
371
535
381
596
421
535
473
639
435
662
472
557
312
734
421
641
438
643
409
642
413
687
429
554
430
805
466
533
487
686
409
575
426
657
363
547
538
635
478
647
422
711
477
650
487
657
461
645
465
715
455
499
509
674
467
743
494
715
370
583
314
774
498
635
560
623
527
594
418
601
349
585
433
583
507
491
93
465
185
311
0
719
333
547
461
759
391
546
350
447
495
427
436
416
450
455
562
489
369
390
238
474
324
261
341
419
397
359
333
364
421
435
339
485
422
517
407
255
463
333
438
474
458
539
492
420
453
366
363
639
366
485
414
271
486
423
327
417
535
478
247
476
546
458
454
396
583
410
447
367
417
337
455
425
304
466
357
533
525
542
395
454
570
375
479
282
507
434
255
455
437
370
515
333
286
377
371
439
554
395
262
369
473
577
386
328
499
435
426
391
383
361
295
360
485
235
423
470
535
443
395
311
420
415
428
329
465
392
359
359
538
427
494
426
488
517
301
389
449
552
471
563
401
475
322
369
412
431
443
417
434
363
366
411
362
473
587
462
627
381
327
478
273
351
563
427
359
373
423
343
475
331
494
445
546
282
371
478
591
409
422
447
469
537
462
324
387
526
581
405
445
382
547
566
480
331
574
301
289
395
484
463
507
466
598
443
415
449
280
361
477
439
330
389
465
570
421
431
333
412
478
425
341
350
442
321
464
401
469
443
438
482
278
343
402
331
361
363
418
358
339
375
301
549
403
365
482
496
536
457
445
535
543
491
495
421
446
435
315
282
436
421
429
451
481
395
329
371
506
325
571
385
339
390
483
292
595
429
460
491
365
426
278
350
405
327
435
441
438
383
554
392
451
430
292
555
500
433
433
402
634
533
372
487
431
467
511
394
391
411
410
551
397
470
481
416
394
304
414
451
387
429
581
377
418
336
367
501
362
358
398
376
375
486
430
454
459
486
532
408
343
387
293
451
244
383
471
454
595
386
531
451
475
554
512
365
509
528
244
343
306
329
575
397
390
381
493
475
455
270
379
347
591
521
451
237
321
581
415
441
362
406
415
349
419
292
346
386
543
336
468
557
479
330
277
337
455
413
447
446
343
480
502
434
386
398
420
443
426
507
418
381
279
419
479
460
449
351
266
457
596
607
425
371
386
392
538
474
570
333
393
534
336
379
491
327
424
411
644
347
389
519
478
437
270
375
335
451
360
393
330
449
422
346
414
347
496
342
598
477
478
513
505
395
474
433
443
422
427
366
384
405
486
613
318
462
337
308
577
189
432
350
426
504
377
313
581
535
446
340
479
443
386
395
472
357
537
392
416
405
371
414
362
399
543
303
493
437
261
397
341
367
439
405
448
505
359
305
173
351
399
636
