723
963
791
943
895
1115
931
1026
735
899
1094
1161
677
1225
1031
974
970
1067
1047
1142
918
1082
845
1047
742
1067
847
1125
819
1019
907
1034
885
967
807
1042
711
951
707
1035
897
1067
747
1062
935
987
861
999
847
1001
823
974
674
963
758
903
782
1135
979
970
782
954
798
933
839
1085
899
1119
801
1193
734
919
741
1062
817
1035
902
1046
935
1159
899
919
667
905
787
906
959
883
899
975
830
926
814
941
915
1039
627
1031
859
922
903
1038
959
1011
727
1027
615
947
577
1067
782
1111
726
1167
778
1009
822
937
962
1134
889
982
711
1027
1023
1013
891
1082
862
886
882
1031
845
935
951
1097
667
1069
977
1018
650
1082
829
1115
899
1015
817
1090
905
999
975
1146
737
983
775
943
850
1019
807
1011
922
1015
973
1203
665
1083
826
1162
838
949
754
950
889
1163
711
953
801
1071
866
1083
726
1035
883
1149
801
1034
779
1115
839
737
803
1023
851
1111
815
1091
1033
1091
859
1045
829
1011
839
1165
833
1214
698
1091
817
1099
881
1019
841
942
923
1034
731
987
898
1083
854
1109
847
1095
831
1203
861
1046
901
957
763
1051
835
933
819
1078
651
942
851
1087
895
1125
966
891
709
1030
811
981
843
1067
946
1113
653
937
735
938
903
1095
731
1067
795
1027
655
1114
901
1078
755
1127
799
1078
907
1019
771
1093
767
1035
935
1035
793
994
963
847
815
1170
751
1159
755
1171
903
1119
674
1219
889
1019
759
1043
591
1221
871
999
827
1135
845
1011
894
1085
817
1201
827
1003
931
1131
855
834
1014
961
770
983
591
1098
862
1078
815
1157
897
971
686
970
1049
938
731
1061
791
978
742
977
854
1021
833
1113
755
1055
843
991
809
933
1019
1126
747
1163
843
1003
870
905
886
1050
903
891
735
867
777
935
817
1033
774
1050
914
1182
887
1203
719
1015
878
971
686
1079
843
975
793
1079
929
978
739
958
999
1141
794
1026
1015
975
699
929
933
955
837
1006
667
995
655
1042
743
1038
773
946
861
910
785
1007
706
925
593
886
754
1047
745
1095
735
1021
818
875
767
910
898
1005
826
945
711
975
763
1027
797
1059
706
1062
985
974
1031
1087
575
1151
666
1014
773
1085
647
938
875
1030
1003
1115
942
1099
786
975
857
1194
830
1013
903
983
1003
1083
899
1037
835
1135
885
1051
907
1090
815
1111
737
1073
878
957
642
975
887
887
919
1131
761
1071
1043
1059
843
978
887
1039
799
1146
811
995
719
975
978
765
449
783
397
894
487
951
826
981
767
963
895
1103
678
755
697
875
803
759
919
869
727
834
802
859
947
803
727
838
671
718
779
843
681
893
791
739
830
829
669
858
639
775
830
775
750
727
887
858
909
617
739
855
711
778
759
693
631
723
905
818
907
931
767
886
881
719
891
831
718
763
975
805
843
659
895
799
663
714
787
943
929
733
783
761
721
947
771
823
807
771
867
967
862
611
659
783
821
615
707
746
738
753
791
854
831
839
725
853
843
795
827
687
891
562
862
675
915
883
1005
771
663
690
902
858
682
707
906
921
805
625
726
747
857
787
874
913
855
735
755
826
637
650
825
763
821
839
782
723
730
811
770
843
811
822
805
673
827
811
843
907
887
822
879
786
727
701
923
786
683
687
823
895
782
801
743
710
805
787
939
761
842
683
771
723
783
711
730
743
997
675
631
782
683
717
747
878
827
807
907
710
754
687
823
794
962
725
845
829
801
877
775
843
833
778
770
747
814
858
913
869
901
847
663
823
894
742
934
883
735
795
951
735
777
826
855
690
715
691
663
783
887
671
787
739
995
829
883
662
723
746
703
707
851
773
834
991
779
834
646
889
663
895
819
597
815
711
793
791
799
823
719
895
934
570
879
782
815
771
737
879
891
762
811
811
893
815
771
710
746
743
675
731
771
911
854
722
846
775
830
733
807
714
918
839
699
739
673
823
899
786
831
595
767
799
869
558
886
765
977
911
767
861
915
778
703
786
731
767
807
705
890
863
813
934
731
885
934
719
685
839
849
630
918
797
913
830
957
802
863
885
770
875
765
731
859
791
835
957
589
695
935
706
795
658
835
794
869
771
830
767
779
799
843
751
961
831
839
791
1010
866
651
891
758
982
1166
1011
871
837
755
739
805
763
661
755
857
654
771
859
729
875
718
771
849
891
843
707
797
561
797
745
850
799
843
826
847
935
755
929
925
711
895
939
762
730
859
814
833
961
670
751
767
719
1006
741
719
891
807
771
662
811
753
945
977
747
770
729
858
855
899
779
795
794
773
731
765
759
746
762
623
917
747
715
783
881
778
827
785
855
754
711
815
1046
835
851
947
807
918
614
958
835
607
854
883
885
791
790
729
923
715
875
719
813
867
709
693
871
793
801
739
650
879
775
723
763
677
785
775
891
801
683
847
882
718
831
667
897
719
730
795
871
983
895
951
967
1043
1351
