379
675
407
587
383
535
367
543
355
483
367
563
439
599
415
627
375
519
315
447
455
571
383
455
395
507
331
563
251
543
347
499
339
731
355
631
355
543
295
611
411
611
291
511
311
595
379
515
603
595
367
687
379
579
487
479
407
635
367
503
335
583
331
687
371
627
507
491
335
467
431
527
367
647
399
727
275
415
187
547
443
647
395
511
387
351
359
707
263
635
283
551
311
495
327
619
455
667
375
575
323
551
499
551
335
651
403
683
503
515
287
427
351
555
351
623
543
683
411
519
343
699
383
519
375
487
319
415
435
571
467
675
375
455
435
663
379
675
371
707
479
595
515
579
407
679
323
627
459
639
495
483
399
591
391
615
383
643
411
591
411
667
383
607
415
531
407
663
367
307
335
411
351
527
479
439
491
531
251
667
391
459
371
703
287
491
479
483
331
607
527
535
523
455
375
703
479
599
283
483
335
543
303
479
499
735
679
575
375
607
527
535
495
715
331
619
447
595
287
743
371
511
271
679
431
615
299
663
283
715
323
343
271
695
351
447
391
667
439
603
279
651
419
635
351
523
387
687
247
563
387
531
383
619
359
619
419
667
483
571
307
515
455
539
339
515
459
531
411
495
367
579
371
603
531
555
347
543
467
495
411
519
251
667
415
551
403
739
395
491
323
515
399
391
387
631
371
607
251
667
275
571
531
631
359
523
419
603
279
627
355
635
491
487
439
699
335
559
431
707
427
675
347
539
367
499
427
567
367
563
403
583
347
607
355
579
535
643
423
595
491
615
371
499
323
759
403
611
495
459
327
623
595
467
315
623
459
555
463
607
443
607
371
559
359
587
363
623
391
587
319
527
359
579
363
631
323
627
351
583
303
499
363
531
419
579
419
603
383
687
455
623
367
451
291
427
423
579
367
607
443
671
423
575
459
535
427
611
459
663
343
711
379
619
303
583
363
567
411
507
419
479
451
531
327
619
527
699
479
555
367
723
355
543
443
687
459
479
291
591
379
459
403
603
247
587
383
535
491
571
351
579
327
611
415
479
391
567
423
555
291
523
467
599
371
671
431
615
391
479
295
599
371
631
315
519
327
599
263
675
447
611
399
623
427
563
511
551
427
487
351
647
399
591
431
675
395
435
79
327
0
331
107
591
307
407
363
439
527
483
439
419
343
439
263
267
391
227
231
451
355
295
435
399
279
395
319
303
327
271
387
411
287
363
339
391
419
439
291
435
339
259
347
331
319
399
323
291
351
267
415
307
503
427
355
199
479
263
471
475
467
351
459
279
623
343
379
387
247
271
403
291
359
419
447
311
495
327
459
439
315
339
431
283
283
391
471
499
267
351
283
295
315
263
403
223
543
379
287
379
347
267
451
471
287
403
423
399
503
443
335
299
423
439
359
375
419
415
423
343
435
211
359
299
415
311
495
495
447
327
367
319
355
239
503
431
455
407
323
291
371
279
383
375
235
499
407
487
399
487
363
439
367
383
403
347
367
447
323
455
335
487
367
563
595
299
303
291
339
347
407
211
455
287
263
435
419
379
319
375
351
487
355
399
367
483
415
387
323
387
339
327
479
163
327
327
307
379
335
271
311
431
407
543
371
283
351
367
331
355
311
395
259
315
403
383
319
347
455
439
375
383
399
347
359
487
279
399
463
371
487
455
347
267
395
347
271
415
319
507
411
427
255
295
287
331
283
371
431
279
487
535
371
323
219
291
315
303
291
331
495
423
271
403
411
195
431
483
399
279
295
335
307
299
339
271
255
431
343
319
367
291
395
411
583
311
363
343
451
299
531
363
311
291
383
231
215
231
335
375
471
243
347
339
431
267
295
367
247
407
251
439
355
403
455
459
387
515
347
455
219
355
255
395
335
335
479
387
267
395
295
279
319
411
347
371
411
311
323
323
359
323
203
259
307
299
311
451
411
371
347
307
351
367
479
347
387
451
199
499
403
351
583
499
411
295
339
323
383
363
391
291
311
387
239
375
347
235
495
507
355
371
419
371
467
315
431
287
287
483
379
347
191
351
355
415
451
319
355
383
483
427
283
299
375
299
439
271
403
427
343
335
443
539
511
355
379
383
439
303
479
271
319
315
375
467
371
303
443
347
471
387
287
455
387
231
467
235
323
315
471
275
291
427
231
439
483
255
287
347
451
367
343
419
423
459
363
355
415
191
275
371
583
315
319
323
339
311
495
375
351
311
379
271
423
339
439
307
227
279
307
311
347
431
383
227
243
463
403
303
347
255
279
275
363
247
279
315
391
383
387
227
279
399
339
311
427
299
451
383
279
279
175
391
375
395
387
287
195
339
311
231
415
511
