859
1147
939
1339
986
1130
1005
1163
982
1095
1070
1239
955
1115
979
1234
898
1177
903
1350
910
1099
1003
947
1206
1210
935
1135
991
1131
963
1106
1011
1295
1062
1018
939
1197
757
1146
879
1043
1042
1126
1018
1059
930
1239
917
1199
1037
1327
927
1394
910
1150
1055
1230
738
1223
970
1275
1011
1217
995
1199
933
1227
969
1059
991
1153
947
1137
990
1021
1042
1083
831
1067
926
1139
975
1115
966
1115
834
1303
1014
1202
1047
979
987
1221
946
1217
1085
1303
751
1223
850
1325
893
1303
793
1191
1066
1135
826
1170
859
1171
1213
1187
1057
1291
1007
1143
862
1151
931
1183
987
1335
1013
1117
1047
1299
870
1209
1118
1210
1055
1050
891
891
849
1161
893
1155
1038
1215
923
1211
1053
1122
987
1199
975
1133
931
1119
1029
1053
939
1223
891
1177
963
1251
887
1239
955
1043
1059
1047
1029
1213
970
1237
923
1123
1009
1194
1177
1283
805
1367
969
1221
921
1341
923
1314
1037
1423
966
1037
1118
1157
869
1207
935
1135
938
1251
861
1199
993
1141
975
1099
935
1326
978
1239
995
1081
843
1331
1007
993
1134
1247
898
1243
971
1111
809
1225
1073
1195
839
1110
949
1183
1078
1246
887
1181
890
989
789
971
983
1122
1146
1169
938
1270
1225
1154
1143
1147
1011
1210
1082
1311
759
1042
987
1306
913
1169
949
1198
1038
1271
994
995
1135
1238
755
1327
727
1123
931
1223
970
1230
870
1331
1049
1315
851
1173
942
1231
1114
1151
899
1309
1026
1162
1059
1169
791
1327
989
1153
979
1253
833
1294
887
1401
871
1359
838
1067
1013
1147
855
1141
1085
1211
998
1103
878
1122
870
1203
1051
1194
951
1215
1002
799
1015
1255
995
1219
1077
1283
898
1059
918
1303
1066
1113
991
1147
913
1098
1235
1174
787
1107
951
1123
707
1135
935
1263
843
1093
889
1191
918
1230
1249
1075
1017
953
1055
1237
959
1191
803
1259
983
1162
963
1198
1034
1147
941
1207
1007
1151
754
1097
1171
1210
967
1229
1129
1231
851
1103
947
1097
987
1143
997
1299
1141
1121
1049
1101
1019
1158
711
1138
998
1173
1041
1159
1065
1245
1095
1099
935
1229
486
1249
1077
978
963
1155
998
1302
1109
1134
1150
918
1007
1118
907
1214
923
1327
965
1067
891
1255
959
1195
971
1315
1002
1167
898
1175
915
1143
967
965
877
1239
1027
961
991
1129
1126
1259
1075
1209
1118
1271
1035
1153
1033
1026
1058
1339
999
966
875
1165
1013
1111
967
1031
1013
1023
939
1383
955
1290
982
1289
947
1019
1314
1157
743
1125
786
1121
793
1165
917
1574
939
1071
918
1243
1013
1087
905
1135
1045
1231
767
1191
1047
758
887
927
726
894
783
1130
837
1271
898
937
1023
1127
883
882
998
1147
1271
995
1198
786
1134
967
1045
1015
457
1067
1175
919
951
799
927
923
1015
905
1027
1085
955
914
674
962
989
619
887
902
1183
979
899
769
1219
870
1142
1018
806
999
1030
921
586
854
1130
775
774
961
1759
583
895
1051
622
807
763
1143
979
937
843
803
774
962
886
1090
1010
902
0
883
639
927
1022
1361
254
881
981
963
1009
675
901
1029
930
851
885
851
723
995
931
995
647
865
1029
859
786
951
937
1034
1071
77
985
1643
621
1179
1241
1142
1142
1142
1142
1142
1142
1142
1142
1142
1142
1142
1142
1142
1142
1142
1142
1142
1142
1142
1142
1142
1142
1142
1142
1142
1142
877
1159
735
1031
1199
1215
915
282
899
929
943
1187
974
1339
315
962
834
1018
1191
811
1069
1019
863
815
1363
967
935
957
859
1031
907
963
1455
946
663
851
1447
1019
1123
859
1061
933
914
847
806
866
1089
1049
871
1210
893
1469
1018
1286
1015
1027
1119
1237
1274
1046
1011
1023
955
441
1027
937
937
1167
1082
1006
1043
1066
890
1015
835
811
946
827
999
891
970
1003
939
1217
971
1055
1271
843
907
1386
574
1063
1005
809
966
903
815
1177
883
987
1005
1031
949
1093
837
1090
871
951
859
923
926
897
967
1101
923
546
1071
1019
867
1071
923
1057
1026
1139
866
375
907
938
802
1025
1106
955
1003
491
863
891
798
934
1019
1097
1025
919
774
939
1006
882
874
981
847
893
943
1062
855
874
1102
975
841
895
826
843
923
947
986
1047
906
1131
915
965
927
1026
911
1042
930
1078
835
1133
1009
878
1011
1135
989
939
711
991
853
971
867
783
890
967
997
1089
990
929
975
986
965
1273
933
855
1071
906
818
999
963
875
877
787
961
1187
923
763
974
807
905
971
911
993
911
931
866
1009
903
887
906
838
926
899
995
970
933
1087
899
981
869
901
1009
837
1067
979
997
950
886
1223
902
967
867
647
881
1107
998
1042
875
877
1107
993
1099
907
867
950
859
795
975
863
947
967
1055
973
953
941
971
938
1054
989
1011
839
1087
986
1090
882
871
1011
921
935
1059
955
955
967
997
962
885
1030
849
986
879
715
757
934
851
1071
941
1019
863
930
886
933
1151
986
886
918
870
994
835
719
895
1173
739
767
965
1122
947
894
1071
963
1150
986
1219
951
931
1039
947
963
997
887
1011
895
843
991
1051
985
1019
854
931
1187
903
910
1023
955
879
1067
923
871
950
989
901
902
901
987
853
907
770
1146
890
974
1007
882
839
953
1081
895
859
875
1019
815
1031
1009
855
703
607
771
642
867
1065
