794
819
763
1183
899
1023
858
991
915
1119
911
995
867
1191
899
1103
743
1075
867
1059
955
1087
883
1179
935
1047
947
1095
823
1019
755
1279
967
959
819
1011
851
1011
855
1099
871
1119
991
995
871
1098
835
1003
895
963
863
1198
859
991
827
1147
919
999
927
1023
863
1039
947
1135
855
1239
935
967
979
1015
1027
1087
947
971
939
1183
867
1087
955
1067
899
1031
962
1087
859
947
871
987
875
1055
863
1135
739
979
870
1091
903
971
827
1075
883
1051
811
1027
859
1075
695
1171
867
1055
831
1027
907
1167
915
1119
963
1027
759
1071
987
867
919
1155
871
1103
751
1106
967
1203
887
1011
863
1179
759
1222
971
1075
839
947
755
1083
727
1215
975
1019
839
1147
1007
1034
947
947
855
1015
863
1167
955
1035
791
1083
827
1143
823
983
846
1007
903
1059
1019
1207
847
1103
863
1055
807
979
843
1023
911
1079
967
1079
927
1071
947
995
827
1151
899
1023
859
943
971
1015
959
1086
947
1055
827
1027
959
1087
907
1159
915
1235
919
1135
919
1003
915
991
967
995
907
951
927
1059
963
907
707
951
1007
1067
895
1079
867
1071
799
1211
934
1055
715
1011
942
1159
907
1035
851
1023
1019
1099
839
1219
823
1107
791
1055
907
1015
911
979
863
1127
863
991
935
1039
951
1103
975
1194
1051
1043
887
1067
1003
1015
863
1055
831
1063
823
1107
963
915
919
1107
887
1203
875
1039
951
1119
863
1147
779
1175
827
1195
919
1135
987
983
930
1023
759
1047
838
1055
783
1075
847
1063
807
1179
823
1127
962
1063
827
1135
883
1119
867
943
875
1015
831
1075
859
1175
907
1039
858
999
863
1007
891
1087
899
955
867
1047
1019
1079
759
1155
855
1207
967
1067
899
1103
823
1083
967
1031
1027
1099
919
1095
895
967
835
1103
871
1071
871
1179
863
1063
955
1219
959
1131
763
1087
835
895
959
1087
839
1170
859
1059
811
935
835
1107
739
1147
987
979
1027
1167
927
1158
819
1095
943
1111
767
974
807
1163
711
1103
955
1231
934
1087
859
959
911
1131
903
1091
854
1234
878
1139
807
991
878
1111
903
1210
815
1123
911
875
895
1083
787
1075
1011
1219
835
1007
963
1043
995
1143
895
1019
915
1131
955
1147
755
1011
955
979
939
1059
883
1246
1003
1331
943
963
831
1099
839
1075
822
987
907
1015
939
1074
951
1075
959
959
863
1139
867
1139
843
1207
918
1167
779
1267
827
959
887
1131
959
1183
911
907
903
1087
851
951
927
1175
903
1139
859
1043
895
979
819
951
683
699
587
675
779
1051
895
1051
807
967
839
1047
971
807
831
967
795
735
883
827
703
863
743
799
823
891
895
835
887
875
959
863
966
823
879
707
795
814
803
867
867
1027
855
866
951
695
751
915
899
774
951
715
839
831
1027
863
779
746
767
839
859
1031
759
947
879
827
923
779
735
851
911
859
947
887
867
867
883
903
855
667
927
851
767
899
771
743
851
963
743
775
815
755
815
635
959
811
755
963
767
855
655
847
771
863
831
803
895
863
751
787
907
839
775
967
815
747
895
823
971
831
943
967
811
811
895
839
1083
831
827
947
759
791
803
967
763
895
823
726
879
823
835
862
883
807
895
971
827
775
819
867
823
803
898
863
831
895
831
907
831
783
867
759
955
971
847
871
743
799
787
859
811
851
867
907
911
919
735
843
914
875
863
803
943
706
943
739
803
915
831
883
711
655
887
815
759
827
843
739
890
735
934
831
763
842
855
779
903
855
926
947
882
911
839
827
895
819
863
723
830
847
846
911
951
851
935
855
743
943
915
799
715
787
847
795
903
751
815
803
931
867
739
903
823
799
891
771
815
851
867
751
855
707
1039
839
951
955
879
891
867
859
747
855
835
783
866
863
755
799
699
827
1095
851
823
815
807
831
731
775
859
879
799
819
899
983
919
859
731
767
834
867
955
923
903
923
763
771
1059
951
955
807
875
787
963
915
875
971
863
847
886
959
863
971
955
875
867
843
835
691
903
863
747
767
774
695
791
915
843
847
863
799
811
767
911
695
983
827
943
847
807
787
995
950
786
795
831
955
727
855
863
831
923
987
743
847
927
747
819
991
951
827
854
730
1059
895
823
843
859
859
807
851
747
951
711
823
935
847
959
875
975
878
931
895
795
711
894
743
886
863
775
823
923
715
823
866
863
855
883
763
914
735
851
907
887
967
795
927
871
851
819
859
899
863
867
955
887
947
823
823
743
839
839
807
915
907
839
923
907
827
995
807
867
899
751
867
747
855
719
907
895
923
762
919
711
819
795
827
951
823
851
871
911
823
863
771
815
851
711
819
851
939
755
731
751
807
699
791
899
859
859
939
907
667
607
859
891
943
827
863
855
871
831
755
851
807
787
894
803
879
851
811
895
747
727
807
775
763
967
683
763
891
959
863
891
807
851
931
839
907
847
755
798
867
975
575
955
899
859
971
767
727
759
895
799
955
787
1035
