366
535
438
566
570
821
399
733
367
528
327
587
509
553
427
703
435
640
373
579
447
785
557
805
629
616
482
765
421
543
353
627
471
670
417
663
579
535
483
674
445
746
319
741
475
553
462
555
438
789
480
603
387
509
438
663
390
688
391
578
526
445
382
666
517
737
400
737
424
622
383
831
449
735
499
772
510
610
538
587
377
664
542
521
445
524
436
611
403
758
358
714
491
654
369
719
584
601
513
735
407
659
479
673
394
538
291
607
499
619
509
690
557
561
522
555
363
755
429
681
306
559
459
813
336
649
330
689
607
729
558
694
613
705
390
651
526
612
421
623
353
627
499
723
473
638
396
769
291
602
533
715
365
719
509
650
287
672
443
606
403
642
602
555
410
578
323
675
487
609
502
616
443
767
479
845
454
707
526
558
363
695
455
640
530
851
284
681
443
579
411
647
469
663
323
577
378
535
501
574
429
731
501
577
538
698
273
651
373
689
505
715
431
588
471
645
454
683
350
455
401
596
383
570
462
689
431
672
309
594
467
758
410
619
462
592
420
571
507
827
479
838
362
625
281
647
511
631
389
678
411
675
483
659
384
637
421
713
421
622
419
623
497
786
510
551
441
631
490
669
550
566
443
550
479
750
423
769
363
778
531
603
495
735
387
573
527
627
557
613
509
722
312
579
408
755
399
636
576
695
315
627
367
573
389
615
427
581
519
743
445
567
515
612
390
533
430
693
330
515
495
886
307
646
407
649
418
739
430
763
489
522
435
498
615
547
436
655
546
696
578
695
419
694
258
611
392
812
435
714
322
871
429
714
407
698
435
559
413
571
517
528
495
674
498
651
489
748
383
558
431
633
425
489
416
605
399
501
379
667
477
616
545
695
540
611
407
805
423
664
282
621
487
715
447
722
498
586
496
670
352
643
495
503
253
682
492
517
499
690
334
799
548
711
419
640
342
619
381
636
499
667
429
635
463
790
497
662
383
636
573
657
486
671
432
689
383
737
630
535
442
473
405
727
467
747
523
590
387
565
392
678
536
772
458
676
410
521
552
690
487
668
556
681
446
693
439
661
393
746
434
725
532
631
544
561
360
598
405
742
417
891
591
592
425
567
402
743
311
692
363
591
379
463
522
591
483
538
155
438
154
321
145
799
315
523
252
552
495
583
481
451
541
455
458
481
520
385
323
331
422
481
239
331
576
579
187
381
541
305
349
448
523
509
465
382
401
385
519
315
448
357
423
343
490
335
322
315
473
356
519
389
454
348
438
475
462
538
486
395
451
383
496
466
479
315
495
287
497
355
379
214
412
376
427
559
392
410
406
474
414
489
403
342
457
542
437
411
522
451
309
307
463
434
467
491
353
297
247
515
405
427
522
242
472
445
412
352
375
407
413
242
391
343
377
486
486
486
486
486
486
486
486
486
486
486
486
486
486
486
486
486
486
486
486
486
486
486
486
486
486
455
395
356
298
305
365
236
394
388
512
418
380
419
463
425
564
482
239
321
327
393
394
423
255
454
307
257
392
252
319
340
369
355
371
542
414
326
454
544
349
283
338
406
423
378
353
387
421
489
495
237
443
415
445
464
413
343
329
341
283
314
513
390
516
506
278
491
524
289
529
290
404
390
403
330
491
401
427
401
407
402
441
321
441
502
436
419
512
195
406
296
503
297
261
305
507
413
435
319
290
443
371
430
231
538
285
327
376
428
427
371
374
510
442
391
470
382
351
309
372
334
470
382
347
302
587
558
382
495
531
219
453
374
429
447
515
355
405
355
382
233
509
400
418
439
419
263
469
480
409
355
474
446
379
327
554
327
426
399
475
356
555
547
465
327
339
333
495
317
298
315
467
366
419
349
545
298
433
295
475
371
326
428
375
461
610
299
397
451
458
287
539
373
362
495
423
561
382
387
273
442
423
500
447
370
367
354
512
330
377
439
422
381
435
366
383
428
346
411
313
325
341
431
589
386
379
487
351
478
373
468
340
326
479
519
467
335
427
239
357
277
472
373
508
309
471
321
307
322
436
194
479
458
535
325
281
186
411
346
449
314
431
341
553
518
355
290
472
487
581
321
479
411
597
440
442
362
489
262
428
368
286
334
482
407
447
346
411
621
503
449
319
531
389
375
437
416
541
462
386
449
446
601
414
342
537
405
276
387
416
467
575
418
556
413
509
362
503
373
255
261
374
395
435
445
391
421
333
374
550
374
506
372
522
442
406
347
534
442
405
547
522
282
389
492
487
441
435
463
399
382
469
372
353
369
310
546
447
583
423
326
306
393
398
502
322
413
518
247
471
271
439
408
385
395
299
386
496
369
505
283
353
746
