1239
1403
1333
1559
1327
1475
1315
1499
1291
1383
1199
1470
1191
1450
1245
1511
1211
1447
1167
1466
1395
1543
1191
1351
1273
1539
1186
1523
1222
1590
1279
1438
1409
1587
1171
1439
1267
1471
1219
1471
1283
1511
1378
1409
1274
1379
1263
1567
1310
1535
1351
1418
1199
1583
1246
1395
1155
1439
1387
1467
1222
1379
1270
1478
1139
1587
1259
1439
1331
1403
1287
1439
1238
1435
1147
1403
1291
1459
1214
1487
1375
1595
1303
1403
1183
1427
1271
1439
1310
1427
1250
1435
1242
1599
1367
1394
1482
1502
1199
1561
1163
1418
1235
1474
1243
1571
1187
1471
1225
1414
1131
1299
1279
1399
1219
1411
1263
1287
1403
1579
1394
1387
1259
1514
1198
1379
1243
1618
1223
1507
1135
1443
1159
1475
1235
1507
1171
1303
1295
1535
1187
1563
1327
1543
1206
1651
1195
1483
1187
1371
1219
1495
1223
1586
1210
1370
1315
1595
1287
1515
1283
1466
1247
1523
1359
1339
1211
1363
1351
1559
1214
1498
1406
1447
1271
1359
1183
1471
1319
1543
1418
1255
1055
1461
1323
1419
1314
1473
1187
1383
1151
1591
1193
1533
1262
1587
1251
1509
1403
1483
1279
1407
1327
1407
1417
1363
1274
1522
1155
1427
1379
1347
1243
1407
1179
1583
1179
1387
1186
1431
1267
1419
1303
1555
1131
1570
1211
1507
1239
1423
1183
1459
1165
1406
1231
1479
1239
1347
1202
1610
1307
1579
1325
1403
1283
1447
1373
1483
1191
1567
1203
1470
1198
1502
1151
1535
1146
1486
1387
1547
1219
1483
1227
1583
1198
1431
1283
1342
1139
1310
1155
1535
1350
1515
1250
1407
1151
1387
1267
1503
1163
1535
1231
1466
1331
1515
1317
1463
1419
1591
1266
1535
1391
1531
1173
1510
1315
1403
1194
1547
1450
1282
1335
1363
1291
1451
1178
1507
1427
1403
1206
1595
1355
1519
1303
1414
1171
1659
1194
1498
1247
1367
1335
1486
1263
1427
1263
1523
1286
1443
1139
1447
1215
1335
1241
1666
1390
1495
1215
1487
1297
1418
1210
1530
1197
1383
1235
1491
1403
1407
1259
1469
1375
1467
1231
1387
1407
1411
1115
1571
1323
1374
1211
1475
1335
1459
1221
1571
1307
1563
1203
1515
1363
1495
1342
1327
1191
1435
1146
1406
1127
1531
1319
1491
1327
1527
1381
1543
1251
1559
1210
1639
1174
1495
1154
1619
1351
1442
1333
1547
1258
1478
1274
1579
1275
1527
1254
1515
1150
1347
1231
1359
1083
1431
1289
1419
1219
1534
1295
1387
1362
1451
1286
1445
1179
1477
1227
1429
1183
1527
1311
1626
1195
1535
1297
1347
1046
1447
1283
1443
1310
1475
1287
1475
1191
1359
1243
1503
1343
1439
1335
1495
1246
1507
1255
1455
1094
1526
1162
1395
1238
1401
1307
1419
1319
1395
1139
1449
1235
1495
1390
1423
1179
1334
1251
1579
1282
1451
1318
1539
1199
1503
1347
1447
1158
1443
1339
1538
1139
1579
1231
1438
1287
1475
1271
1519
1231
1389
1135
1154
1047
1155
782
1503
1343
1467
1419
1451
1209
1499
1279
1207
1302
1219
1222
1257
1234
1318
1251
1315
1062
1201
1349
1310
1199
1297
1262
1299
1266
1291
1266
1239
1399
1374
1283
1251
1274
1151
1146
1215
1423
1229
1171
1079
1291
1261
1115
1255
1114
1238
1263
1051
1159
1287
1239
1231
1191
1286
1261
1173
1306
1311
1143
1290
1395
1137
1227
1186
1114
1222
1186
1271
1331
1159
1167
1177
1219
1339
1190
1231
1087
1254
1387
1094
1186
1314
1219
1295
1363
1107
1170
1371
1198
1279
1211
1151
1327
1126
1223
1178
1254
1382
1323
1157
1179
1306
1238
1226
1323
1282
1063
1146
1399
1243
1259
1235
1279
1334
1147
1135
1207
1147
1259
1155
1278
1291
1327
1163
1282
1247
1350
1143
1227
1279
1257
1107
1170
1343
1187
1062
1279
1111
1259
1323
1119
1378
1167
1318
1178
1217
1259
1026
1209
1175
1250
1290
1315
1327
1287
1311
1291
1251
1255
1351
1183
1231
1378
1243
1171
1083
1291
1202
1287
1291
1222
1310
1295
1279
1226
1099
1301
1183
1299
1157
1263
1306
1249
1230
1255
1295
1195
1187
1163
1335
1278
1162
1250
1350
1319
1263
1351
1191
1270
1206
1186
1171
1367
1223
1323
1303
1375
1167
1366
1263
1183
1099
1323
1207
1247
1143
1166
1275
1203
1142
1243
1339
1083
1347
1175
1149
1258
1202
1143
1195
1175
1214
1246
1243
1191
1415
1310
1203
1175
1159
1281
1115
1021
1214
1169
1209
1167
1359
1195
1158
1366
1330
1249
1251
1063
1203
1279
1243
1183
1343
1047
1167
1210
1183
1315
1319
1255
1162
1187
1210
1335
1179
1147
1322
1215
1111
1119
1103
1322
1195
1295
1194
1163
1323
1183
1289
1271
1179
1250
1267
1339
1351
1230
1147
1159
1303
1315
1271
1358
1119
1287
1163
1263
1279
1207
1119
1199
1211
1147
1138
1375
1239
1294
1203
1158
1122
1383
1321
1251
1327
1239
1299
1307
1222
1151
1287
1183
1214
1115
1323
1153
1251
1354
1210
1161
1331
1291
1282
1407
1299
1198
1235
1307
1251
1259
1195
1254
1359
1290
1203
1354
1118
1265
1239
1251
1267
1371
1198
1139
1127
1203
1267
1307
1159
1187
1195
1311
1243
1294
1119
1282
1291
1175
1271
1067
1209
1385
1386
1177
1263
1215
1207
1222
1155
1159
1199
1146
1203
1195
1090
1223
1278
1131
1241
1271
1126
1203
1126
1187
1219
1123
1226
1313
1167
1390
1279
1199
1275
1043
1223
1179
1151
1355
1227
1283
1235
1211
1271
1287
1315
1371
1170
1251
1250
1259
1378
1183
1371
1227
1367
1022
1265
1135
1339
1295
1183
1346
1043
1286
1327
1286
1167
1331
1243
1334
1293
1179
1151
1219
1262
1262
1239
1218
1207
1327
1333
1183
1259
1383
1225
1338
1314
1218
1363
1271
1119
1207
1251
1283
1202
1129
1223
1330
1211
1159
1243
1275
1207
1199
1203
1237
1258
1430
1111
1303
1317
1174
1151
1103
1175
1294
1071
1215
1210
1275
1179
1151
1131
1287
1310
1163
1259
1203
1215
1215
1086
1063
1183
1199
1098
1179
1301
1385
1103
1259
639
911
1543
1251
1043
