1147
1322
1219
1347
1351
1607
1186
1519
1151
1307
1118
1379
1291
1343
1207
1490
1222
1431
1155
1371
1227
1571
1351
1599
1422
1411
1263
1555
1214
1330
1139
1418
1251
1451
1199
1446
1359
1315
1274
1463
1239
1531
1110
1523
1262
1343
1247
1335
1219
1579
1271
1383
1167
1298
1223
1451
1171
1479
1174
1359
1311
1231
1163
1447
1303
1523
1191
1523
1219
1403
1175
1611
1235
1518
1286
1567
1291
1391
1319
1367
1159
1455
1323
1307
1239
1307
1226
1391
1195
1539
1143
1499
1271
1435
1159
1499
1370
1390
1295
1515
1190
1439
1259
1467
1175
1319
1075
1390
1279
1415
1295
1475
1343
1351
1303
1335
1143
1535
1207
1467
1087
1339
1239
1599
1126
1439
1115
1479
1398
1519
1343
1475
1395
1491
1171
1431
1307
1399
1203
1407
1139
1407
1286
1503
1255
1423
1186
1551
1078
1383
1319
1503
1151
1503
1291
1431
1067
1462
1223
1387
1190
1427
1387
1342
1191
1363
1115
1458
1267
1395
1283
1403
1223
1550
1262
1635
1235
1491
1307
1343
1155
1478
1239
1426
1314
1635
1075
1471
1238
1359
1191
1427
1255
1443
1103
1363
1163
1322
1286
1355
1215
1515
1283
1367
1323
1479
1055
1434
1155
1479
1294
1498
1211
1383
1251
1431
1235
1463
1135
1242
1190
1387
1163
1351
1243
1475
1214
1459
1091
1379
1247
1542
1191
1402
1243
1382
1202
1362
1287
1614
1259
1619
1143
1411
1063
1430
1294
1423
1175
1459
1199
1455
1274
1446
1170
1427
1207
1499
1207
1403
1202
1411
1283
1567
1287
1338
1227
1411
1271
1455
1335
1351
1223
1339
1263
1535
1215
1551
1147
1563
1318
1391
1282
1527
1167
1355
1310
1411
1347
1403
1291
1503
1103
1362
1199
1535
1186
1426
1370
1482
1095
1411
1151
1367
1175
1406
1214
1363
1302
1526
1227
1347
1298
1399
1171
1319
1215
1483
1111
1295
1278
1671
1094
1427
1187
1435
1199
1531
1211
1543
1279
1307
1227
1283
1406
1330
1227
1435
1327
1487
1363
1475
1199
1478
1039
1406
1183
1599
1218
1499
1107
1651
1215
1499
1198
1479
1215
1350
1195
1363
1306
1319
1275
1459
1283
1442
1283
1543
1171
1339
1218
1426
1215
1275
1206
1399
1182
1283
1162
1451
1263
1406
1335
1475
1330
1395
1190
1591
1207
1455
1063
1411
1278
1507
1234
1503
1279
1367
1286
1455
1147
1430
1278
1283
1039
1467
1275
1299
1279
1475
1115
1586
1335
1491
1199
1427
1123
1403
1167
1431
1282
1451
1211
1422
1250
1571
1279
1451
1166
1423
1363
1443
1267
1463
1218
1479
1175
1522
1411
1327
1223
1255
1187
1514
1247
1527
1310
1375
1167
1351
1178
1463
1323
1555
1239
1466
1191
1311
1343
1475
1267
1459
1338
1467
1227
1482
1227
1451
1179
1527
1218
1511
1323
1427
1331
1347
1146
1379
1191
1527
1206
1678
1371
1383
1211
1351
1183
1523
1091
1479
1150
1378
1159
1250
1303
1378
1279
1323
950
1219
935
1107
931
1587
1095
1314
1039
1342
1278
1363
1267
1231
1319
1235
1243
1267
1306
1167
1111
1111
1203
1271
1019
1118
1363
1367
974
1167
1331
1091
1135
1231
1310
1291
1254
1163
1183
1171
1299
1099
1239
1143
1203
1130
1279
1115
1107
1102
1259
1147
1306
1171
1235
1135
1219
1258
1243
1323
1267
1175
1234
1163
1287
1247
1266
1106
1278
1078
1279
1139
1166
995
1202
1171
1214
1346
1174
1191
1191
1259
1195
1271
1187
1127
1243
1323
1223
1203
1303
1235
1090
1091
1247
1215
1259
1283
1143
1083
1027
1298
1195
1219
1303
1023
1263
1235
1198
1135
1162
1199
1191
1027
1182
1131
1159
1275
1431
1099
1251
1115
1275
1279
1191
1287
1199
1163
1191
1235
1283
1279
1347
1291
1219
1315
1159
1215
1371
1219
1191
1143
1323
1243
1182
1143
1083
1091
1155
1019
1175
1175
1299
1206
1167
1203
1250
1207
1354
1263
1031
1107
1111
1175
1179
1210
1046
1235
1091
1047
1179
1043
1103
1131
1155
1147
1155
1327
1195
1111
1235
1331
1131
1067
1119
1187
1215
1159
1143
1171
1207
1274
1283
1023
1223
1195
1235
1251
1199
1130
1119
1131
1063
1099
1299
1175
1298
1291
1063
1278
1314
1071
1315
1071
1191
1179
1187
1111
1282
1183
1214
1187
1187
1187
1223
1111
1223
1283
1223
1206
1303
975
1187
1082
1286
1083
1043
1091
1290
1199
1215
1106
1071
1227
1155
1219
1018
1327
1071
1111
1159
1211
1207
1159
1155
1291
1227
1171
1251
1163
1138
1091
1162
1119
1251
1167
1127
1087
1367
1343
1167
1275
1311
1003
1235
1155
1215
1230
1295
1147
1187
1146
1167
1023
1299
1191
1199
1226
1199
1050
1255
1267
1194
1142
1255
1227
1162
1119
1339
1107
1207
1190
1255
1143
1335
1327
1255
1118
1123
1119
1275
1099
1083
1106
1250
1147
1202
1135
1331
1079
1222
1086
1258
1155
1107
1215
1159
1243
1391
1079
1183
1231
1239
1074
1323
1163
1143
1275
1203
1351
1163
1170
1063
1223
1207
1290
1227
1151
1147
1135
1299
1115
1163
1219
1211
1175
1215
1151
1167
1215
1127
1202
1099
1111
1131
1211
1375
1167
1159
1267
1131
1263
1162
1259
1126
1107
1262
1303
1247
1115
1207
1022
1143
1063
1259
1159
1295
1095
1251
1103
1098
1107
1226
983
1259
1239
1319
1111
1071
974
1191
1127
1235
1095
1226
1123
1338
1302
1147
1071
1259
1267
1367
1107
1262
1195
1383
1231
1223
1143
1279
1043
1211
1154
1067
1115
1263
1187
1230
1131
1198
1407
1283
1235
1099
1311
1174
1155
1223
1207
1331
1243
1171
1235
1231
1387
1199
1127
1327
1199
1067
1183
1202
1247
1355
1199
1343
1199
1295
1147
1283
1159
1038
1051
1155
1175
1215
1234
1171
1211
1115
1155
1335
1159
1287
1159
1303
1223
1187
1127
1319
1231
1187
1335
1303
1063
1179
1283
1274
1227
1215
1243
1179
1163
1251
1163
1139
1158
1091
1331
1227
1363
1203
1107
1091
1179
1183
1287
1103
1199
1311
1031
1251
1054
1231
1191
1175
1183
1079
1179
1659
1311
2246
831
963
1830
