1491
1775
1575
1823
1491
1755
1430
1807
1601
1819
1499
1743
1545
1779
1623
1706
1443
1719
1475
1683
1399
1687
1462
1771
1585
2071
1469
1819
1467
1783
1547
1918
1614
1811
1535
1771
1382
1750
1387
1702
1495
2035
1603
1763
1403
1689
1634
1911
1643
1754
1511
1791
1619
1714
1545
1793
1450
2031
1511
1758
1427
1691
1625
1791
1587
1579
1643
1787
1503
1751
1514
1717
1579
1799
1503
1731
1502
1751
1543
2031
1633
1915
1450
1766
1571
1918
1503
1775
1646
1694
1581
1815
1487
1675
1629
1734
1763
1675
1423
2039
1622
1795
1450
2094
1406
1723
1503
1798
1474
1738
1538
1806
1665
1679
1511
1701
1578
1671
1491
1667
1563
1814
1498
1929
1351
1557
1523
2183
1539
1814
1482
1918
1599
1687
1567
2058
1431
1743
1527
1739
1542
2047
1462
2055
1483
1787
1467
1923
1399
1771
1677
1723
1555
1475
1682
1713
1467
1606
1402
1799
1373
1649
1393
1687
1554
1698
1630
1687
1583
1622
1573
1719
1431
1647
1638
1819
1538
1674
1571
1931
1603
1602
1434
1718
1330
1819
1497
1918
1439
1791
1695
1683
1567
1751
1603
1766
1353
1651
1367
1747
1502
1647
1530
1713
1441
2027
1361
1802
1550
1635
1487
2051
1406
1614
1690
1763
1507
1677
1474
1607
1571
1631
1423
1734
1513
1559
1623
1783
1511
1798
1327
1819
1506
1714
1529
1723
1487
1679
1587
1799
1525
1721
1401
1627
1435
1611
1591
2067
1571
1534
1643
1677
1710
1701
1694
1929
1555
1729
1519
1802
1447
1658
1487
1534
1442
1750
1489
1791
1433
1727
1698
1751
1410
1679
1573
1798
1511
1758
1542
1739
1662
1747
1479
1667
1487
1678
1538
1929
1474
1647
1603
1738
1582
2107
1653
1751
1611
1755
1427
1815
1501
1721
1530
1919
1489
1926
1463
1647
1466
1787
1511
1607
1574
1674
1463
1798
1387
1667
1454
1807
1574
2053
1626
1763
1351
1597
1610
1699
1442
2047
1486
1593
1569
1551
1578
1779
1506
1566
1431
1743
1454
1663
1531
2043
1522
1907
1599
1807
1615
1722
1391
1765
1483
1703
1490
1819
1471
1575
1571
1775
1606
1803
1597
1755
1539
1759
1655
1583
1690
1791
1687
1774
1493
1711
1527
1731
1679
1781
1625
1695
1467
1759
1463
1587
1487
1715
1595
1819
1571
1791
1659
1691
1539
1625
1675
1778
1577
1630
1347
1783
1470
1789
1615
1651
1454
1673
1511
1615
1521
1803
1643
1774
1559
1667
1679
1711
1527
1643
1507
1719
1607
1634
1425
1919
1575
1654
1614
1931
1445
1730
1387
1763
1487
2079
1578
1906
1529
1679
1431
2111
1537
1686
1609
1711
1457
1802
1654
1798
1474
1793
1463
1747
1607
1747
1543
1633
1475
1715
1647
1559
1586
1666
1579
1811
1703
2047
1602
1810
1479
1742
1547
1763
1486
1622
1423
1767
1555
1763
1678
1582
1447
1687
1419
1931
1523
1679
1599
1755
1558
1743
1599
1703
1591
1929
1582
1906
1534
1607
1201
1483
1298
1443
1207
1798
1478
1603
1467
1619
1553
1705
1566
1594
1555
1506
1587
1571
1434
1391
1479
1355
1627
1563
1274
1439
1455
1507
1539
1394
1615
1374
1527
1523
1537
1567
1526
1457
1423
1543
1535
1547
1499
1711
1494
1471
1442
1437
1639
1601
1698
1491
1634
1509
1493
1511
1499
1481
1521
1490
1543
1439
1563
1609
1683
1555
1527
1667
1533
1373
1575
1502
1555
1431
1497
1379
1361
1683
1465
1493
1485
1586
1594
1506
1527
1539
1543
1519
1571
1329
1590
1610
1519
1643
1554
1385
1527
1401
1481
1503
1490
1575
1582
1367
1471
1429
1623
1527
1567
1479
1575
1550
1495
1315
1577
1550
1549
1567
1523
1563
1554
1391
1463
1462
1597
1397
1621
1511
1479
1531
1463
1501
1503
1431
1538
1613
1639
1399
1495
1471
1394
1378
1355
1407
1419
1446
1511
1575
1478
1546
1543
1583
1611
1487
1503
1595
1522
1526
1530
1618
1394
1303
1567
1527
1483
1379
1531
1514
1491
1399
1599
1473
1534
1315
1575
1563
1399
1559
1427
1534
1514
1541
1577
1362
1567
1519
1585
1563
1557
1607
1455
1538
1666
1654
1527
1571
1595
1477
1467
1659
1551
1487
1658
1519
1578
1479
1553
1533
1447
1399
1575
1423
1525
1559
1638
1539
1487
1558
1557
1583
1489
1433
1455
1495
1583
1591
1546
1515
1571
1379
1449
1559
1391
1507
1347
1579
1527
1410
1603
1473
1586
1475
1591
1603
1595
1315
1487
1431
1643
1339
1513
1519
1533
1563
1675
1506
1499
1574
1618
1513
1651
1507
1427
1449
1423
1463
1547
1582
1567
1477
1446
1510
1505
1554
1398
1534
1354
1531
1526
1507
1559
1546
1615
1649
1622
1426
1475
1606
1395
1531
1659
1466
1470
1598
1531
1591
1354
1463
1531
1619
1410
1439
1671
1611
1586
1447
1583
1486
1471
1595
1619
1330
1535
1583
1409
1427
1562
1487
1638
1655
1467
1545
1582
1495
1511
1437
1447
1571
1631
1389
1491
1474
1565
1414
1427
1598
1577
1519
1546
1271
1505
1423
1463
1486
1355
1459
1467
1427
1593
1407
1651
1443
1543
1467
1475
1427
1403
1555
1485
1419
1435
1423
1431
1450
1495
1430
1610
1522
1510
1359
1425
1679
1655
1467
1487
1403
1507
1430
1595
1506
1590
1547
1606
1519
1430
1661
1635
1641
1479
1555
1591
1455
1403
1639
1442
1559
1439
1358
1442
1515
1591
1531
1503
1415
1495
1470
1562
1501
1558
1607
1411
1459
1377
1435
1501
1519
1494
1507
1533
1514
1529
1517
1627
1539
1483
1623
1367
1518
1535
1398
1617
1419
1601
1514
1607
1451
1531
1465
1469
1607
1321
1414
1477
1407
1451
1413
1563
1483
1517
1442
1531
1525
1554
1451
1518
1447
1571
1553
1499
1427
1463
1495
1459
1727
1473
1515
1379
1607
1513
1542
1483
1559
1375
1357
1351
1567
1409
1459
1455
1413
1491
1669
1577
1546
1575
1595
1531
1507
1559
1451
1583
1598
1569
1503
1510
1555
1579
1382
1491
1411
1533
1447
1430
1510
1518
1479
1542
1453
1519
1423
1499
1603
1398
1381
1513
1547
1483
1595
1567
1389
1771
1643
1491
1739
1210
1103
