786
951
655
1067
899
1011
598
839
603
926
799
827
683
991
555
887
726
951
719
831
579
1042
651
765
675
951
850
1039
646
934
755
907
683
998
707
991
530
887
750
951
562
934
667
939
759
899
750
1002
683
1019
591
871
730
987
771
899
771
962
587
922
783
839
695
943
683
1047
659
994
699
898
779
863
763
866
767
878
751
987
707
871
838
942
775
878
737
857
787
731
646
799
706
842
751
867
803
891
715
1023
591
1047
747
879
714
855
695
1042
735
762
635
803
579
806
667
886
707
829
659
758
711
894
711
903
695
967
615
839
683
847
679
867
583
866
631
991
702
823
682
946
671
862
707
930
647
1011
646
919
651
866
791
795
643
895
815
819
726
983
794
982
751
839
627
891
759
871
671
910
691
882
594
891
631
891
735
903
719
1051
710
806
799
795
666
923
670
847
846
819
754
843
779
839
623
999
659
999
583
1018
615
938
595
887
555
967
775
911
699
838
671
882
715
923
650
887
727
899
623
839
731
906
599
991
811
895
747
815
687
887
691
943
702
1099
599
851
791
891
739
1011
671
823
747
871
671
895
691
766
706
771
855
831
679
711
678
743
707
843
739
831
799
967
703
903
759
915
799
875
595
1031
658
923
735
927
646
887
727
919
811
1014
603
1023
639
859
639
859
619
962
691
955
843
978
715
807
799
775
843
1002
702
795
679
999
779
971
591
815
643
847
699
987
591
859
783
799
639
911
739
875
683
995
607
718
667
927
635
943
666
895
843
859
775
971
659
1011
763
911
815
1074
778
859
538
890
790
898
723
815
859
782
683
957
702
849
775
878
695
909
687
1034
727
1023
811
859
723
975
775
759
798
871
778
827
770
866
767
1039
643
979
727
939
895
839
587
915
875
919
731
831
799
895
699
958
755
931
722
955
711
875
779
919
690
951
623
846
811
966
759
975
571
914
691
963
967
967
615
903
774
939
719
983
783
935
774
859
699
887
615
823
743
726
786
1043
595
883
691
915
639
895
775
842
858
1079
794
827
635
867
627
903
667
919
655
1011
766
783
615
843
867
987
786
1059
599
803
611
959
599
783
679
815
799
922
810
887
735
942
799
1023
719
959
762
866
583
1010
695
827
635
926
711
910
687
795
554
791
751
819
607
867
806
811
694
839
726
918
687
791
443
627
391
567
418
943
771
783
679
882
674
903
750
603
763
715
639
731
647
727
698
507
638
719
767
699
643
627
497
607
811
747
755
763
578
519
715
634
675
667
659
711
698
647
707
719
690
683
758
571
783
702
506
723
783
638
755
587
639
743
658
658
610
739
546
639
615
735
690
739
790
747
706
535
647
606
646
639
746
766
727
711
615
547
579
639
670
662
755
531
471
767
611
739
723
738
783
719
699
622
551
578
662
683
543
814
691
727
587
723
691
651
679
779
750
479
763
491
694
687
521
727
506
658
635
783
634
627
606
763
719
742
802
691
675
715
651
530
731
642
643
551
639
643
703
615
739
675
638
702
574
691
619
563
615
531
707
639
670
615
663
514
671
783
658
583
615
783
659
670
623
651
658
802
675
679
823
582
666
663
807
643
703
595
659
563
495
706
681
707
707
767
763
694
691
642
575
721
631
611
711
679
691
715
654
559
646
683
802
543
735
507
766
643
683
615
599
779
515
819
690
614
650
587
683
643
651
743
671
691
839
671
639
707
738
687
770
730
855
699
650
641
898
819
706
603
718
735
727
591
622
751
695
659
683
675
751
691
870
783
718
707
779
730
614
599
638
683
667
678
761
623
599
671
803
655
711
667
669
575
699
587
655
655
675
735
671
639
715
718
719
671
750
667
539
547
611
655
735
542
727
607
775
714
583
559
583
663
741
579
571
590
687
811
650
634
663
563
614
738
635
687
603
527
575
707
759
755
783
635
646
727
779
539
627
735
835
675
683
686
603
619
682
446
735
763
615
591
746
763
691
658
670
479
691
511
543
787
851
755
618
566
559
778
759
643
666
607
579
803
786
643
731
683
702
639
610
715
587
642
719
567
643
658
678
703
595
635
714
655
623
590
659
611
831
803
715
711
818
591
569
626
614
583
646
662
667
771
706
767
714
591
767
691
773
747
690
595
674
847
755
715
843
698
671
603
623
715
595
730
691
711
698
507
659
619
639
723
551
591
679
631
687
755
591
719
799
743
754
750
711
655
783
771
743
666
683
771
659
671
715
687
586
767
795
759
787
767
727
611
823
543
674
895
667
595
698
643
683
839
683
631
723
783
659
587
639
610
611
747
721
743
758
611
659
703
799
683
623
763
726
647
626
847
619
623
539
759
651
751
643
555
627
802
610
598
615
631
643
587
1206
1431
1171
1595
103
1363
