1159
1478
1083
1507
1286
1342
1207
1478
1215
1334
1203
1335
1255
1410
1287
1491
1179
1407
1279
1451
1219
1507
1191
1435
1383
1575
1275
1463
1199
1495
1249
1435
1267
1375
1279
1339
1187
1539
1274
1417
1191
1475
1275
1495
1099
1571
1183
1495
1191
1363
1225
1519
1290
1443
1258
1487
1151
1350
1147
1343
1271
1442
1143
1463
1279
1482
1123
1411
1222
1495
1183
1443
1305
1306
1299
1399
1223
1455
1350
1418
1310
1419
1207
1467
1251
1427
1198
1514
1313
1375
1271
1423
1063
1371
1235
1482
1321
1510
1199
1483
1263
1391
1187
1342
1241
1339
1295
1418
1199
1515
1170
1398
1115
1551
1151
1395
1199
1391
1275
1510
1327
1431
1277
1310
1195
1327
1303
1447
1203
1479
1386
1379
1247
1525
1251
1467
1246
1363
1263
1499
1275
1463
1335
1325
1145
1371
1262
1363
1155
1438
1307
1487
1315
1398
1179
1431
1083
1573
1303
1655
1322
1463
1235
1407
1226
1451
1138
1391
1219
1522
1222
1435
1299
1403
1229
1403
1217
1459
1354
1610
1167
1527
1167
1595
1291
1422
1287
1386
1206
1387
1199
1459
1255
1595
1375
1611
1323
1547
1374
1403
1127
1374
1223
1451
1355
1267
1255
1307
1306
1342
1178
1479
1235
1431
1182
1534
1311
1379
1214
1515
1179
1423
1269
1479
1206
1427
1131
1507
1307
1443
1239
1343
1046
1355
1265
1254
1138
1387
1231
1433
1167
1318
1239
1431
1283
1527
1213
1307
1247
1507
1343
1491
1299
1526
1339
1487
1231
1535
1311
1549
1139
1475
1287
1434
1251
1547
1243
1483
1295
1559
1087
1423
1298
1390
1115
1495
1106
1347
1327
1507
1231
1454
1283
1423
1211
1470
1363
1366
1229
1450
1237
1446
1126
1459
1249
1443
1175
1415
1211
1474
1159
1342
1255
1610
1215
1491
1179
1414
1227
1603
1242
1570
1183
1375
1262
1410
1125
1413
1442
1395
1141
1567
1171
1466
1131
1403
1331
1561
1421
1543
1186
1531
1223
1578
1354
1491
1147
1447
1162
1435
1271
1579
1223
1443
1319
1355
1326
1451
1319
1435
1131
1595
1290
1399
1299
1511
1191
1623
1303
1403
1295
1365
1223
1427
1415
1589
1167
1559
1235
1503
1235
1499
1271
1351
1126
1351
1291
1539
1103
1527
1151
1571
1111
1474
1239
1423
1215
1378
1175
1546
1295
1371
1217
1287
1179
1391
1239
1418
1251
1467
1275
1498
1286
1502
1214
1386
1291
1499
1019
1610
1255
1259
1215
1487
1227
1571
1294
1407
1229
1546
1262
1539
1211
1335
1311
1315
1254
1515
1143
1451
1223
1463
1158
1567
1187
1262
1271
1383
1131
1443
1343
1347
1134
1417
1274
1302
1339
1342
1207
1522
1114
1383
1322
1490
1227
1379
1315
1471
1358
1507
1315
1499
1267
1415
1363
1419
1339
1439
1103
1442
1367
1639
1407
1478
1190
1403
1287
1423
1151
1339
1138
1511
1231
1475
1103
1467
1181
1407
1295
1415
1167
1435
1263
1343
1287
1423
1163
1355
1026
1119
983
1182
755
1441
1282
1238
1147
1425
1231
1315
1255
1262
1075
1247
1163
1082
1131
1147
1342
1211
1255
1103
1102
1143
1290
1130
1233
1266
1219
1221
1131
1238
1219
1159
1279
1191
1055
1209
1262
1119
1246
1139
1259
1179
1309
1319
1187
1090
1347
1099
1043
1286
1191
1111
1243
1106
1175
1223
1231
1367
1263
1287
1187
1339
1299
1327
1302
1277
1238
1143
1073
1119
1183
1115
1191
1267
1143
1143
1257
1230
1315
1179
1283
1243
1299
1194
1195
1147
1167
1247
1211
1331
1167
1151
1135
1163
1259
1266
1303
1210
1247
1303
1206
1155
1231
1245
1242
1141
1141
1230
1238
1335
1275
1227
1191
1503
1494
1675
1587
1450
1551
1387
1463
1487
1502
1467
1563
1478
1547
1263
1479
1643
1594
1455
1491
1486
1555
1415
1459
1507
0
1087
1247
1259
1159
1191
1155
1167
1230
963
1161
1027
1305
1147
1299
1303
1247
1223
1189
1283
1223
1191
1367
1159
1226
1083
1195
1235
1139
1263
1098
1199
1195
1195
1227
1203
1159
1207
1331
1175
1274
1287
1294
1066
1162
1123
1251
1237
1103
1295
1027
1291
1278
1298
1162
1135
1223
1202
1163
1022
1215
1274
1227
1087
1223
1249
1147
1167
1234
1247
1322
1179
1126
1283
1102
1255
1158
1321
1183
1131
1335
1283
1267
1183
1089
1259
1315
1331
1282
1174
1210
1239
1134
1247
1187
1047
1238
1161
1210
1123
1290
1195
1263
1163
1215
1327
1299
1223
1186
1183
1166
1175
1269
1247
1274
1119
1179
1298
1191
1135
955
1203
1035
1111
1183
1195
1079
1295
1283
1183
1251
1175
1146
1182
1146
1390
1199
1170
1059
1278
1355
1239
1271
1359
1219
1305
1171
1267
1111
1178
1111
1203
1215
1103
1295
1158
1307
1250
1155
1223
1202
1271
1343
1159
1179
1279
1239
1195
1302
1287
1227
1122
1266
1275
1295
1179
1138
1163
1295
1278
1191
1127
1167
1150
1298
1179
1139
1146
1347
1171
1171
1390
1391
1183
1343
1179
1287
1159
1175
1183
1135
1166
1259
1238
1171
1091
1250
1290
1215
1202
1278
1155
1235
1094
1226
1215
1199
1179
1091
1183
1194
1247
1359
1131
1269
1175
1330
1281
1142
1219
1243
1127
1183
1095
1153
1203
1114
1226
1299
1167
1197
1295
1323
1178
999
1207
1275
1239
1143
1211
1179
1182
1158
1315
1238
1163
1303
1214
1095
1418
1226
1231
1131
1095
1250
1287
1031
1091
1215
1185
1271
1235
1214
1387
1207
1086
1191
1277
1199
1151
1351
1234
1171
1187
1115
1183
1154
1171
1335
1307
1187
1271
1318
1275
1339
1241
1255
1215
1171
1123
1307
1215
1238
1127
1294
1213
1334
1306
1271
1234
1223
1255
1195
1115
1219
1195
1371
1207
1335
1199
1255
1151
1185
1126
1219
1218
1443
1247
1075
1283
1231
1103
1494
1047
1237
1179
1231
1282
1338
1097
1283
1275
1187
1103
1163
1191
1087
1246
1258
1239
1311
1306
1195
1083
1258
1246
1219
1238
1078
1091
1135
1166
1043
1314
1179
1363
1113
1067
1190
1442
1119
1262
1227
1299
1343
1227
1147
1219
1243
1655
1483
933
1158
1907
