994
1290
1090
1687
1155
1251
1091
1259
1115
1263
1227
1323
1087
1231
1099
1347
982
1294
1055
1643
1115
1242
1151
1198
1251
1287
1046
1255
1083
1227
1126
1223
1147
1355
1195
1167
1059
1319
1135
1290
1043
1167
1155
1343
1191
1175
1039
1347
1019
1303
1127
1350
1179
1347
1031
1275
1175
1631
959
1315
1138
1351
1159
1334
1099
1327
1070
1315
1123
1198
1130
1659
1075
1251
1126
1191
1191
1223
1019
1203
1091
1259
1126
1291
1131
1238
979
1691
1126
1331
1195
1119
1099
1339
1059
1323
1231
1687
947
1627
959
1310
1039
1275
930
1626
1158
1223
934
1315
974
1263
1214
1287
1199
1639
1106
1242
1083
1287
1035
1326
1090
1699
1183
1275
1187
1651
990
1323
1231
1327
1243
1251
1051
1211
1011
1315
1067
1299
1078
1343
1047
1331
1179
1263
1086
1339
1066
1283
1059
1327
1135
1163
1071
1355
1051
1243
1103
1347
1019
1335
1115
1283
1214
1235
1175
1623
1090
1363
1063
1187
1159
1303
1214
1655
1107
1759
1099
1631
1043
1627
1035
1671
1175
1651
1123
1191
1170
1291
1003
1319
1083
1247
1054
1351
1011
1307
1163
1247
1115
1263
1078
1311
1171
1651
1151
1203
1090
1695
1131
1139
1203
1623
1091
1343
1123
1243
1087
1362
1223
1275
1023
1251
1075
1299
1167
1346
1031
1323
1031
1159
1035
1111
1099
1255
1103
1223
1099
1743
1187
1259
1223
1279
1138
1326
1194
1703
1083
1207
1107
1279
1027
1279
1058
1347
1195
1639
1131
1171
1151
1330
863
1707
1038
1227
1111
1287
1039
1687
954
1331
1091
1695
943
1267
1063
1631
1223
1303
1027
1334
1130
1243
1147
1283
987
1307
1083
1255
1098
1663
951
1663
1018
1687
1027
1330
999
1234
1131
1259
991
1259
1183
1323
1119
1267
1026
1250
990
1363
1115
1631
1102
1295
1107
1159
1047
1631
1167
1355
1162
1663
1003
1178
983
1323
1151
1295
1083
1246
1043
1219
1179
1355
1103
1250
1074
1311
879
1303
1074
1271
1035
1207
962
1306
1066
1343
1183
1215
1247
1083
1111
1315
1091
1303
970
1354
1095
1287
1095
1287
1175
1274
1071
1343
1123
1263
1078
1295
1259
1311
1054
1346
1139
1319
999
1275
1047
1239
1131
1275
1098
1719
1226
1279
1187
1219
1114
1294
1063
1267
1271
1303
1151
1254
1187
1651
1206
1251
1035
1623
983
1663
1203
1275
1007
1302
1159
1655
1211
1247
1315
1123
1047
1223
1055
1343
1051
1363
1075
1667
1022
1343
1046
1275
1062
1639
1055
1299
995
1263
1087
1302
1187
1235
991
1634
1243
1323
1107
1231
1239
1654
1159
1275
1183
1363
1122
1234
1119
1223
1138
1655
1159
1103
1062
1251
1123
1251
1035
1199
1091
1167
1091
1303
1055
1351
1079
1707
1047
1299
1170
1295
835
1239
911
1210
1067
1251
1023
1767
1134
1187
1027
1339
1110
1175
987
1242
1143
1259
991
1627
1207
1083
983
1022
859
1047
831
1211
1031
1343
1079
1155
1131
1282
1010
1034
1095
1135
1159
1087
1114
962
1150
1079
1191
1007
903
1147
1059
1031
1031
983
1019
1091
1175
954
1078
1031
1074
1003
1071
1035
1219
1123
1095
975
1234
1070
1066
1047
1219
1119
1359
1167
1035
1046
991
971
1067
947
895
931
1047
1039
1139
987
1035
1143
1063
1102
1027
1183
1079
1090
942
979
1099
1059
1015
1035
1087
987
1043
986
938
1027
1091
1054
967
1062
1071
1147
1079
1059
1087
955
1087
1047
1091
1055
955
1094
1063
1235
1103
1002
1191
1011
1095
1083
1111
1134
1159
1159
1063
1207
1066
1190
1151
1123
1383
1223
1263
1195
1171
1107
1355
1123
1015
1179
1131
1067
1295
1175
1035
1155
1155
1151
1123
1143
1259
1223
1207
1167
378
1115
1155
914
1067
1087
1135
1107
1091
1079
1087
995
1122
1127
1010
1071
1063
959
1087
1207
951
1046
1131
934
975
994
1043
1031
1015
1063
1151
1022
1099
919
1143
1091
983
1099
931
1235
975
1167
1151
987
1010
1147
1075
1087
1135
1198
1035
1035
1083
1162
1311
1027
1159
1055
1211
1039
1210
1138
1078
1030
1107
1055
1062
1035
1175
1054
1119
1178
1174
1075
1123
1011
987
1067
975
1135
1003
1027
1094
1047
1351
1135
983
1179
938
1154
1010
1159
1203
1103
1114
1014
1055
959
1015
1091
1059
1103
1183
1095
1082
987
1139
975
1146
983
1146
1050
1046
1067
1242
1059
991
1163
1190
1019
1079
967
1111
1143
943
1015
1039
1054
1110
963
1171
1195
1071
1111
1066
979
986
1111
1011
1107
1199
1147
1027
1015
1050
1131
999
1010
1134
1007
1039
1071
1103
999
931
1187
1003
947
999
1119
983
955
1027
1095
1243
1003
1259
1059
1175
1047
1146
1035
1167
983
1094
1011
1255
1091
947
1127
1014
1095
1027
1055
867
1039
1098
1127
1039
999
1099
1143
1187
1174
1107
1071
1083
1107
1274
1015
927
1003
1043
1099
1139
1086
991
1015
1039
1067
1243
1075
863
1091
1063
1018
1071
1070
1162
1047
1075
1106
1127
1071
1043
1127
979
1055
1047
1199
1131
1095
1215
1031
979
950
963
1095
991
1207
1195
1131
1078
918
1339
1043
1111
975
943
975
1155
1175
1187
979
918
1218
1094
1215
1015
995
1055
967
927
1127
1003
1103
1171
1067
1111
1091
963
1083
1071
1186
1123
1147
995
1195
1075
1066
983
1047
1079
971
1098
1155
1063
1115
1123
1075
983
1047
1083
1022
1079
1015
987
903
1047
991
1159
1035
1051
966
1023
1018
1119
1218
1075
1119
1043
915
1115
1071
919
1034
1183
967
863
1095
1115
1043
1118
1039
1075
1243
1083
1155
1063
1047
1091
1031
1058
1107
987
1115
1003
955
1095
1119
1091
1143
955
1047
1267
1075
1071
1159
1067
978
1178
1059
963
1051
1119
1046
1023
1055
1119
966
1035
887
1263
1047
1099
1151
1043
975
1063
1179
1063
1019
963
1027
926
1203
1107
927
0
423
450
55
839
367
