803
1070
810
1147
734
1099
973
1030
891
1051
935
1031
886
1139
1019
1087
755
1037
862
938
853
1079
767
962
771
1097
794
1071
911
1051
947
963
771
1082
910
1163
946
982
930
1003
1039
1130
1007
1127
774
1055
787
1215
903
1067
827
1150
801
994
941
1193
891
1065
883
1037
989
1117
1117
1167
950
1019
887
1115
877
999
915
1009
863
1090
851
1167
895
1263
898
1050
1075
1082
753
1087
891
1138
903
1171
906
1089
919
1093
919
1045
918
1141
1009
1037
1006
989
814
1037
797
927
797
1031
918
1055
791
1086
942
1021
961
914
746
1015
919
974
927
978
811
1075
851
1097
931
1107
870
970
973
1023
971
1034
897
965
855
1158
809
1147
842
1055
906
1063
831
1049
969
935
947
973
1007
1010
926
986
766
1178
795
1111
839
961
915
1011
987
1138
966
1007
655
1169
799
1046
935
987
886
1082
831
1103
958
1079
863
961
887
1082
919
1038
983
911
819
1099
902
1107
711
959
907
1111
951
1105
814
943
975
1059
735
1123
881
1042
861
999
971
1082
853
1114
806
1175
894
1031
879
1130
791
1035
793
974
823
1134
846
1007
927
986
818
974
935
998
826
927
799
1133
907
1079
870
1055
846
1135
895
1105
874
931
723
1089
921
931
954
923
866
1058
791
1099
801
1019
847
989
958
1059
807
963
826
1194
947
962
923
995
851
1035
983
1071
887
1215
881
1082
887
1045
911
907
749
1013
869
1027
769
1110
847
1023
817
1085
847
1193
953
1079
789
1135
846
1007
703
934
746
1143
878
1090
915
1090
783
1089
854
1134
747
1030
959
1142
857
1006
827
966
1041
1015
862
1054
1051
1039
914
1047
883
1101
859
1066
763
1107
818
1035
879
1145
987
1234
821
1034
875
1143
899
1026
851
1005
943
998
899
939
799
1121
935
1175
951
955
887
1183
731
986
767
1131
941
1005
847
1058
725
935
863
1039
813
1115
1065
1030
906
989
838
1143
995
957
961
1085
878
1133
1139
1022
999
967
867
1223
834
954
651
1087
845
919
818
994
791
1195
1066
1171
697
1102
867
1130
895
1043
930
927
791
1051
855
943
846
987
909
1059
778
978
825
1038
1033
905
943
1027
974
1038
918
1082
931
1025
899
1121
750
1041
847
1095
815
1007
898
991
819
969
907
917
651
1062
1015
989
1039
989
891
1125
981
987
726
1149
1031
1051
785
1123
799
1011
826
1106
831
1118
885
1050
895
1118
841
1171
869
982
915
921
927
1075
841
1202
774
1031
943
1135
907
1011
846
1055
819
1163
699
1115
774
1037
779
991
734
793
575
851
519
794
531
973
674
995
810
1017
919
953
886
819
1015
815
847
762
878
907
855
874
766
839
794
805
683
775
875
859
866
963
911
855
835
823
829
687
759
822
851
819
891
799
1059
815
817
859
939
689
753
779
858
879
879
901
787
905
967
738
857
751
967
975
927
803
843
794
733
770
825
678
798
723
739
806
817
805
767
943
895
829
974
918
742
854
835
875
813
715
847
971
795
793
791
935
707
899
787
843
843
690
881
763
815
731
841
891
774
781
847
962
889
823
855
859
809
835
819
787
954
683
862
759
915
779
877
863
911
891
834
975
611
771
810
950
825
710
799
839
855
831
853
901
807
802
883
713
987
799
887
743
863
755
831
867
867
739
851
779
883
786
935
701
918
749
950
786
883
879
929
749
974
703
945
917
873
915
867
571
815
750
935
878
807
899
791
987
807
817
902
741
739
687
807
807
978
687
874
791
901
603
759
858
943
795
795
862
987
859
803
939
821
838
822
759
791
863
886
889
819
857
899
678
903
755
905
814
778
895
967
855
755
741
761
765
773
727
771
791
886
862
879
951
1087
831
747
817
737
702
881
813
894
858
979
931
959
859
779
651
843
873
923
626
907
730
761
739
751
703
851
979
939
862
891
699
783
887
843
714
857
782
811
842
775
753
954
795
766
894
785
931
790
835
871
911
915
795
755
951
761
851
785
794
891
831
663
938
901
835
983
853
758
770
810
857
649
829
714
939
799
850
701
766
667
1033
878
877
961
878
731
850
739
823
866
910
803
835
803
698
771
693
923
939
799
843
971
899
807
759
930
742
950
807
1003
803
947
738
791
809
867
819
925
799
953
815
850
875
935
863
731
871
917
803
831
795
785
1038
873
826
807
919
798
937
934
786
799
827
663
750
785
907
861
926
879
766
907
793
913
871
850
870
997
801
883
730
814
801
754
755
683
787
871
717
849
915
778
794
771
791
813
863
851
887
710
799
802
826
946
739
775
827
799
718
827
794
933
859
774
811
810
819
863
702
819
746
895
795
867
754
771
877
843
907
895
866
870
787
859
819
711
759
855
773
877
879
927
1025
782
747
853
943
894
889
807
867
855
662
919
863
937
978
938
831
858
827
862
861
855
743
706
938
834
847
883
979
934
867
755
785
827
779
811
889
802
713
963
1038
730
831
907
881
754
819
837
918
678
799
805
662
0
547
1298
311
119
1223
