639
767
475
683
499
745
503
625
462
776
566
786
514
835
474
819
454
640
459
800
503
730
635
872
549
815
658
924
563
767
484
875
583
910
740
798
609
837
595
734
563
637
617
823
509
795
475
896
486
589
552
719
459
785
633
711
631
739
617
794
606
847
639
785
591
843
472
771
639
807
428
779
621
877
639
751
545
820
557
755
554
735
482
702
597
742
503
850
607
785
562
794
578
759
595
790
489
818
610
915
473
754
681
798
602
656
619
826
671
818
495
844
552
741
697
870
551
687
537
833
523
818
585
811
605
741
467
760
562
805
595
802
611
867
559
701
718
716
502
733
551
795
639
821
606
782
651
930
543
802
509
879
520
690
537
707
675
763
573
793
471
811
734
782
577
767
485
849
539
783
646
757
643
690
619
825
571
860
665
629
631
1019
571
753
661
748
704
653
557
887
592
843
583
702
739
879
499
947
603
777
587
609
611
873
563
672
524
840
486
751
599
743
445
821
423
712
575
723
598
713
557
727
641
874
587
830
654
889
571
887
450
787
455
657
503
1001
708
824
597
881
643
766
559
790
615
786
649
742
595
781
462
686
523
739
758
743
562
749
571
838
632
845
482
785
607
720
643
726
739
735
621
858
631
778
526
859
499
714
594
735
589
699
579
752
638
709
542
753
536
609
617
749
624
822
495
748
455
754
561
786
586
791
614
791
596
693
653
771
627
747
646
640
450
755
465
846
442
601
674
778
597
678
576
776
675
799
474
766
560
700
559
843
630
823
502
653
443
701
606
915
697
674
439
879
459
755
507
629
436
655
457
875
727
806
611
675
571
738
627
667
518
798
511
847
458
784
614
845
715
769
693
714
631
901
537
732
481
727
525
669
648
730
626
783
694
874
484
889
496
708
691
707
601
542
429
669
573
907
526
953
462
702
510
810
721
815
631
829
525
810
558
727
492
732
595
833
547
649
385
822
578
793
469
741
404
759
534
822
525
867
455
802
539
730
582
733
439
805
615
762
744
779
555
663
713
859
535
803
711
763
437
793
647
802
410
815
502
727
615
911
556
882
557
689
475
779
631
698
623
702
563
688
610
739
689
863
749
806
642
710
583
757
558
735
608
662
467
719
731
770
546
769
571
783
473
797
717
578
111
501
320
462
291
749
574
791
499
669
393
717
514
382
609
653
583
482
603
603
546
462
695
623
420
661
349
479
656
531
490
649
613
501
553
463
559
431
634
647
586
415
535
559
492
479
585
577
606
543
617
565
573
615
607
526
473
595
639
587
526
505
565
599
518
559
617
665
566
492
466
415
471
489
419
549
590
543
675
490
634
523
577
488
454
479
641
434
536
617
603
530
659
411
595
449
509
629
423
469
489
497
606
571
506
509
667
456
510
443
638
472
626
550
513
551
494
611
494
311
580
582
551
473
715
363
708
431
579
389
689
579
682
535
567
458
545
542
447
505
518
586
425
579
718
461
444
614
457
481
663
451
475
647
579
614
497
439
607
485
652
604
578
418
654
615
595
596
551
477
530
750
543
425
587
577
476
443
445
469
553
549
510
646
526
446
600
446
379
514
462
560
578
595
663
593
532
439
403
471
399
605
559
610
579
471
575
421
531
619
543
588
576
542
628
516
410
360
700
600
505
635
614
442
533
548
612
464
482
454
492
475
611
432
719
459
330
324
482
426
547
682
547
443
511
555
439
491
481
555
602
539
627
633
539
519
611
547
657
524
645
370
730
426
473
531
463
506
499
524
715
426
549
443
727
558
651
656
442
482
536
497
537
570
512
395
550
625
443
480
531
606
425
479
472
606
505
654
481
420
662
629
435
623
495
539
518
630
594
601
682
431
562
362
605
439
570
473
553
578
512
437
562
411
422
587
618
647
417
619
614
612
521
536
727
490
545
495
726
583
590
397
577
426
605
466
590
607
654
543
572
587
533
544
638
676
564
412
561
540
330
522
750
419
447
655
563
570
648
535
548
410
505
463
529
434
529
519
598
539
673
488
699
525
478
428
397
411
581
486
631
439
497
505
668
495
706
545
617
702
553
549
487
636
690
515
529
601
537
517
654
524
618
559
552
619
615
483
526
515
554
624
528
580
547
559
598
579
550
645
723
459
630
510
530
516
663
577
427
457
635
390
554
537
491
507
736
673
506
485
583
678
543
578
444
512
531
521
466
555
495
572
618
616
589
444
552
554
566
381
549
575
558
457
506
467
610
320
562
575
416
557
538
546
478
643
427
522
567
499
503
515
557
511
533
596
603
530
394
484
695
579
563
495
484
703
531
564
659
539
661
565
463
496
498
457
580
478
435
603
1138
811
1275
1036
589
1400
