563
859
595
771
567
715
555
731
547
667
555
747
627
791
599
807
567
699
499
631
643
759
563
647
587
691
515
747
435
731
535
687
527
915
539
819
539
731
475
795
595
799
483
695
499
779
571
703
783
779
555
871
567
767
671
671
595
823
559
695
519
775
519
875
563
811
699
679
519
655
619
719
555
831
591
919
467
599
375
731
631
831
583
699
575
535
551
899
447
827
467
731
499
679
519
807
639
855
563
767
511
735
691
739
515
831
595
867
691
707
467
615
543
743
539
803
735
863
599
703
523
891
571
703
559
671
507
603
619
759
655
863
563
643
619
847
563
867
551
891
667
779
699
771
599
859
511
819
647
827
683
667
587
775
575
803
571
835
595
771
599
851
571
799
607
719
599
855
555
499
527
595
535
707
663
627
683
723
435
851
579
647
559
887
471
679
671
667
515
787
715
723
711
643
563
891
671
791
471
675
519
731
491
663
687
927
871
755
563
795
711
727
687
899
519
803
639
779
479
931
559
699
463
859
619
803
487
847
471
907
511
531
451
883
543
639
575
851
623
783
463
831
611
823
543
711
579
879
435
751
567
719
575
803
539
807
611
855
675
759
495
703
643
719
531
695
647
723
599
683
559
759
559
791
715
743
539
735
655
683
591
699
439
855
599
743
583
919
583
679
511
707
583
579
575
815
563
787
443
851
463
751
723
823
539
707
599
787
463
807
547
819
679
679
627
883
523
747
623
891
615
863
535
731
559
683
615
759
559
743
595
763
527
795
543
759
719
831
607
783
683
803
555
691
511
939
591
795
679
647
519
807
787
655
503
803
647
747
651
787
635
791
551
747
551
771
555
807
571
771
503
719
543
763
551
811
515
807
543
767
491
679
547
719
603
767
611
787
575
879
643
807
551
639
471
611
603
771
555
795
635
863
611
759
647
723
611
795
639
855
527
899
567
811
487
767
547
755
603
695
599
663
631
719
511
811
707
879
663
739
547
907
547
723
631
879
651
663
475
771
571
651
595
795
431
771
575
723
683
755
539
763
507
795
599
667
571
751
611
739
475
711
647
791
559
859
619
803
583
663
483
791
551
815
495
703
515
783
455
867
631
799
587
803
615
751
695
743
615
679
539
827
591
783
615
859
583
627
271
519
191
519
299
783
499
595
551
631
719
675
631
607
527
631
451
455
583
411
423
635
543
483
623
591
467
587
507
491
515
463
575
595
471
555
523
575
607
619
475
623
527
443
531
515
507
579
511
475
535
459
599
495
695
615
543
391
663
447
651
659
651
539
651
467
807
531
567
579
435
455
587
475
547
607
635
503
679
519
643
627
495
531
623
471
467
583
659
691
455
539
471
487
499
455
591
411
735
559
475
567
539
459
639
659
475
595
611
579
695
635
519
479
611
627
551
567
611
603
615
535
627
403
539
491
603
495
683
687
639
515
555
507
547
423
687
619
643
599
511
471
559
463
567
563
419
687
599
675
587
667
543
627
555
575
587
535
555
635
511
639
523
675
555
751
787
483
491
479
519
531
587
391
643
475
451
619
607
563
499
563
543
675
543
583
555
667
603
579
515
567
523
515
671
347
515
511
499
567
523
463
499
611
595
723
551
471
535
559
511
543
495
583
451
503
587
571
503
535
643
627
563
571
591
531
551
675
459
587
651
555
667
643
535
455
575
535
463
607
507
691
591
619
439
483
479
523
471
555
615
471
675
723
551
515
407
475
503
491
479
515
683
611
459
595
599
383
619
667
591
467
483
519
491
483
519
455
435
623
527
507
551
479
579
603
767
499
551
531
639
487
715
551
499
479
575
415
407
423
515
559
659
431
539
527
623
455
487
551
439
591
439
627
547
587
643
647
575
707
535
643
407
539
447
587
519
511
667
575
455
579
483
471
507
591
535
559
599
491
507
511
539
515
391
451
499
491
499
639
595
559
539
495
539
555
663
535
575
639
387
687
583
543
771
691
595
483
527
511
575
543
575
479
499
579
427
563
539
423
683
691
543
551
603
559
655
503
619
475
475
671
567
539
371
539
539
603
639
507
539
575
671
615
475
491
567
483
627
455
595
619
531
527
631
719
703
547
567
575
631
491
667
459
511
499
563
643
563
495
635
535
659
571
475
639
575
423
655
423
511
507
663
459
483
619
419
627
671
435
467
531
639
555
535
599
611
639
543
543
603
383
467
563
775
499
503
507
531
499
683
563
531
499
563
451
607
527
631
495
419
459
499
499
531
615
571
415
435
643
587
487
539
435
471
467
551
435
471
499
583
563
567
415
467
587
531
499
619
483
643
575
467
467
363
571
563
583
575
475
115
523
303
2
1051
551
