773
869
787
799
714
1065
757
931
735
863
825
939
662
933
724
879
792
887
810
969
682
959
728
866
758
842
668
963
791
913
729
1040
728
975
752
837
659
777
642
822
693
791
632
943
858
890
751
1004
794
930
829
898
729
911
702
997
869
957
706
987
655
894
619
955
806
809
660
887
917
871
555
922
723
1090
654
883
734
958
625
1034
788
975
791
993
882
1023
839
990
676
907
571
955
717
830
806
971
699
970
673
853
693
927
681
770
642
1110
662
871
682
859
657
948
747
859
734
869
587
823
751
902
649
911
643
866
706
906
689
979
817
957
792
1001
839
1086
803
1004
697
899
705
909
835
894
782
1035
639
996
707
1053
709
988
735
796
656
895
774
904
816
872
867
1109
698
962
714
695
926
872
711
981
699
941
782
867
773
866
916
952
770
864
611
873
683
811
753
894
746
908
740
1013
918
727
705
1083
761
886
661
939
857
1049
719
870
653
1009
930
776
757
866
798
969
734
828
815
881
721
967
779
838
736
941
721
939
662
1007
740
898
655
862
837
994
839
996
758
807
692
898
682
929
999
867
762
895
723
787
730
1073
602
851
615
903
830
1018
801
1153
643
875
784
967
778
947
763
1035
751
936
639
1106
562
843
754
899
782
1003
777
931
819
1028
775
862
755
927
809
830
758
926
802
897
867
987
742
915
873
815
772
1040
771
938
725
818
811
885
687
891
719
1020
798
1118
748
875
760
1051
726
941
720
935
760
947
738
816
781
880
718
1041
735
1028
810
925
833
1035
699
851
723
880
683
906
823
953
805
769
871
1033
762
920
758
1037
565
1027
736
976
667
908
742
873
725
963
742
991
791
973
633
846
700
1130
789
917
848
988
797
807
719
847
763
955
787
1027
727
1059
879
924
721
933
679
1112
599
1003
804
922
893
1033
739
973
853
1006
779
863
713
879
639
849
825
879
735
977
743
820
740
882
673
952
663
855
566
873
782
978
747
959
877
891
894
967
806
967
793
977
741
798
710
982
736
773
793
931
723
1033
667
888
702
863
741
944
808
975
771
859
583
971
790
935
727
810
775
908
751
1035
698
999
692
962
837
946
692
872
749
928
774
910
790
1013
810
1006
657
862
843
863
845
1029
739
1081
739
962
754
1045
777
1055
819
1043
747
1045
713
927
803
890
754
1051
762
839
825
979
709
830
413
688
527
671
377
850
764
917
715
846
699
972
692
568
790
695
697
703
721
597
677
681
767
699
798
667
654
914
756
866
708
775
636
785
823
846
709
698
522
753
647
586
725
715
791
691
774
811
696
707
695
687
696
710
590
611
673
743
710
861
637
702
751
653
747
659
677
693
794
533
612
609
700
745
763
562
851
787
805
687
633
814
637
837
687
706
720
777
789
600
673
603
736
680
634
780
644
810
763
665
599
556
755
722
585
794
771
682
555
737
840
802
675
697
771
747
816
777
712
645
614
710
827
779
735
749
574
783
670
711
774
604
686
740
698
619
743
710
668
619
841
649
762
858
774
687
679
631
639
724
648
759
736
721
544
653
693
629
697
641
726
837
751
723
736
747
776
601
660
704
698
696
857
679
671
678
836
788
546
714
740
499
677
681
760
615
556
637
633
779
631
761
639
727
690
643
800
697
580
525
721
673
887
727
621
709
695
752
901
727
839
739
700
778
664
578
829
733
630
753
659
743
661
590
758
802
827
626
725
678
542
763
765
656
639
705
771
649
742
714
693
695
690
730
884
746
748
605
593
791
811
634
722
887
844
640
609
736
748
724
707
591
831
710
729
787
685
790
583
770
794
685
726
687
614
603
846
580
682
736
637
747
784
799
764
737
744
769
753
625
671
721
623
726
637
688
774
665
781
671
697
735
847
699
696
678
679
671
663
705
793
645
637
729
766
716
711
749
763
605
678
705
734
753
658
573
665
666
706
660
674
649
683
562
739
761
525
738
728
774
726
732
609
703
811
661
869
695
595
667
659
653
725
789
686
739
714
738
654
563
716
759
650
625
642
647
837
638
689
691
590
720
619
707
739
704
779
800
670
777
682
835
692
671
802
683
720
742
616
595
704
636
657
679
730
732
636
709
758
651
798
661
734
755
797
647
802
807
811
747
787
533
690
789
801
799
775
722
633
855
746
614
609
671
687
707
696
625
787
654
777
752
775
605
647
624
681
649
679
761
770
751
717
721
711
698
711
635
790
753
850
691
796
627
777
558
588
577
734
812
551
785
759
819
683
663
625
699
668
679
838
716
701
693
713
831
796
665
795
792
715
666
700
748
684
834
611
617
814
596
646
546
754
745
670
749
613
634
674
758
809
572
849
682
572
707
701
677
600
715
747
884
530
586
579
687
616
782
707
853
1187
218
1027
392
1131
358
