567
719
539
719
511
691
391
687
459
631
463
671
495
731
551
687
575
643
495
743
519
715
547
707
459
543
475
623
627
655
503
795
459
763
539
559
643
683
603
667
539
579
531
767
419
663
651
899
547
707
483
531
551
815
451
603
459
699
471
819
403
619
451
735
439
747
543
707
571
787
575
639
571
615
507
835
491
735
555
711
459
731
567
755
467
675
467
771
439
699
515
763
487
607
531
579
543
687
551
623
503
651
507
763
507
707
451
607
591
587
615
579
523
723
523
555
511
755
399
691
539
715
483
771
431
751
423
771
415
655
639
615
399
691
543
595
603
811
547
691
503
635
579
711
507
687
627
563
571
643
503
651
475
711
387
671
423
619
511
763
487
783
615
671
627
759
547
703
507
579
655
675
407
775
459
459
491
587
463
667
479
855
499
775
503
475
495
675
471
591
563
579
463
815
491
655
699
635
607
719
491
695
423
691
591
643
491
723
511
763
467
659
459
635
555
835
423
691
579
635
507
583
599
799
451
707
611
639
623
623
455
795
527
695
511
707
443
759
575
851
523
719
539
823
443
731
495
631
435
591
443
675
531
619
427
827
519
771
639
759
527
635
407
611
543
699
603
719
511
783
603
847
419
775
587
739
539
695
463
903
483
719
411
575
467
631
479
703
683
715
515
751
431
619
495
767
463
467
515
687
551
603
515
647
507
687
451
731
431
703
483
559
523
555
507
627
503
651
299
687
611
747
455
703
571
607
503
603
595
655
459
599
527
639
575
727
687
687
395
823
607
735
471
755
475
643
707
719
663
755
415
807
531
643
583
699
479
719
539
663
619
667
507
527
451
679
539
643
427
675
519
627
547
675
411
739
515
603
507
735
451
655
595
791
675
727
511
783
607
707
447
759
487
731
579
743
391
827
419
751
539
839
519
647
471
779
631
619
427
663
495
715
463
771
479
727
523
815
535
751
487
595
675
651
635
767
539
815
555
647
567
743
587
555
491
699
563
675
647
695
535
699
431
755
543
631
511
779
639
727
443
671
539
735
575
723
483
531
567
775
527
779
511
671
539
783
443
635
531
711
627
755
515
675
447
627
527
775
563
723
635
623
419
771
455
819
471
635
411
679
663
639
367
739
487
723
467
523
227
423
127
407
223
659
555
531
571
691
619
735
431
535
519
547
431
551
503
395
391
427
375
575
479
451
407
467
435
483
699
511
583
419
539
331
367
487
603
467
371
455
547
451
503
467
567
523
639
475
503
387
403
403
567
387
467
495
527
355
535
515
447
467
379
439
523
443
339
427
431
495
467
551
435
551
515
511
451
459
575
407
443
459
395
447
427
359
483
455
431
543
399
575
471
495
563
311
447
471
439
367
487
351
495
499
455
411
531
463
575
455
399
487
519
611
427
291
499
451
571
423
375
507
375
431
451
543
471
443
571
483
543
303
603
567
415
515
479
463
423
487
623
503
467
459
627
407
503
491
479
555
535
407
579
415
495
463
487
539
427
303
531
519
319
407
387
411
427
571
603
495
427
503
519
595
591
435
611
547
499
523
467
467
575
387
683
387
467
519
443
463
463
423
515
335
467
383
455
403
415
487
587
451
455
503
579
491
387
475
499
567
399
459
467
487
527
547
631
431
391
547
539
523
375
575
459
479
383
315
395
455
355
511
511
499
527
563
443
559
479
567
427
459
623
451
503
351
463
367
523
507
467
431
539
607
451
731
499
415
467
423
311
455
431
399
407
495
427
519
519
559
579
347
547
487
519
391
575
483
399
551
439
399
539
419
511
479
479
335
375
395
475
395
447
543
499
387
451
475
383
447
427
499
459
471
479
467
479
379
483
471
475
455
451
491
447
395
591
583
383
515
499
459
635
487
395
479
431
311
471
431
335
435
507
531
511
467
447
391
503
447
511
567
539
375
471
387
491
479
463
467
483
547
439
579
503
483
387
467
527
531
579
495
547
327
451
559
591
499
479
435
471
483
607
443
615
503
383
495
447
379
491
431
571
483
483
531
471
395
483
383
511
375
403
435
475
615
419
387
423
439
523
415
439
395
451
443
479
459
639
511
531
611
531
475
499
463
471
503
475
387
643
327
471
335
651
503
491
475
463
447
415
563
431
567
471
467
427
439
495
495
479
515
399
431
475
531
583
435
591
499
571
335
523
487
391
507
367
483
415
419
515
443
347
459
443
375
487
423
435
415
591
335
635
379
463
503
475
391
459
391
423
495
403
359
483
407
467
455
479
435
455
475
555
403
571
667
451
579
487
255
487
595
315
443
435
459
335
483
535
343
283
495
407
407
583
419
515
459
435
127
867
891
539
1067
