659
595
467
579
347
919
607
731
347
743
379
559
515
671
555
615
483
595
427
795
531
763
479
739
471
623
599
727
499
651
531
731
551
743
691
695
547
687
543
659
507
743
579
655
419
611
519
775
503
763
495
863
519
755
607
687
431
731
359
699
499
671
583
715
587
775
567
783
591
675
679
679
507
831
503
675
491
799
455
635
675
675
387
655
555
751
563
807
547
715
483
755
631
695
591
659
491
707
511
647
483
647
563
703
723
735
703
727
635
667
479
819
491
799
395
827
619
683
559
639
627
703
495
731
479
775
451
895
419
819
523
747
499
583
603
623
543
595
411
759
503
871
659
667
463
627
435
899
539
699
591
763
535
827
443
731
619
819
551
651
579
643
567
795
667
679
567
639
467
691
563
839
619
655
491
523
575
619
571
751
655
803
527
639
439
623
463
755
599
795
539
851
551
767
431
715
575
751
511
763
335
583
495
623
459
767
503
719
691
691
455
687
567
639
443
731
591
803
503
851
475
703
555
735
523
739
527
483
567
735
591
603
375
703
511
643
415
559
559
775
479
723
523
703
483
727
415
619
355
731
491
623
471
583
487
815
375
659
663
635
571
619
427
583
503
699
519
595
563
823
535
675
511
651
551
771
647
799
583
731
499
739
599
679
595
655
419
587
563
671
447
723
543
759
535
771
495
619
475
779
559
679
507
695
519
799
407
647
543
719
607
699
579
719
483
811
647
723
627
743
519
699
531
623
435
687
459
527
527
731
639
767
383
711
579
635
551
715
523
635
559
679
607
699
419
683
467
687
699
603
631
719
567
567
523
635
523
667
583
699
519
735
619
495
483
747
647
659
535
807
567
843
479
751
611
867
503
607
547
731
419
623
655
795
423
819
499
795
619
807
535
779
583
747
543
723
535
759
535
767
627
699
571
627
599
695
399
699
667
771
447
855
567
783
703
739
563
687
635
591
523
783
487
747
543
707
527
639
419
647
635
643
651
711
439
647
575
771
439
651
567
711
543
719
711
727
575
699
523
819
503
839
611
671
563
623
595
735
467
695
519
667
503
687
515
647
547
643
403
595
487
787
451
751
531
731
471
727
535
691
579
715
623
755
567
631
407
619
575
659
539
659
407
599
523
735
579
475
255
491
191
383
387
699
511
627
503
643
387
767
335
519
487
455
523
427
487
323
519
431
451
563
387
507
603
499
467
471
395
483
539
519
507
487
543
383
367
507
531
427
555
619
671
483
487
543
555
447
483
555
419
479
635
551
631
547
387
503
511
383
543
507
379
579
655
575
511
535
547
635
471
467
399
503
635
471
567
471
431
387
487
475
531
515
519
571
491
555
631
479
483
583
587
443
451
399
411
443
423
511
439
519
599
479
599
523
535
507
475
379
431
551
527
435
515
619
559
555
491
459
479
515
287
511
435
603
423
443
491
491
555
503
579
483
567
419
479
395
495
507
515
583
599
463
499
531
699
471
651
495
591
435
587
671
411
551
667
507
459
535
635
419
519
395
535
547
571
611
683
475
407
443
539
631
583
499
543
475
515
495
407
339
495
435
475
575
555
419
503
563
435
547
387
415
479
431
443
423
579
443
395
551
539
347
559
435
479
479
451
427
615
543
523
355
467
443
511
351
375
399
531
555
383
499
499
343
323
603
611
467
371
511
567
719
391
491
455
459
423
499
499
587
507
515
491
563
375
507
519
467
499
539
639
471
491
475
579
591
571
443
655
579
347
351
523
515
499
607
447
531
547
507
411
451
523
379
539
451
479
271
455
507
527
551
411
511
575
515
643
691
379
383
551
543
619
211
475
399
527
323
643
403
507
467
599
563
435
479
535
471
499
559
463
567
479
595
651
439
475
435
587
503
555
479
375
327
427
307
467
463
471
531
519
467
459
571
475
515
547
443
535
407
319
423
479
535
431
359
459
391
643
435
431
431
427
507
451
463
511
371
583
515
423
463
411
539
519
491
447
467
555
435
539
543
487
451
455
343
387
591
639
547
571
495
359
531
631
439
471
459
439
431
415
571
547
447
471
443
495
507
583
671
571
463
499
567
467
507
415
559
607
431
467
415
515
491
363
427
503
463
407
495
467
455
515
491
427
503
531
419
431
515
575
547
383
463
451
495
607
447
463
483
491
519
543
439
599
487
411
547
403
483
567
539
571
443
483
359
551
563
515
503
619
479
375
499
451
527
475
431
487
419
659
551
471
627
483
539
407
435
475
467
579
567
359
531
563
439
359
575
479
563
491
455
515
563
595
527
547
439
415
575
415
451
507
599
599
523
583
455
459
491
535
395
507
427
443
359
743
527
759
983
0
895
