1691
2191
1803
2119
1775
2103
1731
2131
1783
1831
1915
1871
1843
1979
1771
2087
1887
2219
1747
1903
1743
2143
1791
1851
1731
2091
1747
2087
1811
1899
1719
2083
1871
2199
1847
2079
1867
2079
1979
1975
1879
2095
1943
1779
1811
2063
1883
2055
1783
1979
1795
2115
1831
2123
1819
2095
1743
1907
1747
1975
1839
2095
1831
2123
1875
2115
1867
2131
1671
1847
1703
2199
1691
2091
1831
2167
1803
2071
1827
2235
1695
1799
1899
2099
1839
1887
1711
2047
1743
2131
1651
2091
1755
2151
1711
2159
1747
2167
1711
2163
1719
1911
1819
1891
1859
2095
1775
1867
1699
1759
1823
1891
1807
2187
1923
2219
1787
1975
1751
2127
1791
2159
1763
2071
1811
1823
1803
2123
1891
2079
1831
2059
1591
2131
1771
2127
1739
2079
1703
2115
1715
2135
1699
2151
1735
1975
1611
2055
1799
1851
1787
1883
1739
2075
1847
2175
1855
2187
1759
1911
2043
2215
1851
2087
1763
1875
1891
2175
1735
2151
1743
1871
1775
1907
1779
2107
1875
1911
1855
2115
1727
1975
1903
2143
1735
2159
1759
1903
1807
1811
1759
2143
1879
1903
1815
2159
1687
2055
1807
2123
1735
2127
1823
2171
1687
2067
1839
2067
1851
2055
1787
2111
1731
2079
1719
2135
1763
2039
1659
2095
1923
2083
1759
2099
1807
2075
1751
1875
1763
2231
1743
2067
1743
1835
1855
1883
1711
2099
1803
2043
1803
2215
1767
2123
1783
2163
1799
2047
1835
2039
1755
1979
1823
2127
1743
2243
1615
2187
1863
2143
1907
1907
1727
2039
1743
2095
1915
1895
1835
2151
1691
2111
1779
1839
1807
2183
1775
2263
1771
1903
1627
2067
1779
1911
1827
2091
1787
2051
1799
2135
1827
1859
1899
2091
1807
2139
1723
1839
1699
1975
1703
2139
1887
2243
1755
1831
1975
2283
123
2247
1807
2195
1863
2199
1815
2091
1791
2047
1803
2083
1723
2183
1699
1915
1775
2099
1699
2131
1755
2167
1823
2147
1843
2103
1827
2219
1691
2095
1759
2151
1907
1911
1651
2095
1855
1887
1879
1975
1767
1879
1831
2231
1855
2091
1907
2199
1891
1855
1839
2143
1735
1979
1743
2127
1755
2107
1791
2043
1719
2195
1851
2223
1695
1819
1799
2139
1731
2079
1819
1883
1827
2039
1819
2143
1743
2143
1687
2099
1667
1751
1823
2067
1803
2035
1871
2191
1767
2047
1847
2055
1775
2219
1803
1915
1655
1915
1767
2143
1779
2083
1887
1863
1771
2115
1831
2043
1699
2107
1751
2223
1835
2151
1783
2167
1919
2131
1803
2119
1775
2043
1911
1895
1971
2247
1735
2103
1895
2059
1879
2243
1851
2163
1787
2199
1707
2043
1839
2071
1791
2119
1791
2099
1703
1875
1727
2071
1759
2199
1703
2155
1887
2127
1683
2139
1735
2111
1823
2083
1831
2179
1847
2091
1835
1895
1871
1867
1807
2159
1823
2235
1791
2343
1787
2151
1835
2091
1803
2151
1763
2195
1735
2047
1811
2051
1771
1887
1787
1883
1543
1827
1467
1767
1651
2159
1847
2219
1575
1887
1807
2047
1819
1719
1767
1763
1795
1863
1859
1803
1735
1799
1735
1851
1663
1699
1711
1871
1739
1647
1811
1879
1811
1735
1863
1835
1771
1727
1839
1767
1751
1691
1763
1719
1811
1759
1783
1731
1835
1747
1735
1819
1883
1819
1643
1695
1751
1851
1775
1819
1771
1747
1807
1727
1759
1759
1875
1711
1759
1755
1715
1651
1815
1803
1691
1779
1783
1715
1751
1767
1811
1603
1787
1791
1819
1727
1859
1783
2055
1751
1799
1739
1727
1759
1831
1799
1755
1783
1655
1743
1747
1843
1791
1719
1835
1707
2223
1835
1755
1643
1711
1803
1787
1739
1735
1875
1831
1707
1775
1647
1767
1627
1823
1763
1691
1767
1883
1791
1823
1603
1771
1815
1647
1839
1851
1719
1879
1767
1591
1811
1855
1835
1763
1775
1667
1727
1771
1771
1771
1851
1871
1691
1791
1815
1859
1727
2039
1667
1899
1675
1803
1679
1787
1747
1603
1691
1767
1791
1783
1795
1815
1823
1815
1695
1855
1703
1871
1767
1719
1979
1771
1727
1735
1715
1827
1883
1827
1831
1903
1815
2043
1651
1739
1851
1747
1763
1815
1771
1771
1739
1867
1635
1843
1687
1771
1799
1827
1975
1863
1651
1763
1791
1711
1635
1795
1859
1719
1815
1787
1755
1803
1607
1711
1755
1819
1667
1835
1711
1723
1615
1767
1735
1743
1747
1739
1783
1735
1723
1795
1727
1799
1875
1759
1679
1847
1895
1807
1695
1699
1839
1815
1791
1751
1711
1799
1655
1627
1771
1783
1731
1755
1691
1767
1611
1839
1603
1771
1767
1839
1747
1891
1807
1791
1775
1835
1703
1767
1631
1695
1731
1847
1763
1759
2071
1759
1699
1839
1723
1631
1787
1731
1783
1611
1879
1659
1771
1683
1755
1871
1835
1691
1803
1735
1803
1863
1679
1715
1867
1783
1715
1723
1803
1611
1771
1791
1795
1635
1863
1831
1743
1763
1711
1715
1819
1771
1579
1907
1763
1903
1819
1883
1747
2043
1679
1735
1655
1791
1779
1783
1767
1779
1751
1767
1727
1791
1719
1855
1727
1819
1775
1903
1751
1779
1767
1771
1679
1663
1783
1719
1703
1775
1775
1723
1743
1815
1755
1747
1651
1763
1667
1767
1747
1827
1775
1687
1723
1707
1719
1871
1811
1755
1739
1843
1783
1787
1791
1883
1643
1671
1699
1727
1811
1775
1643
1739
1803
1803
1823
1719
1839
1839
1775
1763
1723
1779
1747
1647
1811
1703
1727
1887
1747
1727
1839
1787
1723
1851
1811
1783
1763
1863
1731
1623
1787
1807
1707
1823
1907
1743
1731
1779
1731
1783
2035
1755
1771
1731
1635
1799
1691
1759
1767
1763
1719
1707
1803
1707
1723
1767
1699
1727
1875
1707
1587
1739
1727
1827
1783
1727
1699
1823
1707
1895
1863
1783
1819
1859
1679
1715
1791
1787
1759
1891
1807
2055
1791
1687
1831
1699
1771
1707
1819
1639
1687
1827
1863
1751
1827
1739
1747
1827
1783
2051
1871
1759
1771
1715
1607
1863
1767
1667
1723
1831
1759
1675
1643
1659
1807
1747
1655
1811
1799
1763
1675
1595
1699
1851
2043
1703
1575
1895
1743
1883
1383
1503
1327
