811
1027
871
987
847
1035
659
1139
731
1015
875
1003
735
1027
683
906
707
1031
651
1083
882
1015
890
795
802
1082
683
1019
810
1031
843
971
906
1075
879
1199
803
1054
911
995
903
963
899
995
786
1031
866
1059
823
1083
947
1039
891
963
815
971
775
867
818
1067
699
1027
827
1019
895
975
863
1035
903
906
871
1107
979
1019
874
1023
799
975
699
1047
830
999
906
931
847
1039
771
1035
767
1107
891
942
751
882
846
1059
771
1058
767
1007
731
867
770
983
763
1115
942
1011
674
987
891
1026
879
910
939
1107
954
991
979
883
871
1031
719
1074
839
907
770
959
850
1055
823
1071
898
887
794
1151
842
1003
667
1018
903
963
730
926
1027
1071
850
1035
887
939
731
1063
843
1067
791
935
831
1115
731
1054
751
950
815
1010
811
979
751
1031
790
1011
831
1143
839
1071
862
1123
883
1067
827
1015
767
978
770
870
759
983
763
1051
691
1027
951
987
927
1019
795
1019
915
979
911
971
763
1151
763
923
775
998
699
967
859
983
786
1011
682
899
758
999
846
915
819
1011
719
1075
854
1007
783
1051
859
1079
838
895
763
974
839
1087
706
971
855
930
734
1035
763
971
923
1074
863
1038
783
943
786
806
770
1006
803
919
639
1035
883
1071
839
1047
775
926
791
1111
759
1011
831
1191
783
1055
811
1123
827
979
902
1007
767
1179
799
963
823
1254
943
907
711
959
763
939
835
1087
915
1139
807
1107
651
1095
691
1079
771
987
687
1054
755
1019
583
1095
823
1011
875
1059
719
978
791
1043
891
963
810
907
791
1019
815
1039
867
919
735
1031
747
971
895
967
683
1083
819
1135
803
926
679
967
907
1034
943
926
859
954
842
1107
767
927
854
1031
887
954
926
1111
823
1031
715
1015
803
1027
818
927
815
1255
663
967
1011
1011
895
907
978
1063
1003
1083
750
1006
811
1038
851
1047
855
1154
723
923
766
1059
819
887
819
1003
871
1011
691
847
767
1087
955
906
775
923
827
1023
843
1010
671
1091
939
947
811
983
863
878
778
998
927
939
871
1031
839
1031
767
1023
794
1051
751
923
799
1039
747
1023
803
1063
726
907
831
1078
947
1027
899
987
771
1047
835
987
931
1015
723
1122
719
1006
711
1134
871
1062
791
1047
927
1007
790
955
703
847
879
1106
675
902
847
1063
815
1011
971
1079
838
1139
847
1095
658
971
838
1071
743
1190
827
931
902
839
855
995
835
1050
959
1063
942
991
807
1043
871
903
575
830
503
751
683
1023
771
943
895
999
719
1219
807
799
867
763
847
743
739
851
759
855
683
831
727
743
875
794
819
854
819
667
723
719
795
775
795
783
763
739
819
758
687
855
795
758
830
783
823
807
707
791
794
811
830
835
723
767
823
695
971
707
950
846
883
614
955
870
651
834
683
651
827
711
835
755
783
647
722
782
775
923
750
718
743
819
823
882
810
695
695
695
814
747
719
890
827
723
811
642
691
851
711
747
759
778
899
855
779
755
747
734
870
787
858
782
663
739
755
942
771
695
959
731
835
943
815
731
771
735
923
731
811
735
907
563
671
719
863
707
947
795
751
899
871
971
811
715
811
827
795
691
711
623
783
703
767
647
839
707
851
830
727
866
919
699
759
935
827
807
779
755
927
751
719
855
811
911
906
767
859
626
763
819
607
731
787
847
774
931
790
803
875
735
831
787
795
767
855
783
631
811
879
771
755
754
815
807
762
758
747
711
799
639
819
771
822
815
858
859
910
783
839
830
787
795
667
747
843
811
794
755
735
847
687
807
839
831
895
807
747
791
871
1031
746
751
883
891
719
659
723
711
851
698
935
739
699
687
891
859
839
698
759
851
758
875
730
719
791
799
858
919
755
675
735
806
831
834
611
826
623
751
722
867
859
707
782
854
1087
831
787
703
887
862
750
691
627
835
799
863
743
795
759
843
815
858
751
703
814
827
770
635
831
727
819
862
738
671
711
790
867
763
843
659
903
643
715
711
715
679
791
719
675
767
811
747
822
703
843
759
883
623
867
802
731
819
659
835
903
787
803
795
775
863
858
843
802
843
730
671
819
783
767
767
862
779
711
906
811
863
794
799
859
663
759
759
735
939
823
743
903
655
743
775
711
779
755
879
887
863
875
699
743
815
775
654
802
811
599
847
683
815
871
823
903
730
791
695
755
794
775
819
775
802
831
914
619
862
847
695
871
866
731
751
927
807
795
726
863
843
871
666
791
659
770
755
762
695
818
762
714
791
775
727
742
874
666
827
866
759
863
811
866
863
831
915
751
699
759
714
846
671
739
674
742
775
811
679
766
671
799
787
831
643
907
702
811
670
775
698
911
851
695
871
791
883
715
639
815
683
715
731
775
847
750
707
830
679
826
771
774
690
886
791
663
811
806
743
842
839
807
674
807
674
939
799
819
743
683
663
434
0
922
727
291
603
