690
947
795
977
775
886
898
1015
813
974
673
862
765
923
759
907
702
995
759
939
623
839
769
755
855
793
709
1027
691
937
671
1019
871
1074
535
1026
635
983
789
877
775
950
765
959
670
921
715
855
749
855
659
911
839
939
806
862
695
899
799
1047
809
1003
794
979
829
1029
803
1027
907
1006
734
1035
737
883
727
1041
742
963
687
827
783
974
703
861
622
1062
671
945
789
930
638
945
655
1015
777
923
771
926
790
990
833
875
741
899
723
891
671
931
723
885
723
1023
747
1003
817
1010
667
978
747
875
707
1094
686
949
657
801
814
1079
927
923
811
851
754
987
731
875
891
977
751
899
647
899
701
1058
711
855
767
1079
647
866
725
867
738
941
746
1043
705
971
633
978
758
987
713
1021
731
985
681
955
747
1075
767
938
609
1083
771
1035
695
886
829
839
706
1010
730
955
602
911
705
845
686
826
859
934
835
977
723
978
790
819
735
927
803
889
813
1010
819
907
807
939
698
993
790
1067
743
1010
763
982
662
926
719
807
769
1006
825
867
807
942
783
1134
675
942
818
985
577
974
727
931
810
858
894
917
955
963
827
857
865
999
674
1031
803
926
595
767
797
915
663
995
831
995
823
1029
755
934
715
967
671
927
805
1027
687
953
883
930
885
965
635
981
831
903
706
1031
642
939
685
931
689
870
773
1027
763
927
635
827
663
954
687
970
767
858
807
939
695
971
815
1190
779
951
705
963
671
831
825
1014
706
950
837
1155
819
835
790
1059
778
873
906
1015
819
779
879
1045
793
1023
713
879
699
958
834
955
786
987
775
1053
722
871
859
918
667
827
773
987
795
947
819
939
811
975
903
903
755
881
567
897
598
1003
633
967
735
914
653
995
698
1069
835
1037
623
906
734
934
743
802
702
1031
635
897
759
915
925
859
790
1071
783
775
735
747
667
985
655
818
798
887
727
1079
742
899
761
971
854
883
606
979
838
965
711
1027
922
921
735
955
721
938
863
1011
739
1181
666
811
895
830
801
943
667
819
835
935
738
1027
699
839
751
851
814
1045
843
774
737
927
750
955
754
953
750
987
822
810
819
919
735
999
555
975
859
935
803
835
783
879
737
951
726
983
717
949
799
947
666
1027
883
863
767
995
846
851
698
1003
615
963
823
911
823
890
730
927
803
842
827
983
809
1065
678
815
486
775
487
585
635
967
715
1062
779
885
826
723
686
750
679
661
769
787
594
614
499
743
751
653
779
599
713
695
642
726
805
727
771
683
842
659
715
781
577
607
794
682
691
587
747
586
714
763
867
707
790
682
719
735
733
786
643
625
643
735
765
686
810
729
803
707
638
759
859
610
826
686
707
579
807
753
762
627
811
641
743
827
839
777
878
703
686
571
689
831
763
687
730
769
775
797
583
803
733
702
597
694
673
654
743
565
777
667
683
779
863
689
747
666
851
723
586
745
731
730
754
654
746
738
742
782
722
622
678
694
778
758
762
594
858
802
654
722
722
722
794
662
774
790
711
707
799
739
853
666
678
655
770
627
703
679
778
657
731
683
722
711
662
770
925
582
843
686
787
673
774
711
823
799
765
723
739
726
803
711
735
715
707
827
767
711
718
835
698
783
867
706
802
501
765
766
671
679
683
725
781
647
818
655
825
706
869
727
750
767
787
847
706
694
635
663
738
611
783
775
675
719
771
731
886
783
722
575
722
681
843
602
830
611
509
745
791
747
783
779
590
754
770
883
646
695
795
639
867
534
727
833
763
707
765
779
743
693
678
670
706
711
675
587
683
707
739
671
531
669
826
722
715
655
778
674
767
738
775
683
707
547
789
801
821
663
630
634
663
747
939
782
659
721
739
682
734
818
823
769
737
595
754
627
603
897
743
819
775
683
811
837
586
607
619
779
758
723
543
686
691
605
711
751
847
650
734
793
731
779
718
695
650
619
755
815
647
539
631
678
741
697
673
747
663
687
694
530
658
739
871
726
703
598
763
734
750
710
742
675
826
602
842
743
759
666
767
851
823
709
730
663
609
667
631
831
803
747
747
783
887
649
791
718
757
622
847
757
797
702
747
662
783
810
783
678
655
699
757
755
775
891
763
655
759
667
727
735
738
705
755
782
699
627
851
814
695
819
798
559
729
803
738
747
850
733
787
662
795
883
673
771
662
698
859
699
725
686
971
517
711
643
807
762
759
647
703
654
763
621
779
715
627
739
641
803
563
719
755
799
695
570
726
871
815
579
735
653
655
779
703
581
789
735
674
671
755
739
814
769
771
675
819
682
823
654
854
667
690
591
831
679
701
657
881
695
823
791
827
646
761
638
775
699
639
702
590
695
694
751
787
739
727
605
599
734
690
706
678
782
1519
869
225
1047
1551
723
