865
979
933
1014
823
962
819
1075
730
873
941
1014
853
1027
907
881
847
1053
831
1019
830
1066
754
1020
833
1028
775
1051
751
929
739
1066
665
989
767
898
755
997
861
1023
792
937
738
930
787
1134
787
962
718
1047
795
1018
655
959
841
952
662
1085
877
1125
831
943
885
1059
809
991
836
1043
767
979
741
1053
794
1066
819
982
883
956
766
919
981
1093
842
969
673
957
725
963
747
1047
709
1038
813
982
863
1177
931
1027
881
1009
791
1030
894
1142
875
1029
834
1006
819
1049
750
1062
879
1099
828
1164
727
1015
871
1043
736
958
667
888
823
931
779
967
802
1014
791
1155
719
1000
877
1102
659
914
784
1033
705
998
654
1043
747
892
777
1065
691
1021
987
1145
963
1083
911
1053
741
979
820
970
773
1019
835
895
939
963
804
1031
805
987
773
1037
809
943
775
1123
726
1015
747
858
748
1055
687
1002
899
869
773
945
727
1001
761
1073
1089
906
762
937
750
945
767
967
863
961
819
990
810
1031
719
1022
1033
1007
763
969
725
955
823
1037
791
927
887
1041
659
971
865
1119
779
1156
967
1122
867
966
611
927
767
1003
838
1023
733
826
815
1089
765
1014
794
1115
677
977
878
1018
825
909
731
1031
761
1062
807
1053
945
954
934
1166
831
1055
891
906
872
991
1005
956
777
1087
971
1026
671
1111
805
1206
798
1102
742
958
593
1029
793
977
795
1016
793
1094
819
931
721
978
825
1236
898
983
683
1060
789
1079
870
1035
787
1173
793
1014
697
935
831
1135
811
1087
775
1119
889
902
818
1084
835
1263
786
989
771
1038
751
943
967
1230
831
911
869
1143
778
823
705
951
745
901
859
1009
839
1091
828
1026
823
854
929
1031
839
958
705
1087
824
813
783
1003
879
906
774
1107
863
1014
839
1019
754
1182
843
953
855
1134
770
1147
891
1103
703
979
818
967
809
1043
629
947
843
1031
787
955
893
1026
879
1043
605
953
761
1043
780
1131
705
1028
743
998
842
1141
859
979
759
1030
678
959
759
1006
717
1138
789
985
807
960
631
1087
1031
919
758
977
934
1106
739
1087
731
953
707
1103
762
1073
887
956
889
1109
965
1093
790
1035
790
934
823
1071
677
987
870
971
729
1065
747
1079
821
1114
811
1050
774
1003
935
973
791
1005
838
1124
875
1018
946
1115
893
960
811
935
767
1162
924
986
831
873
819
1193
677
1070
907
971
811
1029
733
1073
582
911
696
1081
926
875
882
1025
913
854
509
614
502
562
409
886
691
959
898
1013
833
953
789
719
817
841
741
631
849
716
729
679
795
602
847
639
682
815
918
734
875
727
787
817
618
801
683
906
849
871
857
815
823
717
931
727
839
713
761
767
853
644
789
750
863
802
824
801
793
678
851
795
922
793
809
827
871
791
931
762
746
751
845
745
781
766
693
736
890
715
842
617
811
751
586
707
718
771
848
835
779
753
849
798
873
663
815
707
731
830
778
843
903
837
809
757
671
811
799
773
759
699
763
771
709
763
891
787
767
759
661
654
862
746
678
794
914
754
786
702
930
726
910
954
926
678
878
698
618
658
790
762
782
870
826
675
805
711
762
700
791
729
701
831
889
710
750
711
719
814
745
775
791
653
755
766
810
733
819
751
844
787
829
887
714
699
763
623
750
879
726
765
771
686
903
525
706
923
815
786
831
859
941
773
754
779
677
715
667
755
804
714
706
719
731
723
757
868
686
671
793
733
715
729
871
785
687
735
933
741
627
761
715
710
711
785
867
735
795
798
889
863
788
670
823
743
885
806
869
674
907
763
839
720
749
721
748
657
603
850
642
609
715
883
912
840
893
760
870
772
779
710
849
815
687
747
733
739
751
799
743
851
693
651
702
802
801
796
721
937
891
681
814
867
875
681
775
643
817
622
907
869
765
669
869
970
919
832
818
638
665
666
835
798
875
664
763
753
843
779
778
707
837
955
713
781
754
727
895
827
815
649
789
707
627
775
781
770
715
715
755
775
846
798
774
831
567
786
851
735
766
659
1009
763
811
679
843
702
789
789
818
779
589
857
797
582
815
814
858
733
716
714
659
808
791
755
749
842
853
785
831
749
639
700
836
794
794
703
677
840
797
769
795
782
827
913
709
701
713
749
951
755
678
742
831
735
723
702
873
782
791
875
854
879
713
671
774
737
795
825
894
767
721
758
821
623
799
717
851
614
708
705
729
723
717
727
858
763
906
731
851
786
691
790
807
618
791
768
726
832
811
726
767
725
839
798
755
827
859
819
819
786
739
663
864
851
704
761
811
914
769
839
728
811
937
835
758
742
715
815
789
766
729
813
779
863
717
791
715
710
735
818
818
889
778
690
623
783
767
781
883
631
931
790
867
733
789
809
779
907
757
706
894
694
774
797
758
711
802
918
806
751
681
683
971
759
746
719
767
727
497
0
698
1319
1042
1055
