779
918
909
914
689
953
776
975
669
1062
973
820
745
1055
731
908
644
875
807
927
662
1049
765
903
726
883
775
997
790
1069
755
918
639
964
939
903
743
1116
831
951
714
926
750
937
635
958
607
1087
674
906
782
931
783
862
746
1065
727
863
650
878
903
933
911
943
747
878
833
1016
823
1000
819
899
797
849
766
1022
792
888
711
871
610
938
766
950
789
929
857
1029
767
887
828
1036
570
974
761
947
675
928
848
1032
774
937
640
950
877
871
698
966
825
999
777
971
771
923
759
1067
694
1057
720
1159
781
938
804
1078
822
923
820
920
883
1067
814
948
834
896
709
935
726
958
898
1059
795
1047
810
953
790
874
756
1034
911
967
723
855
894
858
623
811
561
974
782
918
875
903
826
1051
780
887
627
1007
670
1070
844
916
787
938
731
942
834
969
686
969
650
985
801
918
839
1073
771
947
771
855
755
1014
787
950
823
951
758
918
710
1046
707
957
889
909
671
889
757
923
817
1044
783
1095
728
1002
755
775
804
1044
889
861
771
950
781
867
741
923
843
1019
759
913
854
938
735
847
762
948
645
1075
722
1010
795
803
902
929
846
1069
547
1066
608
803
763
864
878
799
724
1001
898
979
818
930
949
915
782
950
736
912
913
982
854
891
845
1118
653
903
827
929
723
1045
844
981
732
827
665
990
699
1000
674
998
808
951
782
891
882
915
823
899
709
983
820
893
633
956
837
1136
707
987
768
967
730
1039
795
1051
787
818
766
1146
732
971
736
1129
835
796
682
955
773
887
809
841
891
1017
738
889
747
1023
939
993
779
861
734
917
775
1013
887
947
850
837
782
969
722
927
874
978
727
1059
810
1010
783
998
494
1025
735
877
780
1094
784
919
716
1019
839
967
802
1023
917
1004
750
874
696
899
831
879
909
903
819
990
835
951
871
1074
755
1068
818
1043
878
918
786
1058
787
911
749
1039
807
990
871
907
788
1009
929
979
834
917
738
874
746
818
877
893
711
885
645
958
821
945
793
1030
707
941
869
1026
866
951
970
1000
665
975
671
963
810
911
799
1049
677
1055
875
959
745
833
706
1059
694
1051
871
1039
795
1017
746
970
786
981
781
928
949
889
633
926
638
926
857
1022
550
948
855
1003
881
970
828
955
642
994
774
1015
786
909
787
899
601
931
769
1083
784
927
785
845
610
983
835
1037
811
713
481
747
392
607
571
966
776
931
855
924
811
876
791
565
744
698
903
699
802
673
694
803
796
635
707
591
839
892
779
766
865
763
702
679
691
815
785
672
708
791
905
799
617
788
841
755
744
730
769
722
774
793
777
683
831
787
782
639
577
637
705
824
658
666
783
719
704
665
707
771
751
782
679
809
753
675
604
699
721
597
823
644
805
655
775
603
659
727
662
762
787
735
735
776
610
703
918
713
821
605
631
686
842
851
807
769
781
801
767
701
695
837
701
793
657
673
698
684
852
733
833
817
645
753
685
773
669
705
697
729
837
609
657
801
713
645
829
797
725
809
809
717
877
835
701
585
737
841
801
555
707
861
857
686
747
826
711
795
833
746
698
707
839
721
815
825
849
717
737
718
770
733
787
731
914
815
730
772
835
539
847
747
739
539
694
810
675
921
606
827
741
647
773
749
759
699
677
774
733
705
741
595
751
547
873
701
935
734
717
671
763
826
653
709
790
734
839
829
770
693
818
850
951
633
631
622
889
778
805
776
644
589
809
757
777
831
714
805
831
852
733
750
713
731
717
704
706
777
758
785
643
798
780
765
691
772
705
778
867
734
721
719
681
641
623
613
786
781
651
758
731
903
801
839
679
775
799
677
711
674
549
669
742
657
763
790
753
798
825
647
754
828
665
645
798
771
709
709
713
861
754
638
805
688
837
757
713
734
629
714
570
807
646
742
782
741
795
729
746
707
811
733
787
818
854
715
853
729
685
743
736
681
741
731
774
734
839
713
723
622
803
904
651
635
707
766
926
597
858
654
869
703
867
689
787
771
811
703
837
623
859
890
827
786
817
699
748
775
899
751
698
770
744
775
859
691
774
839
742
781
840
684
834
643
745
678
618
734
842
547
619
663
799
661
694
643
582
842
706
715
794
741
809
724
853
848
547
873
807
746
760
693
715
849
795
738
766
797
677
731
789
767
702
789
774
816
822
669
798
819
762
728
850
706
659
817
646
829
755
789
806
745
843
675
763
772
760
757
722
703
696
831
842
826
673
547
655
699
700
840
739
665
766
781
689
729
841
847
704
589
697
761
731
607
682
679
660
810
795
711
832
799
815
737
823
751
896
753
848
738
717
911
781
742
711
666
767
599
775
831
637
493
862
771
691
635
700
705
711
892
765
599
683
598
649
663
742
743
825
603
242
363
0
215
742
477
