1039
1443
971
1115
1019
1031
874
1155
959
899
879
1062
1027
1055
983
1122
1011
1155
874
999
1079
1461
1002
1087
807
1031
943
1151
977
1491
983
1135
998
1079
963
1159
995
1426
858
1143
991
1514
903
1122
1071
1118
1039
1430
1083
1135
938
1135
895
1411
806
1147
879
1139
983
1503
847
1099
871
1395
979
1054
895
1471
919
1455
890
1502
1082
1131
987
1410
915
1119
930
1471
906
1091
815
1407
946
1058
961
1127
999
1467
1015
1147
851
1143
927
1514
927
1399
1018
1070
947
982
947
1391
1022
1475
943
1079
1091
1110
967
1398
1039
1138
942
1415
1087
1419
899
1475
822
1087
815
1147
914
1143
1003
1451
1131
1131
919
1426
907
1463
931
1135
1039
1126
906
1135
987
1067
899
1426
955
1139
1007
1163
1035
1094
931
1458
894
1066
1067
1099
946
1071
1023
1447
859
1435
1022
1402
986
1079
903
1455
1086
1002
951
1127
891
1131
903
1439
810
1487
1095
1403
894
1451
1003
1103
803
1391
995
1390
959
1455
843
1522
1082
1451
1143
1067
1023
1147
979
1006
1063
1394
903
1147
879
1399
911
1143
1107
1527
942
1431
950
1438
1123
1463
1078
1098
1051
1402
887
1138
1059
1427
951
1155
987
1515
962
1106
967
1471
1019
1055
923
1423
971
1398
835
1575
975
1106
922
1071
1019
1030
890
1410
1107
1119
1043
1018
991
1015
955
1415
1050
1422
978
1103
1055
1139
1026
1055
987
947
919
1407
995
1427
887
1082
947
1395
911
1483
922
1027
899
1423
887
1435
891
1019
903
1070
971
1087
947
1447
935
1047
871
1070
855
1419
999
1059
971
1099
1062
1471
927
1503
987
1459
991
1411
891
1530
847
1515
890
1106
887
1035
883
1127
942
1095
1063
1111
906
998
835
1126
918
1115
986
1111
1038
1103
967
1403
1031
1091
951
1155
1034
1415
931
1391
957
1475
899
1410
954
1411
914
1139
946
1147
1055
1022
979
1082
1111
1142
915
1402
927
1107
1086
1119
919
1419
991
1391
998
1099
898
1555
847
1114
1095
1499
907
1106
1015
1067
891
1151
806
1107
959
1466
1047
1119
1019
1471
931
1159
887
1131
930
1443
891
1447
1063
1027
979
1055
1050
1143
911
1135
931
1087
951
1103
899
1154
915
1078
970
1475
943
1495
1003
1159
999
1107
883
1426
835
1119
1005
1159
943
1438
939
1079
919
1483
958
1475
871
1103
975
1135
931
1050
983
1467
883
975
983
1555
1099
1115
1123
1483
915
1467
914
1402
703
1126
839
1103
807
1431
927
1043
1067
1411
942
1131
859
1487
995
1450
855
1150
951
1462
982
1003
1031
1435
747
1403
999
1491
942
1407
907
1094
983
1131
910
1479
903
1115
1031
1439
935
951
651
935
650
883
799
1098
919
1131
1011
1007
947
1143
843
895
895
979
959
938
894
755
1067
879
943
1046
1007
766
847
983
883
842
1007
947
874
899
903
955
975
942
899
911
986
979
967
1011
867
983
883
1055
1031
875
798
814
1011
891
903
991
867
935
927
931
1018
727
1006
991
971
851
831
955
911
1042
927
1006
1038
918
983
898
978
795
946
851
867
819
931
963
907
823
1039
842
999
946
886
1003
878
1035
851
906
1005
993
903
975
954
963
967
915
883
851
907
895
990
839
982
922
918
1003
1055
951
1007
914
831
999
1011
931
955
911
931
867
891
995
911
1047
835
859
735
827
979
831
951
923
927
931
763
795
311
879
891
887
919
922
814
811
954
943
882
843
1027
1015
1099
1055
859
935
927
911
887
923
783
831
855
1031
851
850
938
843
983
791
1007
934
791
947
1010
1002
1031
946
883
855
771
827
931
823
803
970
963
1111
982
743
895
979
867
795
927
959
835
935
891
886
831
927
874
979
866
875
822
851
842
1002
974
834
999
930
1095
974
947
975
967
1015
983
875
867
863
1047
927
1423
883
963
975
1030
859
882
903
835
863
1025
835
955
726
867
1103
911
779
807
843
867
919
887
1055
1007
983
958
887
907
1006
719
743
1047
1035
971
795
939
927
947
931
975
926
851
859
942
843
918
961
943
990
915
887
951
915
1046
995
898
1063
963
854
931
971
1003
1034
959
955
819
830
955
823
923
850
911
1011
946
958
834
875
975
775
863
827
1011
802
939
847
811
951
1042
858
1054
855
871
902
807
875
831
786
851
935
951
942
971
858
855
935
967
967
875
987
999
851
855
846
881
943
1079
795
959
986
911
926
1027
835
1055
887
991
931
879
843
1011
915
847
783
855
947
991
907
950
991
843
831
963
1079
886
1399
915
890
935
831
1055
1007
863
871
910
993
867
978
1031
871
947
907
907
919
879
921
814
843
947
1127
947
806
1011
934
891
831
1011
751
983
855
943
1127
779
1011
979
871
947
1023
963
983
965
874
1058
794
1010
907
1067
887
926
815
1035
875
923
938
1047
907
843
847
914
926
879
899
1046
719
935
961
930
894
1003
903
983
942
1015
907
975
818
847
855
871
859
846
1099
971
971
938
991
767
1087
1011
995
815
935
782
723
787
975
1023
955
1051
999
846
994
935
827
1007
806
799
766
1055
767
955
871
1019
1003
947
967
923
1047
1130
919
946
879
911
834
959
850
987
863
962
895
983
955
875
874
1022
903
971
991
974
891
354
98
407
0
203
166
