1355
1439
1247
1351
1283
1591
1323
1450
1151
1339
1467
1419
1119
1575
1323
1523
1335
1803
1275
1407
1275
1559
1247
1367
1347
1795
1183
1499
1279
1443
1371
1791
1435
1471
1247
1451
1327
1423
1166
1587
1199
1551
1275
1479
1291
1447
1183
1459
1155
1543
1319
1475
1171
1487
1302
1543
1267
1395
1327
1491
1275
1503
1219
1503
1238
1511
1203
1502
1235
1446
1319
1455
1311
1535
1207
1363
1235
1439
1319
1771
1218
1835
1439
1459
1331
1419
1267
1519
1419
1411
1303
1327
1226
1331
1283
1602
1219
1407
1187
1483
1267
1563
1406
1523
1271
1463
1271
1515
1523
1267
1355
1583
1243
1383
1267
1775
1251
1559
1287
1558
1279
1510
1246
1798
1251
1467
1331
1775
1387
1451
1127
1495
1255
1455
1291
1491
1171
1483
1283
1551
1158
1319
1271
1555
1359
1555
1258
1554
1355
1479
1318
1467
1243
1467
1163
1547
1114
1507
1239
1447
1243
1519
1231
1391
1187
1507
1283
1503
1295
1387
1135
1350
1271
1383
1367
1483
1423
1403
1347
1599
1267
1463
1162
1319
1127
1551
1343
1414
1354
1463
1183
1435
1227
1807
1323
1482
1178
1387
1259
1571
1247
1395
1323
1463
1443
1539
1347
1395
1223
1467
1286
1547
1278
1407
1103
1518
1390
1475
1423
1587
1291
1459
1263
1331
1214
1771
1207
1543
1327
1843
1135
1378
1279
1462
1227
1555
1259
1519
1343
1523
1319
1471
1359
1491
1239
1419
1263
1527
1295
1531
1427
1338
1362
1479
1218
1451
1319
1507
1311
1455
1295
1514
1347
1534
1294
1423
1291
1479
1207
1543
1271
1551
1467
1475
1215
1547
1395
1478
1375
1407
1231
1551
1215
1539
1191
1527
1275
1551
1239
1550
1307
1599
1023
1587
1247
1543
1383
1311
1335
1555
1219
1551
1231
1506
1323
1507
1307
1546
1243
1443
1351
1459
1211
1511
1215
1270
1163
1499
1239
1519
1246
1383
1303
1515
1267
1775
1351
1331
1131
1431
1247
1499
1299
1431
1327
1463
1243
1371
1203
1418
1347
1426
1362
1483
1171
1443
1227
1343
1311
1351
1159
1475
1151
1447
1203
1455
1355
1566
1303
1451
1163
1387
1230
1487
1358
1483
1323
1779
1363
1443
1215
1766
1251
1299
1403
1494
1239
1439
1375
1311
1231
1471
1283
1563
1163
1539
1278
1567
1327
1591
1311
1455
1207
1559
1355
1531
1270
1442
1243
1503
1355
1387
1355
1439
1259
1479
1367
1475
1219
1555
1431
1455
1299
1362
1254
1391
1343
1554
1383
1479
1283
1331
1343
1455
1235
1483
1247
1462
1223
1327
1311
1439
1298
1551
1323
1451
1207
1522
1239
1550
1271
1431
1315
1395
1455
1387
1275
1567
1322
1499
1319
1591
1295
1523
1411
1511
1363
1555
1275
1355
1343
1459
1299
1474
1263
1367
1302
1463
1323
1442
1299
1439
1239
1407
1286
1387
1175
1538
1331
1443
1251
1427
1282
1466
1267
1498
1367
1487
1231
1399
1259
1595
1151
1551
1431
1527
1267
1371
1030
1098
895
1203
927
1534
1319
1371
1287
1430
1243
1399
1254
1239
1367
1251
1179
1215
1230
1287
1327
1359
1123
1271
1215
1339
1175
1231
1263
1323
1391
1203
1386
1119
1171
1271
1279
1186
1243
1235
1135
1203
1299
1214
1191
1054
1355
1391
1266
1355
1271
1339
1263
1279
1315
1119
1279
1226
1271
1279
1335
1211
1258
1163
1135
1151
1319
1275
1231
1363
1283
1143
1179
1259
1311
1243
1190
1203
1391
1099
1243
1311
1267
1191
1195
1162
1315
1247
1279
1251
1191
1255
1231
1323
1315
1382
1235
1247
1275
1111
1315
1159
1199
1310
1175
1191
1063
1263
1231
1226
1079
1259
1323
1235
1235
1271
1211
1159
1287
1334
1255
1199
1187
1219
1287
1127
1239
1307
1175
1311
1166
1335
1275
1283
1359
1195
1150
1251
1199
1327
1379
1314
1263
1227
1311
1211
1315
1183
1391
1267
1339
1243
1187
1235
1259
1267
1323
1207
1159
1294
1291
1175
1214
1307
1239
1439
1327
1167
1323
1247
1186
1291
1307
1235
1283
1479
1303
1319
1231
1203
1259
1279
1327
1275
1251
1211
1123
1338
1275
1203
1299
1263
1315
1243
1315
1255
1355
1287
1219
1179
1191
1327
1326
1243
1279
1211
1283
1183
1182
1171
1187
1139
1187
1195
1367
1083
1326
1255
1263
1159
1143
1135
1295
1183
1151
1275
1235
1218
1447
1267
1175
1159
1163
1251
1310
1139
1439
1318
1202
1199
1363
1175
1267
1271
1139
1087
1322
1147
1143
1083
1367
1391
1331
1279
1231
1206
1291
1263
1227
1055
1287
1147
1222
1055
1143
1295
1271
1163
1267
1387
1306
1303
1174
1231
1379
1283
1287
1306
1175
1231
1255
1279
1275
1187
1211
1367
1099
1247
1211
1218
1322
1151
1199
1211
1370
1275
1267
1303
1251
1323
1263
1375
1135
1219
1307
1055
1258
1179
1215
1143
1075
1203
1251
1115
1154
1199
1271
1179
1315
1251
1343
1251
1414
1103
1131
1351
1143
1195
1115
1235
1443
1239
1267
1083
1315
1331
1335
1263
1183
1227
1211
1218
1251
1323
1523
1210
1375
1271
1283
1143
1338
1211
1203
1263
1159
1227
1250
1143
1307
1223
1202
1271
1139
1111
1251
1323
1319
1299
1255
1327
1151
1163
1279
1211
1195
1239
1195
1259
1294
1323
1383
1335
1315
1375
1315
1323
1179
1127
1235
1107
1187
1203
1250
1319
1187
1319
1247
1359
1131
1155
1250
1243
1191
1079
1127
1135
1187
1083
1251
1239
1267
1275
1267
1123
1219
1119
1163
1307
1291
1247
1283
1255
1295
1150
1259
1307
1227
1303
1355
1171
1246
1259
1215
1295
1083
1123
1163
1215
1403
1258
1263
1178
1287
1163
1295
1207
1291
1319
1227
1215
1351
1215
1306
1119
1331
1295
1319
1163
1190
1171
1126
1307
1235
1303
1299
1207
1223
1138
1291
1291
1355
1399
1286
1314
1211
1347
1191
1166
1347
1287
1299
1214
1270
1215
1223
1187
1127
1283
1219
1078
1191
1303
1171
1279
1211
1171
1195
1351
1283
1259
1110
1351
1419
1239
1415
1275
1307
1287
1242
1155
1219
1243
1103
1203
1251
1431
1203
1114
1327
1279
1083
1751
1887
1210
0
1563
