578
647
539
963
687
815
671
779
699
899
691
787
659
959
675
887
531
851
655
835
734
874
671
971
715
843
719
883
619
806
603
1059
763
759
607
791
627
791
643
883
655
899
783
778
651
883
614
782
683
747
647
971
642
787
610
927
715
802
699
803
643
814
730
951
647
1031
727
767
775
799
827
879
727
751
715
963
647
871
743
851
671
814
739
870
639
731
655
783
670
855
659
919
515
787
659
875
683
759
607
851
682
843
607
815
647
843
475
950
655
831
595
811
691
951
695
903
751
811
543
867
787
670
699
943
655
886
550
887
755
974
670
798
651
955
551
999
759
854
615
715
543
855
506
1007
770
810
631
935
791
814
739
739
630
787
651
955
730
814
571
871
607
923
603
771
623
799
691
839
811
975
623
891
646
843
594
786
615
814
667
847
751
859
703
847
722
775
615
923
679
803
643
715
759
794
743
867
727
835
603
807
775
835
683
946
706
1031
723
915
702
795
715
843
591
771
690
739
706
835
747
691
487
731
787
847
675
858
654
855
582
978
575
838
483
783
706
947
690
819
639
799
799
883
627
998
611
891
563
839
687
791
691
771
659
915
647
786
718
831
735
879
775
967
823
831
658
842
783
803
655
843
611
847
611
891
739
699
707
895
671
971
651
803
731
907
659
935
567
963
607
979
699
919
774
771
711
803
539
826
623
839
571
855
627
855
591
962
599
903
747
843
607
927
663
895
655
722
663
803
611
851
643
958
695
834
639
763
642
787
671
879
683
743
651
835
799
858
547
927
639
983
751
831
691
883
599
867
747
811
806
886
703
879
679
755
615
887
659
851
659
963
643
839
738
1006
747
922
555
859
610
670
739
867
618
947
643
847
659
711
615
895
519
943
787
783
819
955
707
939
594
879
727
902
563
759
579
947
491
891
739
1023
722
879
651
751
699
907
683
867
639
1022
659
934
595
787
663
898
687
990
591
910
695
659
683
871
571
854
799
1007
627
799
754
831
787
919
675
807
694
907
735
931
546
787
743
783
727
854
659
1039
779
903
731
755
615
878
611
867
598
771
691
791
719
859
738
859
743
739
651
919
655
926
623
990
706
951
574
1054
607
743
678
919
747
963
694
695
690
867
631
731
711
967
682
907
655
843
675
778
599
731
463
486
366
462
567
839
671
839
591
755
623
842
770
579
611
758
582
515
671
611
487
651
526
591
607
675
671
611
658
671
751
650
755
607
667
475
574
579
590
655
663
807
639
655
735
475
535
699
679
563
743
503
631
623
811
655
563
522
555
623
654
823
551
731
663
627
715
567
527
643
698
647
715
679
655
659
671
687
655
450
699
635
559
686
555
519
631
751
523
559
591
551
595
427
747
599
559
751
562
639
446
639
563
651
611
599
675
643
531
574
691
623
566
759
603
523
679
599
762
615
723
751
587
595
678
619
879
603
611
727
535
563
587
759
547
671
599
507
655
607
623
651
667
587
679
767
611
567
599
651
603
587
679
643
611
675
615
694
610
575
655
559
743
766
638
667
527
579
574
647
594
635
651
691
699
707
519
623
703
659
643
587
719
483
723
519
583
707
615
671
487
446
659
599
555
615
631
523
675
519
715
607
563
627
647
567
695
643
707
723
662
698
622
602
671
602
655
503
603
631
627
699
739
635
707
642
531
727
703
583
495
571
631
571
682
539
595
591
711
642
527
690
591
583
671
555
591
639
659
547
647
502
827
619
731
735
666
671
651
647
543
639
614
566
655
659
554
587
483
611
871
631
603
591
591
619
523
563
655
671
582
595
687
778
711
643
510
562
619
655
731
706
687
711
559
555
831
731
734
587
642
579
747
695
655
758
646
635
679
750
647
767
739
663
655
627
611
471
686
651
539
559
555
475
571
691
583
639
651
579
575
551
691
478
775
607
723
631
599
575
791
735
566
579
583
735
506
635
639
610
707
775
530
627
711
527
599
787
727
607
639
519
839
678
603
634
655
647
587
639
527
731
487
607
703
627
743
663
766
667
702
671
582
490
671
535
667
643
535
602
715
503
607
659
651
610
663
543
699
515
631
695
678
759
547
683
650
631
590
639
675
654
659
751
671
715
619
610
531
622
631
590
703
694
627
711
691
607
791
603
659
687
547
659
547
638
494
699
671
702
554
707
499
611
579
607
735
598
631
655
703
603
655
567
595
643
499
587
631
703
539
519
543
599
483
583
678
639
639
715
699
455
387
643
687
719
611
651
639
651
603
551
642
591
575
675
587
675
647
607
687
527
510
595
563
539
727
459
555
675
747
659
691
599
635
714
623
695
631
535
575
659
771
354
735
674
635
763
554
511
271
1119
775
1279
311
734
