1334
1523
1159
1379
1195
1503
1155
1454
1127
1479
1266
1543
1263
1547
1303
1395
1274
1551
1287
1506
1278
1463
1255
1427
1083
1315
1195
1474
1055
1511
1131
1519
1182
1350
1314
1495
1131
1330
1191
1399
1071
1422
1075
1291
1127
1535
1303
1431
1227
1467
1247
1427
1211
1487
1419
1411
1199
1390
1250
1378
1251
1495
1234
1458
1322
1491
1315
1522
1235
1439
1087
1399
1238
1467
1271
1479
1263
1447
1419
1559
1311
1563
1195
1615
1167
1415
1251
1475
1279
1427
1107
1506
1331
1475
1319
1503
1207
1398
1339
1587
1203
1527
1063
1451
1258
1319
1246
1387
1203
1294
1203
1379
1319
1550
1279
1386
1234
1415
1183
1423
1254
1363
1187
1307
1215
1414
1247
1423
1387
1419
1367
1463
1211
1459
1203
1651
1234
1443
1431
1387
1371
1386
1199
1459
1243
1443
1226
1471
1239
1575
1175
1395
1206
1391
1214
1487
1243
1359
1179
1335
1267
1383
1299
1422
1083
1406
1367
1587
1103
1458
1099
1474
1271
1531
1191
1403
1171
1415
1279
1459
1187
1467
1211
1518
1175
1371
1211
1435
1219
1451
1258
1583
1135
1395
1263
1442
1366
1362
1167
1535
1227
1395
1210
1455
1263
1555
1159
1491
1083
1322
1307
1434
1127
1367
1139
1427
1223
1482
1279
1431
1171
1403
1287
1587
1202
1419
1354
1415
1347
1306
1227
1483
1279
1443
1159
1351
1275
1382
1299
1515
1259
1423
1395
1407
1330
1315
1367
1339
1099
1451
1190
1355
1347
1398
1254
1518
1087
1431
1251
1551
1223
1450
1151
1439
1255
1394
1311
1423
1091
1391
1194
1515
1187
1431
1243
1523
1243
1318
1299
1419
1287
1471
1143
1351
1003
1475
1223
1515
1134
1347
1307
1391
1254
1375
1347
1535
1179
1411
1383
1459
1186
1438
1303
1542
1287
1475
1359
1431
1071
1347
1139
1451
1251
1395
1291
1287
1234
1391
1183
1547
1287
1459
1271
1399
1247
1287
1399
1427
1239
1459
1311
1418
1271
1354
1307
1567
1315
1546
1399
1475
1219
1391
1291
1439
1127
1411
1310
1619
1095
1418
1179
1487
1235
1394
1167
1354
1243
1439
1119
1443
1187
1315
1267
1419
1147
1447
1231
1582
1215
1319
1375
1539
1371
1307
1323
1555
1327
1422
1302
1387
1323
1419
1115
1515
1307
1478
1307
1619
1147
1251
1183
1351
1211
1543
1263
1427
1115
1475
1243
1407
1287
1507
1191
1343
1259
1546
1367
1399
1251
1418
1171
1431
1238
1511
1351
1419
1239
1463
1247
1423
1335
1387
1147
1311
1155
1375
1195
1311
1247
1415
1215
1439
1247
1331
1087
1507
1195
1419
1214
1419
1183
1419
1187
1463
1203
1323
1206
1578
1238
1306
1263
1463
1183
1351
1198
1431
1139
1323
1315
1407
1255
1423
1194
1487
1254
1423
1263
1438
1235
1423
1238
1495
1231
1279
1283
1446
1243
1523
1266
1491
1142
1363
1087
1546
1275
1415
1339
1399
1303
1371
1195
1382
1123
1363
1207
1354
1283
1267
874
1239
962
1087
783
1495
1106
1323
1235
1539
1167
1319
1122
1227
1271
1203
1211
1191
1226
1231
1339
1263
1143
1167
1014
1246
1099
1035
1114
1195
1171
1135
1107
1143
1198
1210
1115
1259
1198
1287
1183
1031
1238
1111
1215
1250
1234
1314
1271
1195
1227
1147
1143
1419
1139
1258
1187
1051
1263
1199
1103
1191
1311
1251
1023
1251
1315
1231
1226
1171
1359
1187
1223
1143
1191
1114
1231
1202
1083
1243
1134
1303
1295
1319
1171
1231
1346
1151
1255
1055
1283
1206
1030
1231
1211
1142
1291
1110
1059
1155
1147
1215
1327
1171
1034
1147
1250
1351
1158
1103
1271
1215
1195
1167
1159
1135
1071
1139
1263
1011
1203
1242
1311
1219
1171
1091
1191
1191
1207
1103
1242
1163
1135
1135
1307
1207
1271
1203
1267
1291
1079
1167
1223
1327
1247
1343
1175
1251
1099
1142
1187
1207
1223
1191
1210
1139
1138
1191
1139
1247
1358
1234
1402
1155
1103
1255
1047
1127
1335
1203
1134
1150
1199
1123
1247
1107
1266
1218
1318
1047
1147
1251
1363
1183
1199
1226
1242
1310
1238
1095
1167
1299
1359
1179
1222
1151
1323
1343
1251
1107
1347
1075
1067
1170
1263
1243
1283
1238
1371
1219
1191
1223
1059
1131
1247
1219
1106
1163
1239
1347
1194
1207
1107
1187
1250
1203
1115
1127
1218
1095
1239
1175
1239
1219
1211
1263
1054
1119
1174
1107
1138
1139
1194
1135
1115
1151
1075
1323
1179
1139
1258
1271
1315
1231
1219
1310
1315
1267
1271
1190
1219
1211
1091
1055
1211
1195
1199
1227
1259
1171
1103
1143
1278
1103
1347
1162
1115
1167
1259
1067
1371
1203
1235
1267
1138
1198
1054
1127
1174
1103
1207
1211
1210
1159
1319
1167
1227
1202
1071
1338
1275
1210
1214
1178
1414
1303
1151
1263
1207
1243
1287
1167
1167
1187
1186
1331
1174
1242
1259
1198
1170
1079
1191
1231
1163
1207
1359
1158
1195
1115
1143
1282
1138
1130
1175
1155
1151
1263
1207
1226
1235
1259
1307
1179
1123
1163
1067
1227
1019
1159
1247
1231
1371
1159
1307
1227
1251
1331
1287
1142
1279
1303
1023
1115
1078
1103
1351
1171
1167
1154
1267
1255
1231
1043
1155
1123
1371
1295
1231
1015
1098
1355
1195
1214
1134
1183
1190
1127
1195
1067
1118
1162
1319
1111
1243
1327
1255
1110
1050
1115
1231
1186
1219
1222
1119
1254
1274
1211
1158
1175
1195
1219
1203
1283
1191
1155
1055
1199
1255
1235
1219
1131
1039
1235
1375
1387
1202
1147
1167
1167
1315
1251
1347
1111
1171
1311
1115
1155
1271
1102
1199
1187
1423
1123
1163
1295
1255
1207
1042
1151
1115
1231
1135
1167
1106
1226
1191
1126
1187
1127
1271
1114
1375
1254
1250
1287
1286
1175
1251
1206
1219
1199
1207
1143
1159
1179
1263
1387
1090
1239
1114
1083
1351
967
1207
1123
1203
1279
1151
1083
1359
1311
1219
1119
1255
1219
1163
1175
1243
1127
1311
1167
1191
1179
1147
1183
1139
1175
1319
1083
1267
1211
1039
1171
1119
1147
1215
1178
1227
1283
751
927
0
1363
1347
1110
