1526
1771
1635
2059
1575
1601
1419
1711
1539
1787
1449
1753
1555
1771
1614
1651
1619
1729
1587
1933
1395
1779
1506
1926
1607
1651
1499
2059
1546
1791
1619
2087
1458
1739
1567
1733
1459
1725
1571
1919
1563
1687
1439
1709
1405
1725
1579
1685
1487
1935
1479
1749
1535
1711
1481
1763
1587
1719
1491
1683
1370
2033
1593
1798
1483
1627
1482
1783
1545
1659
1549
2087
1547
1675
1635
1681
1551
1610
1547
1809
1473
1811
1691
2038
1609
1615
1482
2135
1423
1751
1455
1795
1559
1665
1535
1926
1491
1787
1494
1677
1575
1815
1719
2035
1679
1787
1445
1722
1751
1687
1570
1822
1614
1777
1506
1657
1483
1717
1523
1725
1551
1795
1583
1763
1407
1755
1402
1671
1523
1935
1550
1763
1527
1727
1379
1814
1666
1683
1475
2066
1515
1653
1558
1603
1691
1726
1631
1738
1534
1775
1523
1715
1579
1798
1557
1691
1510
1731
1537
1702
1639
1819
1721
1691
1523
2038
1533
2107
1554
1759
1570
1729
1507
1629
1579
2070
1579
1799
1722
1759
1511
1783
1518
1683
1479
1690
1511
1733
1591
1783
1627
1751
1611
1715
1414
1763
1487
1747
1639
1675
1465
1725
1579
1675
1643
1591
1619
1783
1547
1759
1583
1795
1571
1719
1610
1639
1517
1925
1550
1715
1579
1795
1615
1677
1403
1697
1706
1730
1422
1774
1553
1678
1501
1663
1507
1735
1443
1754
1607
1766
1595
1739
1534
1690
1531
1822
1557
1751
1350
1671
1557
2035
1591
1566
1634
1707
1426
1511
1557
1535
1507
1685
1574
1747
1591
1655
1587
2041
1587
1691
1594
1718
1419
1931
1647
1775
1534
1775
1573
1723
1506
1591
1503
1641
1567
1741
1491
1695
1547
1646
1627
2051
1487
1619
1707
1763
1489
1647
1562
1719
1353
1778
1694
1594
1435
1779
1479
1690
1513
1791
1558
1723
1586
1655
1506
1687
1477
1547
1467
1731
1510
1819
1663
1723
1507
1731
1578
1711
1498
1739
1459
1731
1655
1611
1603
2031
1499
2062
1503
1767
1557
1691
1606
1707
1503
1647
1567
2051
1515
1706
1434
1662
1653
1727
1587
2029
1349
1758
1439
1763
1559
1631
1609
1803
1535
1819
1494
1727
1562
1707
1570
1667
1571
1679
1591
1735
1666
1653
1499
1803
1378
1651
1543
1807
1645
1753
1615
1811
1521
1694
1546
1818
1407
1743
1521
1702
1503
2059
1667
1687
1430
1767
1699
2059
1551
1795
1607
1919
1671
1703
1585
1759
1501
1614
1539
1702
1543
1677
1490
1787
1429
1739
1655
1723
1505
1819
1487
1759
1517
2035
1450
1790
1570
1783
1551
1587
1462
2043
1571
2031
1443
1699
1603
1802
1595
1702
1478
1763
1519
1707
1551
1803
1566
1673
1513
1631
1477
1506
1423
1745
1699
1763
1542
1719
1579
1675
1538
1811
1507
1686
1486
1646
1535
1690
1667
2111
1543
1631
1725
1777
1445
1806
1671
1773
1511
1771
1539
1779
1511
1739
1594
1823
1505
1662
1607
1719
1550
1554
1251
1535
1251
1399
1135
1822
1542
1919
1526
1610
1363
1703
1670
1583
1479
1415
1575
1703
1650
1538
1259
1386
1407
1463
1583
1486
1526
1503
1618
1573
1515
1415
1551
1419
1423
1350
1527
1467
1663
1385
1439
1586
1494
1599
1523
1463
1594
1455
1563
1366
1494
1423
1610
1519
1599
1558
1411
1419
1534
1621
1471
1475
1503
1555
1342
1615
1614
1507
1411
1563
1531
1475
1487
1423
1571
1395
1457
1311
1517
1611
1543
1473
1462
1555
1603
1467
1366
1466
1523
1515
1559
1629
1553
1441
1457
1478
1407
1463
1403
1523
1469
1519
1663
1530
1539
1441
1575
1611
1631
1390
1515
1629
1467
1674
1663
1421
1435
1499
1569
1398
1618
1394
1442
1334
1570
1554
1630
1414
1654
1582
1506
1434
1538
1514
1498
1338
1658
1458
1646
1462
1586
1498
1494
1558
1427
1395
1635
1323
1643
1469
1451
1507
1462
1441
1598
1571
1502
1663
1589
1635
1563
1515
1471
1533
1502
1435
1509
1523
1479
1411
1497
1509
1482
1635
1658
1545
1570
1543
1563
1447
1423
1459
1578
1563
1614
1522
1447
1491
1533
1513
1471
1399
1418
1423
1375
1534
1501
1482
1595
1511
1451
1363
1523
1478
1505
1425
1615
1602
1682
1594
1551
1418
1586
1575
1411
1586
1499
1547
1558
1499
1453
1475
1474
1455
1714
1547
1462
1639
1513
1422
1478
1523
1506
1463
1579
1527
1611
1465
1471
1663
1467
1439
1498
1381
1437
1654
1666
1377
1401
1425
1587
1327
1383
1558
1570
1435
1526
1643
1602
1449
1598
1393
1459
1486
1542
1449
1505
1458
1491
1478
1467
1583
1439
1333
1622
1551
1495
1437
1515
1451
1459
1437
1513
1487
1567
1579
1587
1626
1574
1522
1415
1619
1375
1605
1443
1494
1439
1330
1518
1506
1571
1522
1669
1467
1470
1551
1559
1549
1462
1385
1655
1555
1375
1489
1547
1475
1435
1385
1550
1545
1647
1391
1669
1619
1430
1507
1571
1515
1555
1450
1463
1511
1387
1507
1594
1575
1455
1410
1497
1538
1571
1639
1539
1625
1559
1422
1607
1703
1382
1535
1478
1459
1623
1467
1715
1483
1451
1450
1607
1527
1522
1463
1415
1454
1634
1431
1586
1567
1543
1478
1613
1569
1513
1514
1414
1379
1471
1541
1543
1493
1591
1623
1631
1590
1483
1451
1513
1555
1419
1447
1455
1413
1549
1511
1555
1403
1579
1486
1546
1475
1607
1387
1541
1555
1506
1547
1651
1507
1479
1651
1595
1413
1571
1559
1459
1446
1567
1435
1610
1477
1615
1403
1447
1506
1471
1507
1521
1510
1587
1638
1443
1610
1562
1503
1503
1478
1499
1583
1411
1374
1479
1530
1347
1397
1475
1579
1606
1610
1527
1533
1399
1479
1466
1555
1611
1451
1479
1551
1439
1359
1607
1427
1563
1523
1683
1554
1463
1579
1563
1499
1401
1355
1547
1497
1574
1571
1483
1387
1599
1563
1590
1519
1659
1563
1441
1470
1429
1479
1507
1623
1543
1531
1515
1609
1553
1594
1559
1563
1449
1550
1543
1383
1597
1598
1445
1363
1638
1493
1435
1407
1562
1495
1559
1561
1490
1470
1425
1511
1607
1445
1091
1206
1518
1263
0
1771
