859
1087
911
1098
1050
1215
1063
1119
854
1047
1211
1298
811
1307
1079
1119
951
1167
1079
1234
1007
1247
939
1135
843
1279
967
1267
990
1115
1058
1175
1018
1131
907
1183
859
1123
835
1187
907
1175
863
1123
1027
1083
1023
979
959
1123
939
1171
786
1115
943
1035
919
1239
1118
1127
923
1091
922
1083
1027
1222
1035
1239
906
1275
878
1055
883
1190
951
1163
1079
1119
1079
1263
1031
1055
803
1095
942
1086
999
1031
1055
1135
950
1007
967
1111
1043
1131
955
1143
987
1043
1035
1063
1083
1143
811
1146
807
1099
863
1191
903
1231
1014
1259
991
1007
951
1047
1063
1238
983
1083
831
1179
1143
1151
1019
1223
923
1079
979
1147
991
1199
1079
1203
795
1235
1094
1167
811
1247
887
1223
1018
1115
962
1246
1003
1147
1098
1262
883
1095
863
1035
951
1115
951
1179
1035
1138
1115
1271
827
1187
983
1282
954
1050
863
1087
983
1270
803
1095
1030
1147
991
1227
875
1187
998
1227
955
1187
906
1207
954
1027
891
1127
963
1251
907
1223
1102
1223
935
1151
966
1003
974
1287
951
1315
879
1091
942
1207
982
1151
967
1087
1050
1158
907
1115
975
1219
987
1199
967
1195
943
1247
947
1159
1058
1143
883
1202
991
1083
935
1214
794
1083
959
1207
991
1239
1131
991
823
1183
907
1119
971
1171
1063
1231
799
1074
879
1050
983
1247
903
1195
947
1199
827
1246
1015
1186
867
1258
926
1143
1043
1158
922
1234
891
1147
1023
1175
931
1095
1054
1014
935
1299
891
1214
847
1319
994
1255
855
1319
987
1151
867
1131
758
1242
991
1135
983
1199
935
1079
1031
1190
955
1295
930
1167
1038
1259
959
995
1051
1055
887
1015
735
1267
1027
1195
939
1223
1019
1083
815
1071
1098
1083
843
1171
943
1158
863
1135
982
1223
979
1235
891
1199
955
1143
954
1031
1126
1243
890
1307
975
1138
1022
1059
1018
1223
1090
1087
838
1003
950
1115
959
1179
927
1191
1051
1187
967
1274
831
1170
943
1055
835
1206
994
1107
1007
1207
1026
1127
875
1099
1170
1275
967
1143
1094
1139
846
1086
1063
1111
951
1146
890
1110
879
1203
975
1167
895
1263
1006
1039
911
1158
939
1143
751
991
902
1195
831
1247
811
1123
939
1002
910
1030
1035
1147
966
1067
835
1099
923
1163
991
1183
827
1183
1127
1075
1135
1215
823
1283
847
1111
919
1235
791
1071
943
1147
1127
1195
1022
1174
903
1111
943
1343
966
1127
1039
1211
987
1191
1022
1135
943
1230
995
1170
1019
1234
919
1219
899
1175
987
1102
807
1123
1031
1019
1031
1119
894
1215
1167
1183
991
1086
899
1167
899
1251
943
1167
871
1134
1083
874
614
919
526
1022
614
1055
951
1123
919
1119
947
1251
799
867
807
975
887
819
1022
1050
911
955
907
975
1047
891
866
959
894
843
915
982
927
1003
939
863
963
943
823
850
831
899
1039
935
883
782
1003
967
995
807
867
1015
795
911
895
819
743
835
1047
959
1047
1043
935
1011
1019
871
1023
951
847
935
1107
947
966
871
1039
939
807
839
926
1063
1043
887
959
895
878
1051
895
966
1035
1015
999
1083
1002
751
823
922
923
723
943
886
863
879
919
983
963
970
847
994
990
931
943
858
1007
894
987
802
1051
995
1091
906
899
931
1051
970
863
835
1035
1023
951
763
919
855
955
902
1015
1023
986
843
870
959
803
795
951
843
947
983
919
858
887
911
899
959
947
971
967
863
907
951
951
1023
991
959
983
943
883
879
1071
923
815
814
935
1015
875
939
874
839
943
911
1063
967
959
891
875
847
954
834
899
891
1083
775
747
910
823
887
951
1011
951
943
1035
838
910
826
979
923
1091
862
971
943
959
1023
987
958
943
870
891
907
931
1002
1047
971
987
939
823
959
1047
874
1047
975
979
903
1039
863
907
963
1027
827
843
915
795
883
995
947
931
858
1091
939
991
842
874
883
843
843
983
894
947
1091
927
966
851
1043
799
999
923
731
951
839
883
935
1002
959
847
1087
1063
823
982
919
915
883
959
987
1015
887
943
891
1003
891
878
815
871
835
859
850
934
1067
975
843
979
922
959
854
930
875
1071
1067
803
867
803
923
975
931
955
879
891
847
955
831
1019
826
1083
974
895
971
1030
923
819
899
858
951
899
847
1002
975
922
911
871
1015
1007
759
822
1006
927
887
1059
935
959
931
1051
915
987
1003
875
975
890
839
982
855
982
947
719
859
1007
807
951
811
975
927
1002
907
963
886
899
898
963
863
1063
979
954
903
1103
987
847
1023
863
1111
1143
1099
963
935
855
838
887
843
838
935
1027
819
950
955
882
999
855
895
1035
947
951
803
955
807
899
815
967
918
966
915
967
1054
899
1031
1015
859
1027
1074
859
839
991
967
975
1063
835
871
907
851
1083
911
915
962
915
943
823
923
803
1059
1123
855
839
879
991
995
982
887
915
974
887
866
907
927
851
926
791
1015
867
847
851
983
963
959
926
867
903
803
943
987
946
871
1071
919
1031
751
1031
999
759
1031
999
998
958
943
931
1039
875
974
859
779
887
838
871
1015
943
955
815
826
914
895
951
894
827
882
935
1035
939
798
883
995
819
970
794
907
815
831
926
907
1835
1415
1615
367
31
1623
