968
1176
1003
1186
965
1176
914
1244
1069
1264
934
1089
982
1087
906
1262
1065
1155
955
1302
1056
1204
954
1195
882
1309
913
1124
1002
1188
1057
1219
966
1311
1019
1160
1103
1129
1128
1233
997
1170
891
1158
868
1209
1008
1144
1018
1132
1091
1208
1083
1273
1101
1252
1005
1206
1075
1078
964
1137
903
1308
1091
1293
1033
1174
1076
1175
903
1352
958
1361
1019
1185
1027
1265
1050
1114
1142
1217
956
1152
934
1297
1264
1192
969
1256
1027
1289
831
1293
1039
1110
950
1226
1045
1135
1023
1240
998
1332
1049
1043
1048
1224
941
1102
931
1267
981
1200
957
1132
857
1181
1072
1180
1083
1092
960
1079
1076
1219
1017
1225
1060
1250
1035
1318
1145
1324
1002
1137
1027
1238
1055
1272
1026
1201
1074
1205
1000
1314
999
1318
969
1167
995
1249
1109
1193
871
1264
876
1095
977
1122
1002
1046
1086
1260
822
1286
970
1250
1080
1074
1134
1216
1085
1234
1121
1209
1023
1143
949
1175
1038
1133
890
1169
1089
1312
915
1193
932
1341
965
1197
941
1153
1014
1375
1043
1176
1009
1211
933
1267
1182
1303
993
1211
1010
1192
1024
1252
1049
1213
867
1254
1090
1318
949
1194
1066
1172
957
1319
899
1214
998
1309
906
1301
1082
1221
1000
1159
1069
1013
918
1306
812
1211
1128
1234
1154
1234
1192
1334
844
1044
900
1257
914
1122
948
1257
1029
1159
976
1087
934
1224
1014
1236
835
1226
1074
1265
1034
1096
853
1263
1019
1278
1061
1304
934
1278
1097
1307
925
1149
928
1299
1038
1191
947
1158
1031
1203
981
1223
1082
1342
1003
1057
1075
1197
1143
1274
1093
1199
1129
1174
1029
1194
1018
1199
1018
1201
1001
1160
1011
1192
1074
1192
889
1329
1010
1178
1072
1220
978
1210
996
1241
1019
1189
900
1192
953
1239
1269
1168
1000
1114
1101
1223
986
1196
1056
1172
896
1198
879
1076
1204
1315
945
1432
942
1289
1120
1136
1103
1274
975
1148
994
1145
931
1253
1070
1178
1068
1067
896
1187
1051
1127
1032
1347
921
1437
1113
1253
1069
1214
1176
1178
989
1151
1075
1095
1020
1225
993
1287
964
1210
1057
1095
1086
1111
1072
1131
864
1216
1136
1283
1027
1253
1061
1110
988
1232
854
1238
963
1129
992
1249
941
1369
1038
1374
955
1132
1064
1439
934
1249
971
1145
982
1168
865
1131
1177
1246
1104
1187
900
1117
1056
1174
906
1275
932
1289
1114
1301
922
1253
1063
1189
1051
1087
1072
1152
928
1290
947
1192
1124
1216
1008
1314
965
1133
1047
1148
975
1176
1038
1258
1092
1149
1025
1102
1006
1186
909
1024
1009
1081
977
1315
990
1248
1050
1176
984
1226
856
1211
992
1254
1106
1375
1097
1117
1048
1094
1101
1363
1061
1353
953
1109
1060
1114
778
971
687
925
679
1166
1020
1255
968
1132
1016
1130
1019
960
967
1020
1140
1034
1112
999
1035
879
931
910
1041
908
977
1019
1059
1013
1063
912
974
844
901
1053
1050
986
931
824
856
933
939
984
1005
998
1036
1031
934
897
843
1002
1086
980
1075
952
974
982
981
830
911
973
970
897
927
1013
877
1004
934
892
1107
1017
963
1044
1194
963
1088
1125
1104
957
935
961
1127
1010
1033
854
1027
898
1068
1025
994
864
1003
1014
1089
880
940
1026
1046
1078
906
1030
915
800
1004
1069
861
981
935
984
934
921
1078
1028
970
873
949
990
909
855
878
850
931
1062
770
1028
959
1107
1017
1068
1036
1034
938
917
954
921
855
906
941
957
931
982
999
993
1027
1072
1079
1053
1070
959
934
1066
906
972
1030
927
945
1019
858
937
973
1047
1093
1039
938
925
933
872
871
1089
985
1035
999
992
1076
919
943
1007
950
1049
1154
858
988
983
917
943
936
980
999
904
1045
970
1101
931
981
1049
803
936
777
912
930
949
1035
1046
1006
968
993
1006
1063
980
1054
1033
982
1146
959
1018
966
1008
1021
905
860
918
1022
1079
982
919
1037
861
804
993
948
908
943
961
990
941
1065
939
905
843
1034
1012
960
986
1044
975
877
875
932
869
1058
1093
948
1005
1025
854
1081
1080
1071
1038
937
882
861
976
817
947
1016
933
1131
965
910
962
1016
906
1040
1045
1105
966
1081
1045
914
828
972
938
1009
1019
1063
1085
882
1040
1074
1024
931
976
1056
940
977
1022
1013
1014
974
874
1043
1081
837
904
927
1071
1081
1073
947
1093
1063
953
973
1085
1084
1005
1000
1126
1064
1033
997
1158
1143
861
1004
875
943
767
1116
847
1025
847
1127
1024
964
947
861
989
902
977
958
872
901
829
969
1063
939
994
1020
989
1005
946
966
1111
938
973
971
960
1090
832
1000
1038
1039
837
840
1050
1068
937
959
913
1129
881
1008
993
911
916
1110
1095
1032
1030
857
956
909
931
968
1026
830
958
975
970
984
1044
908
915
942
967
1060
824
1048
948
938
1008
952
995
951
882
1009
1039
1007
869
929
952
972
982
991
1028
1037
835
968
863
918
859
929
1036
962
885
1127
996
968
994
923
979
1000
1004
1068
828
996
1006
1070
934
984
878
914
996
996
1057
980
981
938
848
958
1037
897
1043
868
892
1032
1027
906
1032
931
1010
1082
933
976
1086
1037
961
995
862
1047
928
1051
982
912
938
905
980
980
965
1176
1019
939
1074
920
899
914
1064
1041
1057
967
1099
996
1057
1023
977
1056
1094
987
906
843
950
969
943
867
1014
1042
1029
1028
924
818
944
1112
887
963
1048
1039
875
259
77
19
12
0
385
