1767
1767
1723
1875
1695
1843
1703
2063
1599
2071
1747
1851
1659
1835
1607
1899
1719
2115
1743
2103
1515
1871
1679
2135
1687
2047
1663
2171
1623
1875
1767
2087
1659
2039
1687
2063
1651
1899
1799
1815
1683
2043
1747
1907
1627
1847
1675
1899
1679
1771
1759
2063
1767
1975
1687
2107
1779
1823
1663
1823
1667
1895
1743
1831
1787
2099
1831
2139
1691
1967
1751
2039
1703
1871
1731
2059
1759
2091
1695
2095
1735
1811
1647
2067
1611
2075
1671
2035
1679
1843
1731
2159
1683
2071
1707
2091
1671
1899
1727
2087
1691
1871
1759
1899
1691
1851
1891
1911
1595
2167
1683
1835
1607
1903
1731
2059
1755
1819
1707
1839
1623
2047
1599
2099
1667
1847
1703
2139
1743
2087
1695
1807
1755
1819
1715
1831
1539
2035
1611
1891
1731
1819
1771
2107
1643
1887
1843
1843
1663
2099
1687
1767
1695
2127
1863
1843
1795
2039
1767
1911
1759
2107
1747
1847
1735
2123
1771
1843
1663
2083
1687
1971
1615
2139
1735
1815
1883
2143
1807
2043
1719
2039
1751
1835
1699
1867
1819
1871
1631
1883
1747
1903
1775
2219
1743
2059
1815
1807
1679
1855
1763
1779
1775
1791
1699
1831
1691
1787
1619
2091
1687
2067
1731
1975
1603
1823
1811
2079
1747
1879
1675
2043
1783
2175
1735
2043
1679
1975
1631
1967
1611
1871
1643
1827
1755
2115
1747
1851
1627
2191
1755
1975
1695
1863
1727
1891
1715
1867
1663
1747
1655
1903
1663
1815
1783
2091
1795
2087
1743
2035
1719
1867
1739
2103
1759
2107
1847
1867
1763
1827
1695
1907
1691
1899
1611
1819
1671
1851
1699
2063
1759
2143
1755
1871
1667
2039
1799
1863
1727
2079
1747
1871
1871
1895
1687
1891
1671
1895
1639
2051
1639
1879
1755
2175
1579
2159
1747
1967
1843
2163
1655
2035
1819
1971
1707
2083
1807
1839
1727
2051
1739
2139
1831
2115
1711
2107
1803
2043
1711
2063
1667
2087
1651
2211
1775
2043
1779
2099
1827
2055
1683
1871
1831
2063
1863
2079
1847
2039
1783
1863
2079
1847
1799
1971
1863
1899
1727
2063
1775
2119
1827
1871
1647
1903
1615
1775
1727
2039
1831
1715
1791
1815
1639
1803
1691
2083
1719
1907
1639
1895
1663
2047
1767
2147
1735
2123
1631
1883
1763
1883
1731
1899
1811
1835
1719
2051
1843
2131
1679
1903
1807
1971
1815
1895
1663
1835
1743
2043
1667
1895
1727
1819
1711
2047
1735
2067
1807
1895
2035
2095
1831
2055
1711
1867
1739
2039
1751
2051
1851
2095
1763
1883
1699
2095
1691
1883
1687
1851
1695
1851
1779
2075
1719
1899
1707
2171
1847
2063
1783
1907
1707
2099
1707
1907
1739
2055
1731
2215
1675
2171
1775
1891
1743
2111
1799
2039
1699
1867
1799
2111
1795
2159
1715
2147
1667
2051
1699
1831
1767
2055
1815
2043
1759
2123
1727
1763
1619
1775
1775
1839
1755
2051
1583
1807
1875
2047
1579
1751
1487
1743
1439
1751
1443
2051
1727
1847
1703
1855
1715
1827
1747
1711
1683
1787
1691
1771
1647
1667
1743
1723
1799
1663
1703
1731
1639
1635
1711
1663
1695
1779
1575
1747
1643
1747
1711
1555
1639
1687
1807
1639
1671
1767
1735
1639
1711
1739
1739
1699
1747
1719
1643
1707
1711
1603
1587
1715
1683
1623
1851
1639
1623
1675
1763
1767
1743
1723
1659
1847
1759
1515
1735
1711
1755
1611
1643
1699
1707
1643
1603
1567
1595
1727
1707
1791
1779
1619
1731
1667
1787
1547
1687
1707
1707
1739
1531
1615
1547
1627
1635
1699
1671
1675
1639
1719
1839
1783
1707
1703
1711
1723
1695
1647
1707
1771
1591
1811
1727
1707
1719
1683
1603
1703
1655
1663
1903
1739
1663
1767
1807
1607
1607
1691
1831
1667
1619
1687
1747
1627
1755
1815
1755
1651
1675
1575
1787
1719
1727
1719
1783
1643
1851
1647
1687
1723
1743
1699
1731
1595
1711
1763
1815
1687
1627
1703
1827
1759
1687
1643
1763
1579
1695
1599
1679
1775
1751
1695
1643
1667
1779
1655
1659
1635
1651
1655
1735
1651
1539
1763
1719
1667
1795
1559
1663
1703
1659
1619
1731
1583
1751
1643
1679
1663
1623
1779
1667
1583
1731
1855
1767
1843
1803
1591
1635
1751
1659
1779
1831
1667
1671
1739
1775
1675
1727
1647
1615
1759
1695
1747
1727
1539
1723
1647
1819
1735
1651
1791
1747
1775
1791
1751
1839
1731
1607
1651
1635
1735
1731
1755
1607
1651
1743
1567
1683
1623
1667
1703
1631
1755
1711
1627
1683
1711
1863
1779
1711
1595
1655
1511
1759
1715
1731
1739
1719
1827
1587
1747
1839
1827
1667
1703
1755
1639
1723
1715
1651
1723
1747
1723
1679
1735
1775
1795
1635
1563
1643
1711
1771
1615
1615
1691
1671
1687
1763
1643
1739
1595
1759
1719
1639
1727
1699
1763
1663
1791
1759
1607
1599
1571
1715
1691
1647
1655
1627
1715
1531
1691
1751
1571
1655
1651
1687
1683
1739
1675
1711
1707
1599
1703
1599
1679
1743
1747
1747
1603
1687
1715
1799
1651
1743
1559
1639
1635
1683
1775
1735
1651
1535
1679
1643
1627
1667
1683
1671
1627
1711
1679
1711
1607
1643
1787
1591
1587
1639
1735
1599
1615
1515
1715
1719
1711
1743
1579
1827
1895
1787
1599
1711
1559
1723
1575
1727
1687
1663
1663
1723
1711
1571
1759
1635
1799
1647
1679
1659
1587
1627
1687
1667
1715
1739
1691
1671
1631
1731
1603
1827
1819
1743
1699
1583
1711
1695
1607
1631
1719
1651
1555
1675
1563
1739
1743
1695
1847
1799
1707
1703
1807
1731
1711
1763
1643
1731
1695
1759
1795
1631
1719
1567
1547
1731
1611
1631
1623
1779
1611
1763
1491
1659
1667
1723
1567
1823
1719
1763
1611
1651
1611
1623
1495
1703
1771
1675
1899
1795
1611
1611
1631
1575
1851
1583
1615
1639
1675
1747
1655
1691
1723
1687
1655
1535
1615
1735
1635
1703
1659
1619
1731
1703
1599
1635
1675
1755
1651
1623
1703
1787
1643
1663
1619
1747
1651
1651
1663
1847
1679
1687
1727
1615
1647
1535
1651
1463
1803
0
1983
