451
683
563
739
519
811
567
843
495
819
691
747
503
791
463
619
579
691
511
795
471
847
575
563
603
775
579
667
379
775
471
839
551
779
671
799
611
627
511
675
579
707
483
671
483
767
591
719
595
711
671
707
579
839
555
651
535
715
543
763
503
727
587
775
555
815
747
751
567
755
531
751
575
719
555
603
739
651
487
687
583
735
611
595
683
763
555
759
603
759
547
739
539
835
435
815
531
687
479
875
539
779
583
855
471
719
407
683
559
851
551
703
655
783
435
715
651
763
591
707
579
707
595
843
567
695
519
775
539
823
571
831
507
711
563
803
575
755
555
871
551
899
499
723
603
827
571
883
507
627
587
647
455
563
531
695
651
743
539
747
735
971
603
783
635
767
655
767
587
719
603
771
551
719
703
751
551
899
467
863
531
667
343
691
639
919
663
699
583
723
575
715
647
787
643
707
567
787
683
855
439
763
575
703
587
815
487
743
475
787
559
839
555
791
487
647
503
707
511
779
527
831
559
875
631
739
515
735
539
755
423
631
603
595
551
747
567
559
615
887
535
691
695
675
395
631
643
707
607
827
559
759
683
619
663
971
503
819
615
755
463
551
523
579
603
707
603
727
527
767
459
715
599
787
663
687
407
663
511
727
491
743
571
747
611
843
667
675
603
847
539
631
571
831
575
727
635
787
643
743
391
791
471
835
551
627
647
791
547
619
551
923
611
847
551
691
551
711
591
791
519
767
499
743
579
899
447
847
519
803
579
687
563
759
651
815
563
775
635
739
511
679
583
807
627
683
543
755
487
687
511
771
419
835
615
779
487
735
619
771
523
755
479
795
435
767
611
703
771
759
583
803
779
755
623
767
647
727
559
643
551
675
503
951
571
803
487
843
519
815
479
695
639
803
531
783
675
739
635
803
431
775
615
763
615
787
451
779
607
671
583
859
463
675
523
919
599
763
663
883
543
671
663
839
679
639
579
655
459
835
467
543
467
715
603
767
487
771
535
847
571
691
651
815
587
831
499
859
539
731
667
715
627
1011
667
827
551
579
615
731
575
695
647
739
699
871
759
879
507
619
695
819
451
799
487
823
439
791
703
791
551
755
459
683
647
783
611
735
531
787
691
855
435
743
551
667
539
615
167
375
403
439
243
799
535
763
427
671
491
723
595
547
535
415
535
639
567
543
631
551
543
479
723
639
503
375
535
467
583
487
451
519
523
539
699
575
511
471
471
411
555
555
687
567
627
447
567
703
483
531
647
435
527
523
643
603
579
575
503
567
535
507
511
371
643
467
383
423
483
575
583
443
547
603
547
599
683
647
587
527
523
571
619
563
439
559
643
651
515
511
643
551
543
603
571
539
671
467
503
507
551
663
619
371
507
643
555
471
619
467
739
479
539
467
443
595
527
507
435
467
595
619
463
555
555
495
371
439
579
535
723
415
607
527
527
387
563
439
699
671
487
599
519
439
459
611
591
527
615
487
491
487
491
567
679
523
511
519
659
343
683
523
527
619
563
535
599
559
511
467
555
499
591
583
455
599
639
479
507
607
595
519
511
455
591
631
599
651
451
475
535
515
659
563
471
547
555
463
559
387
527
627
727
483
643
631
547
523
519
535
587
507
547
443
527
559
503
647
583
587
475
587
631
511
603
471
515
603
499
643
531
375
719
447
691
515
735
615
583
515
571
519
675
603
503
523
559
491
471
503
523
639
511
643
419
647
651
599
599
307
503
443
519
523
579
611
447
711
539
483
603
523
571
475
611
667
563
507
571
415
475
519
523
479
599
491
503
479
551
559
683
443
643
491
511
575
487
663
643
487
475
523
523
559
655
491
647
523
495
615
511
455
383
507
543
435
595
511
611
559
431
483
459
631
559
607
515
563
603
459
495
495
683
511
583
555
631
627
487
467
511
527
551
567
667
559
519
559
687
591
535
539
639
539
515
635
451
555
579
491
511
515
667
503
551
499
475
511
719
475
419
499
563
479
463
419
579
559
631
483
567
539
359
443
591
603
675
407
523
595
555
455
607
511
555
555
575
575
551
559
643
435
507
419
431
635
503
459
479
403
527
495
611
527
587
583
563
467
547
491
643
547
571
483
383
523
459
539
563
503
471
499
475
615
435
443
451
443
483
567
495
535
539
487
363
559
611
463
691
499
535
451
511
603
447
527
511
435
571
531
611
543
567
423
579
543
603
591
515
527
643
479
559
495
631
615
539
471
607
591
535
671
579
447
567
591
663
591
519
455
571
527
575
419
503
471
511
543
471
431
387
487
559
419
527
459
475
487
571
531
531
307
399
367
499
375
607
403
531
751
79
0
483
475
