718
979
775
863
707
971
831
947
762
787
690
782
703
923
755
815
651
895
671
811
710
859
727
903
711
947
571
866
579
831
863
975
699
994
787
859
659
975
810
935
654
867
707
759
815
878
727
831
770
891
706
959
727
919
639
934
619
931
791
738
719
875
674
1003
723
914
755
935
626
823
675
899
699
839
659
999
759
855
679
899
831
919
723
823
779
1055
643
1031
606
855
683
711
683
731
819
686
754
1007
831
799
599
882
671
887
647
938
715
779
703
891
715
995
730
1003
735
1035
691
927
743
943
627
911
703
827
675
762
611
866
711
827
795
899
655
823
794
951
675
863
699
931
739
823
787
806
699
814
743
894
747
991
547
1019
674
879
631
995
699
891
543
983
799
955
631
1059
666
967
739
859
691
827
691
919
574
983
719
919
826
906
779
878
771
902
727
963
646
775
755
963
774
1027
818
827
811
971
674
955
603
986
687
855
687
855
655
971
587
979
587
899
611
807
703
1035
606
878
739
807
719
887
642
846
722
831
611
815
583
931
695
1047
799
919
615
803
675
739
803
959
759
947
759
891
755
938
802
939
671
871
455
1035
727
794
671
847
635
651
695
890
703
982
691
779
595
955
739
907
747
823
699
1027
771
851
803
1007
859
931
722
843
691
915
718
803
647
807
699
827
819
863
723
959
851
867
707
775
782
914
659
911
727
874
571
854
679
1038
579
823
667
955
754
927
631
991
863
771
659
847
631
871
779
895
663
895
694
891
687
907
751
806
743
974
835
839
610
867
579
907
611
883
739
823
827
1039
530
831
827
791
611
875
691
926
731
971
827
942
751
967
751
1062
675
899
670
923
491
879
631
906
674
890
690
831
791
939
799
959
710
883
823
935
767
839
835
899
735
787
678
962
675
875
587
942
627
843
547
967
531
950
783
819
642
951
571
891
767
963
659
915
595
827
815
863
778
999
567
787
667
886
614
959
707
887
871
983
683
871
674
743
587
843
655
899
923
995
679
807
679
831
674
811
747
855
783
979
623
855
750
1007
642
751
687
978
867
915
803
822
822
787
675
915
642
951
670
887
623
943
739
1015
687
947
655
1039
751
863
723
887
686
959
775
919
599
815
634
931
607
911
558
1007
739
1010
607
854
611
890
631
1019
706
867
694
951
723
591
403
495
399
719
455
855
883
915
867
951
631
934
679
683
603
559
611
526
851
771
751
675
683
643
654
627
763
655
623
642
703
651
655
591
747
663
742
479
687
751
731
662
631
723
919
715
719
731
642
599
699
675
675
883
582
663
595
635
590
587
559
699
759
642
667
547
799
603
707
723
690
547
603
615
651
658
635
803
679
779
779
607
691
659
595
627
571
619
651
683
691
611
799
794
799
643
947
755
695
627
631
779
635
611
670
723
567
610
615
526
763
698
687
723
627
659
807
803
758
650
599
646
691
631
775
675
683
575
763
686
751
682
695
722
575
630
675
579
759
703
794
639
759
787
707
643
707
639
583
563
683
527
587
519
607
679
786
622
659
771
687
554
667
726
595
783
607
763
707
595
603
623
559
651
667
579
587
643
615
766
579
699
543
695
775
527
735
743
591
571
671
786
791
759
647
723
610
575
687
695
787
659
658
691
743
611
695
687
659
539
715
626
651
699
651
570
567
791
707
687
803
711
627
687
715
707
758
663
806
663
766
643
731
583
659
615
651
611
675
802
670
779
775
595
723
718
747
579
779
643
607
782
839
631
783
667
663
747
494
631
755
687
695
662
626
683
670
555
662
547
611
783
799
766
722
638
698
727
727
555
755
527
735
762
683
599
434
599
579
778
731
695
695
591
667
683
779
723
519
631
655
723
855
747
651
667
783
750
687
663
751
763
579
691
571
723
719
539
815
722
771
639
822
691
779
703
534
634
510
647
550
543
731
551
711
639
775
663
778
551
583
639
635
535
615
723
738
730
834
703
626
663
603
530
551
570
706
759
759
718
635
615
663
643
835
731
743
559
775
651
739
591
726
871
695
795
523
519
802
695
811
686
687
523
622
634
547
746
575
559
603
799
675
651
623
719
739
771
623
751
699
715
791
663
683
655
671
547
747
634
579
515
835
575
674
726
659
683
607
619
803
671
907
687
763
743
919
710
851
682
662
687
663
651
747
595
547
691
655
766
583
647
730
599
811
539
755
647
779
611
682
671
719
635
679
714
523
755
798
619
767
651
706
791
710
786
727
791
771
687
695
562
607
659
670
711
819
611
646
674
643
655
599
711
671
803
679
683
615
690
731
615
675
691
671
859
683
699
695
770
799
707
631
607
667
711
659
663
727
659
778
695
723
555
591
735
647
571
655
731
1199
1235
575
875
1151
1199
