898
1121
773
883
771
937
819
996
654
977
787
882
851
986
766
919
880
1097
897
811
815
1047
750
1072
803
887
906
1127
787
963
855
1055
838
1061
815
998
847
1012
817
1035
807
914
944
1141
659
975
838
1082
847
967
713
1131
791
903
955
1059
835
1055
915
1014
857
1001
981
1059
699
1003
803
1203
863
1101
942
987
771
873
793
939
847
1099
802
1171
925
1091
750
1146
803
1029
855
1017
682
1038
702
826
763
931
845
925
781
946
897
1102
790
854
750
969
785
1022
731
1047
886
1073
954
973
774
941
819
974
873
978
905
1160
882
971
806
1103
703
977
919
958
730
1075
806
1111
903
955
914
1036
854
1109
759
927
750
1057
641
985
818
1011
791
1059
865
1087
802
1107
837
1005
862
1083
723
1012
893
1153
798
1002
783
1034
883
1042
695
959
735
943
922
866
706
869
911
1166
867
911
803
1043
783
991
837
898
746
923
837
1030
883
976
792
1083
771
971
732
1101
772
977
849
953
839
954
986
1046
714
982
635
983
889
1210
792
1061
700
1155
813
1114
773
871
784
1126
855
1015
877
1106
847
1030
831
973
807
1086
795
995
837
939
775
1041
850
1112
938
1058
822
1087
847
975
945
987
718
900
729
964
882
994
863
985
814
1204
955
955
899
1031
680
977
801
1095
746
951
835
1009
758
986
863
1014
767
1128
829
961
847
1058
867
1086
769
924
778
942
827
1007
786
978
830
1091
861
985
723
990
815
1036
896
1006
834
978
791
995
753
1149
810
1111
807
1037
873
970
799
1139
841
938
885
913
754
889
959
1007
751
907
919
1051
783
930
866
928
889
942
759
1130
849
947
809
947
926
992
739
949
793
1086
655
1015
851
986
814
942
833
969
867
894
773
1007
825
1089
743
1039
817
975
750
1043
744
1064
831
922
815
1066
801
1017
822
986
838
1102
843
1062
763
991
760
951
760
927
759
1053
911
933
950
1135
755
1039
746
1143
779
883
834
957
831
843
997
1082
831
1101
734
1155
799
1079
794
1051
719
959
767
1135
777
903
813
1189
829
1021
899
1054
858
918
922
924
687
1003
779
982
799
1033
890
1007
677
991
935
1051
845
1014
831
970
803
1004
703
966
913
998
811
975
787
1021
923
994
830
890
855
903
829
1087
835
1021
707
1087
830
1112
799
818
740
1154
883
870
875
800
883
998
715
942
767
958
857
1035
869
1096
763
1133
864
1101
794
1022
635
1066
835
1068
835
1034
863
1079
714
915
442
726
519
734
657
997
762
1013
597
977
729
1028
746
561
890
871
915
811
699
895
664
689
907
829
833
721
838
675
817
733
777
802
772
722
766
710
750
717
941
667
686
823
915
709
809
797
695
842
790
846
715
831
731
969
920
742
644
774
731
843
790
707
775
767
682
854
823
847
855
747
779
525
691
617
723
798
912
842
813
809
945
708
878
811
879
753
859
669
894
803
833
705
794
581
802
883
870
715
768
821
845
922
718
853
710
768
787
867
770
650
755
919
605
877
763
906
843
693
675
705
675
852
874
719
875
800
847
786
902
750
703
801
750
1015
727
641
854
731
817
806
775
794
812
742
753
794
743
845
718
802
843
827
910
669
726
717
753
727
755
714
797
647
854
677
781
787
847
803
675
703
845
763
854
734
919
839
815
763
913
794
641
626
807
939
631
799
690
656
841
786
778
919
617
919
771
812
733
771
846
899
702
935
793
726
781
723
871
835
736
734
825
821
753
791
784
816
861
686
907
747
837
707
700
739
797
641
820
690
838
894
886
719
722
671
797
964
790
710
767
773
807
679
726
833
705
717
841
861
811
775
810
753
893
869
922
867
793
1010
757
839
749
695
843
838
923
825
778
758
698
807
831
740
874
747
619
717
839
823
733
799
795
762
869
794
668
711
863
782
851
787
833
907
913
808
875
849
841
843
854
633
885
733
803
759
923
693
746
846
814
755
734
727
714
928
757
841
966
791
909
757
925
799
723
723
834
915
807
751
817
763
775
839
859
867
764
810
775
770
864
798
755
796
750
675
712
790
864
763
743
721
843
855
1126
993
751
853
789
907
799
595
826
615
849
859
751
817
847
807
766
778
859
725
767
803
830
674
767
781
837
835
881
799
731
915
690
693
707
745
971
894
859
706
823
837
739
753
675
887
751
841
919
711
818
755
845
757
990
854
699
718
790
822
747
750
925
759
830
757
855
726
651
822
695
918
707
667
920
779
832
847
753
776
733
903
588
809
799
715
771
703
767
787
815
753
816
937
775
755
779
845
779
751
810
585
842
739
827
791
789
749
694
939
775
665
778
667
865
598
787
737
932
736
917
863
829
738
750
765
923
923
801
726
771
710
814
793
751
857
829
617
749
851
855
909
699
842
891
894
869
826
768
793
789
743
867
774
870
833
889
822
849
845
659
690
715
823
748
734
683
813
1293
1497
925
214
666
1310
