639
823
574
719
627
638
478
758
563
503
482
663
631
659
586
719
611
759
478
602
686
835
607
691
411
635
547
751
579
867
583
739
595
682
567
763
599
803
459
747
595
894
507
731
675
719
646
806
683
739
535
739
498
790
403
751
487
735
586
882
453
706
475
775
582
659
499
851
519
835
491
877
687
735
591
787
518
723
527
851
507
695
419
783
546
666
559
731
603
847
615
747
455
751
531
891
531
783
619
667
554
582
550
770
619
854
543
683
694
711
571
775
643
739
550
795
689
799
502
855
423
690
415
750
510
743
607
831
734
731
523
806
510
835
534
739
643
731
507
735
590
671
503
802
559
743
611
767
639
698
534
827
499
667
670
703
547
675
627
827
459
807
619
775
583
682
507
830
683
607
555
730
499
734
507
815
413
863
698
782
498
827
610
707
407
771
595
765
563
835
446
895
683
831
747
671
627
747
583
611
667
767
507
750
483
771
514
747
711
907
546
803
554
811
726
843
679
702
655
778
491
737
663
811
551
747
591
894
570
703
567
851
623
662
526
806
582
775
431
954
575
703
526
675
626
627
487
789
711
723
647
606
591
619
550
795
651
795
578
703
663
742
627
659
594
551
523
790
598
806
497
679
551
774
511
863
530
631
503
801
491
814
495
623
503
663
582
691
551
826
543
651
474
675
459
799
603
662
575
699
667
851
534
883
591
835
595
791
495
910
455
887
494
707
491
639
490
727
539
703
666
715
499
603
439
731
518
719
587
715
643
707
574
787
638
694
555
759
638
795
535
770
567
855
503
783
555
791
518
743
547
749
659
619
583
686
715
742
518
781
531
711
679
723
519
798
595
767
598
699
503
935
450
719
706
879
514
710
619
671
494
755
410
711
559
843
649
723
623
851
535
763
491
734
537
819
495
825
667
631
583
659
651
754
511
738
535
683
555
706
503
755
519
683
574
851
547
873
607
763
610
711
487
803
439
722
611
763
543
815
543
683
523
862
563
855
475
707
586
737
535
647
587
851
487
579
586
930
703
719
727
867
519
847
518
783
314
727
443
706
411
811
531
643
671
791
543
735
463
867
599
827
455
750
555
839
583
606
635
815
351
786
603
867
543
787
511
699
587
734
513
863
507
722
635
819
539
551
251
539
251
487
406
703
522
737
614
611
550
746
449
503
499
579
562
539
499
359
674
483
547
654
611
374
447
586
487
445
610
550
478
503
507
559
579
539
503
515
583
591
573
614
466
587
483
655
631
475
395
417
611
495
506
594
471
539
531
534
615
331
614
591
575
455
431
555
515
645
531
611
631
519
587
491
575
399
550
454
470
419
535
573
511
425
639
439
606
547
483
603
482
635
455
509
607
595
507
575
558
567
571
527
483
459
510
499
591
445
587
523
522
603
659
553
611
523
523
523
523
523
523
523
523
523
523
523
523
523
523
523
523
523
523
523
523
523
523
523
523
523
663
475
491
486
515
523
402
411
550
543
483
446
627
611
698
647
458
539
527
511
491
523
387
431
455
631
451
439
531
443
587
390
610
531
395
547
610
595
631
543
483
458
371
431
531
423
407
569
571
703
583
346
499
579
467
395
530
559
435
538
495
490
431
527
478
579
463
478
415
451
447
603
571
431
603
531
699
575
551
575
571
618
583
475
467
467
647
527
799
487
567
579
631
462
475
506
437
466
615
439
559
323
470
707
515
383
411
443
467
523
487
655
607
583
555
491
507
607
323
347
655
638
567
395
543
529
550
531
575
523
455
463
551
447
522
563
546
591
519
487
553
519
647
597
499
667
563
455
535
574
607
639
563
555
423
431
557
423
523
450
514
611
551
566
435
479
578
379
463
427
615
399
543
450
415
554
643
455
659
455
475
503
410
479
435
387
454
538
555
543
575
458
459
535
571
571
477
594
606
455
459
447
475
547
679
395
559
587
511
527
623
439
659
498
595
531
483
443
615
510
450
387
459
547
591
507
551
595
447
435
563
679
487
775
518
495
535
437
663
607
463
471
511
591
471
579
634
475
543
511
515
519
483
525
414
451
550
727
547
403
611
535
491
431
615
351
582
455
543
730
382
611
583
475
551
622
565
587
563
467
659
387
615
511
671
491
527
415
643
479
526
539
651
511
447
443
511
523
482
499
649
323
537
559
527
491
603
506
587
541
615
509
583
411
451
463
474
463
443
699
575
571
535
595
371
686
615
595
419
539
387
327
390
578
623
555
651
599
450
598
539
431
607
403
402
371
658
369
558
474
615
607
551
567
526
647
738
522
547
483
511
431
559
451
591
467
561
498
582
551
478
475
627
507
575
591
567
495
323
274
339
295
346
510
