467
674
506
691
465
675
421
743
565
765
442
591
487
586
411
762
562
659
459
803
555
702
455
695
389
811
419
621
514
685
561
717
473
813
517
658
610
629
625
735
498
671
398
655
367
703
511
641
525
630
597
703
586
770
602
750
511
711
578
583
463
639
405
810
597
798
537
679
574
677
399
850
463
858
523
682
527
767
559
610
650
723
455
651
438
799
759
690
475
755
535
785
338
794
539
611
455
727
542
639
526
737
503
829
549
550
547
721
442
605
434
767
487
697
459
630
369
679
575
679
586
593
463
579
579
717
521
723
562
757
539
823
641
822
502
634
531
745
559
771
527
698
582
702
498
821
503
821
471
670
495
750
607
695
382
762
375
599
479
627
507
551
591
755
331
789
477
755
577
579
643
713
581
735
621
711
522
647
455
673
545
631
399
671
590
810
417
694
435
843
474
699
445
655
521
875
543
675
511
710
445
770
689
805
494
709
515
689
523
750
546
715
375
762
598
823
453
698
573
669
466
821
402
717
505
811
410
798
589
719
506
661
566
515
427
815
310
715
626
742
655
739
690
842
343
543
399
753
423
631
447
763
531
665
474
590
439
721
521
734
337
731
583
763
543
593
349
774
519
783
569
807
445
785
597
809
429
647
433
799
545
693
446
666
533
706
487
725
593
847
502
555
575
701
646
781
591
698
627
679
526
699
522
699
522
699
511
659
510
691
583
691
402
835
514
685
569
715
483
717
494
743
519
691
403
691
455
741
771
665
498
621
613
723
490
694
555
671
395
705
381
575
703
818
450
930
449
787
617
631
606
779
483
647
501
643
435
765
581
679
565
573
394
694
555
626
533
843
423
937
618
753
567
725
674
683
491
654
579
599
519
723
491
787
463
717
555
593
598
618
573
637
362
717
634
783
531
751
567
618
487
730
363
743
467
629
495
745
445
870
547
879
458
631
563
945
441
751
471
655
495
667
367
629
682
747
603
687
401
623
559
679
414
773
431
790
619
803
425
761
567
691
558
589
570
651
427
799
447
687
622
713
505
819
470
635
550
647
475
673
545
763
593
643
527
607
515
697
415
522
513
583
479
817
499
747
555
674
489
731
353
713
491
759
607
873
598
617
551
597
609
863
559
857
457
614
559
621
285
470
191
431
187
670
519
758
467
630
515
638
521
459
470
519
643
545
611
497
539
379
430
415
545
406
479
522
559
515
563
410
485
343
405
554
559
486
431
323
358
431
443
483
511
505
538
537
443
395
350
507
593
481
582
451
479
489
485
334
414
483
474
405
431
517
381
503
442
391
609
521
470
546
699
466
587
622
603
459
437
461
631
507
531
365
525
403
571
529
507
362
506
517
589
378
439
534
553
585
411
538
414
303
507
571
373
483
439
481
446
422
581
525
475
387
457
494
413
361
385
361
433
566
282
531
459
613
519
569
534
541
445
419
461
423
363
414
445
461
430
487
501
490
533
571
577
551
575
457
438
574
411
475
539
426
447
518
354
445
474
551
591
543
450
429
431
370
379
591
494
538
502
491
575
418
443
510
455
559
662
366
491
479
419
446
441
478
502
403
542
478
599
431
478
551
306
435
285
411
434
459
535
546
511
467
495
513
563
479
562
541
486
653
459
523
475
507
523
414
359
423
530
587
491
419
545
363
307
498
446
411
442
465
498
445
563
439
407
343
541
513
465
487
545
478
375
379
431
379
561
605
451
513
529
363
577
578
575
543
451
390
369
475
319
451
515
445
629
471
413
465
515
414
539
547
605
467
579
555
423
327
475
445
519
518
567
583
386
539
579
523
430
478
555
439
478
530
517
522
487
378
545
579
337
403
429
579
579
571
447
595
566
457
481
589
583
507
499
633
563
535
499
670
643
373
503
377
445
266
618
351
530
353
633
521
461
450
370
498
407
483
463
375
409
326
481
565
442
499
519
491
502
446
469
611
445
475
470
459
595
329
499
546
541
343
338
557
566
439
458
422
631
383
507
502
410
419
615
595
534
535
369
453
407
431
469
531
338
461
473
475
483
549
411
414
451
470
559
323
551
446
451
513
450
499
455
391
511
538
511
370
435
449
471
487
490
527
542
335
471
363
425
363
431
539
467
390
626
494
467
499
423
483
495
505
567
330
503
510
575
439
483
383
418
494
495
555
478
483
443
347
461
535
399
545
371
391
531
530
409
531
431
515
587
435
475
597
550
463
495
371
550
425
550
483
410
443
411
482
479
470
674
522
438
581
419
403
418
565
539
562
471
601
495
555
521
486
555
601
491
410
347
457
471
443
367
521
547
529
527
430
326
443
610
391
463
547
546
381
255
213
267
251
231
483
