411
625
471
582
447
627
254
731
331
611
474
597
327
627
282
505
307
623
251
671
479
614
486
394
401
675
275
614
409
623
438
563
499
675
474
793
395
651
510
586
501
557
499
587
381
630
459
655
417
683
539
638
487
561
406
571
366
467
414
663
293
619
418
607
483
573
459
635
495
501
463
703
573
613
469
613
394
569
294
649
423
591
499
530
439
638
370
631
362
697
491
538
346
475
443
651
371
651
367
607
330
462
365
583
362
709
537
607
269
583
491
622
478
511
530
699
547
579
579
475
471
633
317
667
435
507
362
557
447
651
417
666
493
482
393
745
439
603
265
618
502
559
327
523
623
666
445
630
479
531
334
662
442
662
390
529
426
705
331
650
351
543
419
607
406
574
351
627
387
609
427
739
430
665
462
721
475
667
427
611
361
579
371
466
361
582
359
651
289
621
547
583
519
610
397
615
506
575
503
570
358
747
355
522
371
591
291
563
458
583
383
611
279
491
355
595
445
514
419
611
315
674
450
602
383
647
451
679
434
491
359
573
435
679
299
566
450
523
327
633
355
566
519
671
457
634
381
539
385
405
367
601
391
509
239
633
477
671
439
643
374
522
381
702
353
607
423
791
375
655
413
715
419
578
495
599
367
775
399
559
423
849
539
499
306
553
363
535
427
686
507
739
405
707
249
691
290
675
363
582
287
650
351
614
183
691
419
607
475
659
311
579
383
635
486
559
407
507
382
611
415
631
461
507
335
626
343
570
495
567
279
677
418
730
403
526
271
559
503
631
539
523
453
547
439
702
363
527
450
627
483
554
519
703
419
631
315
617
403
618
414
523
411
846
257
563
610
603
495
507
577
655
597
677
351
603
407
637
445
645
450
750
311
515
363
650
421
481
411
594
473
610
287
446
365
687
547
499
367
521
425
619
443
603
267
691
542
539
411
582
466
475
375
591
519
539
463
626
434
629
367
623
391
646
347
523
398
641
347
623
401
659
319
507
426
675
542
627
495
587
371
641
435
579
531
613
321
715
315
601
309
730
471
659
385
639
527
605
383
551
295
439
481
703
274
499
441
658
414
599
571
679
437
733
447
691
255
571
434
665
335
785
423
526
495
439
447
591
435
647
551
658
537
587
407
639
467
499
175
426
105
346
277
623
361
539
494
595
314
817
407
391
466
362
443
346
337
451
362
450
283
427
326
339
471
391
418
449
411
265
315
311
389
374
399
378
357
335
411
354
281
449
391
355
427
375
422
399
310
394
393
406
427
433
314
362
423
291
567
301
543
439
479
210
553
467
247
427
282
251
421
303
433
355
379
239
318
377
374
519
343
311
339
413
423
478
405
291
291
295
411
342
311
485
419
319
414
235
286
446
310
345
354
375
494
443
379
359
339
333
465
387
454
378
262
337
355
541
366
366
366
366
366
366
366
366
366
366
366
366
366
366
366
366
366
366
366
366
366
366
366
366
366
571
401
302
401
422
389
282
309
213
379
299
359
239
441
301
441
422
325
463
510
289
355
529
419
402
379
350
515
347
311
447
413
507
501
367
454
219
362
418
195
319
381
443
371
527
383
395
467
326
425
379
390
367
445
379
225
402
479
363
343
345
403
403
359
355
338
305
395
238
414
371
415
403
451
457
503
379
438
430
387
386
263
338
439
411
387
347
327
447
277
407
438
427
494
398
335
382
471
630
338
341
479
489
317
250
318
309
446
291
529
337
293
281
487
455
439
291
354
453
353
470
327
319
393
398
451
510
351
270
331
406
423
433
207
425
221
343
319
459
451
306
379
451
679
423
378
295
486
459
347
290
221
427
387
463
339
394
350
438
406
451
351
301
411
427
367
227
423
318
413
459
331
269
307
385
459
362
439
249
498
243
306
303
311
271
383
315
274
359
410
338
415
295
438
354
475
215
465
395
325
414
258
427
494
382
399
395
369
462
454
438
399
442
325
267
419
375
367
367
458
371
303
501
415
455
395
390
455
255
355
351
330
533
423
341
494
251
341
373
302
379
349
469
485
461
475
295
335
411
375
249
395
409
193
446
274
411
469
423
494
326
379
293
357
391
367
414
367
397
422
506
219
458
437
291
463
459
323
343
518
401
390
321
458
443
463
257
390
258
363
349
359
291
415
359
311
385
367
326
335
471
263
426
463
355
459
402
465
463
430
506
353
299
351
307
441
267
331
271
338
367
410
273
362
270
398
385
426
235
503
298
407
263
370
298
509
439
294
471
383
482
315
231
407
279
311
322
370
439
343
299
423
275
425
361
370
286
483
386
261
407
403
341
439
430
401
267
401
267
533
391
415
338
285
263
357
127
371
387
255
457
