399
491
419
423
343
687
379
559
367
495
447
571
291
555
355
507
415
523
435
591
307
583
359
499
387
467
295
591
419
539
355
671
355
603
379
459
291
399
263
443
319
419
255
571
483
515
375
635
431
551
459
523
351
543
331
619
499
583
335
607
287
515
247
587
435
431
291
515
539
499
183
547
355
719
283
511
367
579
247
655
415
607
423
619
515
651
471
623
303
535
199
587
347
455
431
599
331
595
299
475
315
559
307
403
275
735
295
503
311
487
279
579
371
491
367
491
215
451
383
523
271
543
275
495
335
535
315
607
439
579
415
623
471
711
435
627
327
527
331
531
467
523
411
667
271
627
339
675
335
611
367
423
279
527
403
535
447
503
499
727
323
595
347
327
555
499
343
607
331
567
419
499
399
491
547
583
395
495
239
495
311
443
375
515
379
539
367
635
543
359
331
711
387
511
283
567
491
675
351
495
279
631
551
399
379
491
423
591
363
455
447
503
347
595
411
471
363
563
347
567
287
635
371
523
283
487
459
623
463
627
387
439
315
531
311
555
627
499
391
527
351
419
355
695
231
479
247
535
459
639
423
775
271
503
407
595
411
579
395
663
383
567
271
731
183
475
387
527
407
631
399
559
443
655
403
483
387
559
431
451
387
555
431
515
499
619
363
547
495
443
403
671
403
559
347
443
443
507
315
523
351
651
423
739
375
507
387
683
351
563
351
563
391
575
371
447
403
511
347
663
367
655
435
547
455
663
331
487
355
511
311
531
451
575
427
395
503
655
391
551
383
663
187
655
367
603
299
539
375
495
359
591
371
619
423
595
259
467
323
751
419
543
479
615
419
435
347
479
395
583
419
655
359
687
511
551
343
563
311
739
231
631
431
551
523
659
371
595
475
631
411
491
335
507
271
471
451
503
367
599
375
443
367
511
299
583
295
487
187
495
407
603
379
587
499
519
515
599
431
595
423
599
367
431
339
607
359
399
423
559
355
655
299
519
331
495
367
575
439
603
407
483
215
603
423
567
359
439
407
539
383
667
327
627
319
587
463
571
323
503
375
559
411
531
419
635
431
631
283
499
479
495
471
655
367
703
371
591
383
667
411
687
451
671
379
671
335
559
435
515
379
683
399
471
447
607
331
459
35
311
159
303
0
483
391
539
347
479
331
599
319
199
423
323
323
331
343
219
303
303
399
327
423
299
287
543
387
491
339
407
267
419
451
475
335
327
147
375
279
211
347
339
419
319
403
439
323
335
319
315
323
343
215
243
295
375
343
487
259
327
379
275
379
295
311
319
427
155
243
235
331
371
391
187
479
415
423
319
263
435
267
463
315
327
347
411
415
231
299
231
363
303
259
407
271
435
391
295
231
187
391
355
207
423
395
311
183
359
463
423
307
323
399
379
447
407
343
267
235
343
451
407
363
379
199
415
295
343
399
235
319
371
323
251
371
331
295
243
471
275
383
487
391
311
303
255
271
355
279
383
359
343
167
275
315
251
319
259
355
455
379
351
359
375
403
223
287
331
327
323
479
311
299
295
463
411
163
343
363
127
299
307
383
239
179
259
255
407
259
387
267
359
315
275
427
319
207
147
343
295
519
351
243
327
323
375
523
359
463
367
327
411
291
203
451
355
255
383
283
371
279
207
387
427
455
251
343
303
167
387
387
279
267
331
399
275
367
339
315
319
311
359
515
379
379
223
215
423
439
255
347
511
471
267
231
363
375
351
335
215
459
335
359
411
311
415
211
395
419
303
347
307
239
231
471
207
307
367
259
375
411
423
391
359
371
395
375
251
299
343
251
347
259
319
399
291
403
299
323
363
475
323
319
303
311
299
295
331
419
267
267
351
395
343
339
371
391
227
307
331
363
371
287
195
283
291
335
291
299
267
311
187
367
383
155
363
355
403
347
359
231
335
439
283
491
323
223
295
287
279
347
419
311
371
335
367
275
191
343
387
271
247
263
275
459
259
319
323
219
347
251
339
371
331
407
431
299
399
307
463
319
299
427
311
343
371
247
215
331
267
279
311
359
351
263
327
383
275
423
283
363
383
427
275
427
439
439
375
411
159
311
415
423
427
407
351
251
483
367
239
231
299
311
339
323
251
415
271
399
379
403
235
275
251
303
267
307
387
399
383
343
343
343
319
339
263
419
379
475
319
427
259
399
183
219
199
359
435
183
411
387
439
307
295
247
323
295
307
467
335
319
315
339
459
427
283
423
419
339
291
327
371
307
455
231
239
435
227
267
167
379
367
295
375
239
259
291
379
431
199
471
303
203
339
323
303
231
343
371
511
159
211
207
315
247
407
339
471
319
211
323
255
447
435
