486
655
585
810
581
726
567
751
546
639
454
719
442
711
499
765
466
699
423
711
648
799
447
607
525
793
443
779
473
839
537
687
663
842
422
695
522
728
474
727
535
766
635
662
530
635
519
818
563
799
603
675
452
837
495
646
409
699
643
722
480
630
527
731
393
839
509
690
586
655
540
695
489
689
401
650
549
709
463
739
629
848
556
657
438
682
522
686
568
677
509
686
493
857
622
645
734
753
453
814
419
678
486
735
498
823
441
725
482
663
386
554
533
656
474
663
519
539
657
834
650
643
514
765
455
630
495
875
478
759
389
698
413
727
489
764
429
563
555
787
441
820
580
797
462
903
452
736
441
626
476
750
475
834
467
630
569
847
541
769
535
715
496
779
614
597
466
616
605
815
463
754
656
701
525
605
439
725
574
793
669
509
307
716
577
671
569
725
443
637
403
844
445
785
514
843
504
768
657
731
529
665
583
662
669
617
523
773
406
674
635
598
495
663
431
835
436
639
448
687
522
675
555
814
386
832
467
764
494
679
439
714
417
662
485
734
496
595
459
861
563
830
577
656
539
699
625
736
446
825
459
721
455
757
407
786
406
746
641
803
474
742
483
839
451
683
538
605
395
566
415
791
606
764
506
659
403
643
521
761
415
789
486
725
586
767
568
715
673
843
519
782
646
783
427
766
565
656
446
803
702
539
590
618
543
710
437
763
682
660
459
844
609
771
551
675
426
906
451
748
501
622
591
743
521
683
516
779
539
695
399
701
468
590
492
918
645
755
470
743
554
665
468
791
450
638
491
746
654
660
510
721
630
723
487
636
665
667
371
824
577
632
465
728
590
713
479
829
561
814
459
771
618
748
595
581
447
685
407
658
381
786
571
747
581
774
634
799
502
811
463
891
423
753
406
875
604
699
587
799
509
730
526
835
526
782
515
770
408
606
485
614
337
680
542
675
475
791
546
639
618
707
543
698
437
735
482
679
438
781
562
882
450
790
559
601
305
700
537
701
575
729
542
723
443
613
494
755
598
690
587
749
497
763
512
706
357
775
413
646
493
654
563
673
573
647
394
702
487
745
641
677
435
590
503
834
530
703
571
795
451
759
599
702
422
699
595
790
395
831
486
697
541
729
527
768
487
638
389
406
300
410
39
756
598
721
671
698
460
751
533
454
554
475
471
511
487
570
505
567
322
453
601
566
457
551
513
555
528
549
523
492
649
626
535
502
535
401
403
465
681
480
423
330
547
518
370
504
375
490
514
306
420
539
493
486
446
534
514
426
559
565
402
542
653
391
483
442
365
474
439
525
585
415
422
430
471
598
442
486
342
506
641
350
437
567
473
548
615
364
433
620
455
527
470
407
581
375
471
437
509
635
577
408
434
553
491
482
574
539
315
402
655
496
511
490
535
595
402
389
458
402
508
407
539
546
585
423
539
503
608
399
490
536
515
361
423
602
442
314
531
367
514
579
373
629
419
570
437
476
514
279
460
431
507
541
572
580
537
565
544
505
511
609
435
485
634
497
427
339
542
463
542
546
477
562
547
534
479
358
555
439
552
409
521
560
507
487
510
549
449
441
418
592
535
419
511
603
575
511
601
446
527
454
443
427
619
478
577
557
631
423
619
510
433
352
575
461
501
394
418
528
456
398
498
591
337
601
427
400
514
458
395
452
431
467
505
499
445
670
561
457
433
415
535
371
275
470
426
463
423
612
449
414
622
581
507
503
323
457
531
500
439
593
303
419
455
437
576
574
511
420
442
471
590
435
401
586
474
365
371
351
575
449
551
450
417
579
438
543
523
433
507
522
594
603
487
404
414
555
567
532
621
374
543
423
519
531
459
375
456
464
401
391
629
495
547
456
410
380
635
577
506
583
494
553
563
479
407
542
439
465
371
577
403
506
613
468
414
582
547
535
667
553
461
490
560
499
516
449
511
613
553
457
607
374
519
492
505
521
626
451
395
383
456
518
562
413
441
449
568
497
551
373
540
544
427
528
323
461
640
638
427
517
471
462
479
407
409
453
402
456
450
345
479
532
389
493
523
375
456
382
438
471
379
484
566
419
651
534
451
531
295
474
431
399
607
483
543
488
464
525
543
573
620
423
508
512
514
635
437
623
483
623
276
518
393
593
551
438
601
297
537
582
543
421
579
496
585
547
435
404
470
522
520
493
479
461
573
586
431
506
635
476
602
570
475
619
529
374
463
507
538
454
383
477
582
463
413
498
529
459
452
455
490
519
681
365
558
571
425
405
358
430
551
323
473
467
534
431
406
382
538
573
417
508
458
470
473
347
315
443
453
349
434
553
642
354
504
327
403
533
459
665
