319
579
321
661
250
617
479
542
407
567
451
547
397
654
534
605
266
546
375
449
365
599
279
479
290
615
310
587
434
567
463
481
287
595
422
679
458
490
443
519
555
642
523
646
297
573
303
727
419
583
342
663
315
510
454
711
403
578
399
551
503
626
627
686
459
535
394
634
395
515
426
526
383
601
367
683
415
775
415
561
594
591
267
605
411
650
415
687
423
605
435
607
435
563
431
651
522
547
519
506
327
554
313
443
314
547
431
571
310
599
451
538
479
427
266
527
435
486
447
495
334
591
367
615
447
619
387
482
487
539
490
547
411
481
371
675
323
667
353
570
423
579
353
563
483
454
463
486
525
518
435
495
283
691
311
627
355
471
433
531
506
647
483
519
177
686
315
559
447
498
398
599
347
627
471
599
383
475
405
595
439
551
499
423
331
619
415
621
230
475
427
625
471
618
326
459
495
577
254
639
399
555
371
515
489
598
367
619
323
691
407
547
398
639
311
554
311
487
339
651
358
523
443
503
331
495
454
513
343
447
319
651
430
595
387
567
362
651
407
619
390
447
241
599
439
451
463
441
383
571
307
613
314
535
359
503
467
573
327
479
343
711
466
479
441
515
363
551
502
590
406
738
399
595
403
562
423
423
262
527
379
543
283
619
367
539
331
599
359
706
461
594
303
653
358
526
223
451
263
655
391
599
431
602
299
601
371
654
261
543
479
661
374
523
345
479
559
526
375
566
569
551
430
563
406
618
375
579
275
619
335
554
395
655
501
751
337
542
394
659
418
539
359
523
461
511
411
458
313
635
447
691
467
467
403
703
247
505
286
647
453
515
359
571
242
451
379
555
331
630
583
543
415
503
358
663
518
471
474
593
391
651
658
535
518
486
383
742
347
467
167
602
359
439
331
507
303
715
579
690
211
611
383
646
407
558
447
443
307
562
366
459
358
507
422
575
291
490
342
557
551
422
462
545
487
551
435
595
455
542
418
639
265
559
367
615
331
523
418
503
338
479
427
431
167
575
531
499
558
503
411
638
493
506
239
659
551
571
302
643
319
531
339
623
347
630
399
563
414
631
355
691
383
501
439
435
447
591
358
722
287
547
462
654
427
527
359
567
337
675
215
631
291
554
295
511
251
306
87
369
35
311
43
483
198
511
323
530
438
463
398
335
531
331
363
279
391
422
375
391
279
358
309
319
195
295
391
378
383
475
431
373
349
343
346
205
278
338
367
338
407
311
577
327
331
371
455
205
267
302
375
395
399
415
299
415
487
251
374
270
483
495
445
319
362
307
250
282
343
195
315
238
259
323
333
319
290
466
414
346
487
435
265
367
351
387
330
231
363
487
315
307
303
451
223
411
307
363
363
202
395
281
331
250
359
409
287
298
367
471
407
339
373
371
323
350
335
299
467
202
375
275
431
291
387
375
427
411
350
491
127
283
327
459
343
227
315
358
371
349
370
413
323
314
401
230
506
322
403
255
385
274
347
386
387
255
367
295
399
298
454
215
434
263
462
299
395
395
447
263
483
221
463
430
383
435
385
90
335
259
455
395
326
418
307
503
323
329
422
255
250
199
325
322
490
201
387
314
419
115
279
371
462
311
315
379
510
378
319
459
339
351
339
279
310
379
399
399
337
371
419
189
423
275
419
330
295
407
483
371
267
254
275
279
287
239
291
315
397
374
395
470
607
347
267
335
250
215
395
327
406
371
495
447
479
375
299
167
362
391
443
139
425
243
275
258
269
219
367
497
454
375
407
211
302
407
362
227
375
298
330
359
295
267
471
311
283
414
299
450
307
351
389
435
431
311
275
471
274
363
299
309
407
347
175
451
415
354
495
371
275
283
323
375
165
346
229
451
318
363
214
278
190
543
386
395
473
397
246
361
255
339
379
418
322
354
322
214
291
210
442
459
318
363
486
411
323
278
447
263
467
326
521
322
463
254
302
330
381
339
435
315
470
331
363
391
451
381
251
390
426
319
349
311
299
551
390
343
329
439
315
451
447
299
317
343
175
267
303
430
378
435
399
279
427
311
431
389
362
383
515
315
401
247
331
319
266
270
203
305
390
231
367
431
290
311
290
310
330
382
367
406
227
319
319
338
463
251
294
346
318
231
346
309
446
379
291
329
323
339
375
218
338
262
411
310
386
267
294
391
359
426
413
383
387
310
382
331
223
279
375
290
394
395
445
539
295
265
366
466
407
406
323
383
375
179
439
381
449
491
454
343
371
345
378
375
371
262
219
453
346
359
402
495
447
383
271
302
346
297
330
401
319
231
479
551
247
347
427
397
271
338
351
427
194
315
323
175
167
199
351
139
250
522
