327
559
387
571
527
695
539
595
327
519
691
775
287
783
559
591
427
647
555
715
483
715
419
615
319
755
447
743
463
591
531
651
495
607
383
651
335
599
311
663
383
651
339
591
503
559
499
451
435
591
411
643
259
583
411
511
395
707
591
607
399
567
395
555
503
691
519
715
383
751
351
531
359
663
427
635
551
599
555
735
507
535
279
575
415
555
475
507
535
603
419
483
443
587
523
603
431
619
463
519
511
543
559
619
287
619
283
571
339
667
375
707
487
735
467
487
427
523
539
719
463
555
311
655
623
627
495
695
399
551
455
627
459
675
559
683
271
715
567
643
283
723
363
699
487
595
435
715
483
623
571
739
359
571
339
515
427
591
427
655
511
611
591
747
303
659
459
759
431
519
343
567
459
743
271
571
499
627
471
703
351
659
467
703
435
663
379
683
431
499
367
603
439
727
383
699
579
703
411
623
443
479
447
763
431
787
355
567
411
683
451
631
443
563
523
627
379
591
451
691
463
675
447
671
415
723
423
635
535
623
359
675
467
563
411
687
263
555
435
679
467
703
607
471
299
659
383
595
447
651
535
711
275
547
355
523
459
723
379
671
423
679
303
715
491
659
347
731
395
619
519
639
395
703
371
619
503
651
403
571
531
483
411
779
367
691
323
795
463
735
331
791
463
627
343
607
231
715
467
611
459
675
407
547
511
663
431
775
399
647
519
739
435
471
531
535
363
491
211
743
503
675
415
703
495
563
299
551
579
559
319
647
419
635
343
611
455
699
447
715
371
675
431
619
423
515
603
719
367
783
451
619
495
531
491
703
563
567
307
479
427
591
439
659
403
663
527
667
443
747
307
647
419
531
319
679
471
587
483
675
503
607
355
575
647
743
443
623
571
607
319
563
539
587
427
619
363
587
355
679
451
647
367
735
475
519
391
631
415
619
227
467
375
675
311
723
287
599
415
475
383
503
511
619
439
543
311
579
399
639
471
659
303
659
607
551
611
691
291
763
327
587
395
715
271
547
419
623
603
671
495
647
379
587
419
811
443
603
515
691
463
663
495
611
415
707
475
647
495
703
399
695
375
659
459
575
283
599
507
495
507
595
367
683
643
659
467
555
375
647
371
723
419
643
347
603
559
339
87
395
0
491
87
531
427
599
395
595
423
723
275
343
283
455
363
295
499
523
383
431
387
455
515
367
339
435
371
323
391
459
403
479
419
343
439
419
299
323
307
379
515
411
359
259
479
443
471
283
343
491
271
391
375
295
219
311
515
435
523
519
411
487
495
343
499
427
323
399
587
423
443
347
515
415
283
315
399
531
523
363
427
371
355
527
375
435
519
487
475
559
479
227
295
395
399
199
419
355
339
355
391
459
439
447
323
467
467
407
411
331
487
371
463
267
527
475
567
387
371
415
527
443
339
315
515
499
427
239
395
331
435
375
495
499
455
319
343
435
279
267
427
311
423
459
395
335
363
387
367
435
423
447
443
335
383
427
427
499
467
435
459
423
359
355
547
399
295
295
411
495
351
415
355
315
419
387
539
439
435
363
355
327
431
311
375
371
555
251
223
387
303
363
427
487
431
415
511
315
383
299
447
407
567
335
447
419
435
499
467
439
419
347
367
383
407
483
523
451
467
415
299
435
523
347
523
455
455
383
515
339
383
439
503
299
323
391
279
359
471
427
407
331
567
419
471
315
347
363
319
319
459
375
423
567
399
443
323
519
279
479
403
215
427
319
359
411
475
431
331
563
535
303
459
399
395
359
435
463
495
363
419
371
479
367
355
291
351
311
339
331
403
535
451
319
455
391
435
331
403
351
547
543
275
347
275
399
451
407
435
355
359
323
431
303
495
299
563
451
371
447
507
395
295
375
327
423
375
327
475
451
403
387
343
491
483
235
295
487
403
363
539
415
435
407
527
391
463
483
351
451
371
315
459
327
459
423
191
335
483
279
427
287
443
403
475
383
435
367
375
371
439
335
543
455
423
383
583
463
323
499
339
587
619
579
439
411
327
315
363
319
315
415
503
295
431
431
355
475
331
379
515
423
431
279
431
283
375
291
443
391
443
395
443
527
375
511
491
331
503
551
335
319
467
443
451
535
303
347
387
315
559
387
391
439
391
423
299
399
279
535
599
331
315
359
475
471
459
363
387
451
363
347
383
403
327
403
267
491
343
323
327
459
435
435
403
347
383
279
419
459
419
347
551
395
507
223
507
475
235
511
471
475
427
419
407
515
351
443
335
255
363
307
347
491
419
435
291
295
395
371
427
367
303
355
411
515
415
279
359
475
299
443
271
383
291
307
403
383
535
467
591
587
567
963
