370
541
443
571
575
827
407
738
374
531
334
594
515
558
431
710
442
643
378
583
454
790
562
810
635
622
487
771
426
547
358
631
474
675
422
670
585
539
487
679
450
751
323
747
479
558
466
561
443
795
486
606
391
511
443
667
393
695
398
582
530
451
386
670
521
742
403
742
430
625
390
835
454
738
506
775
511
615
543
591
382
670
547
523
450
530
441
618
410
763
363
718
498
659
371
723
590
603
515
738
411
663
487
679
399
543
298
611
503
627
511
694
563
566
527
559
366
762
434
683
311
563
463
815
341
653
335
691
611
731
561
699
618
707
395
655
531
617
427
627
359
631
506
727
479
641
403
775
295
606
538
723
371
726
514
655
291
675
447
611
410
646
607
562
415
583
327
679
491
613
507
623
449
771
486
849
462
711
531
562
367
699
459
646
535
855
290
683
450
583
415
650
475
667
327
579
383
543
506
579
431
734
507
581
543
703
279
655
379
691
510
718
435
591
475
651
459
687
355
463
406
601
387
574
467
695
435
677
315
598
474
763
415
623
466
595
423
575
510
833
483
843
367
630
290
651
515
635
395
683
415
679
487
666
391
639
426
719
427
630
427
627
503
791
515
555
446
638
495
671
554
570
447
554
483
751
427
775
367
783
535
609
501
739
391
579
534
631
559
615
511
723
318
582
414
759
406
643
583
699
319
631
371
578
391
619
434
587
523
747
450
571
522
617
395
535
435
695
334
515
499
891
311
651
414
654
423
746
435
767
491
523
439
499
622
554
443
658
551
699
583
699
423
699
265
615
398
815
442
719
327
875
435
719
415
703
439
563
419
577
523
535
502
679
502
658
493
755
390
563
437
638
430
494
422
611
403
506
386
671
479
619
551
699
547
615
411
810
427
670
287
627
495
719
451
727
506
591
502
675
358
647
499
507
259
687
499
525
507
695
342
803
553
715
423
643
346
622
387
642
507
674
438
639
470
794
503
667
390
639
579
659
491
679
435
695
390
743
635
539
447
479
411
731
471
755
527
591
391
571
395
683
543
775
463
682
418
527
558
695
491
671
562
686
451
698
443
663
399
751
439
730
535
637
551
567
367
603
411
747
422
898
598
598
430
571
407
746
318
699
367
595
383
467
527
595
487
542
163
443
159
327
151
803
319
527
259
555
499
587
486
455
543
459
463
486
527
391
331
335
427
486
243
334
579
583
195
387
547
309
355
455
527
515
471
387
407
390
523
319
455
361
427
347
495
339
330
323
479
362
526
395
461
355
442
479
466
543
490
399
455
387
499
471
483
319
501
293
503
359
385
219
418
379
433
563
395
414
411
479
419
495
409
345
463
547
443
419
527
454
311
311
467
438
471
495
358
299
253
519
407
434
527
249
478
450
417
355
383
411
415
247
395
343
382
491
645
645
645
645
645
645
645
645
645
645
645
645
645
645
645
645
645
645
645
645
645
645
645
645
645
451
395
359
299
306
370
243
397
391
515
422
383
421
467
427
567
486
243
323
331
398
397
427
259
455
311
259
395
255
319
343
371
359
374
547
418
331
458
547
355
283
342
407
427
382
355
387
426
491
499
239
447
418
447
469
415
347
330
343
287
319
518
391
519
510
282
495
527
294
531
293
407
391
407
331
498
405
430
405
407
405
445
326
443
503
439
423
515
198
410
299
507
302
267
307
510
417
438
323
295
449
375
431
235
542
290
330
379
429
431
374
378
511
443
395
475
387
358
314
378
337
474
386
351
303
591
562
383
499
535
223
458
378
435
451
519
359
409
359
386
238
514
403
423
443
423
267
471
486
411
359
479
451
383
333
558
330
427
407
479
359
559
551
467
331
343
337
499
323
299
321
470
367
423
353
547
299
435
298
479
375
330
431
381
462
611
303
401
455
462
290
542
375
366
498
426
566
387
391
275
447
427
503
451
371
370
359
515
331
379
441
423
383
439
367
386
434
349
417
315
327
343
435
591
391
383
491
354
482
377
471
343
330
483
523
471
338
429
243
362
282
475
378
511
313
475
327
311
326
442
198
485
463
539
330
286
187
414
351
454
318
435
346
557
522
359
295
475
491
583
326
482
411
599
445
447
367
495
266
431
371
291
339
487
411
453
347
414
626
507
454
323
535
391
379
443
421
543
463
391
451
450
603
415
345
539
407
283
394
419
470
579
423
562
418
511
365
507
378
258
265
379
399
439
451
394
423
338
378
554
379
510
375
527
446
409
351
538
443
407
551
527
285
394
497
494
443
439
467
402
386
471
375
355
371
315
547
451
587
427
330
311
395
403
507
327
415
522
251
477
275
446
415
390
399
303
387
495
367
503
279
351
743
