555
747
379
595
419
727
375
679
347
707
493
762
482
774
527
613
495
775
507
735
506
686
482
655
306
538
415
695
278
733
355
743
398
571
533
714
351
557
413
618
295
647
294
511
351
759
525
651
450
686
467
647
431
711
646
631
422
611
475
603
475
715
455
681
545
714
535
746
458
663
310
623
463
687
491
706
487
671
639
789
531
787
419
838
391
631
475
699
503
651
333
726
555
699
538
727
430
623
563
811
426
747
287
671
479
539
473
611
423
519
426
595
543
763
505
611
451
638
403
643
475
583
411
527
434
631
470
643
611
639
583
682
434
683
427
871
461
667
651
607
590
607
427
678
466
667
455
695
463
798
399
615
427
615
435
711
463
583
399
558
490
606
523
647
311
627
585
811
327
674
323
699
491
755
415
626
391
638
503
678
418
691
433
743
395
590
437
655
439
675
481
805
359
614
487
669
595
583
391
755
447
622
435
678
495
779
379
713
307
543
531
651
351
587
362
647
447
703
503
651
395
623
511
807
423
642
573
635
571
527
447
703
503
663
387
571
494
599
523
735
479
643
619
631
551
535
594
562
319
675
415
579
567
619
475
739
307
650
475
777
449
678
375
663
483
619
535
647
318
611
411
731
419
651
463
747
463
535
523
639
511
695
366
578
227
702
446
739
355
571
527
607
478
599
571
761
399
631
603
682
411
659
538
766
503
695
582
654
294
571
363
671
471
619
515
507
462
611
406
770
510
679
498
623
471
507
615
646
463
679
534
635
502
582
527
787
539
762
622
695
443
611
519
659
351
631
533
841
319
639
403
707
451
615
386
579
467
662
347
670
410
539
485
643
371
671
458
803
442
539
595
759
595
530
543
779
547
647
526
606
543
642
335
737
531
701
527
842
370
475
407
577
435
767
487
651
335
695
463
623
509
727
415
570
479
774
594
627
475
641
391
659
467
734
575
638
458
683
475
650
553
613
373
534
381
595
419
534
474
635
435
662
471
557
311
731
422
637
439
642
407
642
411
687
429
555
430
803
463
531
483
683
409
577
426
655
363
545
535
631
478
645
419
707
475
650
485
655
459
642
463
715
451
499
509
673
463
743
491
715
367
583
315
775
495
635
558
622
527
591
418
599
347
583
431
579
506
490
91
466
183
311
0
715
331
547
459
759
391
543
347
446
494
427
435
415
450
455
563
487
369
391
235
474
322
259
339
415
398
359
330
363
419
434
339
486
419
515
407
255
461
331
435
474
459
537
490
419
454
367
363
635
366
483
411
270
487
423
327
419
535
475
246
475
546
455
455
395
582
411
447
365
415
338
455
423
303
467
355
531
527
539
395
451
567
374
478
279
507
431
251
453
435
370
514
331
286
375
371
439
555
395
261
369
471
579
385
327
499
434
426
394
383
359
295
362
487
235
423
470
535
442
391
311
419
415
423
327
463
391
359
358
539
427
495
423
486
515
299
387
447
551
471
563
399
471
321
370
411
431
442
415
431
362
363
410
362
471
587
459
623
379
326
478
274
350
563
426
358
374
422
341
474
327
493
447
546
282
371
478
589
407
423
447
469
535
459
326
386
522
579
403
446
383
551
567
481
331
574
302
287
394
479
463
506
466
595
442
413
447
279
359
479
439
329
387
463
567
423
431
335
413
475
423
339
347
439
323
463
399
470
442
438
479
278
342
401
330
362
363
419
359
339
374
299
549
402
363
483
495
533
455
443
531
542
491
495
423
447
435
315
281
437
419
429
447
478
394
327
367
507
323
571
382
339
391
482
291
595
426
459
491
363
423
275
347
403
326
434
443
435
383
554
391
450
427
294
555
499
431
431
399
634
533
371
486
430
467
509
393
390
411
407
551
395
471
482
415
391
303
414
449
387
427
582
377
415
333
367
499
359
355
395
375
373
487
431
454
459
483
531
407
342
385
295
451
243
382
471
451
594
386
530
451
475
555
511
367
507
527
243
343
303
327
574
395
390
378
493
475
453
267
378
347
591
519
453
234
319
579
414
442
363
406
415
347
419
291
346
383
543
335
469
558
478
327
275
334
451
411
443
446
342
479
501
434
385
398
419
443
423
507
415
379
278
419
479
459
450
349
266
455
595
603
423
371
383
391
538
473
570
331
391
535
335
379
491
330
423
411
642
346
386
519
478
437
267
375
335
451
358
393
330
449
422
343
414
347
495
339
595
475
475
511
503
394
473
431
443
419
429
363
383
406
485
610
319
459
335
307
578
187
431
349
423
503
375
311
579
535
443
339
477
442
386
395
471
358
535
390
415
406
370
414
362
399
542
302
490
435
259
395
339
366
438
403
446
501
363
310
179
358
402
639
