377
706
451
589
467
623
679
793
431
738
459
635
517
657
499
699
495
734
487
793
435
559
479
699
417
742
691
701
602
703
370
638
558
706
363
843
611
583
595
691
306
598
687
793
403
675
563
791
547
846
463
778
406
755
559
713
495
609
575
635
463
695
523
770
517
542
527
714
593
682
457
673
543
717
435
755
465
714
311
775
427
611
515
638
407
602
431
715
610
575
547
639
467
719
439
771
494
683
499
815
517
719
579
786
435
770
531
583
550
643
491
591
442
659
402
587
395
635
455
647
511
758
495
687
349
767
495
879
474
699
599
718
551
617
538
702
391
699
587
811
461
666
506
603
475
579
537
789
479
750
495
775
545
771
491
723
489
763
374
821
457
745
499
718
475
766
359
651
501
787
431
539
454
726
458
583
382
659
427
651
414
638
470
653
438
615
583
755
463
751
433
819
503
606
523
645
467
867
455
762
274
717
391
703
494
645
559
686
591
627
515
771
617
650
317
743
379
747
411
559
607
637
487
678
471
706
470
767
499
727
375
779
387
583
383
674
507
655
442
739
546
651
523
735
478
719
567
762
523
621
311
551
398
667
535
619
599
611
461
831
595
667
367
863
441
707
461
655
543
706
511
755
467
690
466
655
491
837
570
782
534
543
431
683
403
795
495
555
531
659
471
737
410
706
371
743
383
611
367
666
542
675
549
745
498
643
590
631
439
726
507
567
485
611
589
575
383
537
525
715
482
646
589
735
578
703
379
754
531
582
575
655
547
657
611
798
615
759
611
670
571
607
527
693
517
666
473
742
439
623
407
795
379
745
519
601
394
687
335
679
555
683
527
627
471
673
431
763
451
714
331
611
438
651
507
777
341
653
458
606
466
719
371
766
359
679
386
475
499
625
466
686
526
535
471
659
438
665
502
834
326
693
415
611
591
682
425
766
407
779
431
630
515
643
439
781
519
718
543
807
331
754
454
730
470
645
513
623
454
637
619
646
435
749
455
811
383
715
541
891
411
743
427
727
371
775
631
719
543
703
479
715
577
675
451
567
402
706
427
669
427
661
651
785
530
538
483
779
539
734
425
779
359
626
579
761
313
571
410
667
431
775
379
673
551
638
566
635
419
643
589
705
450
783
446
599
422
522
170
415
87
353
218
806
479
525
429
687
363
713
514
561
578
611
521
306
467
363
511
341
471
529
562
363
451
486
509
555
405
522
383
538
463
551
429
398
498
463
463
558
559
395
435
447
455
543
355
558
591
391
354
391
455
371
455
462
442
459
383
374
515
485
331
565
466
389
379
514
483
299
306
426
522
511
535
357
509
347
589
443
469
389
410
506
395
519
553
358
497
511
583
511
471
429
499
379
533
287
339
418
486
579
375
375
463
479
410
563
471
399
483
511
423
473
423
426
314
537
406
406
406
406
406
406
406
406
406
406
406
406
406
406
406
406
406
406
406
406
406
406
406
406
406
430
482
394
339
447
487
309
355
523
482
510
318
359
475
630
439
387
590
319
423
443
543
551
390
417
427
415
507
591
449
614
459
403
415
423
523
435
479
295
449
457
391
529
643
505
517
527
411
311
299
466
449
393
487
306
435
618
479
470
415
419
499
330
371
493
526
431
383
381
471
595
503
447
503
430
417
391
619
535
529
395
391
391
410
450
371
439
519
427
339
389
450
274
534
430
494
438
630
479
474
471
355
393
629
439
455
462
514
435
454
467
501
449
471
487
483
375
467
487
422
383
482
491
399
561
486
399
391
529
311
475
399
438
430
406
366
443
479
375
387
469
447
515
523
455
351
490
511
438
377
395
551
347
433
491
469
497
435
455
359
402
623
359
487
511
361
443
573
467
453
395
477
478
455
467
583
454
398
366
366
555
477
441
389
419
511
287
703
478
531
311
523
479
457
587
407
535
517
387
507
443
367
557
465
527
631
399
555
399
442
459
354
377
534
474
366
443
463
619
515
449
494
563
526
359
479
507
509
555
382
390
374
347
463
407
439
445
430
363
498
441
437
431
455
471
639
429
366
375
543
499
479
283
537
613
439
511
535
535
355
459
482
418
383
475
599
535
471
427
663
470
410
551
322
347
545
467
471
294
391
431
463
443
403
563
587
466
354
491
467
451
634
349
363
535
339
431
458
407
377
313
543
530
555
459
471
429
333
286
486
483
419
350
395
399
551
343
499
522
455
466
457
479
555
335
433
395
501
495
283
399
419
377
398
490
430
326
535
318
547
475
339
443
367
486
577
441
547
545
530
398
511
477
475
435
538
425
475
534
551
341
470
602
622
397
439
374
513
483
639
502
446
491
401
351
487
351
375
419
495
587
