357
639
439
683
359
614
303
671
463
683
363
607
411
650
486
575
311
583
343
554
270
555
331
639
458
758
335
679
331
654
415
703
483
674
398
631
254
623
257
567
363
721
463
631
267
547
506
695
507
619
374
659
483
585
403
666
321
719
382
630
299
562
495
662
450
442
511
646
375
622
386
575
439
667
371
602
371
615
411
719
495
703
319
635
443
702
367
647
515
567
447
678
357
539
502
603
622
546
290
727
495
666
322
783
277
591
367
662
343
610
409
678
527
546
375
566
451
539
359
539
427
683
371
715
215
427
394
871
403
683
351
703
467
555
430
747
291
610
387
610
413
734
334
739
347
659
331
706
262
630
537
595
423
346
554
586
331
475
274
659
243
511
259
562
427
567
494
547
451
491
446
587
299
515
507
679
411
547
439
711
471
470
303
587
199
677
362
706
299
659
566
543
427
611
467
635
227
522
231
615
371
514
402
586
303
714
234
674
419
506
355
737
278
483
559
619
374
550
343
475
439
499
291
603
382
423
495
639
371
671
195
686
378
583
399
591
351
547
447
659
398
583
267
491
299
475
454
753
447
407
503
547
570
559
562
715
415
598
379
671
319
530
351
403
315
619
355
651
299
598
567
618
282
551
439
671
382
627
415
603
531
607
339
539
350
550
411
715
345
515
466
611
453
795
515
615
471
619
291
671
371
591
403
703
362
711
326
515
338
654
375
471
447
543
323
669
255
527
326
663
438
743
498
627
215
471
479
567
314
734
354
463
431
415
450
639
381
438
295
603
325
530
402
730
393
695
459
667
483
591
254
638
347
569
359
687
335
443
435
635
475
674
459
619
399
630
519
451
555
650
550
647
355
586
398
591
543
647
499
563
329
627
326
458
355
582
463
679
435
647
519
555
407
494
541
647
443
499
215
655
343
659
474
519
327
539
383
487
395
671
515
642
430
531
546
575
395
511
371
587
471
503
298
707
443
523
483
711
318
603
254
634
351
767
447
695
395
543
299
799
407
555
482
579
327
674
526
669
347
665
325
615
471
619
407
503
343
583
511
431
459
535
443
677
571
735
474
679
343
603
410
631
358
491
287
635
419
631
550
451
319
551
279
711
390
546
459
623
431
611
469
566
455
710
454
693
403
471
71
347
167
311
77
663
350
467
339
479
426
575
438
459
419
375
450
443
305
251
343
219
499
427
147
303
323
374
402
263
478
243
389
387
409
438
395
327
287
411
399
415
371
575
363
335
314
307
503
463
571
359
507
382
367
379
359
347
394
361
407
307
426
479
543
418
402
531
394
231
439
371
422
294
371
239
223
543
338
363
351
451
467
378
395
402
409
382
434
191
459
479
391
511
427
255
395
273
339
363
359
443
454
239
335
299
491
394
431
342
447
419
359
183
447
422
422
431
390
427
427
259
323
331
467
270
494
383
351
399
338
371
371
299
411
486
511
263
359
338
263
243
219
279
287
318
375
435
347
418
407
451
475
347
367
463
391
397
403
491
263
171
431
395
347
251
391
387
351
267
470
338
407
179
443
423
267
423
295
406
383
411
443
226
439
383
451
431
427
470
318
411
538
526
387
443
467
351
341
529
419
351
531
387
449
343
414
403
319
259
438
287
395
430
507
399
358
427
431
451
358
306
321
362
458
459
414
383
439
243
319
423
263
375
218
443
395
279
463
343
458
342
463
463
462
183
355
302
515
205
387
390
399
421
534
378
363
443
490
379
515
370
303
315
283
327
411
451
433
350
318
381
378
423
267
403
227
395
395
377
431
415
482
522
494
291
339
478
263
394
527
338
339
469
403
455
226
331
395
483
279
307
543
474
455
306
455
355
331
459
487
203
403
455
275
291
431
358
507
526
330
407
454
366
375
307
322
441
495
262
359
343
431
286
291
467
438
387
418
137
379
287
327
358
225
322
342
303
459
270
519
307
409
335
339
295
271
422
359
291
295
294
299
323
363
299
479
391
378
223
291
547
515
331
358
269
367
302
463
375
463
415
475
386
303
534
503
506
343
422
466
319
266
499
310
431
310
229
314
379
454
399
371
283
363
342
434
371
429
475
275
323
249
299
371
391
367
371
397
386
399
387
487
403
355
479
234
387
399
267
487
291
474
383
467
315
399
335
339
471
186
283
350
271
322
286
431
347
387
307
398
399
423
315
387
315
431
426
366
290
331
354
330
586
343
379
247
467
383
415
358
427
239
219
211
431
278
323
322
287
359
527
447
415
443
455
398
371
419
323
447
467
442
367
382
423
443
255
362
275
403
307
299
382
383
339
414
326
386
287
363
471
267
247
378
415
343
455
430
251
347
322
371
399
406
497
