446
610
420
599
399
571
276
573
338
515
350
557
379
605
434
573
462
528
374
622
405
599
434
595
349
432
362
511
514
543
385
675
346
643
422
448
527
570
490
555
425
469
414
657
299
542
537
787
437
591
371
423
439
696
339
489
345
579
351
707
291
506
332
618
319
631
425
587
456
679
461
528
451
495
395
719
377
615
435
591
351
610
455
645
352
556
348
651
321
579
402
643
375
497
421
465
423
575
436
509
382
537
394
642
394
594
340
491
471
467
499
459
409
603
407
443
396
645
289
578
431
599
369
662
315
636
303
649
299
535
522
495
285
580
423
479
485
702
431
576
391
521
469
596
396
578
514
454
451
525
389
539
362
602
273
556
314
506
398
643
376
669
501
552
510
647
440
594
393
465
541
555
294
655
343
347
377
474
355
555
360
745
389
655
385
366
381
560
359
478
451
470
343
694
372
544
583
518
501
599
377
582
303
575
482
526
373
605
400
651
347
539
343
515
435
717
311
583
459
515
394
472
483
689
343
592
490
520
515
511
336
674
410
576
399
585
332
639
465
729
403
599
417
709
325
613
387
515
322
475
328
564
412
505
308
713
403
656
520
650
415
516
288
490
427
583
488
598
397
673
494
734
306
658
473
623
429
583
355
784
372
597
295
460
347
513
370
581
561
601
405
633
312
506
377
648
350
355
398
575
436
491
397
531
393
566
335
618
315
594
367
439
402
443
387
513
383
530
191
570
499
626
335
586
458
493
392
486
482
544
345
489
416
518
456
607
573
570
288
713
490
622
361
637
355
531
593
598
551
634
305
687
420
527
471
589
365
603
428
544
507
549
395
411
342
564
422
531
318
555
409
518
431
555
292
629
396
484
394
615
336
545
482
675
561
615
398
670
498
588
327
648
374
622
472
623
279
708
299
641
423
723
406
535
355
666
521
499
315
553
385
596
351
652
367
608
412
705
422
641
379
485
557
537
522
647
428
700
442
530
455
623
466
445
371
579
450
563
530
586
420
583
322
641
430
515
397
659
520
617
335
561
427
625
457
612
362
416
458
659
413
659
391
554
422
663
323
520
423
592
518
646
396
559
334
518
413
663
451
609
526
508
311
658
346
700
352
523
290
558
550
529
253
619
371
606
347
414
106
311
0
293
101
540
437
416
461
573
500
616
312
414
400
431
325
435
385
275
279
318
257
456
363
333
293
347
322
367
580
393
473
311
420
219
255
373
486
347
258
336
439
331
391
354
449
406
527
356
388
271
284
291
459
274
355
380
413
238
414
402
329
353
262
331
414
328
226
316
323
376
352
433
322
435
401
402
335
338
463
294
331
349
280
334
317
241
371
339
319
430
286
463
357
375
451
198
333
359
319
255
374
231
379
389
341
294
417
345
460
334
283
368
407
500
320
176
386
329
459
311
250
391
260
322
342
428
360
333
448
361
420
192
491
451
295
397
371
348
309
372
505
383
356
337
505
291
380
371
359
438
414
296
463
298
385
340
368
418
313
190
414
403
199
291
277
289
311
460
489
374
309
387
402
475
470
315
492
427
379
403
350
353
459
274
564
270
349
404
322
347
342
313
404
212
356
269
340
288
293
376
469
335
334
381
458
369
266
355
388
457
286
347
352
369
407
431
507
314
277
427
427
407
255
454
343
361
270
194
283
335
240
389
395
384
415
447
332
438
365
449
307
341
506
335
382
238
353
252
410
393
345
308
417
486
333
613
379
305
352
303
193
341
322
279
291
378
306
398
401
439
467
233
428
365
405
271
459
363
283
440
319
284
426
300
391
358
359
222
262
274
364
279
331
431
389
268
333
363
270
330
316
378
349
354
359
347
359
264
363
353
348
339
341
375
331
280
470
466
268
399
385
339
514
374
279
365
309
193
354
320
218
314
395
417
391
346
332
274
392
331
400
451
418
254
354
265
372
369
347
345
363
436
323
459
386
368
267
345
415
419
463
385
433
205
335
445
474
384
364
315
351
369
487
334
500
383
273
385
333
269
376
319
460
363
362
411
355
278
373
266
393
266
286
324
356
495
301
275
303
323
413
295
331
281
338
323
362
340
527
402
409
489
419
355
386
343
357
387
361
267
535
211
350
222
531
391
378
363
348
327
302
447
317
453
356
357
304
324
380
380
366
398
277
311
361
411
468
315
477
380
459
222
407
366
279
387
251
373
299
300
401
323
235
338
333
260
371
303
321
302
478
219
514
266
349
389
355
282
344
276
303
379
289
246
363
286
355
343
363
315
334
363
435
286
457
552
329
469
366
134
379
485
195
323
325
346
220
367
413
229
170
383
286
286
462
305
401
340
353
272
407
392
395
689
