531
663
371
575
395
639
395
519
355
675
459
679
411
727
367
711
347
543
351
695
399
623
531
767
447
707
559
819
455
659
379
775
475
803
635
695
507
735
487
623
455
535
515
715
403
691
367
795
383
483
443
611
351
687
535
603
523
631
519
683
495
743
531
679
483
735
363
663
531
699
323
671
523
779
539
643
443
719
459
647
447
627
379
595
499
635
395
747
503
679
455
687
475
651
491
683
391
715
507
807
367
647
579
691
499
551
511
719
563
711
387
743
443
635
595
771
443
579
443
731
415
711
479
703
503
635
363
659
455
695
487
699
503
763
451
603
611
607
403
631
443
691
531
711
499
675
551
819
435
695
407
771
419
591
427
599
571
655
471
683
367
707
627
679
471
663
383
747
431
675
543
659
539
591
515
719
463
759
567
523
523
915
467
655
555
647
603
547
455
779
487
735
475
595
635
771
391
839
495
675
479
507
503
767
459
571
415
731
383
643
491
635
343
719
315
607
467
615
491
607
455
619
535
771
479
723
547
783
467
779
347
679
351
555
399
895
603
719
487
779
535
659
455
683
511
679
547
635
487
679
351
579
415
631
651
635
455
643
467
731
527
743
379
675
499
619
535
619
631
627
523
755
523
671
419
755
395
607
487
627
483
599
471
651
531
599
439
647
427
511
515
647
523
723
391
647
351
647
455
683
483
683
511
683
495
595
555
667
519
639
539
539
347
651
359
739
335
503
567
667
495
575
467
675
567
695
367
659
451
595
455
739
523
715
395
551
335
599
499
811
595
567
335
771
351
647
403
527
331
547
355
771
619
703
503
571
471
631
523
559
411
691
403
743
351
671
511
739
607
663
587
607
527
799
435
627
371
619
419
567
547
623
523
675
591
767
379
791
387
599
583
603
499
439
327
567
471
799
419
847
359
595
407
699
615
711
523
723
423
707
459
619
383
631
491
731
443
543
283
719
475
687
367
635
303
655
435
715
427
759
347
699
435
623
479
631
331
703
507
655
643
671
451
555
611
755
427
695
603
655
335
691
543
699
299
707
395
623
507
803
451
779
451
587
371
671
527
587
515
595
455
583
503
631
591
755
647
699
539
603
483
659
455
627
507
555
359
611
623
663
447
667
463
675
371
691
615
471
0
395
219
355
191
643
471
683
395
563
291
607
407
275
511
551
475
371
495
495
439
363
591
515
315
563
251
371
547
423
387
551
507
403
451
355
455
323
527
543
483
307
431
455
387
371
483
475
499
435
519
463
463
511
499
423
371
491
531
483
423
399
463
495
411
455
515
559
459
387
359
311
367
391
311
439
487
435
567
387
527
423
467
387
355
375
543
335
435
511
495
427
551
307
487
343
407
523
315
363
387
399
503
463
399
403
559
351
399
335
535
371
519
447
407
443
391
503
387
207
471
479
443
371
611
255
607
327
471
295
583
479
575
435
459
351
443
435
343
403
415
479
319
475
611
359
343
511
351
379
555
343
367
539
475
511
395
331
499
379
551
495
479
315
551
511
487
487
443
371
419
643
435
323
479
475
371
339
343
363
451
443
407
543
423
339
495
343
271
411
355
451
479
491
555
491
431
335
295
363
295
503
455
503
471
371
471
319
423
519
439
483
479
439
531
415
307
255
591
495
399
527
507
339
431
447
511
363
379
351
391
371
503
331
615
355
223
223
375
319
443
579
443
335
407
447
335
387
375
447
491
431
527
535
431
411
507
439
559
423
547
267
623
323
363
427
359
399
395
423
607
323
443
339
623
459
547
555
335
375
435
395
431
463
407
287
451
519
339
371
423
503
327
371
363
499
403
547
379
311
563
523
331
519
391
431
415
523
487
503
575
323
455
255
507
331
463
367
455
475
407
335
463
303
315
479
515
539
315
511
507
507
419
435
619
383
439
387
619
479
487
291
475
323
511
359
483
499
551
435
467
479
431
443
531
567
459
303
463
431
223
415
647
311
339
551
459
463
547
427
443
307
403
355
431
323
427
411
495
431
571
379
591
419
371
323
291
303
479
383
523
331
395
403
563
391
603
443
511
595
451
443
379
535
595
407
423
495
435
411
551
419
515
451
451
511
507
379
423
411
451
527
423
479
439
451
491
471
443
543
619
351
523
407
423
407
555
475
323
351
527
283
447
439
391
403
635
571
403
379
483
571
443
471
343
407
423
415
359
447
395
463
515
511
483
339
451
451
463
275
451
471
455
351
403
359
511
219
459
467
311
459
439
439
371
535
323
419
459
395
399
411
451
403
431
487
495
427
283
383
587
471
463
391
383
595
427
455
551
435
559
463
359
395
395
351
475
371
327
495
655
515
631
575
551
895
