323
554
435
613
395
685
440
723
367
700
562
626
371
665
339
495
453
563
387
668
346
719
449
438
474
648
460
542
254
653
348
715
427
651
547
675
485
499
387
547
455
587
359
547
357
648
462
593
469
583
547
581
453
715
427
525
407
595
421
639
379
604
459
646
432
690
626
623
444
627
409
625
449
597
430
477
615
526
359
561
457
607
492
465
559
635
431
631
478
636
425
619
414
708
311
695
408
562
357
750
418
651
464
728
351
591
283
559
435
727
424
574
530
657
310
590
521
634
469
583
451
582
469
716
447
575
394
649
415
698
444
705
382
585
437
675
448
630
429
739
427
777
376
600
475
702
446
763
383
503
459
520
335
439
407
572
526
620
411
623
607
851
477
659
508
635
531
635
461
587
479
645
427
592
580
619
424
774
339
738
410
540
221
565
520
793
537
576
458
600
451
591
530
658
515
591
438
659
560
729
318
643
447
578
465
687
364
619
356
661
432
717
431
667
359
524
378
582
392
655
407
707
434
749
507
617
390
607
420
627
299
514
479
470
427
619
443
429
488
762
409
565
571
551
267
507
518
582
484
703
434
636
557
494
541
842
385
695
490
630
339
429
398
455
479
584
482
599
403
643
334
589
475
661
539
558
287
538
387
603
372
617
447
622
488
723
543
555
474
723
420
508
447
707
451
607
518
664
519
615
267
666
349
709
427
503
528
665
420
501
425
802
485
720
426
565
429
586
465
667
396
641
378
618
451
771
323
720
399
681
450
562
438
631
527
689
440
647
509
614
387
554
461
689
507
559
419
628
363
563
392
648
301
712
494
659
368
615
496
648
406
631
351
673
317
641
487
575
643
633
455
678
653
635
506
641
523
603
433
519
429
549
375
826
447
678
366
720
394
688
354
570
514
681
409
657
554
620
511
679
303
654
489
631
497
663
325
653
482
549
464
733
339
550
399
799
474
636
538
757
423
547
545
712
557
514
456
531
338
710
341
420
343
591
479
635
364
651
413
721
450
566
531
689
462
711
376
730
419
605
547
591
504
886
543
700
428
456
492
606
447
570
521
619
575
745
636
751
385
495
567
693
330
674
362
700
315
666
586
667
427
628
341
560
530
659
490
610
409
663
566
727
318
613
425
543
416
491
35
251
277
313
121
674
415
643
303
543
370
598
467
422
409
290
413
512
439
419
506
426
420
358
601
511
378
249
415
345
461
368
329
398
400
413
574
447
384
350
345
287
435
437
562
444
505
323
441
583
366
413
523
310
399
400
516
483
455
447
379
445
411
380
389
248
519
343
266
304
363
451
459
317
427
481
422
473
556
525
460
397
402
450
497
438
319
436
515
530
398
389
517
426
420
475
446
416
546
342
380
386
426
538
491
247
383
516
431
347
501
347
613
355
417
343
320
475
406
385
314
347
471
492
338
434
431
372
246
315
454
412
598
289
482
403
402
262
440
317
575
543
362
475
393
317
333
489
470
402
494
362
369
367
369
447
558
401
386
393
535
219
559
395
404
495
440
414
474
434
387
348
436
373
468
457
327
478
523
358
382
490
471
395
392
329
465
506
472
533
331
355
413
392
534
441
350
427
434
341
435
263
404
509
603
357
517
505
423
401
395
411
465
386
423
321
403
434
385
522
457
465
351
459
507
388
478
346
397
479
374
519
406
255
600
319
567
390
613
493
458
398
447
396
552
481
379
397
433
368
346
379
404
513
384
522
298
522
527
480
475
183
379
321
393
403
462
485
327
579
417
362
479
400
452
350
486
542
439
383
450
289
354
395
400
356
475
365
382
356
432
437
562
322
524
371
393
451
364
538
520
363
356
398
401
435
534
365
522
399
375
497
387
330
261
386
416
313
468
385
486
435
309
364
339
504
432
483
387
436
480
340
372
369
557
389
464
430
507
500
362
345
389
405
427
448
544
431
397
436
567
466
407
413
522
418
392
513
331
438
454
370
388
392
540
377
424
375
348
390
594
351
298
378
441
347
339
295
455
432
507
363
443
414
238
322
467
478
550
282
406
469
434
333
482
387
435
427
450
450
428
435
523
310
383
295
308
511
376
335
355
276
409
367
487
403
464
460
439
343
422
367
523
426
445
358
261
402
340
405
439
377
343
374
353
491
313
319
330
321
361
439
372
411
415
360
244
432
493
338
571
377
414
333
388
478
327
402
387
315
445
409
489
415
442
298
456
419
479
469
392
409
516
355
434
373
509
495
415
346
487
467
411
547
462
326
441
466
539
473
395
334
444
407
452
295
377
347
384
426
350
309
263
364
440
291
406
330
351
365
447
409
413
181
275
243
376
251
483
275
372
365
302
268
393
611
