357
429
323
746
467
601
461
562
482
677
474
567
439
745
459
669
313
634
439
611
515
657
453
751
497
623
502
667
403
590
386
843
547
537
395
573
413
571
426
665
439
683
565
555
435
665
395
559
465
531
431
753
425
567
391
711
501
589
482
578
423
597
510
726
425
811
514
553
561
579
609
661
511
535
501
747
431
651
527
639
455
595
523
651
427
514
441
560
451
631
442
702
306
570
443
654
467
541
390
639
462
626
387
601
431
627
255
731
439
614
377
594
475
731
483
686
535
593
331
645
570
454
482
727
439
673
333
669
538
754
447
575
435
738
335
786
543
634
399
497
325
642
294
789
554
591
417
714
575
597
515
526
413
570
431
739
514
598
355
651
387
707
385
553
407
578
478
623
591
761
403
674
435
619
383
563
399
596
445
627
537
643
489
631
510
559
399
709
465
585
426
497
543
579
522
647
505
619
387
590
561
614
467
727
486
815
502
698
486
575
495
626
375
553
477
522
487
621
531
474
273
513
569
630
459
642
439
635
366
762
361
619
267
575
493
730
471
599
425
583
587
663
414
779
395
678
343
622
470
575
474
554
439
695
430
567
501
614
519
662
559
749
605
615
443
623
562
585
439
627
397
625
391
677
519
479
495
678
459
755
439
586
515
690
445
715
351
743
391
763
486
699
558
551
493
585
323
607
407
623
355
641
411
638
378
743
383
689
531
622
389
709
447
685
435
507
443
586
395
631
427
738
479
618
427
549
431
571
453
662
466
523
435
619
583
639
331
713
422
766
539
614
474
667
386
647
531
593
595
665
487
662
463
537
395
670
442
633
443
745
431
623
526
783
531
703
343
642
394
459
523
651
403
737
433
630
443
491
399
681
306
727
567
563
603
737
494
725
379
662
505
682
346
547
363
727
275
673
523
806
503
662
435
533
483
698
471
654
423
805
443
715
379
563
445
679
470
773
375
694
479
451
465
651
359
637
582
787
411
583
539
613
574
705
461
590
482
690
518
717
334
573
526
563
511
633
443
822
558
689
514
541
401
658
403
646
385
557
475
574
503
642
519
643
531
523
435
703
443
707
407
771
487
734
354
838
395
526
459
701
535
750
479
479
473
655
419
515
495
749
466
693
435
622
463
558
382
511
249
269
149
243
351
622
458
618
382
541
407
626
550
361
398
539
363
301
455
398
277
435
311
375
387
461
451
395
439
454
533
433
538
391
454
259
363
363
375
439
447
593
429
441
521
259
321
483
461
347
526
285
417
403
595
439
343
311
342
406
437
607
335
515
447
407
498
350
311
426
485
431
495
462
439
445
451
473
435
237
487
423
343
474
339
309
423
537
315
343
379
334
379
211
531
382
339
535
346
426
233
423
345
437
393
383
459
427
323
355
478
407
349
538
382
313
459
387
546
398
507
535
371
379
462
406
661
386
394
507
322
347
371
544
331
458
387
293
439
390
405
431
447
375
463
545
395
351
383
435
389
371
461
430
401
455
395
474
398
359
441
343
529
545
421
450
315
363
363
430
377
419
435
474
483
494
303
409
487
443
435
371
502
270
510
305
365
491
399
457
267
229
447
383
342
401
417
310
462
303
495
398
345
419
433
351
475
425
495
507
450
483
405
390
458
385
439
288
391
417
410
483
526
417
491
431
315
510
489
365
279
355
414
354
469
325
378
373
495
430
311
475
375
367
454
346
375
423
442
330
435
279
611
409
518
517
447
459
438
434
327
426
398
350
442
443
342
373
266
391
655
417
390
374
381
406
303
346
435
461
369
379
471
554
495
427
298
345
401
442
514
487
475
487
339
341
619
513
521
371
431
358
533
479
442
543
435
418
462
533
431
547
522
451
438
407
391
261
475
435
322
339
341
255
355
475
367
423
435
363
365
339
478
261
558
391
506
415
382
361
574
515
351
359
367
518
290
419
425
394
487
555
309
418
494
311
383
566
511
387
423
302
623
459
386
411
437
433
373
421
314
511
273
387
487
411
527
446
550
450
485
459
366
277
455
317
450
427
319
383
495
287
389
446
435
395
447
333
483
299
415
479
462
543
338
474
438
419
379
427
457
438
445
534
455
495
403
393
315
403
414
373
486
474
411
498
474
391
571
379
441
467
331
439
330
427
282
479
455
491
341
485
278
389
363
391
522
381
418
438
486
391
439
349
385
427
283
369
415
491
323
303
327
381
267
366
466
427
430
499
483
242
179
429
478
499
394
434
426
437
386
335
427
379
358
459
369
455
431
385
471
319
291
379
347
327
509
243
339
458
531
443
475
383
421
491
409
478
415
319
359
441
555
135
515
457
421
545
338
291
333
479
369
523
362
602
