319
575
375
465
309
571
431
551
355
389
287
378
310
526
358
419
251
502
275
411
311
463
334
507
307
547
179
467
186
439
463
575
306
587
395
459
253
577
403
535
251
467
307
358
417
473
333
431
373
487
307
559
334
515
241
531
226
531
391
334
327
471
275
603
325
507
355
539
233
423
277
507
302
439
259
601
362
458
281
499
431
519
325
426
382
651
250
634
210
459
290
319
283
334
419
286
355
610
435
403
201
483
274
489
247
537
323
387
303
491
315
595
326
599
331
635
289
531
345
539
227
513
311
434
275
359
213
457
311
427
403
495
263
426
390
557
275
459
303
527
342
426
387
411
299
410
350
490
351
593
143
615
271
479
238
603
307
485
146
585
406
551
225
658
267
570
346
463
293
430
295
523
171
583
321
521
423
507
382
474
374
502
335
567
243
383
357
559
378
634
415
427
415
567
275
557
206
585
294
463
295
459
262
573
187
587
195
502
214
407
303
635
211
477
343
415
323
490
242
443
319
427
207
417
183
535
297
643
403
521
219
406
278
347
407
559
361
547
366
499
353
537
399
543
279
479
58
638
335
391
273
450
235
257
303
479
310
578
291
382
195
558
347
515
350
431
307
629
375
454
401
603
461
531
319
445
299
521
323
406
249
406
302
431
419
471
319
561
462
469
315
373
379
515
263
509
331
475
179
459
275
631
183
426
267
547
347
529
231
594
465
374
266
455
235
467
387
499
263
499
290
494
290
513
357
399
343
575
445
443
207
463
178
514
213
490
341
419
423
642
129
434
430
398
217
475
293
530
331
574
427
535
353
563
358
663
278
501
267
514
94
487
237
507
279
491
283
431
391
530
399
559
302
474
426
535
370
439
431
495
339
394
275
559
277
478
187
535
231
447
147
567
138
547
385
427
242
546
170
491
370
566
263
523
197
430
417
463
379
597
163
390
270
483
211
562
310
494
473
586
283
467
274
346
187
439
255
502
526
591
282
411
279
431
271
418
357
459
386
583
219
459
349
609
246
358
287
575
471
517
403
426
415
395
281
519
239
551
267
487
231
550
343
611
286
551
259
642
354
467
323
487
279
562
383
522
203
411
235
535
211
515
155
610
341
607
211
447
213
494
234
621
310
473
291
547
330
186
6
103
0
326
58
463
483
521
470
555
229
535
281
287
206
159
219
131
459
379
355
277
287
243
258
225
367
255
222
239
303
257
257
194
350
263
343
83
287
351
335
258
233
330
522
315
323
335
243
203
301
279
278
483
175
263
195
242
191
187
163
299
362
243
270
150
401
199
307
325
291
147
207
223
254
259
237
403
277
381
381
209
295
267
197
231
171
223
254
287
294
217
403
391
407
242
549
363
298
231
235
383
231
218
271
330
169
207
215
122
367
299
287
327
231
257
410
403
355
247
202
246
291
231
375
275
289
174
367
283
359
275
297
319
175
227
279
181
367
311
393
243
362
390
309
243
309
241
183
163
283
127
194
119
202
285
383
219
262
374
291
151
271
327
197
387
215
365
310
195
206
222
163
259
267
175
191
243
218
363
179
295
143
299
378
129
337
338
199
169
277
382
394
355
249
323
206
181
295
297
391
267
250
295
346
211
299
290
263
139
319
225
254
307
255
167
170
387
310
282
411
314
229
295
322
314
353
266
403
259
362
243
337
191
263
217
257
215
275
394
266
381
378
198
323
313
351
186
383
246
210
378
442
238
383
263
263
355
91
238
359
287
303
266
219
283
271
149
254
147
211
379
402
367
323
235
295
335
327
166
353
130
335
355
291
207
27
202
187
381
334
302
297
194
275
283
386
323
127
231
255
323
462
342
258
267
391
351
289
266
351
363
181
295
171
327
319
146
418
318
374
242
425
291
387
303
137
231
115
251
143
151
339
154
313
239
375
271
379
151
187
235
237
143
217
327
341
329
431
307
222
266
205
127
151
167
303
366
361
315
243
211
265
245
438
331
343
163
378
255
343
191
323
469
303
398
129
119
402
295
419
291
291
125
223
231
153
343
182
159
205
406
279
251
227
323
334
367
230
347
307
318
399
266
287
255
275
150
347
227
179
122
438
179
266
325
262
289
213
219
403
274
499
287
367
351
522
307
459
278
259
285
266
259
355
195
147
295
259
371
179
251
327
203
419
139
357
249
382
214
283
271
323
238
279
315
126
355
395
214
367
259
303
394
302
383
331
395
371
287
298
163
215
263
270
319
426
207
243
267
239
259
202
311
274
411
281
279
215
283
338
218
275
290
271
463
290
299
295
371
402
315
231
207
274
306
266
266
330
261
371
291
330
155
194
339
242
173
255
334
469
311
325
410
379
539
