391
559
263
675
511
627
206
447
219
535
407
435
294
599
166
499
331
562
334
441
187
650
255
375
286
562
459
654
255
547
363
519
299
607
327
603
139
502
359
563
171
543
279
547
367
514
359
610
295
627
203
479
342
595
386
514
391
571
202
535
394
447
306
563
291
658
271
603
319
507
394
471
378
475
386
487
359
602
319
483
451
551
387
487
350
467
399
347
259
411
315
450
363
478
418
499
327
639
206
658
367
491
323
467
315
651
347
375
251
414
190
415
283
495
323
439
270
367
327
503
322
515
310
582
227
455
291
458
295
475
195
475
246
607
313
439
291
555
291
474
319
539
263
619
259
527
267
479
406
407
259
514
426
435
335
597
403
591
359
450
239
511
366
483
279
522
307
491
207
507
242
507
347
511
335
659
319
419
411
410
279
535
282
467
454
430
363
453
387
455
242
611
274
611
195
626
227
550
206
502
167
579
387
519
315
446
290
491
323
531
263
503
335
507
239
450
343
514
211
603
422
511
366
431
299
503
311
554
311
715
219
462
403
503
355
621
287
431
359
483
279
507
311
378
319
386
470
447
299
330
290
355
325
451
347
439
407
582
323
519
371
531
411
483
207
642
267
538
343
535
255
499
343
531
423
627
211
631
250
471
259
479
227
571
307
566
463
587
325
427
410
383
451
611
311
415
294
607
390
583
207
427
266
455
319
603
203
471
398
417
255
527
355
486
294
602
222
327
287
538
243
554
275
515
455
467
379
587
275
627
374
523
430
683
387
467
147
499
398
507
335
427
471
391
303
571
314
458
390
487
303
519
303
646
335
631
427
471
339
587
395
371
407
482
387
435
382
478
375
647
263
590
343
547
507
450
202
526
491
527
342
447
407
505
311
566
367
547
331
567
318
487
395
535
299
567
234
455
426
578
371
591
186
523
301
574
571
575
238
519
385
550
331
591
391
547
383
471
315
502
227
443
358
335
395
653
215
495
303
523
251
506
395
451
470
691
405
439
247
483
239
523
287
531
266
622
375
395
227
451
483
603
395
670
211
415
223
570
213
394
290
431
409
531
419
499
347
551
418
635
335
571
371
475
195
619
311
442
247
535
323
519
306
410
163
403
371
439
215
483
415
421
303
447
335
529
298
403
63
242
0
178
27
554
383
391
295
490
283
515
359
215
375
323
259
343
263
343
307
127
247
327
379
307
251
247
107
219
422
359
371
379
195
135
326
243
298
287
271
326
307
259
323
334
299
294
367
187
394
311
115
334
399
247
366
199
254
354
271
267
225
347
155
259
230
350
299
347
399
355
318
147
262
215
259
247
354
375
339
327
231
155
191
259
279
271
367
146
82
375
223
347
331
347
403
334
311
231
163
190
275
298
151
423
302
338
203
343
302
263
294
387
359
95
374
103
302
299
131
341
118
267
251
398
246
239
215
375
334
351
413
306
295
326
270
139
347
254
254
171
251
254
322
227
354
295
249
311
187
303
231
171
227
147
321
255
281
230
278
123
290
403
267
199
219
391
275
282
239
262
267
411
287
293
431
198
275
275
415
255
315
211
279
177
111
315
291
322
319
378
371
306
311
251
191
330
251
222
323
290
311
331
263
171
258
299
413
154
346
123
378
266
298
235
211
391
127
430
299
226
262
199
303
259
262
362
286
306
459
283
251
322
347
299
379
342
470
319
262
251
507
431
318
223
330
351
343
202
234
362
303
271
294
287
362
307
479
403
327
318
390
342
223
207
247
294
283
289
375
242
219
286
414
275
327
278
279
191
319
195
266
277
290
343
282
251
330
327
331
279
359
275
150
155
223
271
351
151
343
219
389
326
198
175
195
279
347
199
183
202
307
419
263
243
271
175
227
350
243
303
218
142
187
323
371
369
398
243
255
339
390
151
239
355
443
283
299
298
214
231
291
55
347
375
231
199
355
375
307
267
283
91
307
126
155
398
467
367
230
175
171
387
367
251
278
227
190
414
395
254
335
295
314
255
223
322
199
253
327
175
255
267
290
319
206
255
326
271
243
199
274
219
447
411
330
331
427
203
179
235
226
203
254
271
287
387
318
382
323
203
378
311
383
355
299
211
283
458
371
330
454
307
291
218
231
331
199
339
311
323
310
119
267
234
251
339
162
211
291
247
295
363
202
334
406
359
363
362
331
270
391
383
359
275
294
383
270
279
331
299
195
379
407
370
395
378
341
231
438
155
283
507
286
207
307
258
295
450
303
251
335
395
269
195
259
218
219
351
331
354
367
223
279
323
410
295
235
374
338
259
235
467
227
234
150
379
267
359
259
167
247
413
222
207
235
243
247
194
443
467
451
527
523
759
