463
579
527
607
419
555
415
671
330
467
535
611
451
627
503
475
447
647
431
615
427
663
351
619
431
623
375
647
351
523
335
659
263
583
367
491
351
591
459
619
383
531
335
523
387
731
387
558
315
643
395
619
255
555
446
547
263
683
475
727
427
539
479
655
399
587
431
643
366
571
335
655
391
663
419
579
475
551
367
515
575
695
435
563
267
555
323
559
347
638
303
639
407
583
463
775
531
623
479
603
391
631
491
739
471
623
435
603
419
643
343
655
479
703
423
759
327
611
467
635
331
551
267
483
422
527
379
567
399
607
391
755
319
595
479
699
259
511
379
631
299
591
247
639
347
491
371
659
291
615
587
739
563
679
511
651
335
575
415
563
371
619
435
495
539
559
403
631
403
587
367
631
411
543
375
723
327
615
347
454
343
651
290
595
499
463
367
539
323
595
355
667
683
499
359
535
343
539
371
567
459
551
419
591
411
627
319
619
630
603
363
563
319
551
415
631
383
527
487
635
259
567
463
715
379
747
567
711
463
567
207
527
367
603
435
615
331
427
407
683
359
607
399
715
274
575
471
611
419
503
327
627
359
655
399
655
543
551
534
763
431
651
487
499
467
591
603
551
371
679
567
623
271
711
399
803
391
699
343
554
191
623
391
571
395
615
387
687
419
527
315
575
423
835
495
579
283
651
383
675
463
635
387
767
395
611
291
531
431
727
411
683
371
715
479
495
411
679
431
859
387
583
371
639
347
539
567
827
431
511
459
747
371
423
307
547
335
503
459
603
435
683
423
623
419
447
523
631
439
559
299
683
422
411
383
595
479
503
375
703
459
607
439
607
347
779
439
547
455
735
363
747
491
703
303
579
411
563
403
643
227
547
443
627
387
555
491
619
479
639
203
551
363
643
375
731
303
619
339
591
443
743
459
575
359
631
279
559
359
603
315
735
391
579
403
555
231
683
631
519
359
575
531
707
339
683
331
547
299
699
359
671
479
554
487
707
555
694
383
635
390
527
423
667
275
583
471
571
331
659
347
679
415
715
415
647
375
603
527
563
391
599
431
719
475
615
543
715
487
559
411
535
367
755
519
587
427
467
411
787
271
671
511
571
411
623
327
667
183
511
295
679
523
475
483
622
507
455
103
207
103
155
0
483
291
555
495
607
431
547
383
315
411
439
335
223
447
315
330
279
395
199
447
242
275
415
519
327
475
327
383
411
211
395
279
503
443
463
451
411
423
311
527
323
439
307
363
367
451
247
387
343
463
395
423
399
387
275
443
395
522
391
403
419
471
391
531
359
351
347
443
347
379
367
291
339
483
311
439
215
415
351
183
307
319
363
447
427
379
347
439
395
475
255
415
303
323
427
375
443
503
431
407
355
267
415
399
371
359
299
367
371
303
363
491
387
371
359
239
239
239
239
239
239
239
239
239
239
239
239
239
239
239
239
239
239
239
239
239
239
239
239
239
263
391
311
355
291
391
323
303
427
483
303
347
311
319
403
338
371
391
255
355
359
407
331
419
347
439
387
419
491
311
298
367
219
343
475
326
359
367
283
502
119
299
515
415
379
431
455
535
367
347
375
271
315
263
351
399
307
303
319
327
319
347
471
279
263
391
327
311
323
467
379
287
331
527
335
223
355
307
307
311
383
459
327
395
391
483
463
383
263
419
343
479
403
471
271
499
363
439
315
343
315
351
251
203
443
235
203
315
479
507
439
487
355
463
371
379
311
447
411
283
343
331
335
343
395
339
447
291
251
303
395
399
391
315
535
491
278
407
463
471
279
371
239
407
215
507
463
363
267
467
567
515
435
411
235
267
263
431
395
471
263
355
347
443
375
375
303
435
551
311
379
347
323
487
427
411
243
387
307
219
375
383
367
315
311
355
375
443
395
374
427
167
379
451
335
359
259
603
362
407
275
443
299
383
387
411
375
191
451
395
175
415
407
451
327
315
315
255
399
391
354
343
439
447
375
427
343
239
295
427
387
395
299
267
439
391
363
391
383
419
507
307
295
311
343
551
351
271
335
431
335
323
302
467
375
387
471
447
478
311
267
371
335
395
419
487
367
315
351
419
219
399
315
451
211
299
299
327
319
315
327
455
363
499
327
446
383
291
390
407
215
387
363
319
427
407
323
363
319
439
391
343
423
455
419
415
379
335
259
459
447
307
355
407
507
367
439
327
411
527
435
355
339
311
415
383
367
323
403
379
459
315
391
315
303
335
411
411
491
379
283
223
379
367
375
483
227
527
383
467
327
387
403
379
507
351
307
487
291
367
403
351
307
395
511
399
351
283
275
571
355
339
319
363
323
435
243
394
443
475
759
