354
557
507
649
379
627
410
658
378
619
419
526
443
638
431
683
461
769
451
763
391
815
499
475
399
689
487
555
386
546
431
771
415
670
435
798
482
619
519
662
586
642
397
722
499
567
465
590
447
603
447
543
382
650
477
497
450
710
558
658
285
591
449
727
509
719
518
691
495
631
471
667
431
599
353
627
534
695
491
771
422
591
479
613
335
873
645
671
535
539
547
795
431
615
465
735
323
581
415
507
613
619
583
590
503
539
391
763
399
763
622
555
466
673
555
578
603
689
382
490
417
663
566
653
543
769
375
718
451
631
363
825
582
679
578
721
419
731
503
703
491
771
542
619
429
699
522
682
493
513
525
710
555
626
553
630
510
683
395
619
482
633
543
715
531
709
390
710
445
694
422
619
565
663
498
675
489
615
566
770
379
670
521
689
497
659
451
775
523
597
365
631
618
563
545
609
529
691
377
694
523
594
318
723
589
782
430
638
399
534
411
693
459
689
546
605
645
591
371
589
263
567
445
727
497
590
375
698
331
637
505
587
437
710
418
703
506
653
551
639
577
673
522
687
503
799
461
643
442
689
509
613
355
806
483
613
383
695
466
667
387
579
378
549
327
575
323
631
495
692
353
799
497
707
594
701
519
653
459
645
477
831
429
637
470
503
302
725
339
813
359
741
514
718
471
703
483
695
554
563
647
534
518
607
451
582
481
641
593
671
350
743
565
637
439
746
346
659
465
837
507
751
582
731
447
719
503
635
518
791
374
658
370
763
407
763
433
555
379
659
614
643
307
586
442
703
367
634
538
657
551
687
517
714
411
541
561
721
546
591
421
733
623
698
482
583
403
630
534
683
434
651
451
667
591
658
487
546
421
646
451
643
303
593
514
610
499
709
449
505
555
691
439
676
287
747
351
690
403
647
423
627
603
675
518
673
498
665
427
662
507
594
473
587
403
666
495
629
478
709
423
682
429
691
323
657
552
742
415
545
513
763
470
597
514
666
457
762
423
675
358
627
319
646
315
690
377
599
375
647
631
763
527
521
434
669
542
669
407
643
374
483
513
739
558
678
550
687
590
583
414
703
523
678
466
681
386
737
451
671
515
723
451
514
569
713
535
583
339
723
415
711
473
594
431
677
502
411
207
467
0
367
223
625
395
667
353
550
461
735
378
579
467
347
463
421
413
399
371
427
419
350
523
367
455
585
379
446
454
563
449
387
519
586
474
395
405
531
546
305
351
406
523
265
426
299
531
315
483
375
310
422
409
453
353
397
473
373
496
317
462
403
483
410
509
413
430
387
283
487
475
163
567
403
387
319
383
545
474
389
523
463
403
326
406
482
417
506
571
399
457
279
499
354
411
491
414
473
555
335
409
339
406
465
197
335
341
395
441
575
381
371
339
387
379
358
303
385
302
302
302
302
302
302
302
302
302
302
302
302
302
302
302
302
302
302
302
302
302
302
302
302
302
355
343
307
398
255
442
314
483
418
373
299
326
421
651
310
394
394
353
437
393
457
387
267
393
274
435
390
377
387
370
315
523
459
563
354
219
355
371
383
475
499
411
409
537
395
501
459
545
419
373
387
313
279
509
417
495
314
399
367
214
475
414
402
230
422
275
447
423
417
391
545
434
495
399
355
442
326
379
425
383
353
455
371
458
481
463
413
274
371
441
343
435
465
211
467
421
299
501
429
359
375
399
514
431
458
567
365
361
334
366
333
387
267
267
349
355
355
353
269
511
303
491
475
443
321
535
249
431
566
438
523
410
637
314
363
263
359
463
319
465
467
438
383
395
419
279
430
421
349
294
373
501
418
434
499
551
246
471
358
529
398
542
465
522
425
394
379
521
354
311
453
390
207
562
433
487
306
379
307
445
514
411
545
387
306
309
510
358
281
323
458
421
319
551
514
447
375
310
483
487
418
473
321
363
513
323
461
374
475
490
319
455
463
414
325
454
305
314
303
409
355
494
455
291
303
478
315
438
349
495
431
451
599
483
421
507
337
430
495
481
403
457
405
491
358
374
347
493
491
357
515
507
190
431
462
494
446
363
383
433
481
425
559
331
402
407
439
470
499
485
378
533
482
365
335
346
469
451
358
231
429
439
335
525
330
453
506
471
459
386
375
415
427
359
335
401
435
355
459
454
501
458
398
495
427
406
394
419
335
457
435
390
386
409
582
363
353
365
489
566
455
471
374
403
547
310
475
439
401
507
463
393
310
439
541
530
539
467
419
399
459
426
445
501
451
418
430
367
357
549
409
581
253
510
379
457
316
297
322
457
402
391
337
443
463
497
375
295
209
299
397
419
377
366
337
425
334
302
338
446
629
