473
413
287
394
163
734
423
547
167
557
198
375
334
487
374
430
305
411
239
607
347
579
299
560
285
439
419
549
321
471
351
551
365
562
506
512
366
509
362
477
331
557
395
476
235
432
341
599
317
578
316
683
341
575
422
511
251
547
178
515
314
490
395
535
408
588
381
599
411
498
495
501
326
648
319
490
307
618
270
453
498
495
202
470
375
571
383
631
363
538
300
571
451
508
407
483
306
527
327
464
302
466
383
521
539
556
523
535
457
489
301
639
313
615
220
650
433
505
381
457
449
523
311
547
295
599
269
711
236
634
341
567
313
403
426
433
359
413
226
581
321
685
479
481
278
448
258
720
358
516
413
579
349
643
259
547
439
635
371
467
399
464
387
613
485
498
390
449
283
506
378
662
438
475
308
347
393
435
389
565
470
617
345
455
262
436
283
569
417
611
358
666
367
586
255
533
391
567
335
585
157
407
311
442
279
583
325
541
508
513
275
501
386
458
261
547
413
623
326
667
297
521
369
555
339
548
342
301
388
550
411
422
198
525
334
461
229
377
375
595
295
541
342
521
301
550
240
438
178
547
307
439
291
401
303
633
193
476
479
452
393
438
244
401
319
515
337
413
382
639
349
488
327
473
367
593
465
618
393
552
310
558
419
490
410
475
239
406
381
487
270
539
359
574
351
589
315
434
298
595
380
495
330
511
339
614
226
465
363
537
426
519
403
533
301
625
467
543
443
563
336
518
347
445
255
506
277
343
342
552
454
587
205
530
395
453
374
533
343
453
375
494
421
521
237
503
285
506
515
415
454
538
387
385
339
447
341
485
403
519
342
551
437
311
299
571
470
475
352
625
381
656
302
567
427
687
322
426
361
550
242
437
475
611
239
638
319
610
436
623
355
593
399
563
359
538
350
578
353
586
455
518
391
446
415
511
219
515
483
590
261
675
387
599
522
555
386
507
453
409
343
607
304
561
359
527
342
457
235
466
454
459
470
531
261
463
394
590
253
468
389
527
363
535
529
543
392
517
342
636
318
653
431
487
385
441
413
555
285
517
338
489
319
503
338
465
366
464
226
411
303
606
267
567
351
546
287
543
354
511
401
530
438
578
390
447
223
435
389
474
355
479
222
418
347
559
394
288
70
311
9
199
205
518
330
445
319
463
209
586
153
342
309
269
339
245
303
143
341
250
273
379
207
326
418
314
283
291
211
302
353
336
326
305
358
200
185
326
351
242
374
437
486
302
305
358
375
267
305
376
234
297
450
369
447
364
203
318
329
199
361
323
195
401
475
391
327
349
361
449
291
285
222
325
451
289
387
293
255
211
311
298
347
338
341
390
310
376
450
297
301
401
403
263
278
217
226
261
239
329
262
333
421
295
419
340
353
322
289
191
248
370
346
258
338
431
377
371
315
278
299
327
101
322
254
420
237
256
313
309
369
335
394
295
383
224
295
210
317
327
329
397
421
279
309
343
512
291
465
313
411
251
403
490
224
371
483
323
279
351
451
234
333
215
349
361
391
423
497
290
219
257
359
448
399
313
354
291
333
311
225
151
311
255
290
395
374
233
319
373
247
362
209
234
295
251
256
246
396
265
209
365
355
162
371
251
298
297
271
239
431
361
338
171
287
258
324
162
195
215
347
371
199
315
319
156
139
421
425
281
188
334
383
538
207
311
278
278
246
311
311
406
323
330
313
382
192
327
334
278
315
351
454
291
310
293
398
414
387
261
475
391
168
167
339
331
316
427
263
347
361
325
227
265
337
203
358
267
299
86
271
317
349
365
226
326
394
334
459
507
198
199
370
358
435
29
298
215
343
139
455
222
318
283
413
383
252
299
351
290
318
375
278
387
298
409
465
255
296
250
400
319
375
298
187
142
249
120
283
278
287
350
337
286
275
394
285
330
368
259
350
227
138
241
300
354
247
176
280
212
463
250
247
249
248
323
263
282
329
186
397
337
237
279
228
354
341
306
270
286
369
250
351
357
305
272
275
161
201
406
451
365
391
311
171
343
450
257
290
277
259
247
227
389
366
269
293
256
309
323
397
490
386
281
319
385
286
322
237
373
423
249
283
235
335
307
179
250
319
283
227
308
285
271
331
309
241
317
347
235
249
333
393
367
204
289
267
311
425
266
278
294
307
333
359
258
417
303
231
362
219
303
387
360
386
258
299
171
363
379
333
319
436
291
195
315
271
343
290
247
299
239
477
366
286
441
297
354
223
251
290
282
395
389
177
349
382
256
173
391
294
374
311
270
337
381
407
343
366
258
228
393
229
263
321
414
414
343
401
262
275
304
348
209
322
246
259
173
286
343
381
375
268
563
