471
771
567
907
639
727
571
743
595
739
707
807
571
711
575
835
459
775
535
863
595
723
635
675
727
775
531
735
563
707
611
703
623
835
675
647
535
799
607
767
527
651
635
819
671
647
519
831
495
783
611
831
659
831
507
747
651
847
443
795
623
831
643
815
579
807
555
791
599
683
615
879
547
727
607
667
671
707
503
691
571
735
611
771
607
719
467
911
607
811
675
595
583
819
543
803
711
911
419
847
435
791
519
755
415
851
643
703
415
795
459
747
695
767
679
863
583
727
567
767
519
803
571
919
667
755
663
871
475
803
711
811
723
731
527
695
495
803
551
779
555
827
527
811
659
743
571
819
547
763
539
803
619
643
555
835
531
727
583
831
499
819
599
763
695
723
655
843
567
847
543
667
631
775
691
879
587
979
575
859
515
851
511
895
655
871
595
667
651
775
487
799
563
727
539
827
495
787
643
731
595
751
563
791
655
871
631
679
567
915
611
619
687
843
571
823
603
723
571
847
703
759
499
735
551
775
647
827
515
803
515
643
515
591
579
735
583
703
579
959
663
735
707
759
623
807
679
919
567
687
583
759
507
755
535
827
679
859
611
651
635
815
343
927
515
703
595
771
527
907
435
815
575
915
419
747
543
855
703
783
507
811
615
727
631
763
467
791
567
739
583
883
435
883
503
907
503
811
471
719
611
743
467
743
663
803
603
747
507
731
475
843
595
847
579
775
591
635
527
855
647
839
643
883
487
655
467
803
623
779
563
727
523
703
663
835
591
735
555
795
359
783
551
751
519
683
443
791
551
823
659
687
731
567
587
803
567
787
455
835
579
767
571
767
663
751
547
823
603
743
563
775
743
787
539
823
611
799
479
755
535
719
611
755
583
939
703
763
671
703
591
771
543
755
751
787
635
735
663
867
691
731
519
847
463
887
683
751
491
783
631
875
691
727
791
599
527
707
539
827
531
847
559
887
507
823
531
755
539
859
535
783
479
747
575
779
671
715
467
851
723
803
587
707
719
871
643
751
659
847
611
719
603
699
619
883
647
583
547
735
607
727
515
683
575
655
571
783
535
827
559
927
523
783
655
775
323
715
391
691
547
735
511
995
619
671
503
823
587
651
467
727
627
739
471
847
679
567
463
507
347
531
315
691
515
823
559
635
607
763
491
515
575
615
643
567
599
443
631
559
675
483
379
627
539
507
503
467
503
571
655
435
563
511
551
479
547
519
703
607
575
451
711
547
551
535
695
599
839
639
515
527
467
451
551
427
371
411
527
515
619
459
511
623
543
579
507
663
559
571
419
463
579
539
499
519
567
467
527
471
419
507
567
531
447
547
559
623
551
539
563
435
567
527
563
535
439
579
543
715
587
479
667
487
571
563
591
615
643
643
543
687
551
671
631
423
423
423
423
423
423
423
423
423
423
423
423
423
423
423
423
423
423
423
423
423
423
423
423
423
491
587
631
395
547
559
611
583
567
559
571
475
603
607
487
547
543
435
563
683
431
519
611
415
451
471
515
511
495
543
631
495
571
391
615
567
459
575
411
715
451
643
631
467
491
623
555
567
615
675
515
515
559
643
787
503
643
535
687
519
687
619
559
507
587
531
539
519
651
531
599
659
655
555
603
491
463
547
455
615
483
507
575
523
827
615
471
651
419
635
487
631
679
583
595
495
531
439
495
567
539
583
667
575
567
471
623
459
627
463
619
527
519
547
723
543
471
643
667
503
563
447
583
623
423
491
519
535
587
439
643
679
551
591
551
463
471
595
491
595
675
627
507
495
531
611
479
487
615
487
523
555
575
479
419
667
483
419
479
603
459
435
507
579
723
483
743
543
655
527
627
515
643
463
571
491
735
571
419
611
491
575
511
535
347
519
583
607
519
479
575
619
671
655
587
551
563
587
751
495
415
487
523
579
623
571
467
495
519
547
727
555
347
575
543
495
543
547
639
527
555
591
607
551
523
607
455
535
523
679
607
571
695
507
459
431
443
575
471
687
679
607
555
399
819
523
583
447
411
451
639
655
663
459
399
699
571
695
495
471
535
451
407
607
475
579
643
547
591
571
443
563
551
667
603
627
475
679
555
547
459
531
555
451
575
635
543
595
603
555
463
527
567
507
559
495
463
387
519
467
635
519
523
447
503
499
603
703
551
599
523
391
599
547
403
519
667
443
347
575
591
519
599
519
555
723
567
635
539
527
567
511
535
587
467
595
483
435
575
603
571
615
435
531
747
547
551
631
547
455
659
539
443
531
599
523
507
535
599
451
515
371
743
523
583
631
519
447
543
659
543
503
443
511
403
687
583
407
267
323
419
319
499
679
