495
719
375
486
371
535
423
599
251
579
387
483
451
591
367
519
474
699
499
411
415
647
351
679
403
491
507
727
395
563
451
655
435
663
415
603
451
615
419
639
406
511
551
743
263
578
435
683
447
571
311
735
398
503
559
655
439
655
518
615
455
603
575
659
303
603
403
799
467
699
539
595
371
475
399
539
451
699
403
767
527
691
351
743
403
631
463
623
279
631
307
423
363
531
447
523
375
547
495
703
387
455
346
567
391
623
334
655
483
671
555
578
371
542
415
575
479
575
499
759
483
575
403
707
303
579
523
559
327
675
399
715
503
559
515
638
455
715
359
527
347
655
239
590
411
607
387
659
463
691
403
707
435
611
467
687
327
615
491
755
399
599
379
635
487
643
299
559
335
551
523
467
307
474
507
767
471
519
399
651
383
591
435
503
346
527
435
631
487
583
391
683
374
575
331
707
375
583
451
551
439
554
583
647
311
583
239
587
487
803
391
659
303
763
411
711
375
475
391
731
459
619
483
707
455
631
431
575
415
687
395
595
439
538
375
639
451
711
539
655
423
687
451
579
543
591
315
507
327
567
483
599
459
583
411
803
558
555
499
639
283
583
399
695
343
551
438
611
351
587
463
615
367
731
435
563
447
659
471
687
371
531
379
539
427
607
383
579
431
695
463
587
323
591
419
643
499
603
439
575
391
595
355
751
407
711
407
639
471
571
403
743
443
535
483
519
358
487
567
615
355
510
523
655
379
531
467
531
491
543
355
731
447
547
407
555
527
591
339
547
391
687
259
619
451
587
411
543
431
567
471
491
375
603
423
687
343
642
415
571
347
647
343
663
435
519
415
667
403
623
419
586
439
703
451
663
367
587
363
551
362
531
359
659
511
527
551
735
359
639
347
747
383
487
431
559
431
447
603
683
431
699
331
759
399
683
391
655
327
563
367
735
375
503
411
790
431
619
503
651
455
519
523
523
287
607
379
583
394
639
491
607
283
595
531
655
451
615
435
571
399
607
311
570
519
599
411
571
391
627
527
595
431
487
463
507
431
687
439
627
303
687
431
711
403
423
343
755
491
471
475
403
490
603
323
539
363
562
455
631
467
699
359
734
471
707
399
623
238
671
435
671
439
631
467
679
315
519
47
323
123
339
259
599
359
615
199
583
331
631
343
163
487
475
519
407
303
499
267
291
507
423
431
323
439
275
415
335
379
399
375
323
363
311
347
315
547
271
283
423
523
315
411
395
295
443
387
443
315
427
339
571
527
343
243
375
335
443
387
307
375
367
278
451
427
447
455
347
379
131
291
219
327
395
519
439
410
407
543
311
479
415
479
355
463
267
495
403
431
307
391
183
403
487
471
319
367
427
443
519
323
451
307
371
391
471
371
243
359
523
207
483
359
495
447
299
278
303
275
455
475
319
479
403
451
383
507
343
307
403
355
615
331
243
455
339
419
407
379
395
414
343
359
398
339
443
315
403
447
431
507
271
323
319
355
327
351
311
395
243
459
279
383
391
447
407
279
307
443
363
455
331
523
439
419
371
515
391
242
223
411
543
235
403
287
259
439
379
375
523
215
523
371
414
335
375
447
503
299
538
395
327
387
323
471
435
335
331
427
423
362
395
387
418
467
287
511
343
439
307
303
343
399
243
423
286
439
499
487
319
323
271
399
571
387
315
367
375
411
279
323
435
306
311
442
459
415
378
407
350
491
467
519
467
391
611
363
443
351
299
447
443
522
423
367
359
295
407
435
347
479
347
223
319
435
423
331
403
403
363
467
391
271
318
463
379
451
391
435
515
515
407
479
451
443
443
459
235
487
335
403
359
523
295
350
447
415
355
335
331
311
531
359
443
567
391
507
355
519
403
323
323
435
511
411
351
419
371
375
443
459
463
367
407
371
367
471
395
359
399
351
279
311
387
467
367
343
319
447
455
727
599
347
459
391
503
403
199
427
215
451
463
355
415
450
411
367
375
463
327
371
407
431
271
367
383
435
439
483
403
335
519
287
299
307
343
571
495
463
298
427
439
343
355
275
483
355
443
519
311
422
359
443
359
591
454
299
315
387
427
351
347
519
359
427
359
455
323
255
419
291
519
311
271
523
379
434
451
355
379
335
503
191
411
403
315
378
311
371
387
415
347
419
539
375
359
379
447
379
347
407
183
443
339
427
391
387
350
295
539
371
267
379
271
471
199
391
339
535
339
515
463
426
339
351
363
526
519
403
319
375
307
411
399
351
455
431
223
347
451
459
515
299
439
495
491
471
423
371
399
391
343
471
375
471
431
487
423
455
447
259
287
315
427
351
335
283
407
555
459
427
290
423
799
