245
635
360
563
331
546
289
575
339
389
470
428
397
477
323
531
443
659
303
455
302
587
347
407
289
535
306
530
376
461
277
527
427
643
402
521
426
525
523
533
438
539
505
337
365
509
437
498
343
482
350
557
393
566
376
542
303
467
303
478
393
543
387
569
431
556
426
571
236
405
260
646
254
531
387
611
361
515
383
679
248
358
456
540
398
442
265
493
299
573
210
535
314
594
271
603
305
613
267
608
277
467
375
448
418
542
328
423
263
315
379
448
365
629
511
657
345
479
310
572
349
603
320
518
368
383
357
570
483
498
388
497
145
575
325
574
303
523
262
557
271
582
263
591
291
477
169
500
359
409
341
439
303
519
406
622
415
637
322
463
495
658
409
528
322
431
447
618
295
595
302
433
335
470
339
549
433
471
415
563
283
480
463
585
293
604
313
455
362
370
314
586
442
466
371
605
247
501
366
569
293
568
387
612
246
514
397
515
414
499
343
559
294
520
279
580
320
485
215
543
487
530
319
541
363
519
315
435
321
676
303
509
302
387
420
442
266
540
362
489
358
662
325
567
342
610
358
496
394
482
309
478
383
573
299
686
179
629
425
587
463
469
288
488
305
536
478
447
391
597
249
554
334
403
370
626
334
707
330
471
181
510
334
470
380
537
345
496
355
581
386
419
462
539
365
582
282
399
257
475
262
583
447
687
311
384
477
731
518
673
364
642
530
595
371
539
349
492
359
527
279
630
253
472
334
546
257
573
314
613
382
590
398
542
383
658
250
543
317
595
466
470
211
543
419
445
441
479
324
438
390
675
413
535
463
642
448
412
403
590
293
481
306
572
313
555
351
487
274
637
415
663
255
382
363
587
289
519
386
446
387
485
377
587
302
589
245
543
220
312
380
517
362
481
426
639
321
493
405
505
331
666
367
473
211
470
320
588
332
527
443
419
331
557
387
488
254
550
307
664
398
595
339
611
488
565
361
565
328
488
473
449
475
687
292
548
454
505
435
690
415
610
348
647
266
490
397
510
351
563
351
547
262
432
286
518
315
647
266
603
445
575
237
579
291
561
380
531
387
623
408
537
399
451
433
431
363
603
382
678
356
791
344
596
395
534
362
591
326
642
293
489
368
499
329
443
345
438
101
390
20
322
211
606
403
667
135
445
367
494
374
273
325
324
359
421
417
361
299
358
294
407
223
263
267
427
294
205
373
435
366
295
420
395
330
291
399
327
309
249
319
275
375
321
339
295
395
305
294
375
442
377
200
253
305
405
333
371
331
307
372
286
315
313
436
269
323
313
272
211
375
363
252
338
341
277
310
323
375
157
346
349
379
286
418
340
503
313
359
299
283
318
388
356
315
339
210
304
304
401
349
279
394
265
670
393
313
195
274
360
346
303
299
433
386
265
335
202
325
187
382
320
247
330
442
355
380
167
335
377
205
398
410
277
442
326
149
370
417
391
327
335
227
286
325
335
329
408
428
251
347
373
415
285
486
226
455
234
361
239
347
307
161
246
333
349
339
352
369
377
373
251
412
267
431
323
275
480
334
289
295
277
383
443
387
389
459
373
492
211
298
408
305
319
373
329
332
296
423
192
397
250
327
355
385
477
423
211
322
349
274
191
351
418
282
371
348
313
369
160
270
310
381
227
391
271
287
173
332
303
309
308
303
339
293
279
352
292
353
435
318
236
405
459
371
254
255
395
375
350
307
267
357
210
184
330
342
291
311
255
330
171
400
161
329
330
403
306
451
363
351
338
392
261
333
187
253
288
407
320
323
515
314
256
395
278
191
351
288
342
166
435
215
330
243
315
424
390
253
359
293
361
419
234
275
424
341
271
282
357
166
331
353
355
194
421
386
302
322
267
278
375
339
143
465
321
466
375
441
306
490
237
293
215
349
333
343
326
339
307
329
285
357
281
409
283
382
334
460
314
333
322
333
238
223
338
282
257
327
331
277
299
373
311
304
215
319
225
322
303
389
329
242
281
265
278
439
368
314
293
404
338
351
343
437
207
236
254
286
370
332
203
298
367
360
378
276
394
401
331
321
282
342
305
207
369
264
291
447
305
291
402
343
282
405
375
342
321
426
288
179
339
373
271
381
466
301
290
343
296
341
482
311
327
291
195
359
245
317
326
321
283
266
361
266
279
324
254
291
436
274
140
302
290
386
341
289
257
377
271
448
423
341
373
422
237
271
354
346
314
447
365
501
347
245
383
252
331
266
381
202
251
387
421
311
383
303
303
383
339
495
427
320
326
273
161
421
326
223
280
386
322
235
203
217
363
307
215
370
356
320
232
159
263
407
495
261
131
299
266
272
129
250
359
