459
546
351
450
387
697
427
555
263
443
578
527
225
679
427
625
442
754
379
513
387
665
351
475
458
743
289
606
385
550
475
743
538
577
355
559
435
527
271
691
303
655
379
581
402
555
286
563
263
646
427
581
275
598
407
646
374
499
431
599
379
607
323
611
343
615
305
609
339
551
423
557
419
643
315
471
335
543
423
722
323
779
546
559
435
521
371
625
523
519
409
430
331
433
391
706
323
510
287
591
371
667
511
622
379
571
378
619
626
374
459
687
351
494
379
727
355
662
391
663
386
614
351
747
351
575
439
726
491
555
231
598
358
566
394
598
282
593
390
655
267
426
377
657
467
663
363
657
463
586
423
573
349
575
270
655
219
615
343
551
347
631
334
498
298
611
387
607
403
495
239
451
374
487
477
590
531
507
451
703
378
571
267
426
230
658
447
526
458
567
287
538
329
755
425
583
283
491
363
675
357
501
427
571
547
643
455
501
329
575
387
650
383
518
206
621
497
586
529
691
397
565
371
435
323
721
311
643
431
791
243
482
387
566
331
661
366
621
442
627
423
578
467
598
345
527
370
631
399
639
542
447
469
585
323
554
426
615
417
562
402
622
458
641
399
531
397
587
313
646
375
658
575
581
318
650
503
583
483
515
335
654
323
643
294
631
381
659
350
654
407
709
135
690
354
646
486
415
438
658
323
655
335
611
431
611
414
651
347
547
455
567
319
619
315
375
271
602
341
626
349
491
410
619
374
729
463
437
237
541
351
609
403
535
433
574
346
477
313
523
463
531
462
586
279
543
335
451
418
455
267
575
253
551
307
559
462
671
407
555
266
495
331
587
462
587
431
727
467
549
325
717
355
403
511
597
350
546
481
414
335
577
387
666
273
642
383
671
437
698
417
555
307
666
454
639
375
545
347
607
465
491
463
547
366
587
471
583
326
659
534
562
405
467
359
499
451
659
491
585
391
442
451
562
339
589
355
567
326
430
415
547
403
654
427
555
313
626
349
655
378
539
423
498
562
491
379
675
426
601
426
697
405
627
519
621
471
658
382
459
450
563
403
578
371
474
407
569
427
547
403
547
346
518
391
490
283
643
431
547
358
534
386
567
375
605
475
594
333
507
367
701
259
658
538
633
375
474
137
198
0
309
34
639
427
479
401
535
353
511
361
347
471
355
286
321
334
395
438
463
234
378
319
446
285
338
367
431
499
315
491
229
278
375
390
298
353
341
242
311
406
319
295
159
467
502
373
459
375
450
367
383
423
225
385
330
377
382
443
318
370
267
241
254
426
382
335
471
390
250
283
365
417
349
294
306
494
206
351
421
374
295
299
274
422
351
383
355
298
363
339
430
417
487
343
354
381
219
426
262
310
411
279
295
165
367
339
330
187
369
437
338
341
378
318
265
393
438
359
305
295
319
391
238
345
415
283
419
270
443
382
391
465
299
254
363
306
431
486
418
370
331
413
322
423
295
495
378
449
347
295
345
363
370
427
311
267
399
399
277
317
411
351
543
431
271
431
355
291
402
415
341
389
579
411
431
343
315
374
391
433
379
357
317
227
439
379
307
398
371
423
346
423
358
463
391
323
287
297
434
431
347
385
314
387
289
286
278
295
246
295
306
474
183
431
361
367
266
251
241
395
287
255
382
339
323
553
371
283
267
271
363
415
243
543
423
307
303
471
279
379
387
255
195
433
257
247
187
475
495
439
390
335
311
399
375
334
162
397
255
327
162
247
403
379
271
378
494
411
409
279
338
491
387
391
411
283
337
359
383
383
294
323
474
203
351
318
323
423
262
307
315
475
386
375
409
351
437
370
479
239
325
418
159
363
283
319
251
182
303
359
219
258
301
379
285
418
355
449
357
515
211
237
455
250
299
223
339
547
346
365
185
423
431
439
371
290
334
318
323
355
430
631
310
479
378
387
251
439
318
310
369
263
335
357
246
415
329
306
375
247
218
355
431
423
406
363
434
259
266
386
313
297
339
298
367
391
426
489
442
423
483
419
434
282
235
335
213
295
306
355
426
295
427
351
463
237
261
355
351
295
186
231
241
291
187
357
343
375
382
371
227
323
223
271
415
398
354
391
361
403
254
365
413
335
411
459
275
351
366
318
398
187
231
269
319
510
361
369
283
391
271
399
319
394
427
333
323
459
326
413
222
434
402
425
271
295
279
229
413
341
410
406
311
327
246
403
402
463
506
393
419
321
454
299
271
455
395
405
319
378
319
327
291
235
383
329
183
294
406
275
386
315
278
299
459
391
366
218
455
519
349
523
381
411
395
347
261
323
351
210
306
354
530
310
221
433
387
414
479
535
395
542
763
