441
470
309
557
289
502
261
567
293
495
247
487
223
395
269
487
270
519
235
467
242
518
179
491
227
314
274
567
223
613
275
499
397
522
334
455
374
517
274
403
234
531
325
446
225
438
354
555
275
507
327
590
277
357
227
426
278
495
367
526
330
434
201
533
301
571
327
461
275
523
274
606
295
407
310
463
127
534
195
475
357
471
291
622
105
571
346
458
165
381
195
481
225
506
319
507
307
459
331
559
394
499
390
563
253
390
366
629
294
495
335
445
245
450
278
495
247
519
286
545
350
415
247
378
306
638
175
471
239
630
307
623
123
506
401
469
193
551
125
501
293
413
331
593
263
567
493
355
374
479
371
462
163
545
455
591
226
342
254
575
226
439
343
451
254
481
333
563
411
415
327
322
251
433
123
519
271
434
289
531
367
527
527
477
309
583
335
490
334
411
222
563
263
409
379
547
383
481
263
570
298
299
319
541
267
487
330
550
299
470
355
491
401
503
223
646
241
455
262
565
245
451
334
594
219
489
355
459
251
410
143
526
189
371
271
531
289
623
479
565
267
551
323
559
265
534
215
450
371
493
187
414
274
495
230
643
434
367
379
537
223
447
293
523
381
411
491
618
439
387
463
383
302
617
91
489
387
463
297
565
327
570
374
502
365
489
279
530
311
531
219
571
366
694
189
549
175
519
395
507
270
490
351
401
275
578
510
573
206
571
314
461
351
527
205
519
338
506
166
475
323
462
391
610
319
622
307
571
275
623
347
511
323
505
326
406
275
513
381
491
242
499
221
687
307
563
261
551
226
437
255
467
327
519
382
473
178
534
335
403
251
593
346
677
403
522
354
427
298
537
415
473
211
463
406
491
362
579
199
647
305
522
342
498
210
563
275
499
331
467
285
541
98
407
382
493
251
454
354
561
199
643
382
455
298
542
239
431
397
423
199
537
375
533
174
471
270
663
375
491
343
475
255
453
218
437
505
519
291
409
290
583
249
431
423
303
267
631
323
477
242
517
271
471
341
411
367
459
427
591
313
491
314
353
207
470
413
507
435
545
335
371
339
478
162
527
414
663
334
633
393
398
347
497
227
454
355
475
135
487
286
442
323
622
185
435
261
502
303
642
221
405
267
530
231
383
251
295
25
259
0
127
47
603
274
599
302
471
297
486
359
318
309
266
223
255
279
343
334
315
357
163
107
402
207
237
329
227
399
299
266
267
229
221
219
271
274
99
259
126
374
242
314
267
501
182
245
151
395
175
203
189
159
303
331
135
287
135
301
279
546
314
279
275
385
227
297
149
297
319
203
329
102
295
279
443
315
191
254
313
247
243
231
465
227
311
203
229
287
167
183
299
311
253
249
283
198
279
186
231
355
395
215
226
258
307
309
349
267
366
359
222
287
191
259
261
261
261
261
261
261
261
261
261
261
261
261
261
261
261
261
261
261
261
261
261
261
261
261
261
362
218
365
199
339
242
187
259
363
211
271
353
245
399
323
219
199
331
223
307
303
217
383
337
203
275
251
241
235
243
346
243
317
267
306
231
317
279
235
267
354
166
335
229
211
51
279
198
262
239
222
247
294
329
151
322
394
211
346
223
253
230
261
266
243
210
335
206
205
334
233
235
199
343
247
243
271
345
139
151
263
191
421
371
234
165
197
295
213
227
258
241
159
145
233
323
262
255
178
350
190
277
310
315
319
162
243
371
291
389
231
295
467
213
279
261
322
358
283
193
269
238
261
206
294
414
243
281
442
249
202
431
247
263
343
145
145
383
327
170
269
323
121
283
349
334
303
258
233
199
357
87
493
261
302
190
319
243
383
405
217
322
298
287
334
125
239
310
246
275
315
273
443
182
231
303
297
318
209
202
263
259
281
234
286
261
75
245
318
427
169
275
217
337
207
270
291
347
293
337
221
187
281
326
233
131
293
387
351
197
255
259
325
246
217
282
167
259
355
273
269
262
243
161
249
215
111
319
411
289
371
186
243
230
247
287
238
303
242
271
355
373
242
279
241
173
279
303
250
299
291
197
219
207
426
187
271
321
263
226
299
199
245
290
319
378
335
165
318
237
302
231
306
341
331
186
367
181
235
195
294
347
111
195
289
218
331
297
301
295
337
406
318
283
279
285
193
334
133
187
197
403
331
163
339
335
325
247
462
262
306
238
194
226
118
163
294
290
175
314
363
294
307
361
303
251
187
281
347
235
279
173
389
190
343
399
215
239
155
242
339
231
329
411
407
163
115
257
299
198
167
359
322
293
319
279
189
153
225
151
227
159
271
349
298
325
307
159
339
285
258
197
273
255
174
185
395
205
415
421
511
498
471
682
