413
723
337
763
539
595
461
724
469
582
449
589
501
657
540
735
430
654
534
699
475
763
435
689
633
822
526
719
455
745
495
686
520
623
534
593
442
793
515
664
442
727
531
741
343
824
439
741
432
615
466
767
538
698
504
738
406
597
399
599
521
682
395
712
524
729
378
654
467
749
439
690
551
556
554
653
478
704
596
662
557
671
463
719
497
683
441
762
555
629
527
673
319
623
490
722
561
747
455
727
514
647
437
588
485
585
547
667
455
769
412
639
370
803
407
643
454
647
527
757
582
685
519
556
452
581
550
697
449
731
633
631
503
770
502
714
493
617
510
751
533
715
583
567
395
626
509
617
411
685
563
739
566
647
434
687
335
815
558
902
563
718
490
651
466
706
383
646
475
763
467
686
543
651
474
659
465
715
596
851
423
783
418
849
547
668
531
633
448
643
447
711
510
838
630
866
573
794
620
660
383
619
474
699
605
513
511
560
555
586
429
728
482
687
433
777
567
630
466
760
431
677
513
734
450
675
385
764
562
697
491
599
288
607
509
500
385
633
475
674
423
565
495
687
535
779
457
559
503
749
598
744
545
771
591
735
475
777
565
790
396
723
545
680
507
791
493
735
547
812
341
669
541
636
361
750
347
595
572
761
475
699
537
678
469
715
621
619
475
697
486
691
374
715
495
697
426
670
466
718
417
583
505
851
466
745
425
666
484
859
494
814
438
627
507
657
367
654
687
648
383
822
423
707
383
659
582
803
668
796
434
786
479
819
601
737
399
701
405
691
527
829
479
691
565
611
572
706
571
687
381
844
527
652
543
765
449
878
559
659
542
609
475
672
664
837
423
805
488
753
491
754
519
595
375
607
546
787
354
775
406
824
363
715
491
676
468
623
427
785
539
621
459
542
422
644
486
664
506
719
523
743
533
746
461
627
545
750
275
855
509
515
472
734
483
819
537
652
477
786
509
789
466
581
566
572
507
771
398
705
477
719
414
812
435
511
526
636
377
692
595
603
379
659
514
551
593
581
458
767
356
636
572
737
483
633
567
717
604
757
569
754
522
669
620
670
586
693
354
687
622
893
662
723
431
655
542
677
407
587
383
761
479
730
360
717
424
663
540
671
417
689
519
591
538
676
418
611
274
362
233
424
0
684
529
481
400
669
483
567
510
505
327
501
419
327
387
406
587
465
513
347
345
393
531
370
476
511
477
470
385
483
475
414
534
447
309
459
504
373
493
395
513
434
558
573
439
331
597
354
289
534
438
357
498
347
432
477
475
611
515
539
443
589
556
582
549
527
486
393
322
376
438
368
447
511
388
399
503
476
567
433
538
498
555
441
445
398
423
496
467
575
425
405
385
414
506
513
555
455
503
559
455
407
483
491
496
386
389
485
485
585
531
481
441
438
438
438
438
438
438
438
438
438
438
438
438
438
438
438
438
438
438
438
438
438
438
438
438
438
465
330
491
507
409
445
409
419
474
213
403
278
549
402
543
549
491
476
430
534
463
440
610
412
471
333
449
477
388
508
352
447
446
446
474
455
411
462
584
425
516
535
531
311
407
375
502
482
354
550
270
543
515
546
417
385
477
447
417
277
457
515
482
340
473
493
399
422
482
499
563
423
366
534
347
510
405
564
427
369
587
535
514
435
333
514
567
579
530
413
451
493
383
491
437
299
485
406
455
376
530
447
511
417
463
577
544
480
431
431
406
428
513
491
519
372
431
538
441
379
205
453
291
355
427
445
321
538
536
429
504
427
390
423
387
637
454
413
309
518
606
486
526
612
462
552
425
522
363
424
366
457
466
358
546
403
557
495
403
474
447
513
598
413
433
531
493
450
548
531
476
364
516
530
545
433
384
415
549
518
442
380
423
395
538
429
395
387
595
426
424
634
641
431
594
433
533
407
426
435
389
411
512
483
419
342
490
534
469
447
519
404
483
337
469
469
441
433
342
425
445
503
614
385
511
428
570
523
393
473
497
379
431
348
397
454
361
474
555
422
441
549
580
423
253
460
529
483
394
465
427
427
399
567
484
418
557
459
350
663
472
487
386
348
490
539
285
346
471
427
526
491
459
639
454
331
445
525
453
395
609
473
422
438
369
438
400
417
591
550
436
519
563
530
595
485
499
471
424
369
562
470
484
381
541
459
577
549
522
480
479
509
448
370
474
450
621
463
590
449
497
405
428
374
475
462
696
501
329
538
476
351
731
299
483
433
479
527
583
338
527
519
438
357
410
445
343
486
503
492
563
551
449
340
503
491
474
479
324
347
379
407
298
562
434
607
355
319
430
687
375
507
471
552
594
471
401
463
502
471
489
447
448
791
