387
635
499
743
443
463
286
575
407
650
315
618
419
646
475
514
481
599
451
707
259
647
371
703
481
515
371
742
411
655
483
771
323
611
434
595
326
590
435
699
427
562
303
573
271
587
443
551
351
711
345
614
398
575
345
627
459
586
363
559
235
718
455
662
351
491
346
647
415
530
419
775
415
547
499
547
414
475
419
674
338
675
558
723
475
483
346
819
290
621
326
659
435
527
403
703
359
650
359
539
435
679
583
719
543
651
311
587
615
557
431
691
479
639
371
519
343
579
386
591
419
658
451
633
275
621
266
538
387
710
414
626
391
598
243
675
531
547
347
751
378
515
423
467
555
590
498
603
395
645
395
590
442
662
423
555
375
603
403
563
503
686
583
555
387
722
402
794
419
623
434
598
375
491
443
755
455
661
587
619
375
646
382
547
339
554
379
599
459
654
491
615
474
586
279
635
363
611
506
547
331
595
443
543
511
463
487
647
422
623
453
659
442
583
475
502
383
702
415
579
442
661
483
541
275
563
567
591
287
639
419
543
367
527
378
601
310
618
467
627
463
611
398
554
399
683
427
615
215
539
423
719
458
431
495
578
291
375
422
403
375
550
439
611
455
521
447
723
447
559
458
579
286
709
507
645
398
643
442
591
371
455
367
506
431
606
359
558
410
511
490
735
357
483
571
623
347
511
427
581
218
643
558
459
303
642
347
555
377
663
423
587
451
526
371
551
343
415
335
594
375
683
527
591
370
595
443
573
363
603
330
599
515
483
466
715
367
746
375
631
419
555
471
575
371
515
433
734
382
571
299
527
518
590
447
711
215
626
302
631
427
495
471
675
401
687
359
591
426
570
435
535
435
543
458
603
531
519
366
671
242
519
411
675
511
611
482
675
394
559
414
683
279
613
390
567
367
743
531
551
295
635
571
743
419
667
471
695
539
575
450
631
363
479
403
566
418
550
355
654
295
606
519
595
371
682
351
630
379
727
315
654
434
647
423
463
327
731
435
719
309
571
467
667
455
567
343
631
383
567
413
663
430
543
379
494
343
371
295
610
569
635
406
583
451
538
401
671
374
550
350
510
398
554
533
798
415
495
591
643
311
671
543
635
379
642
406
639
378
603
461
687
371
526
478
583
415
419
118
399
119
267
0
687
407
701
391
474
235
571
535
451
343
278
439
567
517
403
125
251
283
333
451
350
391
367
483
435
383
275
422
290
295
215
403
335
531
250
315
451
363
470
387
334
459
326
430
230
366
287
475
387
462
422
275
287
398
487
335
339
363
429
207
475
479
379
277
434
395
339
351
287
443
259
318
175
382
475
411
338
330
419
471
334
231
331
383
375
423
495
419
303
323
342
271
323
270
395
335
383
537
395
411
303
441
475
503
255
375
499
330
542
527
287
299
363
431
431
431
431
431
431
431
431
431
431
431
431
431
431
431
431
431
431
431
431
431
431
431
431
431
415
294
254
497
190
503
331
314
367
329
303
459
430
366
527
451
497
434
375
334
397
363
299
371
391
343
271
365
375
351
498
521
411
431
403
427
302
278
323
439
427
479
382
310
358
399
378
335
263
281
283
239
399
365
347
463
371
313
229
390
339
367
287
475
459
542
455
415
282
447
435
279
449
363
407
419
362
319
335
338
319
575
411
326
499
375
287
339
387
370
326
442
390
479
322
337
531
338
306
362
243
302
515
530
239
266
291
451
195
247
419
431
295
390
503
466
315
462
251
327
350
403
307
363
323
355
342
330
446
307
198
483
414
358
302
378
315
323
299
379
347
427
442
459
487
435
385
283
483
247
467
311
358
307
194
378
371
435
383
535
327
334
423
422
414
323
247
515
423
238
353
410
343
299
246
411
411
511
253
531
479
293
375
435
375
419
311
335
375
247
375
455
443
317
274
359
399
438
503
407
487
427
287
479
567
246
399
343
331
482
330
583
347
322
315
471
395
386
327
287
315
495
298
447
431
403
343
482
431
375
379
275
243
343
403
411
358
463
491
495
454
355
321
379
423
283
315
323
275
415
383
419
266
443
347
411
335
467
251
411
419
375
407
519
378
347
515
455
279
434
419
330
307
431
303
475
339
482
266
307
370
339
370
386
371
455
499
311
474
423
367
371
343
370
451
282
235
343
391
215
263
342
447
467
471
391
395
263
342
331
419
475
315
351
411
303
223
475
295
426
386
547
419
331
447
427
363
263
227
410
359
439
439
351
259
467
431
455
381
522
431
307
335
293
343
375
490
411
399
379
475
415
459
423
431
315
415
411
251
459
459
307
226
499
359
303
273
423
367
423
427
351
334
290
379
471
306
251
259
375
331
515
674
