331
599
487
579
411
715
363
551
291
611
263
423
531
611
311
523
371
371
459
579
411
475
399
571
343
587
311
607
475
659
335
575
447
695
351
467
351
443
287
623
459
771
519
659
395
603
367
439
475
495
319
615
479
435
323
591
319
671
463
483
299
651
459
623
395
655
375
587
515
507
395
475
391
735
423
571
327
603
463
567
311
591
467
595
499
515
431
607
335
551
499
439
555
627
367
607
347
555
279
503
319
551
371
523
427
511
459
607
239
527
511
559
347
567
439
535
651
583
391
691
467
507
391
691
355
667
503
623
427
467
451
527
419
427
379
563
343
599
299
619
479
599
535
579
415
587
371
607
467
595
519
591
379
579
363
483
367
631
399
563
459
575
559
523
303
675
539
523
247
575
283
539
519
507
415
539
511
563
467
559
339
595
167
659
415
631
383
539
327
587
331
611
379
599
243
455
359
555
307
523
327
587
299
619
259
563
371
475
287
679
299
691
403
659
471
591
491
579
339
523
323
659
399
699
311
599
435
535
483
571
339
647
315
543
323
711
471
507
415
607
371
527
423
639
331
571
479
583
247
591
387
491
223
595
383
639
423
475
383
615
259
531
407
615
259
707
371
595
447
591
523
627
415
551
367
543
463
631
307
451
407
535
515
599
483
519
519
607
531
571
399
603
343
775
315
527
431
579
447
643
363
663
343
643
191
547
343
519
351
623
435
671
467
499
335
627
315
651
351
543
451
631
439
667
287
559
431
735
263
527
419
711
411
675
407
647
399
671
375
615
263
463
359
495
283
491
415
623
415
595
479
555
291
631
335
551
395
523
363
647
287
679
259
499
287
683
351
491
367
583
427
631
403
727
407
735
435
487
443
551
343
659
383
475
395
527
499
703
347
723
347
355
211
483
391
615
483
731
211
775
415
623
539
663
339
555
319
539
255
527
371
631
379
495
387
663
411
627
199
575
387
623
371
703
327
551
343
555
359
531
443
655
431
651
491
519
427
687
387
615
459
575
331
583
391
631
335
643
343
631
287
671
375
499
427
579
303
587
375
663
375
491
459
723
379
547
331
371
359
631
459
551
343
575
355
619
323
603
459
675
475
623
451
607
487
415
411
607
527
579
295
627
347
567
267
483
335
587
107
319
155
319
75
543
251
427
287
595
263
515
343
323
267
471
419
471
311
511
351
223
503
315
295
483
315
299
327
463
479
339
359
467
403
483
399
499
331
487
351
263
431
343
411
339
431
355
611
383
411
379
451
259
315
351
527
323
359
375
387
387
311
271
399
419
307
291
355
363
495
407
359
415
467
319
343
427
311
279
575
287
363
455
379
331
375
355
519
311
311
395
343
355
287
471
463
391
327
359
263
331
219
347
375
399
335
507
299
267
443
291
431
343
475
443
327
299
299
215
439
323
427
319
303
419
423
347
347
291
463
495
467
251
407
215
387
343
163
331
423
311
327
363
559
427
415
315
299
491
363
367
483
375
455
311
319
323
427
371
527
307
459
395
387
435
339
283
331
379
271
307
299
463
351
435
383
231
439
443
423
471
499
415
179
311
403
423
395
515
467
283
355
371
387
407
363
351
331
219
351
427
355
371
447
223
535
315
347
455
435
383
435
303
431
599
271
407
495
311
395
255
423
323
443
383
399
363
351
247
427
419
347
315
327
299
271
379
427
279
351
463
367
443
403
383
307
191
319
343
451
535
347
423
499
391
367
235
415
447
383
399
359
411
203
311
439
431
455
335
403
359
363
379
383
387
215
319
419
267
343
479
347
339
379
319
363
315
395
351
591
311
459
211
303
295
275
379
295
227
395
227
359
355
535
311
355
367
403
303
363
427
427
323
311
243
335
495
435
351
403
383
323
295
347
355
479
391
335
347
391
331
387
207
355
371
331
375
239
279
227
299
227
383
311
299
363
255
343
387
403
139
363
227
343
407
323
387
291
435
379
279
335
419
263
343
423
335
419
339
427
291
319
267
351
447
347
219
251
287
351
355
363
379
359
283
503
347
311
379
423
207
371
355
339
355
315
387
327
359
379
307
467
307
211
339
459
295
387
363
315
411
295
223
323
355
375
475
395
347
231
247
467
443
311
399
363
359
263
495
391
535
423
307
375
387
323
267
387
367
291
307
287
287
435
355
387
315
483
247
427
495
431
235
319
183
379
335
367
459
375
315
523
427
307
343
411
203
147
275
347
327
287
435
307
211
447
311
311
403
403
295
263
359
447
335
415
291
355
407
423
279
359
315
231
439
403
359
499
299
323
391
419
319
407
383
343
211
271
371
427
411
379
323
267
287
155
255
359
327
131
315
199
319
327
567
