559
827
715
807
643
947
595
771
515
839
487
643
759
839
539
751
599
599
691
811
643
703
631
791
575
815
539
835
703
883
559
803
667
919
579
691
579
671
511
851
683
999
747
891
619
831
591
667
699
723
543
843
703
663
555
819
547
895
691
715
523
879
687
855
627
887
607
819
743
727
623
699
619
963
651
799
555
831
691
795
539
819
687
823
723
747
659
831
563
779
727
667
783
855
599
827
575
783
503
731
543
779
599
751
655
743
687
835
471
747
739
787
575
791
667
763
883
815
619
911
695
735
619
919
579
895
731
855
655
695
679
755
647
659
607
791
575
831
527
847
707
827
763
803
643
819
599
839
695
823
747
815
603
807
591
711
595
863
631
795
683
803
787
751
531
899
763
751
475
803
515
763
751
735
635
767
739
783
695
791
567
823
395
879
647
859
611
771
555
819
551
835
607
827
467
679
579
783
535
751
555
815
527
851
491
791
591
707
515
899
527
915
631
887
699
823
719
807
567
755
551
887
631
923
531
819
663
763
715
799
567
871
539
771
551
939
703
731
647
827
599
751
651
867
551
799
703
803
475
823
611
715
451
823
611
863
655
703
611
843
491
759
639
843
483
939
599
827
675
811
755
855
639
779
595
771
691
859
531
679
635
759
743
827
711
747
747
835
755
799
623
831
567
1003
543
755
663
803
675
871
583
891
571
871
419
779
567
751
583
851
663
899
695
727
563
855
539
879
579
775
675
851
667
887
515
787
659
963
491
755
639
931
639
903
635
875
623
899
603
843
487
691
587
723
511
719
647
851
643
827
711
783
511
855
563
775
615
755
587
871
515
907
483
727
515
911
583
719
599
811
651
855
635
955
635
963
667
715
667
779
571
883
611
703
619
751
723
931
575
951
571
583
431
711
619
843
707
959
435
999
639
847
767
891
567
775
547
767
479
751
595
855
611
723
615
891
635
851
419
799
611
855
599
931
555
779
571
783
583
759
675
879
651
875
719
751
651
915
615
843
687
799
559
811
619
863
559
871
571
859
511
899
603
727
655
811
531
815
599
891
603
719
683
943
607
779
551
599
587
855
687
779
567
803
579
847
547
827
691
903
703
847
683
827
715
643
639
835
755
807
523
859
575
787
495
707
563
815
335
547
383
551
303
771
479
659
515
823
495
743
575
547
499
699
647
699
539
739
583
451
731
539
523
715
543
527
555
691
703
563
587
695
631
711
627
723
559
715
579
491
663
571
639
563
659
587
835
603
639
603
679
483
543
579
751
551
579
603
619
615
539
495
627
647
535
515
587
595
723
635
587
643
691
547
571
655
539
507
807
511
591
687
603
559
603
579
747
531
531
623
563
583
515
699
687
619
555
587
491
551
451
579
603
627
563
735
527
499
671
519
659
571
703
671
555
527
523
443
667
555
655
547
531
647
647
567
571
519
691
719
695
475
627
443
615
571
391
559
651
539
555
591
787
655
639
539
523
719
591
595
707
603
683
539
547
551
655
595
751
535
687
619
615
663
567
511
563
607
495
535
527
687
579
663
607
451
667
671
651
699
731
647
407
539
635
651
623
743
695
511
583
595
619
631
591
579
555
443
579
655
575
599
675
451
759
543
575
683
659
611
659
527
659
827
499
639
727
543
623
487
651
555
671
607
623
591
579
467
655
651
571
543
555
527
499
607
655
503
579
687
595
671
631
607
535
415
543
567
679
767
571
651
731
619
599
463
639
675
607
627
587
639
427
535
663
663
683
559
631
587
591
607
611
615
439
547
647
499
567
707
575
563
607
543
591
547
619
579
823
539
687
435
531
523
499
607
523
447
623
455
587
583
763
543
579
595
631
531
591
655
655
543
539
471
559
723
659
583
631
611
555
527
575
575
707
619
563
575
619
559
615
439
587
599
559
603
467
507
455
527
455
607
539
527
591
483
571
615
623
367
591
455
563
635
551
619
519
663
607
507
563
647
491
571
647
563
643
567
647
515
547
495
579
675
575
443
479
519
579
583
595
607
583
511
727
575
535
607
647
435
599
579
559
587
547
619
559
587
607
535
695
527
439
563
687
515
615
587
539
643
511
451
551
583
603
703
627
567
459
467
695
667
539
627
591
583
483
723
619
767
643
539
603
615
551
495
611
599
515
535
515
511
663
587
615
535
711
475
655
723
659
463
547
411
607
563
595
687
595
539
751
659
535
571
639
431
371
507
571
555
515
667
531
431
675
539
539
635
631
523
491
591
675
563
643
519
583
635
651
507
587
547
459
667
627
583
727
519
551
619
647
547
635
607
571
439
499
595
655
639
607
551
499
519
383
483
591
559
0
763
187
683
323
1071
