323
554
435
615
394
683
443
722
367
703
563
627
371
663
343
494
455
563
387
671
343
719
447
438
475
647
463
542
255
655
347
715
423
651
547
675
487
503
387
551
451
587
355
551
355
647
467
594
471
587
547
579
450
719
427
523
406
598
419
643
383
603
459
647
427
691
623
623
442
631
407
623
447
599
431
479
614
523
359
563
455
607
491
467
555
635
431
635
479
635
423
619
411
710
311
699
407
563
355
751
418
651
462
727
351
595
283
559
439
723
423
575
530
659
307
587
523
635
471
587
451
579
471
715
447
575
395
654
414
698
443
703
383
583
435
675
447
635
431
739
427
779
375
598
475
703
447
763
383
503
459
523
335
439
407
575
523
623
411
622
607
851
475
662
507
638
535
634
459
591
479
647
427
595
575
623
423
775
338
735
407
539
219
567
519
795
539
575
459
599
447
595
531
663
515
590
439
659
563
731
314
643
450
575
463
695
367
619
358
659
431
715
431
663
358
519
379
583
387
651
407
707
431
747
507
615
394
607
418
631
299
511
479
471
427
619
443
431
491
763
411
563
571
551
267
507
519
583
483
703
435
639
555
491
539
842
383
695
491
627
339
427
399
455
479
583
483
599
403
642
335
587
475
659
539
559
287
539
391
603
367
615
447
619
486
723
543
559
474
723
415
507
451
706
451
611
519
667
515
615
267
663
347
707
426
503
526
667
419
499
423
803
483
719
427
563
427
587
467
667
395
643
375
619
451
774
323
718
395
679
451
559
439
631
527
691
439
647
511
615
387
550
463
687
506
559
418
627
363
563
387
651
299
715
491
655
367
615
495
650
407
631
351
671
314
643
487
575
643
635
455
679
655
639
507
643
523
603
435
515
427
547
379
827
447
679
363
723
391
687
351
567
511
679
407
659
555
619
511
679
299
654
487
635
499
663
327
655
483
547
466
727
339
551
395
799
475
639
539
755
426
547
547
707
559
515
451
534
335
707
339
418
339
594
479
635
363
651
410
719
447
563
530
686
463
714
375
731
419
607
543
595
503
887
542
703
423
455
487
603
447
571
519
619
575
747
635
751
383
495
567
695
327
675
363
699
315
670
583
663
426
627
339
562
531
659
487
607
407
663
563
727
319
615
427
543
414
491
35
250
279
311
119
675
415
643
303
543
371
599
467
423
407
291
411
510
443
419
507
423
423
355
603
511
379
251
419
347
462
367
330
395
398
411
575
447
387
351
347
287
435
435
559
443
503
323
443
579
363
411
519
311
399
399
519
483
455
446
379
443
411
382
386
251
519
343
262
302
363
451
459
314
423
479
423
475
555
523
458
395
403
447
495
439
319
435
519
527
394
387
515
423
415
475
447
415
547
339
379
387
427
539
491
247
383
515
431
343
498
347
611
355
414
343
322
475
407
383
311
347
471
495
339
431
431
370
243
315
451
407
599
286
479
403
399
263
443
319
575
551
359
475
391
319
331
487
467
399
491
355
367
366
367
447
555
398
383
395
539
218
555
395
407
494
435
415
475
431
387
347
435
371
467
455
327
474
519
354
383
486
471
395
395
327
459
507
471
535
326
355
415
394
535
439
347
427
431
343
431
263
403
503
603
355
515
502
423
399
395
411
463
387
423
319
403
431
387
523
455
463
351
459
511
387
479
347
391
475
367
519
403
255
603
319
571
391
611
491
459
394
447
391
551
479
379
395
431
367
350
379
403
511
387
519
295
519
523
479
475
179
379
319
395
399
459
483
327
583
414
359
479
399
451
351
487
543
439
383
447
287
359
395
399
359
471
367
383
354
431
434
563
319
523
366
394
451
363
538
526
362
355
395
403
439
534
359
523
399
375
495
387
331
259
387
419
311
467
387
487
442
307
359
339
503
435
483
387
442
483
339
375
366
559
386
467
427
506
499
359
343
391
399
427
451
543
431
395
435
571
467
407
411
515
415
391
511
326
431
455
367
387
391
539
375
423
371
351
387
594
351
295
379
443
347
343
295
455
431
507
363
443
415
239
323
467
474
547
279
402
467
435
331
483
383
435
426
451
451
426
435
527
311
383
295
307
511
375
330
355
275
407
363
482
398
463
459
439
347
423
371
527
427
442
359
259
399
343
407
435
379
343
375
355
491
315
314
326
319
359
442
371
411
415
362
243
431
495
339
571
371
411
331
387
474
323
399
387
315
447
407
490
415
443
299
454
419
479
471
391
407
515
355
435
375
507
495
414
347
487
467
411
547
459
323
443
467
539
475
395
331
443
407
451
295
379
347
386
422
347
311
263
366
443
291
406
335
351
363
447
403
415
179
275
243
375
251
483
274
395
539
67
7
371
443
