671
803
799
805
579
841
667
871
555
954
859
710
633
947
623
799
539
766
699
814
550
939
655
791
614
774
667
883
677
955
647
809
530
855
839
790
630
1011
718
842
602
817
635
825
527
849
499
979
561
797
667
823
671
747
631
953
614
750
543
765
799
823
799
835
642
767
719
903
709
891
715
789
695
735
653
907
683
779
602
757
501
830
654
843
675
815
743
919
654
771
715
927
463
866
649
842
562
823
739
919
662
825
527
835
763
758
585
858
715
891
663
857
667
815
647
959
586
945
615
1051
669
830
691
969
707
814
707
811
770
966
699
843
719
787
595
827
614
846
785
951
685
938
698
843
678
763
647
926
803
866
615
742
779
747
519
702
447
862
670
809
771
787
713
947
663
779
514
906
563
958
731
811
674
823
623
829
719
855
573
862
542
875
687
810
727
959
658
835
663
743
643
902
675
842
715
839
646
814
603
939
599
847
778
795
555
777
643
815
705
935
671
987
623
894
647
666
691
947
775
747
654
841
667
759
629
819
735
911
651
801
747
825
627
735
650
839
538
967
609
903
686
686
790
822
734
957
447
954
495
690
659
751
763
687
611
891
783
870
707
821
837
811
670
837
627
803
802
874
735
782
731
1006
539
790
719
815
615
931
731
870
623
715
551
877
589
895
563
886
695
843
675
782
771
807
715
790
595
875
707
779
521
851
723
1023
599
878
659
858
617
935
686
946
678
705
653
1034
627
862
627
1022
719
683
569
846
662
778
691
723
782
907
623
775
635
915
831
883
671
747
622
806
667
899
774
842
735
731
673
859
611
819
761
870
614
954
698
902
674
886
387
921
622
763
675
982
679
811
611
911
727
867
690
915
807
899
638
761
585
789
717
762
797
791
710
883
727
842
762
966
646
955
705
933
763
805
674
945
671
799
635
930
691
875
763
799
675
897
817
871
721
803
627
761
634
706
765
785
603
771
535
845
711
833
683
922
599
833
758
919
754
846
862
895
553
866
558
859
698
802
686
939
567
951
762
851
635
715
594
947
582
941
757
931
683
907
634
858
674
874
671
823
843
775
519
813
530
818
743
910
438
835
742
899
767
858
711
842
534
881
662
911
674
799
679
795
495
819
655
983
671
819
673
731
502
875
723
934
707
599
367
647
285
503
467
854
659
831
747
811
698
763
683
454
631
586
795
591
690
562
582
690
687
535
599
482
727
783
667
655
757
651
591
571
578
707
671
567
599
679
798
695
499
675
727
643
631
619
658
619
662
681
665
579
718
674
670
531
467
534
594
713
545
551
666
607
591
553
595
663
637
673
575
695
641
562
493
591
609
490
715
539
691
549
667
498
551
615
554
655
675
627
623
663
498
591
810
603
709
499
523
579
729
743
694
661
673
694
659
590
590
723
595
681
549
569
590
573
751
613
711
702
555
643
569
667
557
599
583
607
715
511
559
681
587
535
723
691
595
695
691
599
763
713
591
479
635
727
687
447
594
755
743
573
643
715
598
679
719
633
583
594
723
607
701
719
735
605
626
606
659
615
675
625
803
703
615
669
727
421
734
630
627
431
583
698
559
810
491
714
631
535
661
637
643
587
565
663
615
585
629
483
643
438
761
590
819
623
601
559
647
714
542
599
679
623
734
709
659
583
711
738
843
522
519
511
771
666
687
663
534
483
694
646
666
711
602
695
715
742
623
639
607
619
611
593
595
666
647
673
525
686
671
658
571
662
595
666
754
622
610
607
571
531
515
499
675
671
535
646
623
794
683
727
567
663
686
567
599
567
438
558
631
546
653
677
631
686
714
539
642
715
554
538
691
659
599
599
602
749
651
526
694
578
721
646
606
623
517
603
459
691
534
630
671
630
679
618
639
603
702
619
679
705
742
611
739
617
571
635
621
570
629
619
663
623
731
602
619
511
691
791
547
523
595
654
813
485
746
541
755
599
755
577
679
663
699
591
727
515
755
779
715
674
703
587
635
661
791
643
591
658
642
663
746
579
662
730
635
665
731
575
719
535
634
571
507
622
731
439
511
551
695
550
583
539
467
731
594
607
681
627
707
615
743
731
443
763
703
634
647
582
599
738
683
631
654
685
566
623
675
653
590
679
661
707
710
558
686
707
655
615
739
595
555
703
534
715
647
671
698
633
730
562
655
667
647
646
614
595
591
723
729
714
562
435
547
586
593
735
627
558
655
667
578
618
729
739
594
479
585
650
619
499
575
571
549
695
682
607
719
686
711
626
710
643
783
637
739
626
605
807
675
635
595
558
655
491
663
718
527
382
750
663
579
525
591
595
598
783
651
491
571
483
537
555
630
631
715
495
258
315
67
219
615
498
