639
847
695
807
670
855
475
959
555
835
699
822
551
851
507
727
531
851
474
899
703
839
711
619
627
903
499
838
639
847
659
791
727
895
699
1015
619
875
735
811
727
783
723
819
603
855
687
879
643
907
763
863
707
787
631
795
591
691
639
883
519
851
643
835
707
795
683
859
723
723
691
927
799
835
691
839
619
795
515
871
651
815
719
755
663
859
595
855
587
923
715
763
567
703
671
875
595
879
595
831
551
683
587
803
587
935
763
831
495
807
715
847
703
735
755
927
771
803
799
699
695
855
542
891
659
731
587
782
671
875
643
891
715
707
623
967
663
827
487
839
727
787
551
754
847
887
667
851
703
759
555
887
667
883
611
751
651
931
551
875
575
767
643
835
627
795
575
851
611
831
651
963
655
887
687
947
699
891
651
835
587
803
587
691
587
807
583
875
515
843
771
811
743
835
627
839
731
799
727
795
583
971
579
747
598
815
518
787
683
807
607
831
507
719
587
815
675
735
643
839
539
899
675
827
607
871
675
903
658
715
583
795
659
903
523
791
675
751
551
859
583
791
743
899
683
863
603
763
607
627
587
827
619
735
463
858
699
895
663
867
599
743
607
927
583
831
651
1015
599
883
639
939
647
803
715
823
591
999
623
783
647
1071
763
723
531
775
587
759
651
911
731
963
627
931
467
915
515
903
591
811
507
875
575
835
403
915
643
835
699
883
535
803
607
859
711
779
631
731
607
839
639
855
683
735
559
851
567
795
719
791
507
903
643
955
627
747
495
783
727
855
763
747
675
771
667
923
587
751
675
851
707
783
743
927
643
851
539
843
627
843
639
747
635
1075
483
791
831
827
719
735
799
879
823
903
574
827
631
859
667
871
675
971
539
743
587
875
647
707
635
819
695
831
511
671
591
911
771
723
591
747
651
843
667
827
491
915
759
763
635
807
687
703
599
819
739
763
687
851
659
851
591
847
615
871
571
747
619
863
571
847
627
883
547
731
651
899
767
851
719
811
595
863
659
803
755
835
543
939
539
819
535
955
695
883
607
866
751
827
611
775
519
663
703
927
499
727
667
883
643
823
795
903
659
959
671
915
479
795
655
891
559
1007
651
751
719
663
671
815
659
871
771
883
755
811
631
863
691
727
403
651
327
571
503
847
587
767
719
819
535
1043
631
619
691
587
667
567
559
675
583
675
507
651
551
563
695
619
643
675
635
487
539
535
611
595
623
603
579
559
635
579
503
671
619
579
651
595
647
631
531
615
619
631
651
655
539
587
647
515
791
527
775
663
703
435
778
687
471
651
503
479
643
523
659
579
603
467
543
603
599
739
571
539
563
638
647
707
635
519
515
519
639
567
535
719
643
543
635
459
511
671
535
571
579
603
723
671
603
583
563
559
695
611
679
607
487
567
582
767
591
515
787
551
651
771
639
559
587
563
747
547
647
563
727
391
495
547
683
535
775
619
567
719
687
799
635
531
631
647
615
511
535
443
603
519
587
463
663
527
663
651
551
687
735
507
579
755
647
627
603
575
743
571
539
675
639
731
727
587
678
443
587
643
423
547
607
671
595
751
611
619
691
551
651
607
615
591
671
603
451
627
703
591
563
575
631
627
587
579
567
531
619
463
639
599
643
627
679
683
727
603
663
659
615
610
487
567
663
635
615
571
551
671
503
631
663
655
719
627
563
607
695
855
567
563
703
715
539
483
539
535
671
515
755
567
519
503
715
683
663
515
579
679
579
695
555
543
619
627
683
735
579
495
559
635
651
659
431
651
447
571
543
679
679
531
607
679
903
651
599
523
711
687
575
515
443
655
611
691
567
615
571
663
627
679
579
527
635
651
595
451
651
539
639
687
559
491
531
611
679
587
667
475
723
475
527
523
531
499
607
543
499
579
635
567
639
519
659
575
703
443
691
623
551
639
479
655
719
607
627
619
595
687
679
659
623
667
551
487
647
603
587
591
687
599
531
727
639
683
619
615
683
487
579
579
555
759
646
567
719
475
567
599
531
603
571
695
711
687
699
523
563
639
603
479
623
631
419
671
495
635
695
643
715
551
607
519
579
619
591
639
599
623
647
731
439
683
663
515
691
687
547
566
739
627
611
543
683
671
683
487
615
483
591
575
579
519
643
583
535
611
591
551
559
691
483
651
691
583
679
627
691
687
655
731
575
523
583
535
671
495
559
495
559
595
635
499
583
495
623
603
651
467
731
523
631
487
591
527
735
667
519
698
607
707
539
459
635
503
539
547
595
671
571
527
655
503
651
587
599
507
711
611
487
631
627
563
663
655
627
495
627
487
759
619
639
563
503
487
367
0
703
575
243
515
