521
465
339
446
215
779
475
593
218
606
244
423
383
535
426
478
353
463
287
655
399
627
347
607
335
487
470
599
367
523
398
599
417
614
558
563
414
559
409
525
381
606
447
521
287
483
387
646
370
625
367
734
387
627
467
558
303
599
227
566
362
542
447
586
458
635
428
650
458
543
541
547
373
699
366
542
359
669
322
501
547
543
249
517
427
615
435
678
415
586
350
619
502
558
454
529
353
577
379
515
349
513
430
573
591
607
573
585
503
536
349
689
361
663
265
697
481
555
429
505
498
575
363
597
346
646
315
762
286
686
387
615
362
455
471
481
406
463
271
632
371
733
531
529
326
499
305
770
409
563
460
626
397
694
310
597
489
685
423
514
446
515
439
663
533
545
439
497
335
559
431
710
485
523
359
393
443
483
435
613
522
665
394
507
313
484
330
618
467
658
405
715
415
638
302
579
443
619
381
635
207
453
358
489
326
630
371
591
559
561
327
555
439
505
307
599
463
671
374
719
347
569
417
607
391
598
395
347
439
598
461
475
247
575
381
510
277
425
427
643
347
589
395
567
347
596
286
485
227
599
353
487
343
448
355
681
243
527
526
500
438
491
294
449
371
564
385
462
429
690
396
543
377
521
415
640
511
665
441
603
357
606
467
538
463
527
287
459
427
537
322
588
411
627
403
639
363
482
349
643
430
547
377
563
391
662
273
513
415
583
471
567
450
582
347
679
514
591
491
615
383
566
398
491
307
558
326
395
390
599
502
637
255
578
442
500
421
581
395
502
427
541
470
569
283
555
337
554
567
465
501
591
437
435
391
496
391
531
455
568
394
598
483
359
350
622
515
527
399
677
430
705
349
618
475
738
370
479
409
597
289
485
521
660
291
685
371
658
487
671
403
641
451
613
411
586
402
626
403
630
495
567
439
493
467
559
271
567
530
639
310
727
434
647
571
606
433
556
498
458
390
655
353
609
405
579
391
505
281
513
507
511
523
583
307
515
446
637
306
515
438
578
411
583
575
595
441
566
394
687
367
702
478
535
433
491
463
603
334
563
383
538
369
553
390
513
414
512
275
459
351
651
315
615
402
595
334
591
403
559
451
579
491
626
438
499
270
485
443
522
406
531
275
466
394
606
445
339
121
363
63
247
251
566
377
493
367
511
257
635
203
391
357
318
387
293
353
193
391
301
323
431
254
375
467
363
332
343
263
353
406
385
374
353
407
248
235
379
403
290
421
486
534
351
353
410
427
313
357
425
281
344
499
419
495
413
250
367
381
247
410
372
242
451
523
443
379
398
409
499
343
337
271
371
502
337
439
339
306
259
359
343
393
390
389
439
358
427
497
345
347
447
451
312
325
265
278
311
285
377
313
381
473
350
468
388
403
370
339
245
299
417
398
310
387
477
425
418
369
327
349
373
147
374
295
471
285
303
351
357
415
383
440
345
435
270
347
259
367
374
381
447
471
330
355
397
566
341
519
361
463
302
451
542
274
423
531
371
331
403
503
283
382
266
403
415
443
471
550
343
271
310
407
503
447
363
406
340
382
359
273
203
361
305
339
447
427
285
367
425
302
413
258
286
343
303
307
293
445
313
259
415
406
211
422
305
347
343
325
293
483
409
387
221
339
306
375
211
241
267
398
421
247
364
370
207
187
471
475
331
239
382
433
587
257
361
330
327
293
365
365
453
372
379
362
431
243
379
383
331
370
402
503
346
361
343
451
462
439
313
523
443
217
214
393
380
366
482
317
395
411
375
281
318
386
251
406
320
348
135
320
366
398
419
277
375
443
383
506
557
246
251
423
406
483
77
345
263
393
193
505
275
371
335
463
435
299
351
403
343
370
425
333
439
346
457
518
307
349
303
449
373
427
351
239
190
297
171
329
330
335
402
389
340
327
443
338
383
418
315
403
278
189
291
355
406
298
227
327
259
514
297
299
298
299
371
314
331
377
239
443
384
286
331
283
407
387
359
319
339
417
303
399
405
351
325
327
208
247
458
501
419
442
363
223
391
497
307
342
326
306
299
283
437
418
315
341
307
357
379
443
543
434
328
370
433
338
373
284
421
475
301
335
287
381
359
229
297
371
333
283
356
333
319
385
357
287
365
396
287
297
381
443
419
259
335
318
363
471
318
325
351
363
383
407
306
468
355
282
410
271
353
438
411
437
305
351
223
413
431
387
367
483
343
246
367
319
395
342
299
351
290
525
413
339
489
345
407
275
301
337
335
443
435
227
401
433
305
223
443
345
424
367
318
387
429
463
397
418
310
277
439
277
314
367
461
460
394
454
314
327
353
395
255
374
293
310
222
525
404
567
714
22
721
