1753
2208
1869
2134
1841
2119
1793
2150
1847
1898
1975
1935
1904
2049
1833
2103
1953
2231
1807
1964
1809
2159
1856
1915
1798
2111
1815
2104
1883
1969
1781
2099
1936
2215
1911
2095
1931
2097
2035
2040
1944
2111
2003
1845
1873
2080
1943
2071
1850
2058
1858
2127
1897
2137
1883
2119
1807
1970
1811
2053
1902
2118
1894
2146
1939
2130
1930
2144
1741
1909
1767
2218
1761
2104
1895
2183
1865
2087
1891
2252
1755
1869
1963
2112
1904
1951
1772
2063
1807
2144
1718
2107
1820
2170
1775
2175
1813
2189
1775
2180
1783
1975
1883
1955
1925
2119
1835
1931
1766
1822
1887
1957
1871
2199
1923
2281
1853
2051
1814
2144
1857
2178
1827
2094
1875
1887
1865
2146
1946
2093
1895
2071
1651
2150
1832
2145
1805
2096
1767
2134
1774
2158
1771
2164
1799
2054
1675
2071
1866
1915
1847
1947
1805
2091
1911
2197
1919
2209
1828
1971
2069
2199
1917
2099
1829
1939
1955
2193
1801
2170
1808
1944
1842
2045
1849
2121
1939
2045
1922
2138
1791
2051
1967
2162
1799
2175
1820
1963
1869
1878
1818
2159
1951
1974
1878
2181
1752
2078
1869
2146
1799
2139
1894
2183
1750
2083
1903
2090
1922
2071
1851
2134
1801
2093
1786
2151
1827
2055
1722
2118
1978
2093
1822
2111
1871
2091
1823
1942
1827
2247
1814
2086
1809
1901
1922
1946
1772
2117
1869
2061
1867
2233
1831
2141
1846
2186
1864
2067
1899
2054
1816
2053
1886
2149
1806
2259
1685
2199
1931
2159
1973
2045
1794
2058
1811
2108
1981
1955
1899
2167
1756
2125
1839
1909
1875
2199
1839
2278
1838
1975
1687
2082
1843
2045
1888
2106
1853
2067
1863
2153
1891
1922
1967
2113
1871
2154
1789
1905
1763
2046
1769
2154
1950
2258
1819
1891
2053
2285
193
2258
1873
2213
1925
2210
1878
2113
1854
2062
1867
2099
1787
2199
1759
2043
1839
2115
1763
2143
1819
2183
1885
2161
1902
2115
1891
2231
1756
2118
1823
2166
1974
1976
1718
2118
1922
1952
1947
2052
1830
1945
1898
2247
1921
2107
1970
2213
1955
1919
1909
2159
1799
2051
1817
2143
1819
2130
1857
2058
1779
2210
1917
2235
1762
1889
1867
2161
1795
2090
1894
1953
1894
2055
1887
2159
1807
2166
1755
2114
1727
1818
1887
2087
1867
2057
1931
2213
1830
2063
1913
2074
1837
2235
1869
2048
1722
2045
1827
2159
1839
2099
1949
1926
1834
2128
1895
2059
1762
2125
1815
2235
1902
2166
1847
2182
1915
2186
1867
2136
1835
2059
2023
1956
2049
2246
1798
2119
1961
2075
1942
2265
1921
2186
1855
2222
1773
2065
1903
2083
1855
2135
1853
2121
1767
1939
1791
2089
1818
2216
1772
2174
1953
2147
1744
2151
1799
2130
1887
2101
1889
2197
1914
2107
1905
1959
1940
1935
1867
2175
1887
2253
1861
2363
1850
2166
1901
2109
1868
2162
1833
2210
1799
2059
1875
2073
1838
1951
1851
1942
1605
1897
1526
1828
1714
2175
1906
2241
1641
1955
1870
2066
1878
1779
1831
1830
1863
1927
1923
1867
1805
1863
1799
1915
1728
1772
1774
1935
1797
1711
1879
1942
1874
1797
1927
1902
1841
1798
1905
1833
1815
1754
1826
1782
1885
1833
1846
1797
1897
1812
1798
1883
1947
1883
1707
1759
1811
1912
1840
1879
1838
1818
1881
1793
1823
1818
1943
1776
1833
1818
1779
1721
1882
1873
1754
1846
1847
1788
1817
1826
1880
1663
1853
1855
1885
1791
1924
1847
2076
1819
1864
1807
1791
1823
1894
1863
1821
1846
1711
1811
1811
1907
1855
1783
1899
1771
2245
1900
1819
1703
1778
1872
1848
1809
1805
1938
1891
1771
1837
1707
1831
1693
1889
1827
1753
1838
1946
1860
1887
1672
1839
1881
1711
1905
1915
1783
1954
1831
1655
1881
1926
1899
1834
1839
1735
1797
1831
1845
1834
1914
1934
1761
1854
1879
1921
1790
2059
1736
1961
1743
1872
1749
1851
1811
1661
1750
1841
1853
1842
1858
1879
1882
1879
1756
1921
1774
1939
1831
1779
2049
1839
1794
1799
1786
1889
1947
1894
1893
1968
1878
2059
1713
1807
1915
1814
1827
1878
1837
1835
1803
1931
1695
1905
1753
1831
1863
1890
2044
1931
1718
1829
1856
1780
1693
1861
1921
1786
1879
1855
1821
1874
1667
1778
1814
1888
1734
1901
1774
1790
1675
1835
1806
1813
1810
1810
1848
1802
1782
1859
1795
1861
1943
1825
1743
1912
1961
1879
1761
1763
1903
1882
1859
1815
1775
1863
1718
1693
1835
1848
1799
1814
1763
1835
1673
1905
1664
1834
1835
1910
1810
1958
1871
1855
1842
1899
1767
1839
1690
1759
1796
1916
1829
1831
2084
1819
1763
1903
1786
1698
1859
1796
1849
1673
1945
1722
1837
1747
1823
1933
1899
1757
1867
1797
1867
1929
1737
1779
1929
1847
1781
1785
1861
1670
1839
1859
1858
1697
1927
1895
1807
1831
1773
1782
1885
1847
1650
1971
1827
1975
1883
1947
1809
2057
1745
1797
1718
1857
1837
1851
1829
1847
1811
1835
1789
1863
1786
1913
1787
1887
1838
1965
1823
1838
1829
1837
1747
1725
1845
1790
1761
1833
1834
1787
1807
1877
1820
1811
1723
1828
1731
1831
1807
1891
1837
1746
1787
1771
1787
1943
1873
1820
1798
1912
1843
1859
1853
1941
1714
1742
1758
1795
1874
1839
1710
1805
1871
1867
1887
1785
1903
1906
1839
1824
1786
1846
1809
1714
1873
1767
1799
1951
1810
1793
1905
1851
1790
1915
1878
1845
1826
1933
1794
1686
1848
1875
1775
1886
1970
1807
1794
1851
1799
1851
2055
1820
1837
1799
1703
1867
1749
1823
1830
1829
1787
1771
1865
1770
1783
1833
1757
1798
1947
1779
1645
1810
1799
1889
1845
1795
1763
1882
1778
1954
1931
1848
1878
1927
1741
1780
1863
1850
1819
1956
1871
2074
1856
1752
1889
1757
1840
1770
1886
1711
1759
1895
1928
1814
1891
1807
1813
1891
1849
2065
1933
1831
1833
1780
1666
1925
1835
1725
1785
1895
1826
1737
1710
1723
1867
1815
1723
1879
1863
1828
1737
1667
1767
1916
2066
1767
1635
1904
1791
1898
1510
1624
1550
