1779
2067
3071
3067
3955
3183
3075
3007
1943
2975
3999
3031
1959
2979
4031
3011
2863
3403
3607
3419
2111
3947
3199
2959
1791
2971
4059
3855
4191
4427
2415
2931
4075
3003
1131
3175
2047
2991
2355
2995
895
2519
1923
2143
2915
3019
3995
2955
3087
2903
2291
2411
1651
3071
3959
3131
3039
2915
3099
3915
2235
2943
2575
2971
4047
2959
3151
3003
3811
2959
1971
2983
2243
3627
899
2959
2827
3391
2611
2023
4019
2935
2319
2927
2387
2883
2231
2347
2059
3959
2879
2951
2767
2819
2935
2967
2175
2959
4043
2983
2943
2451
2131
2487
2495
2967
1679
2579
2275
2959
2979
2951
4171
3059
3227
3003
2087
2071
2707
3163
3691
3215
2003
2994
2875
2771
2939
4055
2459
2951
4047
3007
2491
2967
2879
2939
2391
2971
2899
2991
1603
2995
3039
2963
4047
3019
2995
3883
3991
2999
3103
3015
2047
2975
2023
2979
4007
4027
2387
2967
4043
3007
2979
3043
1863
2955
2847
2979
2051
2955
1923
3631
2019
2995
2071
2975
4035
2867
3015
3975
1967
2971
2863
2947
2167
2971
1959
2947
2807
2967
2131
3231
3831
3259
2387
3119
3895
3163
1659
3003
2043
3387
3575
3383
3103
3983
2191
2983
1815
2975
2043
2515
2759
2963
4355
3007
2199
2951
4051
2999
3047
3035
2423
2963
2155
2007
3303
2967
4011
3023
1995
3407
3311
4015
1263
2959
2211
2879
2987
3963
4039
3019
3075
2983
2039
2311
2963
3011
4167
3011
2987
3067
1787
2963
2514
3003
4059
4055
1915
3115
4027
2807
1755
2967
4083
2999
1967
2955
3527
2959
4051
2987
2675
2823
2247
2955
4359
3251
3351
3983
4031
2927
2295
3019
1927
2979
2047
2951
4043
2987
1619
2959
4127
2999
2091
3883
1915
3087
3943
3151
3099
3043
1331
3027
2887
2971
2023
2979
3199
2967
4067
8151
1375
3019
4051
3015
2151
3827
1851
3151
2783
2971
3107
4067
4011
3023
1983
2963
4079
3015
2275
2959
1231
2967
1795
2943
4179
2995
3087
3943
2299
2963
879
2971
4079
3851
4055
2195
2115
2971
2295
2967
2783
3019
4007
3035
3719
2995
2083
2951
1211
2739
2111
2983
4079
3939
4051
3027
3315
2983
1891
2963
3039
3995
1959
2959
2631
2991
2835
2959
3739
2963
1999
3375
2871
2011
3443
3035
4031
3003
1731
3383
2935
2963
2287
2731
2575
2979
3211
3995
4079
3071
2163
2975
4043
3119
3139
3299
3663
4083
2211
2987
2483
2955
1767
3699
2111
2971
3039
2995
2543
2995
2015
2863
1991
2951
1647
2987
1967
2983
2463
2959
2611
2951
3735
3047
3307
2983
2071
2967
2011
2983
1987
2943
2111
2955
3223
3419
2891
2955
4035
3003
2083
2971
2055
2955
4027
3999
2875
2971
4067
3003
2999
3123
1283
2999
3995
3039
3063
3011
2835
2963
2463
2971
3439
3015
1635
2963
2983
2987
2823
2895
2859
2975
4083
3015
2179
2971
2183
2947
2111
2999
1571
2967
1655
2979
4019
3039
1411
2339
1391
3043
2171
2047
3039
3875
4119
3947
1443
2955
1871
2075
2207
3151
1779
2571
2934
3971
1575
3611
1963
1679
2911
1799
2099
1527
2183
2219
2291
1950
2391
2419
1987
1527
2115
2831
1895
1683
2395
2055
3051
2855
3043
1247
1727
2095
3103
2019
1958
2907
1919
1983
1819
2955
2306
1699
2955
3095
2079
4271
1563
1251
2015
1575
3035
2675
2695
2023
3103
1891
2079
2347
3199
1859
2579
1719
1971
3055
3959
2287
1583
2207
2299
2947
3071
2051
2947
4182
2887
2979
3179
1007
1879
1351
1751
1803
1651
1979
1999
1991
2099
2419
1783
2211
2439
2007
2643
2595
3215
1507
2679
3690
3019
1711
2335
2107
2971
2123
2291
1883
1771
2987
2531
2263
3139
3447
2307
2359
2159
2467
3223
1659
2451
2879
2547
1903
2895
1667
1643
1671
1394
1635
1727
3115
1511
1959
2215
2483
2463
1839
3239
4027
2891
1915
2067
2203
2903
3075
2015
2371
3971
2175
1755
2107
2790
1935
2491
2207
2111
2475
1151
3203
1919
1291
2403
2359
2875
2659
2739
1507
2067
2027
1859
2795
1895
1975
2999
1875
2071
2471
2431
2135
2095
2983
3075
2331
3059
1947
2183
1751
3182
1315
3135
2147
2931
3983
3831
3351
2891
3711
3131
1671
2315
1863
2987
2063
2971
2391
2303
1739
1883
2130
3271
2115
3743
2471
2311
2179
3503
1791
1535
2051
4115
1995
1947
2411
2359
2503
3243
2271
491
2010
3083
2891
2959
1874
2531
2119
1987
2759
2875
919
2187
3827
2203
3971
1299
2075
2275
3043
1559
2091
3011
2071
2003
3163
2855
3011
2275
2771
2743
2267
2915
2187
1783
2275
1791
3127
3038
1903
2883
2563
2979
979
1907
1939
1295
2387
2595
2091
3291
2899
3471
2007
3643
1839
2655
2307
1951
2171
3187
3927
1743
2187
2307
2703
3307
2095
991
1811
2447
2879
3023
2107
3207
2263
2823
2067
1979
2179
4079
2427
2843
1711
1615
1723
1771
2047
3039
3243
1927
2211
2023
3199
4023
2035
2435
2987
2123
1655
3207
2199
3047
1335
2947
2075
2079
2715
2455
2835
2311
2451
3107
1739
3406
2147
2079
1835
2967
1895
1343
2283
2823
2227
1487
1679
2027
2143
2063
1847
2371
1927
3007
4079
2091
1963
2063
4087
2699
2814
1995
3331
3739
3123
3183
2171
2235
1979
2207
1474
1735
1731
3051
2051
2587
3731
1883
2775
2079
1991
2903
2159
2619
1943
3199
2103
2371
1911
3919
2079
2375
1759
2018
3011
1835
2951
4090
1663
3091
2827
2971
2775
2699
2763
2903
2983
1923
3059
2235
2383
2955
2015
2635
2183
2291
2035
2239
2023
2507
3011
4011
1787
2491
2031
2039
4119
2863
1979
2895
2890
2459
1907
2507
2695
1659
1711
2411
2587
2067
2183
2315
7215
2187
2751
2099
2235
1447
2255
3135
3175
1903
2255
2987
2379
2047
1795
3007
2855
2847
3083
4079
2923
1307
1327
2199
3999
2183
3951
1463
1871
1883
2395
2079
2903
3071
2135
2115
2155
2119
2183
3159
2451
2087
2103
2027
3135
1991
2019
2195
2586
2195
3163
2039
1959
1903
1815
2171
2111
3071
3031
3259
2319
2859
3183
