683
911
563
671
559
719
611
779
439
767
571
671
631
775
551
699
659
883
687
599
595
835
535
863
591
671
695
915
579
751
639
843
623
851
603
787
639
799
603
823
591
699
735
927
443
763
623
867
635
755
503
919
579
683
739
843
623
843
695
803
643
787
763
847
487
783
587
983
651
879
727
775
559
659
587
719
631
887
591
951
715
875
539
927
587
819
643
811
463
819
491
611
551
715
631
711
567
735
683
891
575
639
531
755
575
811
519
843
671
863
739
763
559
723
599
763
663
763
687
947
671
755
591
895
491
759
703
747
515
859
587
891
691
743
703
819
643
899
543
715
535
835
423
775
603
795
575
847
651
875
587
895
623
799
647
871
511
795
679
943
587
783
567
819
671
827
487
747
523
731
707
651
491
659
691
955
655
703
587
831
571
771
623
683
531
715
623
819
667
767
579
871
559
763
519
891
559
767
631
739
623
739
771
835
499
771
423
771
675
995
579
843
487
947
603
899
563
655
575
907
647
803
671
895
631
819
619
759
599
871
583
775
615
719
559
827
635
899
727
843
611
871
631
759
731
775
503
691
515
751
671
779
647
771
603
983
739
739
687
823
467
767
587
883
531
739
615
803
539
771
651
803
555
915
623
747
631
847
651
871
555
719
567
727
615
783
571
767
619
875
647
771
511
779
599
827
679
791
623
763
571
783
535
935
595
895
595
827
659
759
583
931
627
723
671
703
543
675
751
795
539
691
707
835
567
719
655
711
679
731
543
919
635
735
595
735
715
771
527
731
579
871
443
803
639
775
599
731
615
755
651
679
563
787
611
875
531
823
603
759
535
831
531
851
619
707
595
847
591
811
607
771
627
891
631
851
555
779
547
739
547
711
547
847
691
711
735
919
543
827
531
935
563
671
619
739
619
627
787
871
611
883
515
943
587
867
579
839
511
747
555
923
563
687
599
971
619
799
683
839
643
707
711
707
475
791
567
767
583
827
675
795
467
775
715
839
635
795
619
759
583
791
495
755
703
787
599
759
579
811
711
779
619
675
639
683
619
875
623
811
487
871
619
895
587
607
527
943
675
659
659
587
675
787
503
723
551
747
643
815
647
883
543
915
655
891
583
811
419
855
615
855
627
819
643
867
503
703
231
511
307
527
447
787
547
803
383
767
515
815
531
347
675
659
699
595
487
687
451
475
691
611
619
511
627
463
595
523
563
587
555
511
551
499
535
503
735
455
471
611
707
503
599
579
483
631
575
627
499
615
523
759
711
531
427
563
515
631
575
495
563
555
463
639
611
631
643
535
567
311
479
403
507
583
699
627
599
595
731
491
667
599
663
539
647
455
683
591
615
491
579
367
587
667
659
507
555
615
631
707
507
639
491
555
575
651
559
431
547
707
395
671
543
683
627
483
463
491
463
639
663
503
659
587
639
571
691
531
495
587
539
803
515
427
639
523
607
591
563
583
599
531
543
583
527
631
503
591
631
611
695
455
511
503
539
515
539
499
583
431
639
463
567
575
631
587
463
487
627
551
643
515
707
627
603
555
699
579
427
411
595
727
415
583
471
443
623
563
559
707
403
703
559
599
519
559
627
687
487
719
579
511
575
511
659
619
519
519
615
607
547
579
575
603
651
475
695
527
623
495
487
531
583
431
607
471
627
679
675
507
511
455
583
755
575
503
555
563
595
467
511
623
491
495
627
643
599
563
595
539
679
655
707
655
579
795
551
627
535
483
631
623
703
611
559
547
483
591
623
531
663
531
407
503
623
607
519
583
587
547
651
579
455
503
647
567
639
575
619
699
699
591
659
635
627
631
643
419
671
519
591
547
703
479
535
631
603
543
519
515
499
711
547
627
755
575
695
543
703
591
511
511
619
695
595
531
603
559
563
627
643
647
551
595
563
555
655
583
543
583
539
467
499
575
651
551
531
507
631
643
915
783
531
647
579
691
587
383
615
403
639
647
539
603
635
595
547
563
647
511
555
591
619
459
555
567
623
623
671
587
523
703
475
483
495
531
755
683
647
487
611
627
527
543
459
671
539
631
707
499
607
543
627
543
779
639
487
503
575
611
535
531
703
547
611
543
635
503
435
607
475
703
495
451
707
563
619
631
539
563
523
687
375
595
587
503
563
495
555
575
603
531
603
723
563
539
567
635
567
535
595
371
631
527
611
579
575
535
483
727
559
451
567
455
655
383
571
523
723
523
703
647
607
527
539
551
711
703
587
503
559
491
599
583
535
643
615
411
535
639
643
703
487
627
679
679
655
611
555
583
575
527
655
563
655
615
671
611
643
627
447
475
499
611
535
523
471
591
967
1063
675
155
503
1063
