1591
1879
1675
1919
1595
1847
1538
1907
1699
1915
1595
1843
1647
1887
1723
1813
1543
1819
1579
1783
1506
1791
1571
1879
1687
2075
1567
1915
1567
1890
1650
2019
1715
1911
1635
1863
1486
1862
1491
1803
1599
2039
1698
1867
1502
1783
1738
2011
1743
1855
1611
1894
1715
1819
1641
1898
1554
2035
1619
1867
1533
1791
1726
1899
1687
1679
1747
1883
1610
1858
1622
1811
1679
1902
1606
1834
1606
1851
1642
2038
1731
2019
1550
1870
1679
2018
1603
1883
1747
1798
1681
1915
1591
1775
1734
1843
1859
1774
1527
2043
1726
1898
1554
2102
1507
1823
1603
1895
1579
1846
1638
1910
1763
1783
1611
1799
1682
1775
1593
1775
1663
1919
1603
2027
1451
1659
1631
2186
1639
1922
1583
2015
1703
1790
1663
2062
1527
1847
1627
1847
1643
2051
1566
2058
1579
1891
1567
2015
1499
1867
1767
1830
1659
1583
1790
1815
1571
1706
1506
1891
1475
1743
1491
1795
1663
1799
1727
1783
1687
1725
1675
1827
1530
1751
1746
1919
1646
1783
1674
2027
1707
1706
1538
1818
1431
1915
1599
2018
1535
1895
1803
1782
1663
1847
1703
1870
1455
1759
1467
1851
1606
1751
1633
1815
1535
2031
1463
1907
1651
1742
1594
2051
1510
1714
1794
1859
1603
1779
1579
1710
1675
1731
1527
1838
1611
1659
1731
1879
1607
1905
1431
1915
1607
1818
1631
1833
1583
1783
1687
1899
1627
1819
1499
1727
1535
1711
1687
2071
1675
1638
1739
1779
1803
1791
1795
2027
1651
1831
1619
1910
1546
1759
1587
1635
1545
1851
1591
1891
1531
1830
1799
1854
1518
1783
1671
1909
1614
1858
1647
1839
1771
1843
1571
1771
1587
1778
1646
2027
1582
1751
1703
1846
1682
2107
1751
1851
1707
1855
1527
1910
1607
1823
1639
2015
1590
2027
1559
1747
1567
1890
1607
1707
1673
1781
1555
1902
1490
1759
1554
1899
1675
2055
1729
1866
1451
1697
1714
1803
1543
2051
1591
1699
1663
1651
1683
1879
1607
1670
1530
1835
1562
1757
1639
2047
1623
2011
1695
1899
1719
1827
1491
1867
1583
1806
1594
1922
1571
1678
1671
1867
1707
1910
1695
1858
1639
1866
1754
1683
1791
1883
1786
1883
1587
1815
1626
1827
1779
1882
1727
1798
1559
1863
1563
1689
1587
1818
1702
1919
1671
1887
1754
1787
1639
1723
1777
1883
1679
1735
1450
1890
1575
1895
1711
1754
1557
1771
1618
1715
1626
1907
1750
1879
1662
1767
1775
1811
1630
1743
1607
1822
1703
1735
1531
2023
1679
1757
1715
2025
1554
1831
1486
1867
1587
2082
1678
1927
1627
1778
1531
2115
1639
1790
1711
1815
1561
1907
1755
1903
1583
1895
1563
1851
1706
1854
1642
1735
1579
1819
1747
1667
1695
1767
1679
1911
1806
2047
1706
1911
1577
1835
1647
1867
1590
1725
1523
1867
1659
1863
1779
1683
1551
1783
1514
2027
1627
1783
1699
1862
1666
1847
1699
1799
1690
2027
1683
2010
1638
1710
1307
1583
1403
1547
1313
1902
1579
1703
1575
1714
1655
1807
1667
1699
1655
1607
1687
1674
1538
1491
1579
1455
1735
1663
1382
1539
1562
1611
1639
1494
1715
1477
1623
1623
1635
1675
1627
1563
1523
1646
1631
1650
1602
1811
1599
1567
1543
1539
1739
1695
1806
1591
1739
1615
1595
1618
1595
1583
1625
1594
1639
1543
1659
1711
1779
1655
1635
1767
1631
1467
1675
1607
1651
1531
1602
1475
1455
1775
1567
1595
1587
1686
1698
1607
1626
1638
1643
1614
1671
1427
1691
1711
1627
1747
1663
1491
1630
1503
1571
1599
1598
1675
1685
1467
1571
1531
1727
1623
1667
1579
1679
1654
1595
1419
1679
1647
1651
1663
1623
1663
1658
1495
1563
1567
1695
1502
1730
1619
1583
1637
1567
1603
1607
1534
1646
1717
1743
1499
1591
1575
1495
1475
1459
1515
1519
1551
1611
1667
1579
1647
1647
1687
1710
1583
1607
1699
1623
1630
1631
1719
1495
1399
1666
1631
1582
1487
1626
1621
1586
1503
1710
1571
1643
1411
1681
1662
1503
1659
1531
1643
1614
1647
1675
1462
1671
1619
1683
1667
1659
1706
1554
1643
1767
1763
1623
1675
1702
1583
1571
1763
1658
1586
1767
1623
1683
1582
1645
1635
1555
1495
1675
1523
1627
1659
1743
1631
1595
1659
1658
1687
1586
1539
1555
1595
1686
1690
1646
1619
1674
1479
1550
1654
1499
1611
1455
1681
1631
1510
1694
1574
1687
1579
1699
1699
1690
1418
1587
1534
1751
1439
1615
1627
1630
1661
1771
1607
1602
1675
1718
1615
1751
1607
1531
1550
1518
1563
1643
1686
1663
1579
1554
1610
1606
1655
1503
1634
1463
1631
1627
1615
1666
1647
1715
1751
1727
1523
1578
1711
1495
1631
1763
1567
1571
1699
1639
1694
1459
1569
1630
1722
1511
1543
1779
1710
1691
1546
1691
1587
1565
1694
1718
1435
1639
1687
1506
1527
1663
1587
1739
1759
1567
1639
1687
1599
1610
1543
1551
1675
1730
1491
1591
1575
1667
1515
1527
1703
1671
1626
1651
1370
1611
1523
1559
1587
1459
1558
1571
1531
1694
1499
1758
1543
1639
1571
1575
1523
1503
1655
1591
1518
1530
1523
1534
1559
1602
1535
1711
1630
1615
1459
1526
1783
1746
1566
1590
1503
1602
1535
1694
1606
1699
1647
1707
1623
1534
1763
1739
1742
1579
1662
1695
1551
1501
1735
1539
1667
1539
1462
1547
1615
1687
1637
1599
1519
1598
1571
1667
1603
1659
1703
1514
1559
1479
1538
1603
1621
1599
1605
1627
1619
1631
1619
1719
1634
1583
1711
1471
1623
1638
1499
1718
1519
1703
1615
1703
1550
1638
1570
1574
1707
1415
1518
1583
1510
1559
1519
1663
1583
1623
1542
1626
1627
1659
1551
1622
1550
1667
1655
1599
1522
1563
1594
1567
1819
1578
1614
1478
1702
1615
1643
1587
1666
1475
1454
1446
1667
1507
1558
1558
1515
1595
1763
1679
1647
1675
1691
1631
1606
1662
1558
1682
1699
1671
1603
1611
1658
1678
1491
1599
1507
1635
1543
1531
1615
1615
1575
1647
1555
1615
1523
1599
1703
1499
1479
1615
1651
1582
1687
1666
1486
1767
1679
1595
1767
1414
1378
