1619
1871
1731
2051
1679
1699
1519
1803
1643
1887
1547
1850
1658
1881
1707
1753
1719
1835
1687
2022
1498
1886
1599
2011
1717
1754
1609
2051
1639
1891
1719
2083
1559
1843
1667
1831
1562
1819
1671
2011
1663
1797
1535
1810
1506
1823
1679
1783
1587
2019
1579
1850
1631
1811
1579
1866
1698
1823
1599
1795
1467
2031
1691
1891
1587
1719
1579
1883
1650
1763
1654
2087
1651
1786
1727
1786
1651
1707
1655
1907
1570
1903
1791
2031
1707
1719
1579
2134
1525
1855
1562
1898
1666
1763
1642
2015
1595
1887
1591
1774
1667
1907
1819
2031
1779
1883
1543
1819
1846
1794
1667
1927
1707
1878
1603
1759
1581
1818
1615
1819
1658
1891
1687
1870
1506
1859
1499
1775
1623
2019
1643
1859
1619
1831
1475
1911
1763
1783
1583
2063
1611
1750
1659
1705
1791
1819
1727
1831
1634
1879
1630
1826
1679
1895
1655
1787
1603
1839
1635
1802
1739
1919
1822
1791
1623
2031
1635
2105
1658
1859
1670
1834
1614
1731
1682
2067
1690
1891
1819
1851
1603
1875
1611
1786
1578
1787
1618
1834
1695
1890
1727
1854
1707
1819
1507
1867
1595
1847
1742
1779
1563
1831
1679
1779
1743
1695
1726
1875
1658
1861
1690
1887
1675
1811
1703
1731
1611
2011
1643
1815
1679
1895
1718
1775
1507
1795
1803
1827
1519
1875
1651
1771
1599
1763
1614
1835
1542
1851
1703
1867
1702
1851
1631
1783
1635
1915
1662
1851
1451
1778
1662
2034
1691
1659
1731
1814
1519
1610
1655
1639
1607
1783
1667
1839
1691
1755
1683
2039
1679
1798
1691
1815
1515
2019
1743
1883
1635
1875
1675
1823
1599
1691
1599
1735
1667
1839
1595
1798
1643
1739
1730
2043
1594
1719
1807
1863
1586
1747
1655
1811
1451
1875
1787
1691
1538
1871
1586
1783
1607
1895
1651
1823
1687
1759
1603
1790
1575
1654
1567
1827
1607
1919
1767
1830
1603
1831
1671
1807
1599
1839
1563
1838
1751
1722
1695
2026
1603
2055
1607
1871
1655
1791
1703
1811
1610
1754
1663
2047
1615
1803
1527
1763
1751
1819
1679
2025
1447
1851
1535
1867
1663
1733
1707
1911
1638
1926
1595
1826
1659
1799
1663
1775
1670
1782
1691
1842
1763
1751
1599
1903
1471
1758
1646
1911
1739
1850
1714
1911
1630
1791
1647
1911
1510
1850
1626
1795
1603
2055
1770
1787
1523
1874
1811
2051
1654
1895
1710
2010
1773
1807
1683
1870
1599
1707
1635
1799
1654
1775
1591
1883
1527
1841
1757
1835
1599
1915
1587
1859
1618
2038
1547
1887
1667
1881
1662
1691
1559
2046
1667
2027
1546
1810
1695
1895
1687
1795
1575
1867
1611
1806
1643
1895
1663
1775
1611
1731
1575
1603
1527
1847
1806
1871
1635
1815
1683
1767
1631
1910
1611
1779
1583
1749
1634
1783
1767
2113
1654
1734
1823
1875
1543
1899
1771
1867
1618
1878
1642
1871
1614
1839
1691
1919
1603
1759
1711
1822
1647
1647
1351
1635
1351
1503
1239
1919
1639
2014
1619
1707
1474
1807
1763
1686
1575
1515
1679
1806
1754
1641
1351
1479
1517
1566
1690
1583
1619
1602
1711
1671
1622
1510
1658
1523
1527
1447
1635
1574
1770
1483
1549
1683
1597
1703
1619
1567
1687
1558
1663
1463
1602
1515
1703
1626
1695
1655
1511
1526
1631
1719
1571
1575
1602
1663
1439
1707
1715
1615
1511
1667
1627
1575
1589
1519
1682
1498
1551
1414
1615
1707
1647
1571
1563
1651
1699
1567
1467
1559
1622
1614
1662
1723
1647
1539
1555
1575
1507
1559
1503
1627
1567
1615
1775
1631
1646
1535
1678
1714
1735
1491
1611
1731
1567
1778
1759
1527
1535
1599
1659
1499
1719
1482
1550
1435
1671
1659
1723
1515
1743
1683
1614
1543
1638
1610
1595
1430
1762
1567
1735
1570
1699
1583
1579
1662
1530
1486
1738
1427
1739
1567
1546
1602
1559
1539
1694
1667
1595
1763
1683
1730
1667
1607
1567
1634
1598
1535
1607
1630
1579
1509
1602
1614
1579
1727
1751
1643
1667
1639
1663
1538
1518
1559
1675
1663
1707
1619
1547
1590
1635
1618
1574
1495
1514
1515
1475
1631
1599
1579
1702
1603
1551
1466
1627
1571
1603
1523
1707
1702
1779
1691
1651
1515
1683
1671
1515
1679
1599
1643
1655
1602
1551
1571
1575
1555
1811
1647
1559
1742
1611
1519
1575
1623
1603
1565
1677
1623
1718
1558
1571
1770
1571
1542
1595
1478
1535
1747
1763
1475
1499
1527
1690
1431
1483
1655
1670
1527
1623
1743
1695
1543
1695
1487
1566
1579
1641
1543
1599
1551
1594
1571
1559
1679
1543
1427
1715
1651
1590
1535
1607
1550
1559
1534
1618
1586
1659
1671
1698
1723
1674
1622
1519
1715
1483
1703
1547
1591
1545
1427
1618
1599
1671
1622
1771
1563
1566
1661
1659
1654
1554
1486
1751
1659
1471
1587
1639
1579
1538
1485
1643
1649
1747
1491
1767
1715
1530
1611
1671
1607
1651
1547
1571
1611
1479
1611
1693
1679
1551
1507
1594
1631
1674
1734
1643
1726
1663
1519
1715
1803
1479
1635
1579
1567
1719
1566
1822
1583
1555
1543
1707
1634
1618
1563
1518
1554
1726
1535
1686
1667
1635
1574
1718
1670
1613
1611
1513
1479
1579
1642
1647
1590
1699
1727
1731
1687
1591
1555
1618
1659
1519
1551
1559
1511
1651
1619
1655
1503
1674
1582
1643
1571
1698
1487
1650
1655
1607
1643
1755
1611
1583
1751
1687
1511
1671
1651
1563
1542
1667
1539
1707
1575
1719
1499
1547
1602
1575
1603
1619
1603
1694
1739
1547
1710
1662
1606
1607
1579
1603
1687
1515
1471
1579
1623
1451
1494
1579
1683
1706
1710
1622
1634
1499
1579
1558
1655
1711
1551
1587
1651
1539
1459
1711
1531
1659
1623
1783
1647
1569
1683
1663
1599
1499
1463
1643
1595
1675
1675
1587
1495
1703
1667
1686
1614
1751
1667
1534
1567
1527
1582
1611
1727
1647
1635
1606
1713
1647
1690
1659
1667
1546
1651
1647
1487
1698
1694
1543
1454
1738
1595
1539
1503
1658
1603
1659
1663
1587
1567
1522
1615
1703
1543
1294
1366
1618
1431
0
1702
