1309
1638
1383
1526
1407
1559
1615
1881
1363
1825
1395
1571
1455
1587
1430
1635
1427
1821
1423
1882
1366
1490
1410
1634
1351
1827
1622
1634
1535
1635
1305
1575
1491
1641
1294
1931
1545
1515
1525
1627
1239
1531
1619
1883
1339
1607
1495
1879
1479
1933
1395
1865
1339
1847
1490
1647
1431
1543
1507
1566
1394
1631
1459
1863
1451
1475
1458
1647
1523
1611
1391
1605
1474
1805
1371
1842
1399
1646
1243
1866
1357
1547
1446
1574
1338
1535
1361
1647
1545
1510
1483
1575
1403
1807
1375
1863
1426
1615
1430
1899
1451
1807
1510
1874
1367
1859
1467
1521
1485
1579
1425
1522
1371
1590
1335
1518
1326
1569
1391
1585
1447
1845
1427
1623
1283
1859
1426
1971
1409
1631
1535
1805
1485
1551
1470
1635
1327
1631
1518
1903
1395
1597
1438
1541
1411
1517
1471
1877
1410
1837
1427
1867
1479
1858
1426
1815
1425
1854
1307
1909
1386
1831
1435
1807
1411
1854
1291
1587
1435
1875
1367
1470
1387
1815
1387
1521
1315
1595
1363
1587
1349
1571
1402
1587
1373
1547
1514
1841
1395
1843
1367
1907
1434
1539
1459
1575
1398
1959
1391
1849
1209
1807
1321
1635
1427
1582
1490
1618
1522
1563
1447
1863
1551
1583
1251
1830
1315
1834
1342
1495
1538
1573
1418
1613
1403
1641
1403
1859
1430
1819
1307
1867
1323
1514
1319
1605
1445
1587
1374
1826
1478
1585
1455
1821
1410
1807
1498
1849
1455
1555
1242
1481
1331
1603
1471
1554
1535
1547
1397
1923
1529
1601
1303
1955
1377
1645
1397
1587
1482
1643
1447
1845
1403
1622
1401
1587
1429
1927
1505
1875
1469
1479
1371
1619
1335
1887
1431
1491
1462
1595
1407
1826
1345
1638
1302
1831
1314
1543
1305
1602
1474
1611
1479
1834
1433
1577
1525
1562
1375
1814
1438
1498
1421
1547
1518
1507
1314
1473
1459
1646
1414
1581
1523
1829
1511
1641
1313
1843
1462
1517
1511
1591
1483
1591
1542
1887
1546
1849
1543
1603
1502
1539
1458
1629
1451
1597
1403
1831
1371
1559
1337
1882
1317
1833
1450
1531
1330
1623
1265
1610
1487
1619
1459
1561
1402
1607
1365
1850
1382
1649
1265
1542
1371
1582
1441
1869
1275
1587
1390
1537
1395
1806
1307
1853
1293
1610
1319
1409
1430
1555
1399
1618
1458
1469
1403
1591
1370
1599
1434
1923
1261
1627
1347
1547
1522
1614
1355
1854
1341
1866
1363
1562
1451
1579
1370
1867
1457
1807
1479
1895
1263
1841
1383
1819
1403
1579
1447
1554
1383
1567
1554
1583
1367
1839
1386
1899
1314
1807
1475
1982
1342
1835
1359
1815
1302
1861
1563
1807
1474
1639
1415
1646
1511
1607
1382
1499
1331
1641
1359
1599
1359
1594
1582
1874
1459
1471
1414
1871
1467
1823
1359
1866
1290
1561
1510
1851
1247
1502
1342
1599
1367
1867
1310
1605
1482
1570
1501
1567
1351
1579
1523
1637
1383
1871
1381
1530
1361
1455
1103
1346
1018
1289
1150
1893
1411
1459
1361
1618
1299
1646
1447
1497
1509
1547
1455
1241
1403
1295
1445
1271
1410
1465
1494
1294
1383
1419
1441
1487
1341
1455
1319
1470
1394
1483
1359
1327
1429
1397
1397
1487
1490
1337
1377
1379
1390
1475
1287
1490
1522
1322
1293
1323
1387
1303
1387
1394
1375
1397
1315
1306
1445
1421
1263
1499
1401
1322
1310
1443
1415
1231
1243
1359
1455
1441
1471
1289
1443
1279
1523
1379
1402
1323
1342
1445
1331
1450
1482
1294
1433
1442
1517
1446
1407
1365
1431
1311
1467
1217
1271
1351
1418
1515
1307
1311
1402
1411
1342
1499
1403
1335
1419
1447
1363
1411
1355
1359
1247
1471
1343
1327
1387
1471
1219
1339
1450
1386
1475
1407
1295
1395
1427
1369
1351
1418
1470
1317
1305
1529
1430
1391
1471
1278
1382
1370
1422
1326
1275
1381
1425
1243
1287
1459
1415
1445
1255
1295
1410
1567
1375
1321
1523
1255
1355
1377
1475
1483
1326
1351
1361
1349
1443
1526
1383
1549
1394
1341
1350
1355
1455
1370
1410
1227
1385
1391
1331
1463
1575
1439
1451
1463
1345
1249
1229
1402
1383
1327
1423
1241
1367
1553
1413
1402
1347
1351
1431
1262
1302
1430
1461
1369
1318
1315
1406
1527
1441
1383
1439
1366
1355
1322
1551
1471
1463
1327
1323
1325
1343
1383
1309
1373
1455
1363
1271
1325
1382
1206
1465
1365
1423
1373
1563
1415
1403
1405
1291
1327
1562
1374
1391
1398
1447
1370
1387
1403
1438
1378
1402
1422
1418
1310
1402
1421
1355
1319
1417
1427
1335
1498
1423
1334
1327
1462
1242
1411
1333
1371
1365
1339
1299
1382
1413
1307
1323
1407
1386
1450
1461
1387
1289
1423
1443
1371
1311
1330
1487
1283
1367
1427
1403
1427
1371
1391
1291
1334
1558
1295
1423
1449
1293
1377
1505
1402
1386
1327
1411
1417
1391
1402
1515
1389
1335
1299
1299
1487
1411
1373
1322
1355
1447
1219
1635
1411
1469
1247
1457
1411
1391
1523
1339
1469
1449
1319
1438
1379
1302
1491
1398
1462
1566
1338
1493
1338
1375
1395
1287
1310
1467
1413
1298
1379
1401
1555
1451
1385
1429
1499
1458
1293
1414
1443
1443
1487
1325
1329
1309
1279
1399
1345
1373
1381
1362
1301
1430
1375
1370
1369
1394
1403
1577
1362
1301
1307
1475
1434
1415
1219
1473
1542
1374
1449
1471
1467
1285
1391
1417
1351
1317
1410
1530
1471
1405
1363
1595
1403
1342
1483
1254
1278
1479
1401
1403
1233
1329
1370
1401
1379
1339
1499
1519
1399
1287
1425
1403
1383
1567
1289
1301
1466
1270
1363
1391
1343
1314
1246
1475
1461
1487
1391
1409
1362
1266
1225
1419
1419
1355
1289
1327
1331
1483
1281
1435
1455
1390
1398
1391
1417
1493
1267
1369
1330
1437
1431
1218
1333
1355
1310
1331
1421
1362
1259
1473
1255
1483
1411
1270
1375
1299
1425
1511
1375
1481
1478
1465
1331
1446
1411
1413
1367
1473
1359
1410
1467
1483
1275
1403
1535
1554
1330
1371
1306
1447
1415
1569
1439
1379
1422
1334
1287
1571
1038
995
1410
1346
1183
