1435
1435
1395
1387
1443
1394
1391
1355
1263
1279
1747
1414
2255
1383
1383
2443
2863
1435
1431
1355
823
1315
1635
1443
1543
2543
1343
1315
1523
2079
1323
1399
1235
2567
2979
1635
1811
1571
1427
1418
1506
1535
1767
2363
2906
1387
1214
1395
2318
1419
1379
1407
1599
1399
1399
1303
1499
1378
1223
2931
2875
1419
0
1415
2862
1879
2950
1411
1631
1383
2278
1391
2347
1399
2595
1395
2767
1275
1318
1439
1286
2250
2939
1391
791
1587
1411
2999
2939
1387
1415
2335
2979
2411
3051
1735
2483
3127
1367
1150
2975
2079
2227
2983
1390
1339
1391
3095
2935
1359
1379
1375
1543
1391
1555
2334
2935
1375
1579
1487
1527
1363
1823
1419
1403
1387
1751
1395
1402
2962
2903
1395
119
1423
1239
1179
1390
1403
450
2087
1503
2683
2919
1411
1806
1295
1338
1395
1263
1435
1530
2251
274
1351
1447
2467
1231
1442
1427
3142
2875
1371
1599
1919
1874
1646
1595
2507
2918
1359
1343
2902
1690
1419
467
1391
1459
2819
2915
1427
1555
1371
2175
1415
1523
1386
1286
1451
2071
1698
2287
1603
1295
1427
1234
1422
1323
1135
1383
1407
1415
1423
3511
1035
2451
2375
2355
1399
2051
1371
1471
1415
1455
1395
1559
1375
1507
2479
2899
1363
1511
1403
1699
1403
1255
1395
1439
1387
1575
1403
1450
1131
2086
1499
2907
2727
2883
1419
1423
1462
1511
6995
1387
1351
1475
1415
2547
1407
1551
1878
3066
1571
1415
1379
1351
1435
1883
1391
3131
2835
1650
1387
1371
2451
2875
1419
1379
1378
1654
1459
1550
1427
1367
3019
211
1299
1359
3151
2887
1427
2994
1479
2423
1391
1639
1379
1411
1371
1407
1375
2291
1423
2719
2799
2894
1458
1546
2763
1230
2755
2847
1603
1439
3127
2903
1447
1415
1375
1307
1387
1395
1415
1379
1387
1759
1143
2995
2794
1598
1391
1127
1863
2915
1363
2791
1899
3095
1407
2475
1646
1050
1402
1431
1434
2411
1399
1658
1362
2647
1571
1399
1410
1679
1239
1594
2319
3199
1386
1674
1379
1427
2307
2931
1371
1555
1379
1494
1351
1538
2271
2751
1471
2423
1398
1330
1343
2123
1415
1403
1519
1415
1371
1254
1415
1490
1398
1683
1411
1515
1458
1291
2271
3014
1411
1487
1431
2079
2635
3059
1487
2291
1415
962
1403
1315
3011
2923
1374
1375
1407
2603
1455
1827
2655
2927
2327
1434
1335
2047
2110
3007
1447
1778
2807
2951
1363
3419
2327
3147
2483
2798
1379
3031
1603
1935
2375
2527
1406
1607
1555
1471
1150
1822
1403
1155
2943
2919
1410
1567
2454
2911
1519
1699
2538
1294
1663
1751
1411
1403
1331
1463
1379
1479
1327
1415
1206
2954
2739
2867
1163
2983
2966
1390
1395
1151
2763
2791
2471
2914
1423
1491
1135
2947
2923
1431
1462
2107
2539
3051
1403
1563
3103
2879
1407
1195
1391
2227
1531
1766
1559
1307
1430
1522
2383
3107
2759
1766
1411
303
2167
167
123
1007
1791
1267
3046
2863
1407
1135
1115
1139
1218
2655
2495
1811
1719
2255
2379
2955
2919
1862
2242
1903
1755
1651
1879
2683
2451
1203
1823
2415
1415
2647
1511
2191
2779
2791
1478
2175
1895
2475
2555
2215
1231
3159
1863
2347
507
2559
2027
1587
2367
1619
3071
2403
2799
2575
1842
1371
2915
2907
2171
2562
2727
2611
3123
1519
915
2459
3050
2263
1567
383
2875
1539
3098
2386
3027
2051
2131
1227
2771
2663
2679
1631
2467
2955
2046
1259
2578
1903
1899
3111
2087
1747
2655
2622
2770
2191
2859
2375
2283
2251
3291
1414
3055
2547
3023
2211
1963
1215
2162
1587
2475
2251
1911
1599
2771
2262
1150
2107
1211
1235
1155
1223
3235
1199
1159
1211
3091
1195
2147
1179
1539
2815
2883
2838
2771
2691
2639
2635
2715
2418
2531
2863
1395
2483
1643
2887
2591
1131
2499
2559
1787
1859
2319
1423
2246
2727
2679
2815
1546
2955
2907
2403
2123
2547
1579
1563
2911
2119
2095
2926
2667
2790
2915
2079
2342
2375
2130
2359
1119
2743
2359
2071
851
2467
1635
1219
1607
2707
2815
2891
1495
1406
3095
1371
2075
2487
1771
2167
1471
3035
1859
1687
2095
2810
1843
2443
1263
2419
3170
2955
1363
1518
1494
2442
2123
1699
1583
2522
1855
2902
1991
5883
1479
1499
2555
2855
2579
1647
2999
1195
2774
1303
2287
1643
1711
2099
2162
1207
1199
1539
2147
3095
2823
2463
2667
1975
1275
1563
2179
2543
2099
2211
1927
2575
1907
1154
1490
2795
2351
2887
7722
2223
2323
2159
2507
2927
2863
1599
1383
1479
2091
2955
351
223
1970
1430
2287
2823
1338
1003
3099
1499
1895
2167
1139
2447
2050
2639
1606
2918
1763
1966
2934
2155
2427
2694
2863
1463
1375
1203
2435
2906
339
2163
1467
2075
2518
1947
2310
1895
1291
1555
1443
2251
1983
1719
1303
1287
2647
3002
2799
3051
2543
671
2483
1299
1642
299
1463
2787
2450
2923
1515
1607
2431
3031
3155
1955
2383
2035
2819
2199
2895
1363
1331
2435
2998
1447
1131
2683
1975
2054
1699
2231
3131
2166
2803
2931
2827
2819
1618
1786
1727
843
1559
1319
2918
2767
1539
1478
2123
2291
1875
1183
3103
1311
2099
1291
1935
1726
2122
1491
2003
3147
1563
2343
2895
1391
2555
2975
1339
2658
1991
2391
2035
2454
2807
1571
1431
2343
1966
2683
2335
2743
1975
2323
1359
2395
2183
2122
1710
1307
1319
2335
3135
2994
3066
2647
2178
1499
3038
1131
2267
2707
2143
2214
2307
2023
1451
1615
2023
2771
2550
1763
3119
1611
2795
2971
2442
2167
2655
2915
1122
2279
2943
1587
2107
2599
2911
2471
2287
2179
2650
1435
1995
2491
1946
2387
3038
2235
2179
1387
1531
2147
1703
2119
2295
3123
2951
2759
2319
2731
2971
2019
2895
1403
2727
2567
2571
2154
2075
2419
1214
1914
1723
1743
2043
1667
3135
2347
2335
2887
1427
1347
1630
16282
1179
2171
1179
1534
1303
3031
2870
1479
1663
1370
1519
2127
2135
2255
2303
2435
2507
3087
2251
1403
1419
1391
3015
2206
2247
