433
729
455
642
442
590
419
594
409
537
425
617
494
655
470
683
427
571
371
501
510
624
438
511
449
561
387
618
305
595
399
551
392
786
411
683
410
596
347
665
469
659
345
565
364
649
431
571
658
650
418
736
429
631
541
531
459
687
423
556
384
637
385
739
423
677
559
543
390
522
483
581
422
702
455
779
332
466
239
598
498
701
450
563
439
406
413
761
318
694
333
605
365
549
383
674
506
723
427
627
375
607
551
605
390
701
451
738
558
571
342
479
403
606
407
678
599
738
463
569
395
753
435
571
429
542
371
467
485
623
523
728
427
510
490
718
431
728
425
757
530
647
573
631
460
729
375
683
510
694
549
537
451
646
443
667
437
699
465
645
467
722
439
659
467
583
459
719
419
360
391
466
405
582
534
495
543
587
302
722
443
513
426
758
342
542
535
537
381
657
575
586
571
506
432
759
532
655
337
539
389
594
355
531
551
787
731
630
431
659
582
587
553
769
389
670
499
650
341
795
423
567
329
734
486
667
351
721
339
767
374
401
325
747
403
503
446
715
489
651
333
706
478
687
404
576
443
743
299
617
441
587
439
667
414
673
472
719
539
627
363
569
506
594
395
570
510
587
463
547
423
633
427
655
586
607
399
601
523
547
466
573
305
719
470
607
458
790
445
542
379
573
453
447
443
689
423
662
303
720
326
625
589
683
413
577
474
657
330
681
407
687
542
539
490
749
387
611
487
755
479
726
398
595
423
553
485
622
424
615
455
638
402
662
407
627
589
694
478
647
543
667
423
551
381
814
459
662
544
510
383
671
644
517
371
677
510
613
514
656
499
658
423
610
415
641
421
672
445
635
370
583
414
635
419
686
381
681
401
641
355
549
421
583
475
635
471
651
435
739
511
675
425
511
343
482
477
635
423
655
499
723
475
629
515
589
481
663
511
714
398
762
431
671
358
631
414
617
462
561
473
528
503
585
377
670
582
754
533
609
418
774
407
595
493
743
511
530
349
639
435
515
460
655
301
641
434
586
543
625
407
627
382
667
470
534
445
622
475
609
346
577
521
651
427
723
483
666
443
530
347
651
424
685
366
573
378
650
316
731
501
667
454
677
483
615
565
603
483
538
407
701
455
643
479
727
453
486
137
383
59
383
163
641
365
459
419
494
583
539
494
473
398
491
318
319
442
282
282
505
413
346
486
455
335
451
371
355
384
327
443
465
341
419
388
445
476
491
343
489
395
313
399
383
371
453
374
345
406
319
472
362
559
478
410
251
532
317
525
530
519
399
515
335
677
398
433
438
303
325
457
345
410
470
503
367
549
383
513
493
367
391
487
338
334
439
521
559
319
407
339
351
369
319
454
275
595
433
338
430
403
319
502
527
341
455
479
454
559
495
386
353
481
495
415
427
471
473
479
395
488
267
413
355
466
360
546
550
499
381
420
375
406
291
557
482
511
465
375
345
429
331
439
426
291
549
463
537
455
541
418
487
415
438
455
399
415
496
373
511
390
539
417
613
650
351
359
345
387
403
455
267
509
338
322
485
471
434
371
427
399
543
404
447
419
538
471
437
375
443
395
379
531
217
379
377
361
434
387
323
365
486
461
598
426
335
399
419
386
414
365
443
313
371
458
437
373
396
506
494
426
431
451
406
417
538
334
451
519
426
541
507
399
319
450
399
327
467
371
561
465
483
307
351
339
383
339
419
483
330
543
587
425
374
269
345
365
361
342
386
543
473
325
457
466
247
483
538
451
331
350
394
362
354
393
325
310
483
398
375
417
345
446
465
637
366
419
395
508
357
585
417
367
343
437
290
273
283
389
429
523
298
400
393
482
315
349
423
297
463
303
494
409
458
509
513
435
567
402
511
278
411
309
445
390
391
527
447
321
451
347
331
373
466
406
426
459
367
379
371
414
377
259
309
361
349
367
507
467
420
401
361
410
417
535
399
440
499
247
551
459
405
634
558
467
349
389
379
437
419
447
340
365
442
293
423
402
295
550
559
407
426
471
423
515
369
487
341
339
535
435
401
247
405
410
469
503
369
407
436
537
476
336
349
429
354
491
326
455
479
397
383
495
594
564
409
429
435
491
357
527
321
371
370
427
522
419
355
502
395
523
439
339
510
437
279
522
287
377
373
525
329
345
481
280
487
532
311
343
403
503
415
398
475
472
514
419
407
471
243
330
427
635
375
370
382
389
365
547
431
407
359
439
323
483
398
489
363
281
335
359
366
402
487
442
275
293
515
458
358
401
306
333
323
418
303
333
367
445
439
442
286
334
455
393
367
482
355
505
435
335
329
231
445
431
451
446
341
63
387
234
0
761
459
