475
723
579
755
559
671
679
807
595
759
455
655
551
711
543
699
483
783
543
727
419
627
563
543
647
579
491
815
479
715
455
803
659
855
319
811
423
775
575
659
559
739
547
743
455
707
503
639
531
643
447
699
623
723
587
651
487
683
587
831
595
791
579
767
615
815
583
811
691
791
519
823
523
663
511
827
527
751
475
619
571
759
495
651
407
851
459
723
579
711
419
731
439
795
567
707
559
711
575
771
615
663
527
687
515
679
451
715
507
671
507
811
535
787
607
795
451
763
535
663
495
883
475
727
439
591
599
867
711
711
595
639
543
779
519
663
675
763
535
687
435
691
483
839
499
643
555
859
431
651
507
659
523
727
531
831
491
763
423
763
543
775
487
807
519
767
463
743
531
859
555
727
399
875
559
823
475
675
619
623
491
795
515
739
387
695
491
623
471
615
647
723
619
759
511
763
575
607
523
719
591
671
599
795
607
699
587
727
479
771
575
851
531
795
547
767
447
711
503
583
551
791
607
647
599
731
567
919
463
719
603
767
363
763
511
723
595
651
683
699
747
751
611
639
643
787
459
823
583
707
383
551
583
703
451
783
615
779
607
815
539
719
503
755
459
715
591
807
475
735
675
723
667
747
423
767
623
695
495
819
427
723
471
715
475
655
555
811
551
715
415
615
447
735
475
755
559
643
595
731
483
759
603
979
559
739
487
755
459
619
607
803
491
731
623
943
603
619
575
847
563
651
691
803
607
571
663
827
575
815
499
667
487
743
623
747
567
779
563
843
507
655
643
703
455
615
559
779
583
731
603
723
599
767
691
695
543
663
359
675
383
791
423
755
527
699
439
783
483
855
619
819
419
695
519
715
535
587
487
819
427
683
547
695
703
643
567
851
571
559
523
535
451
767
439
599
583
671
519
863
527
687
543
759
639
671
391
767
623
747
495
815
703
703
523
747
511
719
643
795
523
971
447
607
687
607
587
731
451
611
623
723
523
815
479
623
535
635
599
827
631
555
523
715
535
743
539
739
535
775
603
595
603
711
523
787
343
767
647
727
587
623
571
667
523
739
507
771
499
735
587
735
451
815
675
655
551
779
631
639
483
791
407
747
611
699
607
671
515
715
595
627
615
771
595
855
467
599
271
563
271
371
423
755
507
839
563
663
611
503
463
531
463
443
551
579
379
403
287
535
535
431
567
387
495
483
427
507
591
511
559
467
623
443
503
563
363
395
579
463
471
375
531
375
487
555
655
499
567
463
503
527
515
575
423
411
431
527
547
475
587
511
587
487
427
547
639
399
611
467
495
371
591
539
543
411
595
423
535
607
627
563
663
495
475
359
479
619
547
475
519
555
563
579
367
587
519
479
379
479
459
439
535
347
567
455
467
567
651
471
535
455
639
515
379
535
511
503
531
435
543
527
519
575
519
415
463
495
567
527
555
383
631
591
455
511
503
519
591
455
543
567
495
491
579
523
639
447
463
447
551
411
487
467
563
439
519
471
503
495
443
559
711
371
623
463
571
451
563
495
615
587
551
515
527
511
587
503
511
507
491
611
547
495
503
619
475
563
651
483
583
283
551
547
451
463
475
507
563
435
603
443
615
495
643
515
527
551
571
631
487
479
423
443
523
395
571
559
459
507
559
515
671
571
503
363
511
459
627
391
615
395
287
527
579
531
571
563
375
531
551
675
435
483
579
419
659
323
515
611
539
491
551
559
527
475
467
459
491
499
451
375
463
491
527
459
323
451
607
511
499
431
555
459
555
523
563
471
499
335
575
583
603
451
415
419
451
535
727
563
443
503
527
463
519
603
611
547
519
379
535
415
387
679
531
607
563
471
595
623
367
395
411
567
543
515
335
475
475
395
499
535
639
435
519
575
519
571
503
483
435
407
543
603
435
331
419
459
527
479
459
535
443
479
479
315
447
527
659
507
491
387
555
523
535
503
527
463
607
387
631
531
547
455
555
639
607
487
511
455
391
451
419
619
595
539
535
563
675
431
575
503
543
411
639
543
583
487
535
439
571
591
571
463
443
487
543
543
563
679
547
443
543
455
515
523
523
487
543
567
487
407
639
599
479
611
583
347
511
591
523
535
631
519
575
447
579
667
459
559
447
479
643
487
507
479
759
303
499
431
591
547
547
431
491
435
551
407
563
503
415
527
423
591
351
511
543
583
479
359
511
663
603
367
519
439
443
563
495
367
575
523
459
459
539
527
595
551
559
463
607
463
611
439
639
455
471
379
623
467
479
439
667
483
607
575
607
431
543
423
559
483
431
487
375
483
479
535
575
523
515
391
387
519
471
491
463
567
1091
607
171
727
1135
583
