651
763
715
795
611
743
607
859
519
655
727
799
635
811
691
663
631
835
615
799
615
855
543
811
615
815
559
835
535
707
519
851
451
775
551
675
535
775
647
803
571
719
527
711
571
919
571
747
503
827
579
807
439
743
631
735
447
867
663
915
615
727
667
843
583
775
619
827
551
759
519
843
575
855
603
763
663
739
551
703
763
883
623
747
459
743
511
751
531
823
491
823
595
767
647
963
715
811
667
791
575
815
679
927
655
815
623
795
607
831
535
847
663
891
607
943
511
795
651
819
523
739
451
671
603
719
563
751
587
795
575
939
503
779
663
887
443
695
563
815
491
779
435
827
539
675
563
847
475
803
771
931
747
867
695
839
527
763
599
751
559
803
619
679
723
747
587
815
591
771
555
819
599
727
559
907
511
803
531
639
531
835
475
783
683
651
559
727
515
779
543
851
871
687
547
723
531
731
559
751
647
739
603
775
595
815
503
807
815
791
547
751
507
739
607
819
567
711
671
823
443
751
647
903
563
935
751
899
647
751
395
711
551
787
623
803
519
615
595
875
547
795
583
899
463
763
659
799
607
691
511
811
547
843
587
839
727
743
719
951
615
835
675
691
651
775
791
739
559
867
755
811
455
895
587
991
583
887
527
743
379
811
579
759
579
799
571
879
603
719
503
763
615
1019
679
763
467
843
571
859
655
819
571
955
575
799
483
719
615
915
595
867
555
903
663
683
603
867
615
1047
571
775
555
823
535
731
751
1019
615
695
647
931
559
611
491
735
527
691
643
795
619
875
607
811
607
639
707
815
623
747
487
871
607
599
567
779
663
687
559
887
643
799
623
795
539
971
623
739
639
919
555
931
675
887
491
763
595
747
591
827
415
731
627
815
571
739
675
807
663
823
387
735
547
827
559
915
487
803
527
779
627
935
643
763
543
815
463
743
547
795
503
927
575
767
587
743
415
867
815
703
543
759
719
895
523
871
515
739
487
883
547
867
675
739
679
899
739
883
575
819
575
719
607
855
459
767
655
755
515
847
531
863
599
903
595
835
559
787
715
751
579
783
627
903
659
803
731
899
671
743
595
719
551
943
707
771
615
655
599
979
463
855
695
755
599
811
515
855
367
695
479
871
707
659
667
807
691
639
295
391
287
347
191
671
479
747
679
795
615
739
571
499
599
631
523
411
627
499
511
467
579
383
631
423
463
599
703
515
659
511
567
595
399
583
463
691
627
655
635
599
607
495
711
507
623
495
547
551
643
427
575
531
647
583
607
583
575
463
631
579
707
579
595
607
655
575
715
547
531
535
627
535
563
551
479
531
671
503
623
399
595
535
367
495
503
547
631
619
563
531
627
587
671
443
603
487
511
615
555
627
687
615
595
543
451
599
583
563
543
483
555
555
495
551
675
575
555
547
443
427
651
519
463
575
699
547
571
475
699
515
699
731
715
459
659
483
411
455
587
551
567
639
595
451
583
499
543
479
579
511
499
615
667
487
531
495
503
591
523
555
575
431
539
547
595
519
603
535
623
571
603
675
499
483
551
403
531
659
515
547
551
475
687
307
491
703
599
567
615
643
723
555
535
563
459
499
451
535
583
499
491
503
511
507
535
655
467
451
575
515
495
515
659
563
471
519
715
523
411
539
495
495
495
567
647
515
579
579
667
647
571
455
607
527
663
595
663
459
687
547
623
503
531
503
531
435
387
631
423
387
499
671
691
627
671
543
655
559
567
499
639
603
475
531
519
523
535
587
527
639
475
439
491
583
587
579
503
719
679
463
595
651
663
467
559
427
595
403
691
655
547
451
651
755
703
619
599
423
455
451
619
583
655
451
543
535
631
563
563
487
623
739
499
567
535
511
675
615
599
431
575
491
407
563
575
555
503
499
539
563
627
583
559
619
351
563
639
523
547
443
791
547
595
463
627
487
571
571
599
563
379
639
579
363
599
591
639
515
499
503
443
587
579
543
531
627
635
559
615
531
423
479
615
575
579
483
455
623
579
551
579
571
607
699
495
483
499
531
735
539
459
523
615
523
507
487
655
563
575
659
635
663
495
455
559
519
579
611
675
551
503
543
607
407
583
503
635
395
487
487
515
507
503
515
639
551
687
515
631
571
475
575
595
403
575
551
507
615
595
507
551
507
623
575
535
611
639
603
603
567
523
447
647
635
495
539
595
695
555
623
515
595
719
619
539
527
495
599
571
551
511
591
563
647
503
583
499
491
519
599
599
679
563
471
407
567
551
555
671
415
711
567
651
515
571
591
563
691
543
491
675
479
555
587
539
491
583
699
587
539
467
463
759
543
527
503
551
511
395
0
515
951
771
871
