587
847
591
931
519
883
747
811
679
835
719
815
667
923
807
879
535
815
643
719
635
871
551
747
555
883
579
859
703
835
731
747
555
863
691
947
727
759
711
791
823
911
795
915
563
843
571
995
687
851
611
931
583
779
723
979
671
847
667
819
775
895
895
951
727
803
663
899
663
779
695
791
651
867
635
951
679
1043
683
831
859
859
535
875
679
919
679
951
691
871
703
875
703
831
699
919
791
811
787
775
595
819
583
711
583
815
699
839
579
867
719
807
747
695
535
795
703
755
715
763
599
859
639
879
715
891
655
747
751
807
759
815
679
747
639
939
591
931
619
839
691
847
619
831
747
719
731
755
795
787
703
763
551
955
583
895
627
739
703
799
771
915
751
787
447
951
579
827
719
767
667
867
615
891
739
863
651
739
671
863
707
819
767
691
599
891
683
891
495
747
695
891
739
887
595
731
759
839
523
907
663
823
639
783
755
867
635
891
591
959
675
815
667
907
579
823
579
755
607
919
627
791
711
771
599
763
715
779
615
719
583
915
695
863
655
835
627
919
675
887
659
715
511
863
707
715
731
707
651
839
575
879
583
803
627
775
735
839
595
751
611
979
735
747
707
779
631
819
771
859
671
1007
667
863
671
827
691
691
531
795
647
811
555
887
635
807
599
867
627
971
727
863
571
927
627
791
491
719
531
923
659
867
699
871
567
871
639
923
527
815
747
927
639
791
611
747
827
795
643
835
835
819
699
831
675
887
643
847
543
887
603
819
663
927
771
1019
607
811
659
927
683
807
627
787
727
779
679
719
587
903
711
959
735
735
671
971
523
771
551
915
719
787
627
839
507
719
647
823
599
895
851
811
683
771
623
931
787
739
739
859
659
915
923
803
787
751
651
1011
615
735
435
867
627
707
599
775
571
983
847
959
483
879
651
911
675
827
715
711
575
827
635
731
627
771
687
843
559
759
611
823
819
691
727
811
755
819
703
863
719
811
683
907
531
827
635
875
603
791
683
771
603
751
691
695
439
843
803
763
827
771
675
903
759
767
503
923
819
839
571
907
583
799
607
891
615
899
671
831
679
899
627
955
651
767
703
699
711
859
623
987
555
815
727
923
691
795
627
835
603
943
483
899
559
819
563
779
519
575
359
635
303
579
311
751
463
779
591
795
703
731
663
603
799
599
631
547
659
691
643
659
547
623
575
583
467
563
663
647
651
743
695
643
619
611
615
471
543
607
639
603
675
579
843
595
599
639
719
471
535
567
643
663
663
683
567
683
751
519
643
535
751
763
707
583
627
575
515
551
607
463
583
507
527
591
603
587
559
735
679
615
755
703
531
635
615
655
595
499
635
755
583
575
567
723
491
683
575
627
627
467
663
543
599
519
627
679
555
567
631
735
671
607
643
639
587
615
607
567
735
463
643
543
699
559
659
647
691
679
615
763
395
551
595
727
611
495
583
627
639
619
639
679
595
583
671
495
771
587
671
523
651
539
619
651
655
523
639
563
667
567
723
483
699
531
731
567
667
663
711
531
751
487
727
699
651
699
655
359
603
527
719
663
595
687
579
771
591
595
687
523
519
467
591
591
759
467
651
579
683
383
547
639
731
579
583
647
775
647
587
727
607
615
607
543
579
647
667
671
603
635
687
455
691
539
683
595
563
675
747
639
535
523
543
559
555
507
559
587
663
639
663
735
875
615
531
603
515
483
667
599
675
639
763
711
747
643
563
435
627
659
707
407
691
515
543
527
539
487
635
763
719
643
679
479
567
675
627
495
643
567
599
627
567
531
739
579
551
679
567
715
575
619
655
699
699
579
547
739
539
631
571
579
675
615
443
719
683
623
763
639
543
551
591
643
435
615
499
719
583
631
479
547
459
807
655
663
739
663
515
631
523
611
647
687
587
623
583
483
559
475
711
723
587
627
755
679
591
543
715
531
735
595
787
591
731
523
571
599
647
607
703
583
739
599
631
659
719
647
515
655
691
591
615
579
567
819
659
611
599
703
583
719
715
567
587
611
443
535
571
699
647
703
667
547
695
579
695
659
631
651
779
583
667
515
599
587
535
535
479
571
655
499
631
699
559
579
559
579
599
647
639
671
495
587
587
607
731
519
559
615
587
499
615
579
711
643
559
599
591
607
643
487
603
527
679
579
655
539
563
659
627
691
679
651
651
583
647
599
495
547
643
559
659
667
711
811
563
531
635
731
675
675
591
651
647
447
703
651
719
759
723
611
639
611
643
643
639
531
487
719
615
627
671
763
715
651
539
571
615
567
599
671
587
499
751
815
515
615
691
659
539
603
619
695
463
587
591
447
0
371
923
203
107
935
