522
655
359
567
382
631
387
507
345
667
450
669
403
718
358
702
338
535
341
687
391
614
518
757
437
699
549
811
447
649
371
767
466
795
627
685
495
725
482
618
447
527
506
707
393
683
359
787
374
475
439
601
342
679
527
595
514
627
511
677
485
735
523
675
474
727
355
659
522
690
319
662
515
767
527
633
435
711
451
638
437
618
370
587
491
625
391
737
495
671
447
677
463
643
479
673
383
706
503
797
359
634
569
682
491
547
503
710
554
702
383
735
430
631
583
758
434
571
430
723
406
701
469
694
495
631
358
651
446
683
478
687
490
755
443
595
602
597
398
623
434
679
527
707
490
671
543
815
426
687
395
763
411
581
423
590
558
647
463
679
355
695
621
670
459
651
377
735
421
670
531
649
531
578
507
711
455
751
555
511
514
902
458
647
547
639
595
539
447
769
479
731
466
586
623
763
387
830
486
665
471
503
499
759
451
563
411
727
375
634
482
626
335
709
310
599
459
607
487
603
447
610
529
758
470
714
538
775
459
770
339
666
343
545
387
891
599
711
483
771
526
649
447
673
499
666
535
630
478
669
346
569
406
621
642
626
446
634
455
722
519
735
375
671
495
611
531
610
626
619
514
745
519
659
410
746
387
598
477
618
475
591
466
643
521
591
427
643
423
503
505
639
515
714
379
639
339
639
447
673
470
674
501
674
487
587
547
659
510
630
530
531
330
639
349
726
325
493
555
659
487
561
463
667
557
686
357
651
443
586
446
727
514
707
385
547
326
591
490
797
587
557
322
762
343
639
395
517
323
539
347
763
610
694
493
563
462
619
511
551
401
681
393
735
339
667
501
734
598
655
579
599
515
791
427
619
362
610
415
557
535
609
511
667
583
757
371
777
379
595
574
594
491
429
319
559
463
790
409
837
351
585
395
687
607
703
514
715
415
695
447
610
374
619
478
721
433
535
275
711
465
679
355
625
295
642
423
706
419
755
339
689
430
614
469
627
326
695
502
646
635
662
439
551
599
742
419
685
595
650
323
679
531
689
287
699
385
615
498
795
443
767
443
577
358
661
515
575
503
586
451
579
491
623
583
743
639
687
529
591
471
651
443
618
499
543
354
602
614
654
439
659
454
666
357
683
603
465
0
386
211
346
179
639
457
671
383
554
283
599
399
265
501
543
465
363
485
486
429
354
583
511
307
555
235
363
543
418
378
543
498
395
443
350
446
318
515
531
475
303
423
447
379
359
475
467
489
426
511
454
459
498
486
413
361
483
522
475
414
387
455
487
402
447
509
549
450
378
349
302
354
379
302
435
478
423
563
373
517
415
463
379
345
362
535
327
427
503
485
419
543
295
477
331
395
511
306
357
375
391
493
455
387
395
554
343
389
325
523
361
510
438
395
434
379
494
375
199
467
470
435
365
599
247
599
319
463
285
571
467
566
427
450
343
435
426
331
395
403
474
309
467
601
351
335
503
343
371
547
343
359
529
462
501
387
327
491
371
539
491
466
307
538
503
478
479
435
363
410
633
425
315
473
467
361
331
331
359
442
435
393
533
407
331
490
331
259
398
346
447
466
482
551
478
423
326
290
351
277
494
445
495
461
361
462
311
417
511
426
478
471
429
523
407
293
247
586
486
391
515
499
331
423
434
503
355
371
343
382
361
493
323
603
346
215
210
367
315
433
569
434
331
397
439
326
379
366
442
482
423
517
527
423
402
493
427
550
415
539
250
615
309
359
415
351
391
387
415
598
313
438
331
614
449
538
547
327
365
427
387
423
455
403
282
443
515
330
366
413
494
319
367
359
490
395
538
371
307
555
515
323
511
375
426
406
517
479
495
566
315
443
245
499
327
453
359
447
467
398
327
449
294
305
470
506
531
307
506
498
499
411
427
610
373
435
374
610
471
477
283
467
313
503
351
474
490
543
431
459
475
423
435
522
559
451
299
451
422
217
405
639
302
330
543
450
454
539
417
435
298
395
346
421
315
419
401
483
427
561
375
587
411
362
315
281
294
469
369
514
322
387
395
554
378
593
435
499
585
443
433
366
523
582
403
415
486
425
407
543
411
503
442
443
503
499
366
411
402
441
511
415
466
427
441
483
461
439
535
607
342
514
399
413
399
547
467
315
343
518
271
437
431
383
390
627
559
390
371
475
561
435
465
335
399
413
407
349
438
386
459
505
503
475
331
443
438
450
266
439
463
443
341
395
355
501
209
450
458
303
446
427
430
363
527
315
406
450
387
382
399
443
394
423
483
486
418
274
375
579
463
455
379
375
587
419
451
543
422
549
453
347
387
386
341
467
362
318
483
898
635
983
807
495
1151
