721458
721326
721454
721398
721909
722656
721215
721619
722855
723114
721478
721603
721622
722644
721258
721389
721485
721382
721390
721666
721378
723607
721226
721451
721374
721350
721371
721418
721378
721237
721447
721382
721477
721350
721402
722579
721586
721379
721367
721369
721694
722589
721250
721443
721382
721418
723125
721271
721387
721421
722350
721259
721679
721334
721530
722650
721423
721965
721407
721246
721575
721815
721278
721378
722161
722599
723125
721351
721391
721547
721699
721430
722245
721263
721662
722646
721315
721538
721395
722977
721487
721350
721564
721475
721447
722755
721262
721469
721391
721494
721387
721590
725503
721649
722542
721262
721386
721695
721494
721390
721387
721387
721386
721522
721398
721399
721681
721766
721395
721550
723100
721315
721558
723001
721378
721463
721401
721227
722570
721437
723031
721406
721390
721330
721533
721394
721460
721482
722007
721719
723378
721230
721458
721387
721391
722338
721277
726222
722591
721266
721503
721618
721303
721343
721662
722614
721501
723045
721379
722746
723106
721211
722902
721213
721394
721380
721467
721391
721390
723038
721394
721399
721421
722991
721380
721307
721379
721455
721386
721386
721622
721443
721502
721426
721448
721392
721403
721339
721395
721395
721191
721327
721436
721806
721643
721387
721354
721262
721939
722662
721182
721486
721517
721266
721445
721394
721434
721386
721373
721347
721384
721389
721527
721684
721174
721399
721391
721294
721443
721398
721418
721490
721547
721395
721437
721930
721553
722795
722549
721562
722646
721258
722494
721415
721426
721390
721534
721415
721382
721462
721395
722587
721262
721434
721419
721999
721427
721642
722519
721199
721647
721383
721422
721410
721922
722578
721290
722702
721179
722649
721271
721382
721246
721453
721318
721314
721374
721478
722510
721275
721378
723135
721799
721606
722654
721267
721343
721610
722362
721258
721394
721495
721431
721286
721427
721378
721389
721409
721363
721433
721381
721579
721414
721391
721670
722654
721275
721389
721437
721387
721395
721416
721748
722650
721267
721395
721387
721570
722655
721366
721494
722638
721374
722163
721399
721446
721502
721391
721485
721390
721355
721390
721369
721391
721458
721399
721467
721358
721859
722539
721279
721170
721170
721414
721566
722650
721266
721390
721366
721733
722614
721218
721451
721627
721384
721398
722216
721330
721386
721354
739206
721626
721379
721464
721395
721470
721399
721346
722890
721655
722650
721383
721334
721446
721275
721749
721390
721407
721390
721411
721358
721386
721603
721598
721415
721394
721417
721389
721382
721380
721417
721186
721453
721695
722534
721587
721686
722632
721277
721386
721397
721395
721473
721403
721391
721527
722650
723103
721387
721414
721266
721387
721428
721294
721245
721386
721469
721434
721379
721450
721386
721421
721394
721178
721422
722767
721266
721390
721302
721385
721479
721397
721603
722574
721269
721391
721374
721388
721352
721366
721399
721431
721386
722717
721647
722714
721287
721479
721405
721526
721386
721430
721330
721391
721386
721389
721520
722679
721270
721369
721406
721392
722342
721386
721439
721421
721396
721394
721478
723046
721277
722166
723170
721301
722411
722635
721335
721327
721269
721446
721378
721325
721410
721399
721422
721217
721391
721487
721211
721208
721391
721416
721382
721336
721331
721311
721371
721631
722642
721254
721405
721222
721451
721390
721355
721605
722634
721259
721394
721394
721435
721183
721238
723126
721257
721486
721519
721377
722994
721258
723114
721391
721397
721268
721550
722054
721787
721417
721389
721474
721463
721391
721277
722023
722550
721294
721357
721381
721367
721648
721398
721770
722622
721267
723009
721364
722806
721182
721481
0
721442
721391
721385
721359
721396
721497
721413
721583
721431
721390
721386
722247
721426
721410
721591
722203
721254
721395
721307
721390
721393
721469
721387
721445
721394
721534
721429
721393
721445
721377
721399
721663
721646
722522
721267
721391
721437
721618
722642
721275
721382
721401
722000
721307
721338
721459
721391
721407
721350
721682
721598
721390
721395
721299
721712
721403
721390
721385
721611
722904
721277
721563
722671
721267
720941
721325
721807
721451
721353
721394
721325
721418
721387
721387
721455
721311
721341
721469
721459
721285
721419
721529
721495
721387
721387
721383
721459
721383
721367
721399
721395
721486
721355
721395
721392
721374
721327
721543
721315
723103
721622
722802
721311
721329
721563
721381
721425
721464
721463
722763
721254
721340
721363
721603
722675
721267
721398
721553
721455
721319
721431
721566
721362
721464
722703
721333
721415
721423
721525
721443
721422
721402
721380
721997
721386
721418
721387
721399
721470
721390
721330
721387
721399
721543
722629
721267
721377
721542
721409
721390
721351
721482
721639
722665
721498
721167
721407
721601
721263
721354
721263
721423
721391
721395
721526
722651
721282
721367
721384
721277
721402
721838
723003
721529
721369
721500
721378
721359
721374
721446
721391
721697
721350
721415
721366
721390
721382
723047
721530
721271
721281
721502
722644
721262
721387
722718
721395
721274
721501
721435
721349
721426
721386
721431
722107
722636
723098
722352
721207
721414
721447
721402
721280
721290
721500
723098
721451
723194
721415
721393
721423
721426
721719
722746
721275
721431
721403
721393
721394
721385
721455
721374
721387
721688
722675
721275
721382
721550
721366
723025
721209
721527
721375
721354
721397
721522
722067
723090
721378
721383
721378
721615
721390
721393
723198
721238
721425
721194
721467
721385
723158
721279
721650
721387
721403
721274
721273
721350
721318
721438
721442
721435
721394
721434
721370
721414
721434
721385
721398
721387
721417
721615
721570
721418
721410
721563
721387
721609
721391
721391
721429
721286
721610
722661
721326
721338
721311
721593
721387
721390
721431
721378
721633
722707
721263
721385
722488
721437
721463
721423
721399
721346
721443
721206
721599
723154
721274
721634
722630
721269
721450
721223
721351
723191
721230
721423
721362
721354
723206
721187
721567
721430
721394
721454
721593
721266
721062
721509
721327
721215
721389
723166
721270
721393
721354
721454
721485
721399
721382
721406
722875
721251
721559
721398
721455
721450
721302
721354
721599
721347
721395
721471
721467
722103
722533
721266
721386
721383
721370
721433
721385
721331
721429
721403
721338
721403
721395
721667
721241
721939
721407
721338
722647
721246
721466
721386
721507
722638
721780
722654
721285
723213
721664
722676
721267
721381
721370
721432
721459
721390
721095
721254
721507
721495
721201
721514
722558
721579
722658
721255
721394
721394
721294
721275
721606
722711
721290
721445
721302
723102
721298
721378
721939
721383
723118
721419
721206
721387
721386
721362
723138
721503
722606
721275
721370
721391
721387
721299
721462
722495
721271
723131
721229
721414
721371
721550
722914
721547
722619
721518
722539
723203
721483
721319
721387
721454
721378
721347
722018
722647
721271
721391
721322
721373
721446
721850
721395
721435
721386
721443
721411
721471
721561
722368
721814
721266
721222
721358
721386
721386
721399
721310
721356
721386
721814
722950
721266
721870
722058
721301
721382
721395
721367
721386
