547
803
603
691
535
799
659
775
583
615
515
607
539
751
587
647
479
731
503
639
539
687
563
731
535
775
407
691
411
674
698
803
535
819
623
687
483
807
631
763
475
695
535
587
643
699
563
659
599
715
535
791
563
743
467
763
455
759
619
567
559
699
502
831
551
731
583
763
459
651
503
735
531
667
487
827
591
687
507
727
663
747
551
651
607
879
479
859
435
679
515
547
511
559
647
515
583
835
671
635
427
707
499
715
475
763
555
615
535
719
543
827
555
827
559
863
519
763
571
767
455
739
539
663
507
587
439
683
539
655
631
723
491
651
622
787
503
687
531
755
571
655
615
643
527
639
575
715
575
819
371
843
503
707
471
831
535
715
371
811
631
779
455
887
495
795
575
687
523
655
519
751
406
811
547
751
651
731
611
703
599
731
570
791
471
611
583
787
603
863
646
655
646
799
503
783
431
811
527
687
523
687
491
799
415
815
419
731
439
635
531
863
439
703
571
646
547
715
467
671
547
655
435
647
411
763
523
871
631
747
443
631
503
575
635
787
591
779
595
726
583
763
627
771
507
707
283
863
563
619
499
679
463
487
535
703
539
803
519
607
423
783
579
739
579
659
539
855
599
679
631
831
687
759
543
671
527
747
551
631
474
635
531
659
647
699
547
787
683
695
543
603
603
739
491
735
555
703
407
687
507
855
411
651
495
774
575
755
459
819
691
603
495
687
463
695
615
727
491
726
519
719
515
739
582
627
571
799
671
667
439
687
407
739
439
719
567
647
651
867
351
659
655
627
451
703
519
759
559
799
655
767
579
791
591
891
503
727
495
746
319
715
463
735
507
723
515
659
619
755
627
787
531
699
651
763
595
667
659
723
563
623
503
787
503
703
415
763
459
671
375
795
367
775
611
651
471
775
395
719
595
791
491
747
423
658
643
691
607
823
391
615
495
711
435
787
543
723
699
815
507
695
503
571
415
667
483
727
751
819
511
639
507
659
499
643
583
687
615
811
447
683
575
835
479
587
515
803
695
743
627
651
643
623
511
743
467
786
495
711
455
779
571
839
511
779
483
867
579
691
551
715
510
787
611
747
435
638
463
763
439
739
383
839
567
831
443
675
439
715
463
851
535
699
519
778
555
415
231
331
227
555
283
691
711
747
699
779
455
759
507
519
435
387
451
359
683
603
579
503
519
471
483
454
591
483
451
463
531
483
483
419
579
491
571
307
515
579
563
487
459
559
747
543
547
563
471
427
527
507
503
711
403
491
423
471
419
415
391
527
591
471
495
375
627
427
535
551
519
379
435
451
479
491
463
631
507
607
607
435
519
495
423
455
403
451
479
511
519
447
631
619
635
471
775
591
523
463
459
607
459
447
499
559
399
443
443
351
595
527
515
551
459
483
639
631
583
475
427
479
515
459
603
503
519
403
591
511
583
503
523
550
403
455
511
407
595
539
623
471
591
615
535
471
535
467
411
387
511
355
423
347
435
511
619
451
491
599
515
383
499
555
419
611
443
591
535
423
431
451
391
487
495
403
419
471
439
591
407
523
371
527
607
351
563
567
427
395
507
611
619
587
475
551
439
411
523
523
619
495
479
526
571
439
530
519
486
375
543
451
479
535
483
395
395
615
539
515
639
539
455
519
555
543
583
491
631
483
591
471
563
415
491
443
487
447
503
627
495
611
603
423
551
543
575
415
611
478
439
607
663
471
611
491
491
583
319
466
583
515
535
491
447
511
499
379
483
374
439
611
627
595
551
463
523
567
555
391
579
355
563
583
519
431
259
431
415
611
559
531
523
422
507
511
615
555
355
459
483
551
687
571
487
491
619
583
519
491
579
595
407
523
399
555
551
375
643
547
599
471
654
523
615
531
363
459
339
479
371
379
567
379
539
467
603
503
611
375
411
463
467
363
446
555
566
555
659
531
451
491
431
358
383
395
531
595
591
543
471
439
491
471
663
559
571
391
606
487
575
419
550
695
531
623
355
347
623
519
647
519
515
355
451
459
379
571
411
387
431
635
511
479
455
551
563
595
455
579
535
543
627
495
511
487
503
379
575
455
407
351
667
403
495
551
487
519
439
443
631
498
727
519
595
579
747
535
687
503
491
511
491
487
583
423
375
523
483
595
411
475
555
427
643
367
591
475
607
443
511
502
547
463
506
543
351
587
627
443
595
483
531
623
531
615
559
619
599
515
523
395
439
487
495
547
655
435
471
495
467
483
427
539
499
635
507
511
443
514
563
447
503
519
499
687
515
527
523
599
627
543
462
435
499
535
495
491
555
487
599
518
559
383
419
567
471
399
483
559
915
887
447
675
851
935
