3863
3163
3763
3015
3135
2999
2999
3027
3039
3031
3007
3039
2991
3007
3059
3039
3015
2163
4115
2931
2731
4015
2871
2983
2911
2975
4035
2755
2635
2959
3870
3019
3051
3019
2991
3435
3035
2835
2975
3019
3643
3019
3019
3139
3819
3019
2991
3083
2679
2967
2955
2015
2579
2959
4743
3011
3027
3011
2831
2959
4055
3171
3151
3007
3007
3019
3143
3007
3087
3011
2983
3023
2999
3039
3191
2999
3351
2983
4063
3863
4023
2999
3103
2967
2995
3187
2359
2971
4047
3023
2979
3095
3003
3371
2519
2963
4035
2859
3211
2963
3623
2835
2907
3935
2255
3231
4055
3011
3027
3975
4107
3003
2923
2975
4031
3003
3051
3027
3355
3007
3015
3203
3327
3019
3107
3295
3131
3159
3015
3003
3095
2987
3363
2527
2975
4027
3023
2971
3423
3007
2867
2015
2887
3127
3882
3167
2231
2955
4027
3015
3251
3047
2247
2947
2703
2055
4047
0
3131
2995
3231
3827
3063
3951
2663
2967
4027
2991
3011
3031
3507
2987
3199
3099
3483
3031
3027
3375
3019
3019
2975
3003
2623
3183
3814
3019
3019
2895
2955
2483
2051
2515
3011
3966
2675
3303
2623
3127
4039
3015
2991
3011
2971
3007
3151
2991
2967
2995
3055
3015
3003
3187
2971
3035
3035
2983
3023
3015
3027
3027
2979
2639
2991
4011
2931
3015
3015
3375
3018
2967
3011
2807
2963
4047
2471
2983
4019
3047
3043
3007
3031
2995
2991
2998
3175
2971
4026
3019
3023
3019
3463
3015
3075
3011
3135
3163
3075
3007
3679
2503
2919
2963
2207
2951
2827
2967
2939
2951
4051
2995
2991
3215
2899
2975
1147
2967
2559
2963
4067
4031
4047
3007
2895
2963
4179
3007
2975
3043
3011
2987
3287
3027
2175
2967
4031
3023
2083
4047
2943
3007
2843
2967
4055
3011
2527
3307
3586
2503
2047
3983
2239
2979
4035
3027
2951
3023
3079
2523
2583
2975
4023
3015
2695
2971
2207
2955
4058
3035
2919
3299
3683
3347
2291
2971
2139
2967
4047
2999
3067
3011
2007
2959
4051
3007
2983
3003
2247
2763
2939
2019
2215
2987
2923
3267
4059
2895
2959
4027
3139
3195
4039
3019
3659
2975
2823
2971
4135
3019
3051
2475
2955
3427
3127
3095
2963
2191
2551
3267
2787
2975
4039
2951
2799
2951
4079
2995
3051
3087
3415
3006
3023
3007
2355
2975
2795
4863
4059
2939
3015
2967
2991
3135
2999
2959
2263
2238
3995
3003
2091
2995
2575
2971
4035
3003
3055
3027
3123
1883
2799
2963
4046
3027
3931
3003
3099
3019
2791
2255
3251
3755
2663
2967
4039
2907
3419
3591
2867
2982
4015
3991
2743
2963
4047
2987
3015
3031
3115
2975
2911
2951
4046
2983
3027
3019
2991
2951
2943
2971
4023
4055
3179
3851
3995
3083
3031
2995
3375
2975
3583
3023
2707
2975
2051
2535
2859
2027
2143
2971
1691
2967
4051
3007
2994
2027
2315
2959
3955
3887
3931
3111
3391
3019
2659
3035
2687
2195
3755
3251
2951
3999
1855
3223
2431
3755
3231
3967
2751
2959
4055
2995
2979
2971
2755
2395
2295
2055
2903
2775
2575
3039
3963
2375
2039
2275
2259
2051
4067
3319
3859
3163
2603
2619
2947
2839
3335
2147
2507
3315
2887
3067
3934
3239
2963
2555
2051
3971
3035
3815
3671
2891
2091
3031
3987
3911
2207
1711
1783
2151
2383
2271
2103
3135
2027
2851
3163
3615
2187
2783
2571
3019
3275
2035
3631
2311
3279
2823
2927
2427
2643
2343
2151
3375
2091
3951
2671
2627
2347
3263
2183
3627
3367
2187
2531
2731
2299
2479
2215
3195
2827
2891
3943
2051
2459
2835
2971
2491
3171
3999
2335
2655
2767
2919
2911
2063
2739
2099
3035
2939
3075
3927
3075
3079
3071
2999
2847
3075
3935
2791
3075
3939
3819
3463
3911
3019
3047
3075
2999
3039
2955
3051
2907
2539
2287
1699
3327
2843
2255
3551
3455
3007
2211
3343
2287
2591
3511
2723
2379
3723
2027
2807
3775
2343
2935
2211
2931
2375
2403
3879
2211
3451
3543
2435
3271
2423
2207
2047
2107
2255
2067
2879
2767
3139
2691
3215
3775
3023
3323
2563
2179
4087
2487
2215
2179
3055
3367
3639
3395
3299
2723
3051
3954
2831
9527
2627
2047
3115
2095
3403
3603
3659
3519
3395
3199
3239
3883
3579
2883
2055
2147
3603
2183
2987
2891
2647
2247
2171
3247
2907
2051
3098
2647
2939
2439
2167
2055
2707
2971
2651
2683
2779
2543
3295
2831
2351
2855
2743
2207
2723
3879
2171
2955
4099
2971
3099
3079
3475
2227
3231
2815
3175
4051
3103
3187
2767
3999
2231
2099
3675
3307
2143
2863
3443
3563
3487
2951
3415
3135
3103
2075
2527
3083
2431
2526
2087
2623
2007
2267
2375
3027
3975
3086
3303
2807
3099
2375
2827
2439
3095
3999
3987
3067
3139
2915
2967
4043
3247
3151
2515
2983
4015
2971
3119
3015
2255
3335
2759
2551
2855
1075
2215
2707
2947
4059
3035
2715
3715
2715
3851
3159
3899
3535
3147
2907
2887
2891
3927
2967
2339
2507
2959
2047
2351
3127
3855
3283
2547
2203
2463
2031
4039
2235
2955
2075
3939
3087
4047
3067
2999
2963
3187
3487
3063
2303
2915
3967
2563
2375
2947
4039
2699
3171
2919
3151
2759
2623
2259
3203
2767
3039
2851
2691
2990
4003
1899
2975
4023
3023
2411
2959
3031
2123
2607
2979
2275
1919
2895
2031
4031
2795
3171
3011
2995
3635
3075
3907
3139
3091
2995
2971
2343
3107
3883
3147
3131
3111
3031
2607
2979
2935
2395
4011
2535
2975
2979
3611
3982
3043
2483
2947
3023
3119
2215
3299
3707
3423
2043
3471
2211
2355
2331
3779
2439
2883
2247
2543
3979
2867
3131
2783
2967
4075
3075
2967
4047
2299
2818
4059
3207
1847
3051
2587
2967
4039
3047
3015
3523
3043
3075
2979
2987
3807
2383
2975
4195
3011
3883
4375
2027
3003
3999
3063
2963
2163
2947
2711
2187
2943
2259
2287
2199
2479
1995
2479
2271
3015
3979
2207
2119
3163
2587
2959
2067
2803
2291
2963
4027
2447
2643
2823
3391
3923
3087
2983
2679
3299
2947
2727
2439
1839
1059
2479
2827
2083
2103
