1394
1479
1285
1385
1321
1631
1362
1483
1194
1378
1510
1462
1159
1614
1362
1559
1375
1842
1311
1447
1322
1599
1281
1409
1390
1835
1222
1539
1318
1482
1410
1834
1471
1511
1290
1494
1371
1462
1199
1625
1231
1591
1313
1515
1334
1487
1215
1497
1194
1579
1363
1514
1207
1531
1342
1579
1307
1429
1371
1534
1314
1542
1257
1546
1275
1549
1239
1542
1267
1485
1355
1491
1351
1579
1245
1406
1263
1482
1355
1813
1255
1870
1478
1494
1370
1451
1305
1558
1458
1453
1343
1359
1259
1367
1325
1637
1255
1443
1221
1523
1303
1599
1445
1557
1311
1506
1310
1551
1558
1307
1394
1619
1286
1426
1310
1817
1287
1595
1323
1593
1319
1547
1279
1837
1285
1509
1371
1815
1423
1490
1163
1534
1291
1499
1327
1531
1214
1526
1322
1591
1201
1355
1310
1591
1399
1599
1295
1591
1395
1518
1357
1506
1282
1506
1203
1587
1153
1546
1275
1485
1281
1563
1263
1431
1230
1547
1321
1542
1335
1427
1171
1383
1307
1421
1407
1522
1462
1442
1383
1638
1310
1503
1201
1363
1159
1591
1382
1457
1391
1501
1221
1471
1259
1850
1359
1511
1217
1425
1295
1609
1291
1433
1362
1505
1483
1575
1387
1438
1255
1507
1323
1583
1311
1451
1137
1551
1427
1518
1461
1627
1335
1503
1307
1370
1257
1811
1239
1579
1366
1881
1177
1415
1319
1495
1265
1595
1298
1555
1375
1562
1357
1511
1398
1535
1277
1459
1303
1567
1334
1570
1474
1383
1401
1519
1257
1487
1357
1547
1350
1487
1338
1555
1389
1571
1331
1463
1334
1519
1245
1579
1311
1591
1511
1514
1247
1579
1435
1511
1415
1449
1263
1583
1253
1575
1227
1565
1315
1590
1281
1589
1341
1643
1062
1623
1285
1579
1418
1349
1373
1593
1255
1587
1270
1543
1362
1546
1346
1583
1275
1481
1387
1499
1250
1551
1249
1309
1203
1535
1273
1559
1281
1427
1339
1555
1311
1817
1393
1370
1163
1474
1283
1543
1337
1470
1367
1505
1279
1409
1243
1457
1393
1463
1395
1519
1211
1475
1263
1383
1351
1389
1201
1511
1183
1486
1241
1491
1395
1603
1339
1487
1199
1429
1259
1522
1395
1519
1363
1822
1402
1481
1258
1805
1290
1337
1443
1527
1282
1479
1411
1351
1267
1511
1321
1595
1205
1575
1319
1603
1367
1629
1351
1489
1239
1598
1387
1573
1311
1479
1282
1542
1397
1427
1395
1479
1298
1515
1405
1514
1258
1591
1467
1495
1337
1399
1291
1434
1386
1591
1421
1519
1325
1373
1385
1493
1274
1521
1287
1495
1259
1363
1350
1481
1331
1587
1355
1491
1239
1557
1281
1591
1307
1471
1355
1431
1498
1427
1311
1611
1359
1539
1362
1631
1338
1559
1451
1554
1402
1591
1315
1395
1382
1498
1335
1511
1302
1406
1339
1502
1362
1479
1335
1479
1277
1450
1323
1423
1214
1575
1363
1481
1283
1467
1319
1499
1307
1537
1407
1531
1263
1438
1298
1634
1185
1591
1467
1571
1303
1407
1071
1131
935
1242
966
1575
1359
1410
1333
1467
1283
1442
1291
1275
1403
1290
1217
1250
1263
1327
1367
1390
1165
1311
1253
1377
1218
1270
1295
1367
1431
1247
1423
1159
1210
1306
1321
1229
1283
1273
1173
1243
1335
1251
1231
1095
1399
1433
1303
1393
1307
1381
1302
1315
1355
1157
1318
1263
1307
1314
1371
1246
1302
1199
1173
1183
1357
1313
1270
1403
1322
1181
1217
1295
1347
1281
1227
1235
1427
1139
1283
1355
1306
1223
1233
1203
1355
1285
1315
1291
1226
1291
1270
1363
1349
1423
1271
1285
1314
1149
1357
1195
1238
1339
1210
1227
1098
1299
1270
1259
1118
1301
1369
1270
1273
1310
1247
1198
1330
1370
1291
1237
1223
1254
1321
1163
1274
1350
1211
1351
1197
1375
1315
1327
1398
1235
1183
1295
1239
1363
1422
1351
1303
1267
1345
1254
1351
1223
1430
1309
1382
1279
1226
1275
1295
1303
1361
1243
1202
1331
1329
1211
1251
1347
1283
1479
1367
1202
1361
1285
1227
1335
1350
1271
1323
1514
1345
1367
1271
1247
1307
1319
1363
1315
1291
1239
1157
1375
1309
1239
1331
1301
1353
1277
1353
1294
1391
1325
1251
1211
1231
1365
1365
1275
1323
1239
1315
1219
1217
1211
1225
1175
1223
1238
1409
1119
1362
1295
1303
1199
1175
1174
1329
1218
1187
1315
1269
1253
1491
1301
1207
1197
1201
1295
1345
1175
1478
1353
1238
1239
1401
1207
1311
1319
1187
1127
1366
1190
1181
1122
1411
1430
1371
1323
1271
1239
1327
1307
1263
1094
1327
1191
1262
1095
1182
1338
1315
1207
1307
1426
1346
1341
1209
1269
1427
1322
1321
1346
1214
1266
1289
1319
1313
1223
1253
1409
1134
1287
1251
1254
1359
1191
1239
1251
1410
1319
1311
1339
1286
1371
1301
1409
1175
1253
1351
1090
1297
1218
1245
1179
1109
1239
1289
1145
1190
1231
1311
1219
1349
1285
1375
1291
1447
1141
1171
1390
1179
1229
1155
1274
1483
1279
1298
1117
1353
1361
1371
1301
1223
1265
1251
1259
1286
1361
1567
1242
1410
1311
1323
1179
1371
1247
1243
1298
1195
1271
1291
1178
1345
1263
1238
1311
1182
1150
1291
1361
1353
1337
1293
1367
1189
1197
1315
1246
1225
1275
1229
1295
1325
1358
1419
1375
1353
1419
1355
1367
1213
1170
1269
1142
1231
1239
1285
1359
1227
1357
1287
1395
1171
1195
1285
1287
1227
1111
1162
1171
1221
1123
1291
1279
1311
1313
1307
1157
1254
1159
1202
1345
1331
1283
1321
1287
1335
1185
1295
1343
1271
1346
1395
1203
1282
1295
1247
1329
1119
1161
1203
1249
1442
1290
1299
1214
1322
1201
1329
1251
1326
1363
1265
1255
1389
1259
1347
1149
1365
1334
1359
1207
1231
1211
1162
1347
1267
1343
1339
1245
1259
1179
1331
1331
1399
1435
1322
1355
1250
1383
1231
1203
1390
1327
1334
1251
1311
1251
1258
1227
1165
1315
1263
1119
1231
1337
1211
1319
1246
1213
1233
1389
1326
1299
1151
1387
1455
1279
1454
1313
1347
1331
1283
1189
1259
1283
1139
1239
1282
1462
1239
1151
1362
1318
1195
1662
1775
1274
0
1435
