721392
721415
721611
722657
721290
721366
721522
722435
721191
721470
721391
721386
722635
721271
722971
721389
721395
722386
723106
721389
721379
721541
721475
721390
721230
721450
721390
721387
721378
721378
721295
721370
721399
721378
721407
721366
721534
721325
721392
721535
721525
721463
721383
721554
722658
721202
721443
721326
721708
721374
721390
721646
722967
721690
722391
723161
721333
721302
721415
721414
721438
720959
721395
721427
721695
722622
721270
721370
721390
721330
721294
721582
723206
721490
721503
721395
721390
721454
721407
721420
721395
721406
721382
721390
721821
721378
721443
721402
721394
721402
721381
721395
721411
721398
721382
721391
721527
722654
721270
721518
721255
721266
721459
721391
721403
721219
721386
721713
722958
721509
721383
721790
721313
721447
721471
721402
721394
721382
721254
721486
721454
721479
721398
721407
721294
721386
721398
721386
721454
721354
721330
721319
723037
721322
721398
721375
721491
721416
721215
721580
721571
721519
722614
721450
721206
721340
721519
721458
721366
721531
722652
721398
721243
721382
721366
721187
721382
721330
721251
721488
721464
721858
721763
721994
721858
721908
721988
721862
721859
721882
721803
721854
722838
721859
721858
721722
721862
721967
721873
721903
721866
721858
721862
721807
721893
721859
722646
722639
722957
721262
721378
721909
722435
721234
721429
721366
721421
721302
721105
721026
721462
721442
722398
721359
721299
721399
721551
721397
721463
721807
721390
721386
721438
721569
721207
721346
721651
722582
721266
721394
721239
721529
721415
721358
721471
721879
721382
721318
721442
721386
721491
721386
721370
721326
721350
721362
721478
721407
721466
721378
721391
721442
721342
721415
721350
721318
721354
721446
721379
721382
721422
721331
721383
721386
721368
721387
721395
721378
721591
721450
721395
721415
721375
721371
721406
721327
721422
721286
721683
721578
721466
721474
721387
721451
721402
721407
721462
721374
721370
721341
721341
722763
721242
722258
721386
721923
722531
721270
721378
721498
722551
723086
721367
721360
721431
721733
721370
721219
721393
721379
721323
721258
721342
721408
721787
721359
721421
721390
721314
723138
721319
721379
721373
721270
721315
721378
721395
721419
721442
721379
721382
721423
721387
721511
721386
721382
721422
721379
721542
721383
721263
721419
721419
721266
721386
721282
721339
721390
722647
721266
721527
722805
721267
721495
721382
721606
722650
721226
721527
721385
721387
721641
722683
735163
721390
721447
721395
722978
721462
721396
721795
721362
721502
721639
721578
722570
721343
721421
721394
721386
721406
721374
721415
721417
721363
721422
721403
721467
723454
721389
721507
721374
721483
721409
721286
721438
721261
721398
721389
721403
721205
721399
721367
721298
721379
721383
721395
721369
721387
721414
721386
721397
722983
721410
721382
721452
722645
721373
721399
721410
722990
721807
721383
721483
722646
721254
721331
721498
721387
721366
721398
721398
721378
721430
721347
721927
722314
721622
721227
721602
721362
721351
721493
723237
721271
721435
721351
721394
721403
721384
721443
721407
721391
721493
721526
721435
721191
721695
722727
721350
721379
721545
721722
722687
721375
721379
721142
721447
721390
722987
721390
721286
721545
721174
721374
721386
721386
721444
721358
721382
721386
721711
722654
721254
721398
721417
721402
721394
721395
721529
721418
721402
721386
723002
721303
721417
721415
721374
721395
721394
721371
721386
720965
721523
722628
721271
721383
721379
721418
721511
722370
721274
721379
721550
722582
721257
721401
721371
723301
721371
721374
721457
721650
722598
723138
721574
722619
721267
721555
721394
721422
721342
721581
722578
721338
721309
721720
722686
723427
721534
722602
721327
721465
721378
721376
721442
721175
721375
721399
721271
721375
721517
721714
721527
722487
721312
721442
721303
721330
721396
721376
721658
722623
721282
721426
721546
721414
721599
722698
721202
721391
721477
721418
721438
721447
721386
721403
721382
721350
721391
721385
721419
721371
721403
721390
721251
721539
722661
721180
721575
721514
722663
721275
721451
722983
721466
721471
721574
722655
721459
721399
721398
721441
721466
721459
721489
721439
721340
721483
721434
721398
723003
721390
721299
721421
721366
722103
721638
722685
721291
721758
721634
721459
721351
723173
721761
722835
723141
722863
721277
722702
723167
721331
721243
721658
722630
721259
721399
721297
723147
721255
721358
721385
721330
721303
721299
721355
723027
723014
723007
721422
723159
721378
722754
721511
721387
721147
721374
722210
722771
721266
721390
721382
721374
721381
721434
721390
721441
721250
721318
721775
721399
721475
721262
723158
721270
721366
722987
721467
721343
721405
721559
721395
721350
721370
721445
721402
721550
722646
721074
721467
721394
721630
722646
721434
722967
721242
721387
721393
721298
721351
721419
723156
721426
721359
721726
721306
721466
721382
721390
721394
721315
721382
721401
721435
721505
722651
721262
721491
721389
721386
721542
721363
721419
721395
721370
722471
721376
721639
722307
721234
721223
721407
721202
721627
721811
722638
721246
722622
721302
721643
721390
721411
721555
722543
723146
721535
721235
721392
721414
721388
721382
721398
721386
721266
721387
721279
721403
721382
721443
721384
721419
721411
721696
721327
722555
721613
721346
721307
723263
721219
721594
723027
721427
721367
722987
721439
721247
721203
721427
721318
721359
721635
722727
723133
721387
721382
721414
721399
721391
721318
721391
722424
722646
722619
738002
721658
722486
721259
721399
721274
721350
721871
722499
721214
721387
721423
721443
722898
723153
721723
722645
723102
721391
721170
721818
722634
721266
721386
721418
721199
721389
721427
721850
721391
721499
723151
721271
721483
722646
721262
721387
721378
721387
721362
721259
721386
721335
721314
721317
721391
721433
721399
721387
721402
721387
721390
721302
721375
721471
721394
721531
721556
722734
723157
721262
721332
721439
721386
723142
721423
723217
721258
722987
721401
721390
721391
721916
721322
721383
721690
724647
721270
721393
721212
721366
721402
723074
721358
721435
721431
721848
721467
721391
721643
723103
721509
721399
721294
721571
721750
722286
723291
721491
721210
721215
721382
721319
721378
721505
721566
721427
721385
721395
721385
721389
721555
721390
721392
722990
721399
721463
721467
721387
721355
721795
721377
721467
721387
721385
721576
721330
722195
721386
721399
721515
722655
721266
721406
721387
721390
721388
721431
721594
722651
721262
721386
721387
721266
721526
722719
721262
721410
721386
721394
721382
721393
721602
722650
723102
721354
721386
721378
721455
721391
721441
723135
721275
721431
721382
723175
721269
721375
721387
721377
721573
722291
721883
722198
721230
721498
721270
721423
721267
721381
721558
721503
721386
721390
721259
721386
721475
722642
721263
721390
721366
721407
721310
721570
721387
721358
721427
721391
723195
721275
721955
721187
721409
723125
721469
722814
722653
721441
721387
721526
721359
721399
721427
721387
721371
721390
723050
723094
721374
721430
721395
721613
721443
721406
721393
721331
721587
721386
721251
721206
721394
721430
721390
722640
721617
721447
721394
721401
721391
