2772
1469
1547
3327
1391
2704
2337
3322
2315
2412
2437
2372
1463
1382
3335
1687
2695
1858
2194
3310
2300
1621
3323
1969
3091
2501
2712
1405
3357
1406
2698
2309
2458
2611
2414
2356
2390
2504
2309
3151
2323
2674
3322
1670
3121
1654
3326
1339
2710
1659
2387
2322
2394
2419
2438
1665
3331
1364
3322
1509
3420
1551
3040
1456
3339
1624
3325
1695
3025
2117
2379
3318
2319
2387
2379
2410
2374
3086
2300
2397
2384
1366
3384
1489
3343
1538
3251
1995
3035
1735
2581
2659
1294
2479
2535
1479
3343
1518
3339
1570
3325
1678
3033
1771
2430
2681
2397
2279
2374
2389
2004
2358
2354
2362
2284
2381
2372
2381
2243
2383
2408
1651
3326
1591
3323
1557
3324
1695
3396
1763
2221
3289
2308
3219
2302
2703
2317
2415
2392
2385
2438
2982
2683
3143
2314
1560
3321
1419
3046
1727
2380
3147
2287
2202
2303
1882
3361
1699
2710
2611
1550
2642
2380
1603
3063
1684
3023
1794
2131
2294
2383
1699
3010
3123
2962
1425
3323
1458
3321
1718
3336
1694
3091
1510
2223
2573
2067
1539
3343
1688
3145
2634
2319
1483
3336
1685
3007
2399
2199
2289
2389
2474
2385
3090
2307
3219
2390
1517
3342
1620
3229
1698
3052
1746
2407
2235
2380
2391
2387
2408
2515
3233
2316
1616
3404
1667
3006
1882
2402
2400
2399
2449
2639
2402
2387
3201
2328
2666
2382
3087
2303
1382
3346
1691
3021
1786
2369
2366
2312
1490
3333
1688
3022
1795
2394
2572
2392
2396
2869
1590
3069
1684
2446
2399
2375
2405
1427
2698
2325
2417
1445
2705
2308
1598
3322
1422
2708
1525
3327
1626
2788
1482
3322
1615
3485
1626
3403
1638
3327
1642
3022
3077
1359
2661
2362
2059
2304
2397
2389
1707
3280
1751
2378
3253
2301
2378
2350
2345
2391
3306
2478
1322
3335
1686
3232
1706
2307
1325
3332
1684
3035
1736
3014
1571
1649
1636
3339
1520
3326
1666
3198
1990
3110
1723
2422
2760
2815
2424
2426
1685
2089
3289
2290
3241
1318
2699
2309
1691
3326
1699
3029
1460
3327
1698
3026
1958
3029
1800
2197
2465
2406
3177
2285
1535
3321
1683
3007
2650
2486
1722
1388
2711
1310
1461
3327
1653
3034
1787
2455
2535
1672
2926
2314
1602
3339
2137
3071
1842
2842
1758
2408
2403
2421
2358
2324
2650
2446
2363
2386
1713
3344
1685
3023
1691
1465
2722
2285
1532
3348
1045
3321
1686
2605
1399
3335
1686
2927
1779
3025
1578
2684
2335
2387
2311
2327
2230
3063
1702
3278
1683
3050
1927
1403
2701
2325
2387
2496
2023
2418
2420
2491
1803
3073
2625
2257
2549
2318
2411
3313
1739
3022
1794
2434
2273
2517
1556
2471
2631
3238
1600
3339
1686
3141
1491
3474
1679
3014
2905
1333
1597
3239
1680
1544
2468
2174
2524
3205
1407
3332
1670
357
2667
2338
1555
3337
1699
1499
2725
2289
1577
3332
1695
2224
2751
2292
2417
2369
2366
1552
3322
1163
1287
1430
2115
3970
1862
1934
1457
3315
1679
1625
1319
3327
1688
2338
2127
2097
1602
3195
2280
1367
3140
1872
2376
2933
2103
1518
3323
1297
1883
3138
3327
1682
2458
1559
1462
2897
2592
2573
3026
2263
2496
1377
3340
1699
1365
1674
1730
3286
1527
2367
3110
1735
1974
2191
3062
2703
3291
1602
1147
3339
1697
1519
3333
1848
2226
3267
1596
2591
1394
3332
1711
1543
2214
2790
2510
2552
1639
3321
1697
1423
2323
1534
2351
2820
2036
2212
2259
2091
3179
1637
3334
1422
1692
3322
3114
1409
3011
1395
2896
2117
1747
1401
1446
3130
1875
3258
1725
2265
2424
1699
2110
2282
2614
1594
2267
2756
2236
2463
2811
2452
2439
2538
2712
2626
2674
3061
2719
2855
2638
536
2527
2415
2589
2410
2418
2303
2215
1100
2890
1697
2115
2676
2132
2552
2309
1771
2148
1283
2851
2310
2517
1680
1369
1387
1828
3206
2141
1851
1879
3300
1679
2869
1696
2164
3215
3591
1812
1814
1582
3328
2465
1450
3346
1706
2966
2052
3060
2738
3083
2004
1979
2196
1959
2241
2049
3078
1671
2523
2266
1554
1231
3327
1654
2436
2452
3324
1482
2312
2693
2223
2940
2967
1682
2532
1639
2450
2460
1688
2124
3074
1898
1631
1400
3338
1676
1491
3327
1682
2988
1963
3055
1696
2400
3264
2603
1488
3327
1661
3327
1697
3159
1839
3010
1773
2239
2003
1672
3336
1674
3018
1642
2795
3466
2739
2308
3326
1382
3018
2039
2758
1460
3320
1595
3323
1670
2998
1862
1249
1355
3339
1615
1586
3587
1497
1984
1481
3336
1675
3328
1682
3089
2154
2415
2498
2073
1365
1951
3069
1667
3334
1689
1471
1419
1446
3327
1672
3034
1723
3797
1598
3335
1615
3681
1635
2475
2746
1557
1533
1567
1453
2017
3007
3255
3254
2361
1675
2272
1722
1583
1519
1658
2461
2405
2202
2482
1406
3141
1898
1859
1589
2555
1634
1543
3020
2218
1921
3106
1689
1318
3336
2459
2543
2403
1422
1310
2761
2552
2683
1291
1391
3334
1667
2079
1418
2450
1628
3341
1684
2905
2411
3009
1323
3317
1929
3306
1310
3292
1746
3041
2660
3159
2339
1464
1703
1430
2058
2971
1502
1507
3339
1450
1434
3334
1688
3244
1950
1857
1660
1657
1967
2648
1681
1715
1383
1553
3321
1684
3335
1675
2709
2323
2460
3034
1373
2564
1577
1548
1544
3355
1679
2091
1514
3321
1680
1570
1507
3375
1680
2199
2086
3330
1696
3165
1775
1817
1479
3335
1678
3066
2406
1627
1982
3052
1411
3348
1655
3042
1570
1309
1493
3326
1684
2999
1298
3335
1696
2007
3143
2387
2702
1699
1685
3333
1699
3022
2251
1371
1522
3275
1600
3317
1621
3254
1697
2779
1706
1327
3726
1360
1462
2021
3008
1735
3042
3063
2355
2340
3497
2050
2256
1557
1302
1530
1480
1542
1916
2987
1416
3338
1704
1550
3339
1303
1851
3163
1440
2142
1379
3370
1435
3328
1385
3335
1682
2780
1709
1702
3028
2499
3210
1482
1662
3335
1620
3322
1671
3028
1672
3036
2290
2994
2620
2478
1437
3339
1461
3341
195
917
1021
1593
990
2505
