1839
1845
1802
1940
1765
1926
1777
2079
1674
2089
1816
1925
1739
1910
1671
1971
1791
2130
1822
2117
1594
1939
1758
2149
1759
2064
1739
2190
1691
1954
1843
2105
1731
2055
1758
2076
1734
1967
1867
1879
1755
2062
1815
1973
1706
1913
1750
1974
1751
1849
1827
2077
1846
2047
1753
2123
1849
1895
1729
1895
1741
1963
1815
1895
1857
2114
1903
2155
1759
2050
1834
2053
1771
1939
1801
2072
1838
2111
1770
2111
1803
1881
1726
2081
1687
2095
1743
2053
1755
1918
1799
2179
1752
2085
1775
2114
1739
1971
1797
2107
1765
1937
1838
1974
1762
1926
1974
2044
1667
2185
1757
1901
1681
1975
1807
2079
1835
1893
1778
1910
1693
2065
1667
2114
1746
1915
1781
2153
1811
2103
1771
1875
1825
1888
1787
1899
1615
2053
1687
1961
1803
1891
1847
2122
1726
1966
1913
1917
1735
2117
1759
1846
1764
2146
1938
1918
1870
2055
1835
2043
1829
2123
1817
1915
1801
2139
1839
1913
1731
2101
1758
2050
1693
2157
1803
1889
1955
2157
1879
2058
1793
2055
1830
1906
1774
1943
1893
1937
1699
1951
1814
1977
1848
2235
1818
2075
1891
1882
1751
1927
1831
1855
1846
1874
1779
1897
1759
1860
1702
2105
1756
2080
1810
2047
1678
1895
1884
2095
1819
1954
1754
2062
1863
2198
1810
2057
1753
2050
1703
2046
1682
1936
1717
1897
1821
2131
1819
1927
1701
2207
1825
2049
1765
1939
1801
1971
1790
1935
1739
1821
1723
1975
1742
1889
1856
2110
1861
2107
1812
2054
1787
1933
1807
2127
1834
2127
1915
1939
1843
1894
1768
1975
1762
1973
1683
1891
1754
1924
1771
2081
1829
2166
1827
1947
1742
2056
1879
1935
1797
2102
1817
1950
1951
1970
1757
1966
1747
1974
1713
2065
1710
1951
1823
2195
1655
2182
1817
2047
1919
2179
1734
2049
1898
1977
1772
2099
1873
1918
1801
2067
1809
2158
1903
2139
1782
2131
1875
2059
1787
2081
1737
2101
1723
2229
1849
2063
1845
2117
1905
2071
1755
1950
1902
2079
1932
2102
1919
2054
1852
1942
2096
1918
1871
2050
1938
1967
1805
2083
1842
2138
1897
1951
1717
1977
1687
1847
1802
2056
1901
1787
1863
1894
1711
1885
1757
2101
1788
1973
1711
1962
1735
2068
1843
2164
1815
2140
1706
1953
1839
1954
1805
1975
1882
1914
1803
2067
1922
2150
1746
1970
1883
2051
1887
1967
1731
1908
1814
2062
1746
1965
1799
1893
1787
2064
1815
2086
1882
1970
2055
2095
1906
2075
1781
1937
1813
2053
1825
2074
1923
2111
1842
1952
1771
2114
1763
1955
1761
1923
1771
1917
1852
2094
1799
1972
1784
2186
1922
2083
1853
2045
1773
2119
1783
2045
1814
2071
1810
2237
1746
2185
1847
1970
1823
2126
1874
2055
1779
1950
1875
2127
1871
2179
1785
2163
1741
2065
1771
1903
1839
2079
1895
2058
1825
2141
1794
1843
1693
1847
1845
1911
1825
2069
1658
1875
1946
2067
1649
1830
1560
1815
1514
1824
1515
2071
1799
1921
1767
1921
1795
1899
1819
1783
1751
1862
1764
1847
1721
1735
1817
1797
1871
1736
1775
1804
1709
1701
1777
1735
1765
1851
1655
1816
1713
1814
1785
1621
1709
1761
1874
1715
1741
1836
1811
1714
1783
1813
1806
1771
1817
1786
1717
1779
1784
1678
1657
1787
1751
1706
1920
1718
1695
1741
1834
1842
1815
1789
1729
1919
1830
1591
1807
1786
1822
1686
1710
1772
1778
1714
1683
1638
1667
1799
1787
1857
1849
1691
1802
1734
1870
1619
1759
1778
1773
1818
1606
1691
1613
1697
1707
1769
1748
1745
1709
1792
1917
1863
1783
1771
1777
1794
1771
1716
1774
1841
1665
1873
1799
1779
1787
1761
1678
1767
1730
1735
1973
1815
1736
1836
1881
1685
1677
1759
1906
1735
1693
1752
1825
1707
1827
1891
1819
1721
1750
1647
1859
1797
1798
1791
1852
1715
1925
1711
1755
1791
1826
1767
1795
1666
1783
1831
1890
1762
1695
1779
1895
1829
1761
1712
1835
1654
1766
1683
1754
1844
1817
1759
1713
1743
1856
1723
1731
1704
1724
1727
1803
1723
1606
1831
1795
1737
1869
1631
1735
1779
1723
1698
1810
1649
1817
1715
1759
1742
1695
1846
1735
1649
1803
1927
1847
1908
1878
1659
1701
1823
1729
1847
1907
1735
1743
1805
1845
1747
1793
1711
1682
1826
1771
1819
1803
1609
1793
1717
1891
1811
1727
1863
1813
1847
1870
1822
1907
1797
1679
1723
1707
1811
1801
1830
1680
1723
1819
1631
1759
1693
1733
1775
1703
1829
1781
1699
1752
1782
1927
1851
1782
1664
1728
1587
1839
1782
1810
1811
1791
1899
1656
1813
1915
1903
1740
1773
1825
1707
1795
1787
1723
1805
1816
1798
1745
1806
1854
1877
1710
1633
1718
1782
1844
1690
1691
1763
1735
1759
1833
1718
1815
1670
1827
1783
1711
1801
1778
1828
1731
1873
1826
1686
1678
1643
1787
1762
1715
1729
1708
1779
1606
1763
1823
1647
1727
1715
1755
1766
1811
1750
1782
1778
1677
1782
1668
1744
1811
1818
1819
1671
1765
1787
1869
1722
1812
1634
1718
1717
1753
1849
1806
1720
1617
1746
1715
1699
1745
1759
1743
1709
1789
1754
1786
1682
1713
1861
1667
1662
1717
1806
1665
1691
1583
1779
1791
1780
1815
1653
1891
1963
1853
1667
1779
1623
1795
1654
1805
1756
1739
1733
1793
1777
1647
1831
1710
1863
1723
1758
1730
1655
1695
1762
1731
1787
1813
1766
1741
1700
1809
1673
1902
1897
1815
1769
1651
1782
1774
1678
1699
1787
1734
1629
1744
1642
1804
1822
1768
1916
1863
1783
1767
1881
1799
1775
1835
1711
1809
1768
1829
1863
1705
1798
1640
1611
1806
1683
1698
1695
1857
1676
1838
1563
1728
1749
1791
1637
1898
1787
1834
1689
1730
1689
1691
1559
1771
1835
1743
1964
1867
1690
1690
1702
1647
1919
1654
1687
1707
1745
1818
1737
1766
1791
1762
1737
1618
1690
1802
1703
1777
1734
1695
1806
1771
1667
1708
1743
1829
1722
1691
1775
1857
1707
1733
1701
1821
1715
1726
1739
1915
1747
1755
1793
1689
1715
1656
1739
1599
1823
0
1893
