2479
1963
2275
2850
1901
2835
2043
2838
659
3023
2267
2843
2539
2873
2553
1459
1995
3313
2263
2869
1722
3013
2275
2831
2803
1402
3089
1914
3063
3255
2235
2945
2487
2183
2951
2634
3099
2899
3005
3407
2825
2482
2847
2851
2847
2859
2801
2818
1166
2422
2843
2559
1683
3291
1989
2835
3158
2823
2122
2857
925
3315
1990
2767
2613
2873
1915
2859
3031
1555
2371
2898
2183
2834
2307
2803
1962
2843
2755
1757
2570
2815
2342
2847
1803
2847
1906
2918
2443
2843
2411
2871
2526
2686
2990
1625
2037
3023
2261
2839
2302
2859
2871
2842
2835
2950
2873
2843
2555
2742
2859
2847
2719
2687
2295
2841
1742
2843
2850
2880
1407
1394
3158
2130
2687
2839
2890
3258
2279
2935
2143
2825
2007
2854
1390
2925
2463
2690
2051
2863
2649
1483
1707
3398
2263
2630
2839
2846
2750
2851
1399
3019
2306
2809
2754
2883
2863
2778
2803
2565
2790
2826
2806
2842
2175
3276
1691
3027
2259
2851
1835
3021
2247
2886
2995
2662
2803
2829
2231
2874
1731
3011
2254
2831
2550
1663
2115
3001
2143
2719
2331
2215
2013
2661
3181
2866
2822
2919
2862
2853
1935
2731
927
3193
2099
2863
2839
2847
2067
2855
2081
2847
1978
2939
2654
2839
2675
2541
2957
2850
757
1734
1937
2867
2971
2831
1958
3163
2031
3207
2078
2835
2871
2807
2915
2435
2158
2839
2671
2858
2287
2841
2990
2827
2838
2831
3171
2871
2014
2834
2399
2833
2878
2827
1893
2821
1721
3058
2239
2841
2679
3259
1711
3307
1606
3094
1621
3077
2287
2891
2989
3335
2238
1799
3214
2066
3231
2963
3218
2843
2779
2583
3095
2734
1791
3031
751
1389
1951
3157
1821
2774
2507
2602
2581
2651
2170
2983
2191
2867
2035
2875
2843
1391
2447
2831
2175
3219
2289
2665
1817
3343
2310
2847
3379
2791
1662
2862
1981
2895
2855
2831
2069
2681
2738
2819
2814
2823
2795
4133
2878
2841
1998
2411
1798
3014
2290
3255
2259
2882
1918
2979
1783
3011
2379
2957
947
2995
2298
3327
2843
3099
2786
2843
2795
2637
1986
2871
2915
2819
3063
2843
2068
2839
2134
2823
2851
2974
2205
2919
2975
2923
3251
2777
3081
2815
2634
1815
2271
3003
2081
3089
1875
1399
2990
2285
2806
3015
2883
2522
2807
2855
2775
2771
1490
2991
2605
2927
2439
2431
3375
2382
2543
2819
2630
2871
2523
2827
2831
2846
1929
2838
2697
2855
1859
2975
2310
2785
2695
1915
2162
2829
2910
2903
975
2771
2186
1427
3054
2242
1918
2818
2703
2041
2609
2831
2399
2707
3123
3247
3077
2797
2655
3007
843
3333
1722
3013
1833
2757
2246
2861
2827
2631
2475
2851
2647
2019
2798
2866
1951
3015
1786
2955
2915
1383
2770
2182
2887
2835
1851
2951
2335
2755
2910
2838
2985
3030
2267
2846
1977
1821
2699
2622
2737
2895
2547
2359
1863
2987
2118
3019
2045
2783
2241
2498
2330
2978
123
3319
1219
2955
506
1413
3023
2305
2330
2610
1962
3002
3387
2690
1887
1885
2345
1930
2147
2979
2338
1850
3143
1843
1405
1119
3327
1854
2339
2913
1775
2299
2983
2114
2823
2486
2815
2870
1962
1495
1543
1067
1782
3307
1989
675
2827
1339
3191
1645
2871
2161
391
3386
1755
2877
2397
3357
1950
2382
2113
1235
1803
1647
2079
3219
2049
2263
2083
3161
2715
2903
2363
1103
3339
1957
2711
2079
2153
2063
2611
3142
2763
3171
2153
935
3123
2065
1883
2273
2805
1715
1859
2250
3169
1959
3375
2819
2483
3181
3179
1642
3298
1831
3250
1471
707
3371
2855
3087
1887
1958
1935
1502
1427
2894
2521
753
431
2257
1279
3009
2254
2085
2070
1922
1997
1967
1651
818
1819
3021
1899
3011
2151
1203
3099
1978
2247
2381
2414
1466
2687
2599
2847
2733
2842
1867
1779
2219
3335
3283
1402
2190
1637
2343
1955
3199
2073
2503
2871
1991
1669
2663
2871
3423
2342
2283
3003
409
3235
1711
1707
2986
2333
503
2649
2645
2419
2471
1397
1475
3179
2120
2339
1922
2759
1367
2607
2667
1431
3107
2179
1911
1729
1506
2887
1883
2479
2765
1781
2363
2862
1452
1507
3026
2249
2061
2057
2939
1099
3281
2018
3083
2467
2997
2055
1397
2307
2767
3029
2205
2883
3375
1754
1839
3131
2178
3038
1891
2686
2927
1695
3231
2039
1703
2202
3087
1258
1823
2703
1629
3399
1895
3409
2967
3407
2465
2159
1610
3203
2059
3043
2247
2945
1647
2158
2203
2111
3327
1510
3097
2194
1675
3259
1551
2287
2999
1974
2221
3029
951
3406
1873
1910
2478
1986
2903
1366
3331
1693
1630
3327
1225
3022
2259
1603
1783
3355
1931
483
3054
1775
1399
489
1375
2517
1762
3025
2291
2182
1539
3013
2263
3079
2295
2949
2694
1933
3349
3258
3283
2089
1453
1891
3207
1438
2142
2945
2355
2771
2835
1717
2178
2983
2119
2970
2919
2162
799
3395
2855
1983
987
1878
3241
1362
867
3033
2266
3019
2161
2105
2955
2319
2815
1783
2007
3095
2866
1662
2159
3150
1833
3023
1731
2311
2971
2290
1775
2959
1970
2387
2123
1963
1434
2835
2453
1193
2731
3175
2753
2719
1490
3233
2179
2879
2799
2826
1699
2029
1822
3235
2022
3083
2749
2795
2763
1598
2550
1687
3135
2169
2158
3067
3115
3103
655
1473
3294
1962
3097
1369
3199
2135
3263
2012
3307
1246
1741
3114
2166
2007
2474
2510
1842
2879
2627
2719
1703
1761
2371
2931
2183
1535
2773
2522
2597
2946
1194
3206
2047
2823
3011
2987
3238
2203
1755
2311
2162
1854
3018
2286
2015
1875
2838
1567
1643
2790
1879
2275
3117
1909
1993
3283
1999
2613
1775
3014
2237
1703
1841
1775
2953
2578
2791
2771
3222
2850
2887
827
3483
1987
3111
2589
3022
2667
1318
3182
2119
3152
2746
3403
2246
2859
3382
2299
2679
2926
2207
2747
2938
1787
3007
2217
1957
2925
1831
2981
2318
2822
1287
1879
1697
3211
2067
1741
750
3201
2095
3033
3034
1669
1711
1651
3095
1678
3151
1790
938
1723
2430
1845
3375
2457
1867
