3290
1526
2337
2791
2071
2606
853
3267
415
1991
591
1754
2105
3145
1249
2367
1565
1318
1957
3161
2247
1740
1362
191
2139
2760
1292
1404
2278
1553
2445
2555
1192
1407
1177
1882
1973
2919
687
3307
1830
2433
386
1818
1728
2502
1466
1376
2022
1407
2107
3000
1102
3095
1654
2491
1513
1319
1942
1352
3394
3096
1155
3203
1514
1616
2115
1339
2341
2551
1063
1870
1779
2054
3310
3275
2755
1531
1490
2669
2330
1405
1293
2615
531
1829
1610
1200
1335
1995
1315
1767
2326
3213
2133
2686
1227
1486
1574
1419
2183
2567
1950
3147
1242
1312
1448
304
2326
1851
1344
1531
1578
2479
1340
1914
1918
1641
1067
2388
1521
2556
1516
1691
1482
2554
270
3197
2037
2374
938
1291
1271
1724
1302
1738
2465
2462
1435
1771
2074
2830
1131
1528
2267
1288
2359
2906
1148
2333
1058
2536
1607
1859
1567
1538
2356
1465
2559
1309
2402
2714
2167
2676
1177
2558
1397
1826
2135
2938
1314
1790
2106
1315
2380
2976
1854
2667
3343
1366
1669
1473
1249
2348
2646
1439
3044
1491
1360
1330
1583
1772
1251
1388
2252
2877
2103
1368
2211
3037
719
3027
2152
1959
2212
2846
1130
3255
1719
1423
1335
1378
1400
1319
1963
1790
1763
1383
1397
1351
1847
1638
2398
1559
1196
2371
1540
1464
1237
1297
2169
2855
1873
3263
1459
1523
1765
1525
1880
3355
1272
2656
1405
2259
1187
800
3095
2588
1402
1241
1403
1368
1546
1775
977
1397
1102
1357
1335
2602
1338
3211
1303
2366
1565
1694
1657
1694
2399
1347
1659
1517
1463
1865
2287
1723
1654
1417
2144
2876
698
3193
1596
1337
1639
1692
3346
1398
2271
1474
3322
2266
1514
1400
2601
2672
2289
1352
2266
1682
1860
2675
2175
3218
1431
1380
1625
2513
1604
2354
1347
1804
1419
2670
0
1390
927
1331
2550
1318
1690
1332
2155
3059
1961
2038
2114
1602
1422
1555
2294
2829
2148
2006
3337
1536
1203
3137
488
2149
1549
828
3270
1575
1132
1582
1187
1879
3178
2658
1458
2452
1477
1491
1125
1382
3325
1802
2146
1462
1009
1167
2344
2504
1428
2472
1050
2731
937
1457
1797
1544
2484
1502
3341
1703
2119
3350
1800
2407
2260
2642
1943
1475
1177
1687
1591
1324
2339
1757
2061
2644
1015
3313
364
1429
2130
2772
2147
2391
588
2023
1849
2822
2034
2617
1709
1559
2323
2523
761
1700
2081
1531
2460
1347
2659
2669
988
3019
1828
717
1323
1039
1442
1751
2059
2608
1834
2733
1399
2281
2076
1807
1405
1408
706
3071
424
3200
1537
1577
1856
1929
1355
1442
2493
1398
2541
540
1953
2993
1544
1540
2111
1585
2292
2900
1338
1126
2413
596
363
1631
189
1459
2335
1613
1018
1375
2179
1503
2145
1303
2163
1361
2029
2498
445
1378
2156
2779
1878
1324
1949
2423
2945
3421
1549
2504
1626
1855
1427
2706
2047
1365
1594
639
1214
1560
1282
1376
1411
2187
1089
1378
2121
2931
792
1377
2197
1587
2858
584
900
1590
1491
1298
1577
1128
1332
1182
1258
1365
1158
1724
1487
1019
2218
723
363
1243
1521
1182
979
1735
1689
1723
1307
1554
1045
1358
564
1231
1202
1976
918
894
1547
1467
1075
1246
1261
1130
1227
393
1114
1356
1315
1649
1307
1234
1379
1329
1262
1682
1320
1200
1555
1003
1237
1524
49
716
870
1381
928
1140
1088
106
1631
1215
1192
1403
1314
1091
748
1400
1539
1652
2067
660
1382
1790
1933
1800
1131
1742
853
901
1513
836
1434
816
1567
1171
1450
1072
1489
459
1291
602
1234
1703
1301
1144
1248
962
1741
1627
1415
682
1430
700
658
1708
1179
491
1645
954
1844
1551
2058
1963
1266
1347
1357
1354
1089
1612
911
1075
989
1022
927
1931
1278
1440
577
1215
2016
1288
1075
1133
1150
1293
534
1151
746
2006
1528
1268
1304
1684
1537
1925
1324
1041
1939
1092
1267
1483
686
1286
620
1676
1197
1652
431
1663
1272
2837
887
1187
1060
1585
981
629
1508
1352
1480
1225
1068
1343
1462
1307
1287
828
578
903
871
1673
1772
857
886
1438
1865
1724
1811
1991
968
1105
1253
879
2210
1686
1031
1094
1204
1325
1919
1376
1149
1138
407
999
1204
1001
425
992
1310
1605
1375
2083
1043
1857
1698
1397
1439
1655
2515
629
1431
2163
675
744
2506
1092
1540
307
1313
1492
1116
1753
1520
1857
2509
413
1265
2200
688
1275
1555
1360
1434
871
670
1265
1764
837
1122
1788
85
1418
2141
2001
614
1442
694
1030
1533
1531
535
1808
1224
1981
1872
1339
1694
1498
1983
622
2403
1427
319
963
1581
971
1521
1151
1103
1088
1169
2042
1521
1143
1374
1427
925
1841
1217
2395
1478
1067
926
1492
1629
1534
1349
1454
1523
154
930
1817
1725
293
2375
1491
234
1631
2217
1041
2190
1379
1956
1361
2048
1443
1488
2089
1265
1619
2036
1665
1575
1634
1213
1211
959
1396
1505
2021
1251
1347
866
1100
2538
976
1137
1450
2116
1180
1147
786
1164
1917
1324
1371
1579
1474
1849
1808
1255
1221
1226
1355
1479
1414
1329
1299
1443
1139
1725
1388
1316
1551
1659
1599
1381
1367
644
666
1439
902
1413
1583
1533
1939
927
1564
1968
1263
766
844
1411
599
1351
1361
1202
1209
1793
1287
1305
1367
1960
1449
1182
1762
1157
1621
289
1029
1236
1293
1390
1365
676
1553
1154
1324
1451
1450
1670
1265
1408
1157
1151
1254
1550
1455
935
1873
1709
940
1761
1662
1474
1873
1754
1326
1946
1074
1355
1439
1153
870
1740
1665
1268
1319
548
1925
646
1501
714
1255
1786
1354
1666
1726
1078
2660
1043
1622
1756
1259
1379
2787
965
1122
2002
1706
1048
906
1615
1469
1340
1435
1104
1412
1082
1536
1361
1526
1890
955
1377
1358
1379
913
1787
1622
1704
1320
2061
1305
1559
902
1182
1230
1094
2527
1195
877
1975
1265
1315
1355
2538
3020
1446
3046
2991
3274
