1554
2165
1267
2811
1945
2689
3118
3227
2059
2831
1810
3030
2273
1391
2959
2310
1390
3142
2163
2475
2735
2895
2966
2878
2297
2863
2951
2811
2371
2807
1487
2959
2322
2779
1859
2975
2310
3219
2807
2871
3025
2243
2982
2151
2770
2851
1683
3014
2717
2731
2811
1395
2934
2455
897
2823
1999
2831
2598
2742
2063
2865
2217
1801
2463
3186
1438
3133
1393
2650
2671
2854
2767
2857
2858
2381
2839
1383
3262
2029
3139
3173
2907
3178
1803
2983
4329
2675
2618
2863
3027
2790
1713
3002
2238
2841
3142
2803
1807
3067
1871
2923
2866
2843
2102
2845
1179
3275
2025
2815
1746
2990
2282
2669
2615
3005
2755
2607
1034
3146
2279
2735
2818
2463
1839
3015
1657
3003
2270
2834
2711
2236
2795
2842
2297
3327
1963
2847
3207
2176
1551
2890
1926
3138
2126
2875
1671
3047
2254
3085
3002
2819
2015
1426
2902
2501
2543
2847
639
3047
2243
3214
2070
2843
3426
2133
3007
2799
2321
2846
2998
2866
1895
2873
1963
2386
2115
2771
2087
3329
2914
2939
2591
2657
2923
2890
3051
2833
1690
2811
2974
2943
3034
2781
3037
2783
2870
1631
426
2999
2270
2731
2705
2839
2767
2407
2903
2850
2531
2807
2878
2834
1655
1897
3302
2228
2943
3167
2875
2923
1597
2546
2737
2383
2826
3078
2831
2842
2650
2859
1655
1807
1899
2765
2534
2583
2746
2823
2846
2855
2163
2927
2654
2429
2841
2923
771
3318
1958
2831
2937
2890
2838
2871
2915
2826
2867
2857
4327
2862
1975
2855
2974
2213
2865
2843
2814
2833
2878
2831
3134
2835
1409
2807
2135
2714
3387
2611
2886
2850
3294
2867
3162
2931
3223
2854
2069
2451
1194
2857
2019
2821
2915
2835
2611
1375
427
3394
1526
3051
894
3227
2107
2730
1601
3355
2770
3019
2279
3237
1559
3019
2294
2851
2675
2841
2615
2859
1679
2935
2347
2742
2770
2847
1782
3054
2290
2591
3037
1395
3184
2213
3019
2829
2737
2847
559
3345
1915
3015
2918
2853
2903
2855
2582
3007
2277
2823
2870
2842
2555
2867
2835
2759
3591
2821
1966
2839
2775
3606
3011
2687
2999
2867
2857
2865
1874
3020
2279
2859
2909
2809
1585
2366
2794
38259
2846
2850
2060
2746
2031
3118
1930
2363
3022
2822
2871
2934
795
3417
1866
2835
3075
3035
2635
3015
653
3399
1878
3201
2683
3247
2571
2814
2889
2867
2486
1667
1443
2742
2419
2835
1427
1843
3427
2719
2715
2659
1791
3159
2023
1693
1539
1798
957
3375
2301
2813
2007
2867
2827
2891
2783
2846
2839
1998
2851
2405
2841
4187
1219
3403
1951
2751
2743
2799
2859
2822
2938
2839
2951
2695
2698
2999
1919
3125
519
3387
1883
2711
3058
2774
1471
3031
2262
2791
2859
3222
1583
2339
2804
3022
2289
2859
1939
2939
1847
3010
2254
1531
1814
3356
2311
2847
1659
1741
2489
2537
2245
1554
2549
2843
1413
2719
2919
3289
1279
2723
337
1511
1901
2389
2471
3090
1891
2930
1662
3399
465
3239
2011
1395
2505
2712
1850
1601
3154
761
2169
3027
409
2319
1946
2223
2017
3019
3055
2083
3043
2858
2970
2943
2854
1451
1799
1859
3153
2154
1883
2745
2807
3025
2980
2415
2179
3190
2062
2242
2607
1523
2997
2014
3055
2229
1587
1947
1751
1921
2417
1987
814
1875
1235
1215
2083
234
1123
2211
2339
943
1947
907
331
2099
2259
3435
1890
1499
3023
523
1375
3017
1531
1413
3550
3095
2106
2418
1730
2659
2389
2199
3174
1509
2355
3169
302
1787
2085
2413
703
2123
842
1378
2041
1758
2822
2086
3183
1974
721
2991
949
2503
2895
810
2357
939
2622
1723
2294
1417
2055
1158
3161
1925
1539
3119
679
2703
3001
2631
1905
2191
619
1043
2091
745
2459
1562
746
1794
2862
3238
1361
2367
2395
1967
666
1775
2338
1107
707
2257
1038
3163
1403
2131
3114
933
3430
1817
1943
2563
1790
2050
727
2351
1413
3355
1434
2563
2818
2843
2834
3037
2970
2143
1147
2715
3202
1766
3466
1914
738
2959
2792
3007
2014
2171
1425
1205
1930
326
1621
2527
2645
1375
3359
446
1982
1953
3239
1634
3355
1605
2351
1667
1679
2456
2791
1543
3419
1319
2690
671
2311
1265
1015
2721
1511
2387
3017
2593
1475
3111
2121
1857
1661
871
2851
726
3140
1901
2187
1518
3287
2183
1945
3013
1074
1649
1685
807
2782
2027
1783
699
2414
0
3342
801
3281
1590
2857
2806
2754
2657
952
2166
533
786
3222
2062
491
2703
2467
2635
3086
2005
911
1759
2483
3035
1071
1715
3195
2827
235
3479
2809
1694
2634
1537
907
1939
3222
2623
1807
2591
2961
1673
2166
2403
2823
2559
2674
2018
2189
718
3443
2018
2009
2789
2755
2938
2895
2823
1575
2491
2835
2855
1755
2478
1531
1255
3153
2151
615
2074
3162
1559
2340
3098
927
2547
2145
1641
2230
1939
3363
519
3371
1686
3237
2083
2935
2927
2958
2287
2123
2755
2315
3089
586
1483
3041
2238
1922
1902
1119
2531
1895
1979
2271
2961
2049
2153
1822
1854
2845
2451
667
1722
2102
3174
2142
2874
1313
2931
1119
2669
3075
2046
3355
2123
2095
2799
2895
2663
858
2129
2919
1897
2866
2537
965
1070
2889
1659
1726
3103
2331
2015
2983
891
3367
1147
2166
3099
2311
1467
1913
3295
2067
2083
623
2367
2370
3177
2779
2930
3051
2727
2914
3374
2209
2863
1819
1635
3127
2171
2647
2718
1977
3093
2810
2031
3055
2125
955
3546
2798
2879
486
3223
2187
2990
1599
2174
2061
455
1939
1918
2829
1527
2762
1983
1975
2098
2305
897
3359
3019
1866
1759
2787
3266
719
2377
1995
2957
2582
1891
3043
2414
2777
2870
1515
1806
1810
2819
2458
1611
1389
3041
1771
2343
1666
2631
2825
2049
1342
2845
2499
3054
2258
1415
2467
1611
1662
1511
2862
1551
2779
1447
1563
3079
2219
2878
2827
1823
3387
1890
1695
2962
2331
1342
3003
3265
2041
2067
1391
3741
1983
2830
1726
1633
523
2599
966
2351
1563
1375
