2403
2338
2523
1399
1399
1383
4719
2923
1395
1411
1319
1347
1411
1399
1383
2991
1407
1403
1391
1407
1406
1399
1402
1898
3067
1391
1691
1431
3107
1410
1215
3046
2935
1391
1510
1379
1351
1603
1502
1395
1587
1530
1523
1395
1415
1398
1291
1391
1403
1391
1391
1411
1415
1359
2687
2851
1402
1127
1527
1403
1379
1395
1410
1239
2071
1339
1431
1398
1295
1494
1410
1427
1395
1403
1419
1395
3047
1471
3098
2995
1503
3090
1311
3083
1427
1239
1139
2987
2951
1879
1394
2914
1391
1402
1399
1311
1199
3555
2990
1127
1543
1407
1371
1391
1395
1403
1419
1399
1399
1762
1427
1339
1411
1387
1395
1439
1399
1434
1407
2935
1399
1391
1395
3139
1419
1503
1523
1407
1466
1391
1371
1399
1375
1531
8983
1399
1219
2651
2919
1335
1211
2995
2570
1243
1387
1930
1367
1391
1403
1391
1371
1447
3119
1247
1746
1587
1391
1411
1411
1463
1391
1626
1399
1407
1399
1210
1131
2991
1390
1394
1379
1411
1566
1395
1283
1458
1723
1991
1399
2303
1439
1487
2098
1227
1323
1283
2999
1635
1470
1395
1411
1399
1351
1407
1407
1411
1423
1407
1683
1399
1107
1395
1299
1382
1403
1415
3139
2903
1391
1395
1367
1155
2891
2883
1371
1395
1439
1375
1403
1386
1415
1363
2943
1343
2975
1383
1395
1659
1423
1523
1403
1395
1407
1403
1443
2990
1519
1391
1411
1487
1458
1391
1306
1390
3439
1399
2943
3011
1299
1407
1535
1515
1411
1271
1371
1355
2135
1511
1459
1395
1698
1387
1427
1771
1395
1343
1447
1407
1155
1395
1399
1602
1703
1403
1399
1419
1411
1411
1383
2990
1422
1303
1411
1394
1411
1479
1403
1403
1371
1387
1399
3694
1403
1386
2095
1387
1255
1383
1403
1395
1399
1719
1403
1399
1391
1379
1403
1770
1330
2987
1387
1398
1398
1403
1455
1127
3015
1395
1423
1395
1415
1411
1511
1387
1435
1391
1407
1359
1338
1419
1563
2363
2027
1502
1219
2963
2915
1406
1403
1343
1214
2983
2923
1383
1219
1371
1263
1395
1415
1430
1410
1398
1375
1407
1407
1387
1038
1298
1398
1383
1395
1606
1415
1423
1407
3111
2755
1403
1383
1551
1487
1403
1387
1415
3091
1607
1426
1407
1399
1235
1383
1394
1331
1403
1391
1407
1415
1386
1415
1403
1394
1391
1391
3071
1387
1411
1279
1439
1391
3359
1155
1366
1415
1659
1351
1399
1363
1419
1391
1387
1423
1663
1439
1415
1583
1463
1391
3083
1419
1355
1459
1391
1387
1343
1315
2482
1255
1386
1419
1403
1579
1391
1514
1426
1395
1375
1487
1343
1399
1391
1375
1503
1375
1395
1463
1543
1619
1483
1467
1399
1386
1495
1399
1351
1443
1403
3090
1407
1611
1391
1371
1531
1383
1379
1391
1403
1559
1387
1278
1415
1395
1359
1415
1667
1399
1427
1423
1515
1351
1327
1399
1407
1383
1358
1399
1403
2351
1491
1411
1383
1411
1579
1191
1323
1555
1410
1418
1375
1375
1391
1751
1535
1174
2819
2919
2491
2894
1395
1399
1395
2583
1662
1583
1398
1459
1335
1387
1447
1739
1319
1391
1354
1423
1639
1371
1271
1418
1399
1423
1371
1395
1399
1375
1403
1367
1471
1671
1415
3179
2874
1635
1711
1399
1423
1235
1398
1307
1511
1487
1363
1407
1379
1443
1427
1402
3083
1407
1343
1503
1422
1259
1371
1375
1751
1674
1347
1795
1479
1379
1111
1267
1478
1371
1403
1419
1275
1383
1327
1395
1395
1411
1335
1387
1527
1419
1371
1411
1531
1271
1406
3115
1335
1235
1726
1495
1407
1415
2062
1479
1435
1398
1143
1523
1355
3183
1343
1679
1819
1335
1622
1411
1255
1202
1250
1255
1646
1995
1391
3247
1315
1351
1355
1922
1410
1639
1415
1427
1411
1555
1406
1455
1527
1395
1403
1247
2971
1366
2139
1283
1403
1271
3091
1431
1415
1251
1403
1403
3034
1403
1315
1366
1370
1511
1475
1563
1403
1619
1399
1447
1203
1255
1391
1699
1263
1571
1319
1466
1379
1226
1695
1566
1411
1471
1575
1275
1419
1555
1503
1399
1411
1459
1331
1415
1787
1411
1379
1407
1439
3107
1447
1395
1423
1319
1415
1927
1403
155
2931
1395
1366
2531
1351
1403
1831
1395
1207
3078
2906
1359
1419
1318
1323
1387
1247
1407
1339
1415
1490
1307
1131
2971
2858
1235
1382
1407
1338
1462
1391
1139
2963
2871
1387
1779
1623
1359
2931
1399
1414
1391
1362
1395
1362
983
1411
1459
1619
1379
1375
1410
1291
1447
1415
1531
1611
3091
1419
1231
1691
1455
1407
1574
1574
1427
1443
3071
1311
1443
1239
1407
1411
1411
1379
1399
1426
1239
1407
1383
1391
1439
1399
1391
1467
1231
1427
1346
1363
1759
1391
1399
1311
1559
1443
1383
1695
1423
1443
1499
1403
1446
1391
1595
2899
1398
1403
1443
1331
1739
1395
1775
1474
1579
1403
3051
1402
1391
1323
1867
1863
1411
1315
1435
1418
1439
1398
1459
1387
3099
1515
1371
1387
1359
2355
1219
1275
1271
1815
1375
1370
1463
1395
1443
1415
1463
1403
1623
1510
1383
1391
1410
1391
1123
3355
2911
1391
1375
1383
3091
1415
1395
1435
1659
1415
1354
1430
1683
1375
1403
1319
1403
1415
1370
1379
1391
1803
1387
1371
1379
1403
1379
1398
1523
1367
1427
1419
1387
1343
1347
1403
1442
1411
1595
1490
1383
1679
1434
1395
1535
1275
1494
1479
1467
2227
1415
1403
1390
1391
1387
1395
1363
1651
2675
1359
1383
1695
1395
1595
1315
1395
1415
1402
1403
1415
1446
1451
1178
1367
1399
1355
3075
1803
1331
1363
1330
1395
1407
1375
1439
1783
1418
1310
1371
1638
1247
1382
1411
1639
1394
1391
1339
1346
1399
1403
1591
1134
2987
2927
1391
1399
1311
2979
1387
1394
1311
1411
1574
1371
1403
1411
1411
1414
1431
1386
1403
2811
1387
1402
1346
1403
1411
1434
1423
1463
1387
1219
1410
1374
1455
1467
1383
1383
1402
3155
2907
1175
1383
1395
1399
3151
1455
1275
2999
1379
1435
1403
1383
1383
2963
1531
1363
1399
1419
1503
1391
1411
1391
1382
1319
1371
2571
2910
2355
3107
1191
1475
