843
1014
921
1043
1050
1305
879
1211
846
1009
806
1067
987
1031
904
1183
914
1118
851
1058
925
1263
1035
1283
1107
1094
959
1243
898
1025
830
1105
949
1151
895
1145
1058
1017
962
1151
923
1223
797
1219
953
1031
939
1034
915
1267
959
1081
864
986
916
1142
867
1167
870
1055
1003
923
859
1143
1001
1215
878
1219
902
1100
862
1313
927
1213
978
1249
987
1085
1017
1066
855
1143
1019
999
922
1002
914
1090
882
1235
835
1191
973
1131
847
1196
1063
1078
991
1211
886
1137
958
1151
876
1017
770
1085
981
1099
987
1167
1039
1039
999
1037
841
1234
907
1158
784
1037
939
1291
814
1126
807
1166
1086
1206
1035
1169
1091
1183
869
1129
1004
1090
899
1097
831
1105
981
1205
951
1121
875
1247
770
1081
1011
1195
843
1198
987
1127
766
1153
925
1081
881
1121
1081
1034
890
1055
803
1154
965
1087
977
1096
921
1246
958
1322
931
1186
1005
1035
842
1178
934
1119
1013
1330
763
1159
923
1061
890
1125
947
1145
802
1055
857
1014
979
1053
907
1213
979
1055
1015
1181
751
1130
851
1167
982
1189
913
1067
949
1123
934
1160
828
934
879
1075
862
1047
939
1167
909
1151
787
1073
950
1245
890
1098
939
1070
898
1053
985
1306
957
1316
841
1103
761
1126
989
1110
867
1161
891
1153
962
1139
863
1115
899
1195
899
1102
899
1102
975
1269
989
1031
919
1110
968
1149
1027
1045
917
1027
957
1227
901
1252
841
1256
1010
1083
975
1214
864
1053
1005
1106
1035
1090
987
1205
791
1058
887
1238
878
1114
1055
1174
793
1107
847
1051
867
1095
907
1060
997
1225
923
1046
994
1091
869
1011
907
1171
807
992
977
1367
786
1124
889
1127
896
1218
913
1245
967
999
915
975
1095
1027
915
1134
1024
1175
1059
1173
901
1177
733
1090
871
1290
914
1193
801
1351
908
1191
886
1180
917
1038
889
1050
995
1007
974
1151
975
1131
967
1226
863
1037
911
1111
903
968
894
1085
876
979
859
1146
955
1094
1024
1177
1018
1090
886
1282
902
1143
753
1096
967
1195
925
1199
977
1065
975
1149
831
1122
974
982
731
1159
972
996
978
1167
817
1277
1027
1192
893
1119
819
1094
861
1115
978
1146
909
1115
942
1269
977
1145
862
1115
1051
1135
969
1151
910
1167
862
1215
1109
1014
921
951
883
1214
941
1226
1001
1067
866
1041
871
1155
1015
1250
941
1154
890
999
1031
1169
961
1147
1035
1161
925
1171
919
1138
871
1229
909
1203
1011
1111
1023
1041
839
1070
883
1221
895
1371
1066
1071
903
1049
880
1225
790
1170
842
1071
861
945
999
1070
962
1015
635
919
628
799
623
1278
789
1002
731
1031
973
1062
959
922
1017
930
941
959
999
865
803
809
901
959
721
813
1055
1058
666
859
1020
783
827
927
1002
987
943
860
879
863
998
794
927
835
902
823
967
810
805
795
951
834
998
867
930
827
916
953
939
1013
963
875
933
862
975
944
958
794
973
766
973
833
858
693
890
855
906
1038
870
887
885
951
889
973
883
821
935
1025
915
891
1005
926
786
789
942
909
946
970
831
775
726
997
883
907
1004
722
951
923
891
831
855
887
891
722
871
819
857
967
1118
786
945
803
954
976
876
979
891
870
877
930
975
965
1034
979
910
1011
851
921
1053
899
875
822
998
939
875
839
774
782
847
715
870
867
991
896
859
895
939
902
1038
965
719
799
801
873
869
903
735
930
779
736
871
731
797
821
849
835
847
1019
891
806
929
1022
829
759
814
881
904
853
833
862
899
967
975
713
922
889
923
945
887
823
809
819
759
790
993
866
991
982
754
971
1003
768
1009
762
884
868
878
806
971
881
907
881
883
878
921
801
921
978
917
900
992
675
883
776
979
774
738
782
989
890
911
800
767
923
851
905
707
1015
765
802
856
907
903
851
851
990
918
862
947
862
831
786
853
810
951
858
823
782
1063
1034
861
971
1007
701
933
851
905
927
994
830
884
835
858
713
989
879
901
919
899
743
947
961
886
835
950
922
854
807
1033
806
905
878
953
834
1034
1027
945
807
819
811
974
797
774
795
946
841
899
827
1023
777
911
771
955
850
805
907
855
939
1085
774
875
926
929
767
1009
851
839
973
899
1041
861
866
753
921
902
979
925
849
842
833
991
807
855
917
899
859
914
845
858
907
825
891
791
802
819
906
1067
862
853
967
833
955
851
947
819
798
958
998
941
810
902
718
836
756
951
851
987
787
950
801
787
801
915
670
959
937
1010
804
760
663
889
825
929
791
911
819
1031
997
830
766
951
966
1060
799
959
888
1075
919
925
841
967
739
907
847
762
814
961
887
926
824
886
1101
983
928
795
1010
867
850
917
895
1019
941
865
927
924
1081
891
825
1015
883
755
867
894
947
1054
893
1035
891
987
841
985
853
731
741
857
870
913
923
869
899
811
853
1029
857
984
851
1002
919
885
826
1016
919
883
1027
997
761
868
971
967
919
914
945
874
857
947
851
831
847
793
1025
926
1062
901
805
784
871
877
979
798
891
995
725
945
749
919
887
863
873
773
865
1231
959
1619
605
718
1423
