1026
1223
850
1069
894
1203
845
1147
820
1179
963
1234
954
1243
999
1087
966
1251
984
1211
975
1157
952
1121
777
1013
887
1167
749
1203
825
1219
871
1043
1006
1187
823
1029
889
1090
767
1119
762
984
827
1230
996
1129
923
1158
941
1122
902
1181
1117
1103
893
1083
947
1075
945
1183
927
1151
1015
1185
1007
1215
930
1134
782
1093
935
1153
965
1178
958
1139
1112
1259
1001
1258
889
1309
862
1106
945
1173
975
1123
802
1199
1026
1170
1012
1199
899
1096
1035
1281
897
1218
758
1142
950
1011
947
1083
893
989
898
1070
1014
1235
975
1079
923
1113
878
1115
943
1050
882
998
905
1107
941
1116
1078
1110
1057
1154
905
1154
898
1345
931
1141
1123
1079
1061
1079
899
1151
938
1138
923
1166
935
1270
869
1086
898
1087
911
1182
934
1054
875
1028
964
1077
994
1119
779
1099
1062
1281
796
1143
795
1171
965
1225
883
1097
867
1109
974
1153
890
1163
903
1215
867
1062
906
1133
910
1145
951
1275
831
1083
955
1139
1063
1055
865
1226
917
1091
906
1153
963
1249
851
1183
778
1015
1002
1123
821
1058
833
1120
921
1175
974
1122
863
1097
981
1278
898
1110
1039
1105
1043
999
917
1173
974
1137
861
1043
966
1070
995
1210
952
1114
1090
1107
1018
1006
1064
1031
789
1144
890
1050
1041
1095
947
1211
779
1117
947
1247
923
1149
845
1135
951
1088
1005
1119
787
1087
887
1201
887
1123
935
1223
933
1007
993
1111
981
1166
835
1046
698
1171
917
1215
830
1045
999
1079
946
1073
1045
1230
874
1107
1075
1153
883
1131
1007
1235
978
1167
1050
1129
763
1041
838
1142
944
1090
984
979
933
1082
875
1239
981
1151
967
1091
941
978
1087
1118
933
1150
1008
1107
969
1051
999
1257
1007
1234
1094
1163
914
1084
987
1131
821
1099
1002
1311
790
1111
876
1177
925
1087
857
1054
937
1133
818
1139
879
1009
958
1115
846
1143
927
1274
910
1007
1066
1229
1069
999
1013
1255
1021
1117
991
1078
1015
1117
805
1209
1003
1171
999
1307
839
947
877
1045
903
1239
960
1123
806
1165
935
1094
981
1197
886
1039
949
1243
1058
1097
945
1112
862
1127
935
1203
1045
1107
929
1153
947
1119
1028
1083
844
1009
850
1071
890
1003
942
1107
906
1131
939
1027
782
1203
894
1114
907
1113
877
1111
883
1161
898
1023
898
1275
935
1006
952
1159
878
1045
894
1126
833
1020
1002
1103
948
1117
894
1185
945
1115
955
1127
931
1114
935
1185
923
969
975
1143
933
1213
963
1185
839
1053
783
1243
967
1103
1029
1091
1001
1063
887
1071
818
1055
902
1052
978
963
566
930
654
781
474
1191
807
1015
929
1229
859
1014
819
921
967
898
906
886
919
925
1035
958
839
860
707
943
794
731
814
888
865
829
802
833
894
903
809
955
891
983
881
723
931
806
902
943
927
1007
961
894
922
831
833
1107
835
959
883
741
955
895
798
887
1005
951
716
946
1015
923
924
866
1051
879
921
835
886
807
927
895
778
935
826
1003
995
1011
867
923
1038
845
949
751
975
903
719
928
906
839
989
801
755
847
844
909
1019
865
731
839
938
1047
855
797
970
901
895
866
853
835
765
835
955
704
893
939
1005
909
865
786
891
886
897
798
935
861
829
832
1013
898
965
895
958
986
771
859
919
1022
945
1029
874
945
792
839
883
906
915
885
903
830
837
881
833
937
1057
930
1095
855
795
951
743
823
1033
899
826
842
891
815
943
803
963
914
1014
751
839
946
1059
881
891
915
938
1005
929
794
861
994
1049
873
918
851
1015
1035
949
799
1042
770
761
861
955
935
974
933
1062
915
883
919
752
833
946
913
798
859
933
1038
890
899
802
883
946
897
813
818
910
790
937
869
945
911
905
951
746
814
870
803
833
835
886
828
811
847
769
1019
873
841
955
967
1007
929
918
1003
1011
963
966
891
917
902
787
751
905
895
899
920
950
868
799
843
974
793
1043
856
811
858
955
764
1063
899
931
959
833
898
747
819
873
795
907
910
906
851
1023
869
923
899
765
1027
972
905
902
870
1103
1001
845
955
899
935
983
863
859
885
878
1022
869
943
955
889
862
775
883
923
861
902
1051
847
891
805
840
970
834
825
870
845
843
955
903
923
931
954
1002
878
815
854
766
925
717
855
942
923
1069
855
1005
925
946
1027
982
835
978
997
713
811
775
798
1043
866
859
854
962
946
923
738
852
819
1061
989
923
709
790
1050
889
906
831
875
887
822
893
762
815
854
1011
806
941
1027
947
797
747
807
924
886
915
915
815
949
971
903
854
867
890
916
894
978
886
846
747
893
949
930
918
825
735
925
1069
1075
893
843
855
862
1007
943
1039
801
865
1003
809
851
965
802
897
881
1117
815
865
987
947
910
738
849
807
923
829
866
799
918
891
818
883
817
965
811
1069
942
947
982
970
869
943
903
917
891
897
835
854
878
954
1082
787
926
807
778
1047
658
905
819
895
974
850
783
1054
1003
914
813
947
911
859
869
943
827
1007
861
886
875
839
883
831
870
1011
778
961
911
726
865
810
837
912
875
917
974
574
666
0
977
979
906
