430
430
433
433
431
427
435
430
435
430
428
433
427
430
432
434
434
430
435
439
427
434
434
431
434
432
434
435
431
430
430
434
426
427
430
434
433
428
435
433
430
431
427
430
435
430
431
430
428
429
430
429
430
432
430
432
435
433
432
432
431
428
433
428
435
431
426
433
428
433
435
435
432
431
433
435
430
431
431
427
431
427
431
432
429
433
433
432
429
433
435
430
431
426
431
429
434
428
429
434
435
430
433
431
435
432
427
439
435
423
431
434
431
431
430
427
434
429
431
430
430
424
430
435
427
427
427
425
429
427
431
436
431
428
435
430
435
435
429
420
431
429
435
431
429
433
434
432
434
433
439
435
431
431
433
429
434
430
431
429
431
427
423
433
435
431
435
427
427
431
430
431
430
435
427
429
429
427
436
425
433
428
431
429
433
428
429
433
433
435
431
429
427
430
433
431
434
426
434
431
431
431
427
430
430
429
426
439
431
435
430
430
433
431
435
431
432
433
429
430
435
430
431
431
439
431
432
435
435
427
434
429
426
427
431
429
419
433
429
433
429
431
434
426
430
436
429
432
431
437
431
425
431
431
425
431
432
435
433
431
434
432
437
431
431
434
435
433
436
431
431
433
430
435
431
433
435
429
434
427
429
434
433
431
434
430
429
433
431
431
430
431
434
427
419
433
439
431
434
431
427
433
425
430
433
428
430
431
427
430
431
430
434
433
427
427
431
430
439
431
426
424
435
435
429
428
431
439
438
433
433
435
434
432
430
432
427
430
430
430
423
431
432
434
431
431
439
433
434
429
426
431
433
431
429
429
423
427
434
429
434
431
429
430
433
430
427
428
429
431
428
434
433
431
427
434
433
433
427
431
439
434
433
434
433
433
431
434
430
433
429
431
433
431
435
427
435
430
435
430
430
435
429
434
433
427
435
431
435
430
429
436
434
434
431
427
436
440
434
433
435
435
429
434
429
429
432
432
428
433
435
434
431
433
431
431
431
434
431
433
429
434
430
428
431
425
433
426
434
430
434
430
427
434
430
429
430
433
431
431
434
431
433
431
423
434
435
431
428
438
433
433
435
434
439
431
433
429
435
431
431
427
433
428
427
434
434
431
434
431
433
434
433
433
426
433
429
433
433
435
433
433
423
431
437
429
434
427
433
427
434
431
431
430
433
431
429
433
432
431
434
428
429
431
427
436
427
428
431
428
433
429
427
432
433
435
427
431
429
431
429
430
429
435
427
434
429
431
432
423
427
429
436
431
434
433
435
439
425
435
430
430
429
431
427
433
432
429
433
433
440
433
429
431
435
432
433
433
434
435
425
434
433
435
435
431
431
433
431
430
429
431
431
432
427
429
429
434
434
432
429
430
431
429
428
435
426
433
433
433
429
433
431
433
436
430
429
429
421
449
437
425
417
429
421
413
437
437
417
433
437
417
433
409
437
437
441
421
421
413
425
421
413
425
427
426
427
428
426
427
430
427
426
432
431
423
431
429
431
433
431
428
431
430
432
435
430
427
429
431
428
428
427
429
431
429
437
436
431
429
430
430
431
430
429
429
427
429
429
431
427
430
429
429
431
432
432
429
431
427
426
430
432
429
425
431
431
427
424
431
425
430
431
431
429
432
430
431
422
427
431
428
430
427
431
435
435
427
427
430
430
430
431
428
420
430
431
434
429
431
429
430
435
427
431
431
427
425
427
428
430
431
429
434
431
427
431
430
435
433
433
429
427
430
427
423
422
433
424
430
431
433
423
433
433
427
431
435
430
429
431
429
431
433
430
429
435
434
427
427
430
431
429
433
427
430
431
428
429
431
425
434
435
430
431
435
430
429
435
431
432
428
431
433
431
427
427
429
431
430
430
430
430
431
431
433
434
430
429
427
430
427
428
431
435
429
430
435
434
430
426
427
430
427
429
435
430
429
430
431
425
431
430
434
432
434
427
431
435
431
427
428
431
425
430
431
428
434
430
431
428
430
429
431
431
433
429
430
425
431
429
427
430
419
428
430
430
431
429
423
431
430
431
427
423
426
435
426
425
427
433
433
431
431
428
427
430
428
429
427
429
431
430
429
433
424
431
431
432
427
430
435
435
429
426
425
427
427
431
431
430
429
439
431
432
427
427
429
430
429
425
429
423
435
433
430
433
423
427
430
429
434
427
427
429
426
426
430
426
430
425
429
439
429
427
433
435
427
431
431
430
423
427
427
427
426
431
429
431
430
430
431
433
428
428
427
427
430
430
434
435
431
427
429
433
430
427
433
423
426
433
437
426
428
431
426
431
429
431
423
424
429
430
431
428
427
403
423
409
427
709
837
862
613
