669
671
671
669
663
674
674
667
667
667
671
675
671
669
667
671
666
673
666
671
669
671
671
675
673
677
674
665
667
671
663
671
666
677
673
669
673
663
671
671
671
671
671
679
671
671
671
671
666
671
670
671
671
671
677
678
677
663
667
670
673
671
670
677
674
669
671
671
666
667
671
666
675
671
662
675
663
671
666
674
678
673
674
678
671
678
658
671
671
671
669
674
677
666
667
669
677
670
671
663
663
671
673
678
667
675
678
667
673
671
678
671
667
667
677
666
671
671
667
678
675
678
663
674
674
671
663
677
677
667
677
677
677
675
671
675
677
670
666
669
675
673
677
677
675
673
675
670
670
678
675
671
677
674
671
678
677
677
667
675
671
671
677
675
673
674
671
663
671
667
677
674
677
673
671
678
677
677
674
671
667
677
675
671
677
675
663
671
674
673
669
674
669
671
671
671
678
667
675
679
678
671
678
675
666
671
677
675
677
675
669
670
667
677
671
670
674
677
677
670
667
670
667
671
671
679
671
681
679
681
677
671
673
675
671
667
677
667
675
677
673
669
671
675
678
674
677
671
677
675
667
679
674
677
666
667
679
673
671
671
674
674
679
677
675
667
667
674
671
667
674
674
675
677
675
675
666
675
671
673
675
678
673
677
670
677
667
674
671
666
677
667
677
671
673
678
671
675
659
671
670
669
673
667
675
671
674
671
677
675
673
678
675
671
677
675
665
667
677
674
667
671
678
678
675
670
678
663
671
674
678
675
671
673
675
678
669
667
673
671
678
675
675
679
675
678
663
671
675
675
679
665
675
667
665
667
671
678
677
679
667
675
679
675
671
677
677
667
670
678
667
677
670
675
670
678
673
673
678
667
674
677
667
677
678
675
669
669
675
669
673
670
669
670
674
671
669
671
671
675
671
675
674
675
682
665
671
675
678
669
673
671
667
671
678
674
669
663
675
669
667
669
667
673
675
671
678
671
678
675
679
682
669
679
671
663
677
674
678
675
670
679
667
667
673
673
674
677
679
667
667
667
663
673
675
675
667
663
671
673
675
667
669
671
671
674
669
677
673
671
675
677
679
673
675
674
671
671
670
674
675
677
673
675
673
670
678
678
674
683
681
674
670
673
673
678
673
675
659
666
677
673
675
675
682
674
674
678
671
671
667
671
677
671
667
669
677
677
677
675
669
670
671
673
667
667
669
667
670
673
674
677
671
674
674
675
669
667
673
677
667
675
671
674
663
675
675
671
670
675
673
669
671
671
673
674
671
673
678
674
678
675
674
681
675
678
674
677
671
675
663
670
674
667
671
677
678
673
671
671
663
667
675
669
667
674
671
678
674
671
671
663
674
677
671
675
667
679
671
674
667
671
667
678
671
671
673
678
675
671
675
675
663
673
667
667
673
675
677
662
666
686
678
662
650
674
666
670
670
678
662
662
678
674
666
658
654
678
674
662
654
670
670
662
667
671
669
670
659
671
671
667
659
671
667
671
663
675
671
671
675
674
670
673
665
671
667
677
663
671
663
677
678
678
674
681
670
671
669
671
678
671
671
671
671
673
673
671
669
667
669
675
671
670
671
679
663
673
667
671
663
674
671
671
663
671
671
667
671
671
667
667
674
671
665
673
669
663
667
669
667
670
667
671
663
671
671
671
678
671
678
675
665
667
663
663
678
667
663
667
667
673
673
671
667
669
671
667
665
666
667
674
671
671
671
673
670
671
675
675
663
669
666
671
671
669
666
670
669
675
673
667
670
663
675
675
663
671
665
671
667
666
673
673
670
677
669
673
674
677
671
678
675
673
677
671
671
675
669
678
673
671
678
671
663
669
669
671
671
667
666
671
667
665
671
673
671
673
667
671
670
671
671
678
663
669
671
670
662
666
670
671
670
669
673
663
671
667
671
675
667
673
671
674
675
673
673
667
667
673
667
670
667
667
666
674
671
673
675
667
671
671
663
675
667
663
669
667
670
674
671
666
669
673
675
666
678
663
665
671
674
671
678
677
663
677
671
670
678
663
673
671
674
671
670
673
670
671
671
667
670
674
677
663
667
678
667
671
661
663
670
671
670
670
674
678
667
674
663
671
663
671
669
674
666
667
669
667
673
673
671
666
663
670
665
669
667
671
674
667
671
667
666
667
670
673
670
667
667
671
671
671
671
671
671
674
673
671
667
669
670
673
674
663
665
670
667
675
663
674
671
674
671
671
673
671
669
666
670
667
671
670
675
671
674
674
671
673
666
663
673
671
667
667
674
671
677
669
677
671
671
667
669
674
667
669
674
663
671
667
671
671
671
667
671
666
667
665
614
1327
906
755
835
663
