487
489
486
480
490
487
487
485
487
487
487
487
488
487
487
489
489
487
486
487
490
485
482
487
488
485
484
487
489
485
489
487
484
490
488
488
486
487
486
487
487
488
487
489
489
489
489
491
481
485
488
487
488
485
487
491
487
486
489
490
487
489
489
487
486
490
486
489
490
490
494
486
487
487
488
490
487
487
490
486
491
490
487
488
487
487
490
487
489
482
487
483
481
489
486
487
489
490
487
487
482
490
487
488
488
489
487
490
487
487
487
488
486
487
488
489
487
486
487
489
490
491
488
487
481
487
487
482
487
485
487
486
490
487
487
481
488
488
490
490
488
487
482
485
489
488
490
490
490
487
487
485
487
487
486
487
487
487
489
486
487
490
487
491
487
488
486
489
486
487
487
486
482
487
488
485
486
481
488
486
487
488
487
484
487
487
486
481
486
487
487
486
488
488
487
491
492
488
487
486
487
486
489
485
488
484
491
486
491
489
486
483
487
488
486
490
489
488
491
484
488
488
487
486
488
488
487
487
491
488
487
492
481
484
486
487
486
491
487
486
487
486
487
486
492
485
490
492
487
490
490
483
484
486
486
484
490
486
490
488
491
485
487
488
491
485
488
488
487
486
489
487
485
489
493
487
487
489
490
487
490
486
487
487
487
488
484
481
492
484
490
484
489
486
488
488
486
484
489
487
488
485
489
490
487
485
488
488
489
488
488
491
493
490
484
485
489
488
486
488
481
486
491
489
491
487
491
487
488
485
485
491
491
488
489
482
485
485
487
487
489
487
489
488
493
485
489
491
483
488
486
481
486
487
487
489
487
485
489
486
482
488
490
485
489
481
491
490
485
487
488
487
487
493
489
487
488
490
490
486
487
488
481
489
487
487
487
490
488
486
493
489
490
493
490
487
487
485
488
486
490
488
493
487
491
492
487
491
496
489
488
482
488
489
487
488
487
486
489
487
489
485
489
487
485
488
487
488
488
489
482
485
487
487
489
488
488
484
490
485
485
488
486
485
487
487
483
484
489
483
493
487
488
488
491
488
491
488
486
485
487
486
483
487
485
487
486
485
488
489
485
487
486
486
484
487
490
489
489
491
493
486
490
487
490
488
493
488
485
489
488
488
486
487
497
489
487
486
486
490
489
491
486
490
487
485
487
485
488
489
483
488
488
486
489
489
488
489
489
489
488
490
487
487
488
487
486
486
486
489
487
490
492
486
487
486
486
489
488
492
489
488
491
491
490
491
493
486
487
487
489
486
487
493
490
486
490
484
486
487
497
488
490
487
490
488
490
489
491
487
489
489
486
489
488
487
486
486
491
487
488
490
489
487
489
489
487
487
489
489
487
488
482
487
488
486
487
494
487
491
491
491
488
485
491
491
487
488
486
487
487
488
492
487
491
493
491
490
486
486
492
491
486
487
489
489
492
488
493
489
489
491
493
485
485
491
485
486
485
487
489
485
491
486
489
486
485
487
481
493
479
466
482
485
487
481
490
475
487
486
485
492
486
490
491
487
492
489
640
482
483
498
488
487
481
488
484
483
487
486
486
483
490
483
489
487
489
485
488
490
491
481
487
487
490
488
486
486
484
488
487
486
484
487
487
483
489
490
487
487
488
488
489
489
485
488
492
486
486
486
486
488
487
482
487
490
487
490
487
481
488
487
487
490
486
488
488
486
490
491
489
491
489
493
488
486
483
487
490
489
488
487
487
485
486
489
482
490
492
486
488
487
486
484
486
490
486
487
489
487
489
487
487
489
494
490
483
487
481
485
483
483
486
489
488
483
482
487
486
485
484
491
488
486
485
488
481
488
485
489
489
485
491
489
489
483
487
487
487
487
485
487
485
488
487
486
484
488
483
487
490
487
493
485
489
490
486
489
484
487
487
487
485
487
490
488
493
486
485
487
488
489
487
486
488
487
486
481
485
487
486
487
487
487
491
486
486
484
485
487
489
488
489
487
482
486
493
487
487
487
490
490
487
482
487
486
482
487
488
486
485
490
487
485
490
490
489
490
491
487
484
485
486
487
484
487
487
485
487
487
489
488
488
488
488
487
487
489
490
486
487
486
489
486
487
485
486
487
485
489
487
485
485
486
486
481
487
489
487
487
486
489
486
485
487
482
483
483
489
489
482
490
487
487
488
487
490
485
486
486
486
481
491
486
487
486
488
483
484
486
487
487
487
488
487
486
487
487
487
485
486
485
485
488
486
489
486
486
486
488
487
489
482
490
489
486
484
486
486
486
488
486
488
485
481
482
489
484
486
490
487
487
487
488
486
487
487
486
488
486
488
482
487
486
482
486
503
486
650
51
975
969
383
606
