655
654
651
651
655
655
650
651
654
647
655
655
650
651
655
654
651
651
651
651
655
655
651
655
654
651
651
651
651
651
655
650
655
651
651
654
651
647
655
655
651
651
654
651
650
651
655
651
650
651
650
655
654
651
655
655
655
655
655
651
655
647
655
655
651
651
655
651
647
651
651
651
655
651
651
655
651
659
650
651
651
651
651
651
655
651
655
655
655
655
650
647
655
651
651
651
655
655
650
651
655
651
647
650
651
655
650
651
647
651
647
651
651
647
651
647
651
655
651
651
654
655
651
655
655
655
650
650
654
651
655
651
655
651
651
651
651
651
655
651
655
651
655
651
651
651
655
655
651
647
655
655
651
655
655
655
651
651
655
651
651
647
655
651
651
654
655
651
655
655
651
650
655
651
651
650
651
654
655
651
655
655
655
659
655
651
655
651
651
655
655
651
655
651
651
655
658
655
651
650
651
651
655
655
655
655
651
651
654
647
651
651
655
654
655
651
655
655
655
651
655
655
651
651
651
650
651
647
655
651
655
650
650
651
651
659
650
651
647
651
655
651
659
655
654
651
655
655
659
647
655
651
651
655
654
651
655
651
651
654
647
659
655
655
650
659
655
655
655
651
655
651
655
655
655
659
654
651
654
655
655
655
651
655
650
651
647
655
647
655
655
651
655
647
651
651
651
647
651
651
655
647
655
655
651
655
655
647
655
655
655
651
655
655
655
655
655
655
655
655
655
647
655
655
654
655
651
655
655
651
651
651
655
651
655
651
655
655
651
650
655
655
659
651
650
650
655
650
651
650
655
655
655
650
650
655
655
651
655
651
651
651
651
647
655
650
647
647
655
651
655
651
655
655
655
655
655
651
651
651
655
655
651
655
647
651
647
655
659
651
655
651
654
655
655
647
651
647
655
647
647
655
651
654
651
655
651
655
655
655
651
655
647
647
655
650
647
647
651
647
651
655
655
651
651
651
651
650
655
651
655
651
655
651
651
651
651
655
655
655
655
650
647
654
655
655
650
655
655
651
654
651
651
655
655
654
651
654
655
651
654
651
655
647
650
651
655
651
655
655
655
655
655
655
655
651
655
655
650
651
655
651
655
655
651
655
655
655
655
651
651
651
655
654
655
651
650
651
647
655
659
651
654
655
650
651
651
655
647
655
655
651
655
651
655
651
655
655
651
651
651
655
655
655
651
651
655
655
654
655
658
651
654
651
651
655
651
651
647
651
651
658
655
650
654
655
651
654
655
651
651
655
655
655
651
650
651
655
651
655
647
655
655
655
655
651
655
655
655
651
654
655
651
651
655
655
659
654
655
655
655
654
655
655
655
655
655
655
651
655
655
655
655
655
655
658
655
655
659
655
655
655
651
651
655
655
651
655
655
655
651
655
655
651
651
654
651
651
651
659
659
659
647
655
647
643
671
655
651
643
663
679
671
647
651
663
659
663
647
655
639
623
631
655
627
655
651
655
651
651
655
647
655
650
650
647
647
651
651
651
655
655
655
651
655
651
651
651
655
658
651
651
655
651
651
651
651
658
655
651
655
655
647
651
650
647
655
651
651
655
651
655
655
651
655
655
647
647
655
658
655
651
655
651
655
654
651
655
655
650
651
651
654
655
647
659
651
651
651
655
651
650
651
651
655
650
654
655
655
651
651
647
651
651
655
651
651
655
655
655
659
655
651
651
654
650
650
651
655
651
647
659
651
659
655
654
651
655
655
655
651
651
651
651
651
647
655
651
651
651
651
651
651
655
655
655
651
655
651
651
651
650
651
651
651
650
655
655
651
655
651
651
651
655
650
647
651
651
651
651
651
655
651
655
647
655
651
655
655
655
655
655
651
655
655
655
651
651
651
651
651
655
655
655
651
655
651
655
651
651
655
651
647
650
651
651
655
655
655
651
655
651
655
655
655
655
655
651
651
650
655
655
651
651
651
651
655
651
651
651
651
651
651
651
651
651
655
651
651
651
655
651
651
655
647
655
655
651
651
651
650
651
651
655
651
655
658
650
651
651
651
647
651
647
651
650
655
655
651
655
647
651
651
654
651
651
651
650
651
647
651
654
650
651
651
655
654
651
651
651
651
651
651
651
655
650
654
655
655
651
651
651
655
647
658
655
647
651
655
651
655
651
651
654
651
651
651
651
655
647
655
651
655
651
651
655
647
647
647
650
655
655
655
651
655
655
655
655
651
655
655
651
651
655
651
651
651
650
651
651
655
655
655
651
651
655
647
651
651
651
651
650
655
650
659
651
655
650
655
651
651
655
651
654
654
651
651
655
659
651
654
651
647
655
659
659
663
651
1262
975
686
695
0
563
