494
499
499
497
497
503
503
495
495
503
494
498
503
495
495
503
499
495
499
499
499
503
498
499
499
499
499
499
503
499
499
495
502
497
493
502
498
498
503
499
503
497
497
503
497
497
502
498
502
499
499
494
502
499
494
498
499
499
498
498
499
499
495
503
499
497
503
499
502
502
503
502
503
494
497
499
493
495
497
496
502
498
497
497
502
487
497
503
499
495
496
498
495
498
498
502
501
498
499
495
502
497
498
502
499
495
497
499
497
498
497
502
503
503
497
495
497
499
498
495
499
495
499
499
499
497
495
497
495
499
499
498
495
499
494
495
503
495
498
497
495
499
494
503
503
499
499
499
498
497
499
499
503
497
499
495
497
499
503
494
495
497
498
495
499
502
499
497
499
503
499
499
497
498
499
503
499
499
494
499
498
503
503
498
503
499
499
499
499
497
499
502
503
494
503
499
503
497
497
498
497
495
498
495
503
499
494
499
495
499
502
503
499
494
497
503
503
495
497
503
497
499
495
494
503
495
499
498
499
501
497
497
497
499
491
498
495
499
502
497
497
499
499
497
503
497
498
499
497
499
499
499
499
497
498
493
501
502
503
503
502
499
503
502
493
499
498
499
497
499
497
501
495
497
503
495
497
497
497
494
497
498
503
498
503
498
497
502
503
495
497
494
497
501
499
497
498
495
499
497
498
502
494
497
499
503
503
502
498
501
495
502
497
2343
501
497
497
498
497
495
498
497
497
497
502
499
499
503
497
499
498
497
498
503
499
502
494
497
499
502
499
499
503
498
497
498
503
495
503
499
499
497
503
494
505
498
499
495
497
497
495
497
497
493
498
498
499
498
503
499
497
501
502
498
502
499
503
497
495
498
503
503
498
495
493
495
499
499
506
499
494
503
497
503
499
502
495
499
499
499
503
495
497
503
495
495
499
498
497
503
498
494
502
497
495
495
499
494
498
498
497
502
503
495
503
503
502
498
499
503
495
498
499
498
497
496
498
497
499
503
499
499
497
495
494
494
502
503
494
499
498
503
501
499
502
497
495
503
503
498
497
495
497
497
501
502
495
499
503
497
499
494
499
495
498
498
502
497
501
499
501
502
503
495
502
498
497
499
499
502
497
499
497
499
503
503
518
498
507
500
505
502
506
503
499
498
507
498
494
497
497
502
497
502
503
498
503
501
498
495
500
497
495
503
499
495
494
502
503
503
498
502
497
499
498
495
502
495
497
497
498
497
499
503
498
499
498
503
497
502
494
498
502
498
497
497
499
503
499
497
497
499
499
495
499
499
499
497
499
497
498
499
497
496
497
499
501
498
499
500
498
495
497
502
497
498
497
495
503
499
499
498
498
498
498
497
497
497
503
502
497
496
498
503
499
499
497
495
499
497
499
502
499
497
502
502
494
497
497
506
510
494
478
494
494
498
478
478
502
498
486
514
526
502
478
498
506
510
506
502
506
478
498
502
497
499
499
497
493
491
495
495
499
498
494
495
494
500
499
499
497
498
498
494
499
499
501
494
499
498
498
499
495
497
498
498
495
499
503
497
499
498
499
495
495
499
494
495
497
497
499
499
499
498
494
495
498
498
497
493
499
494
495
499
499
493
498
495
502
494
495
502
495
501
497
498
497
499
497
498
494
503
499
494
499
493
498
495
498
498
499
495
498
497
495
499
498
503
493
503
498
497
501
499
499
499
493
499
494
497
493
494
496
494
497
503
497
503
503
499
501
495
494
497
499
494
499
498
493
499
503
499
499
499
503
498
491
499
497
502
495
503
494
494
499
495
498
499
498
497
495
495
497
499
497
499
499
499
499
494
499
499
495
501
498
498
499
498
498
497
502
497
499
499
498
501
494
494
499
499
501
503
499
503
495
497
503
499
494
499
494
494
497
498
499
497
496
494
497
499
498
495
498
499
503
497
494
499
495
499
499
498
494
498
503
499
495
494
497
503
499
494
495
498
497
499
495
494
494
494
499
499
493
502
499
503
495
499
499
498
497
497
497
497
496
499
494
497
503
499
503
495
499
499
494
498
498
494
497
498
497
499
499
497
493
496
495
491
496
499
497
494
494
495
497
499
499
498
497
499
498
499
495
493
499
497
493
499
494
495
495
499
499
503
499
499
495
497
499
499
499
499
495
499
501
499
494
495
495
497
499
497
499
497
498
494
494
498
495
497
491
493
499
495
499
503
497
503
493
493
499
494
499
499
495
498
498
499
494
499
497
502
496
495
495
499
499
499
497
499
497
497
497
493
499
503
495
499
499
493
494
497
495
497
499
493
493
503
507
498
499
494
499
499
499
498
505
499
259
539
199
0
2023
228
