439
435
443
439
439
443
439
439
442
439
439
439
439
442
435
439
439
442
443
439
443
439
439
443
439
443
435
439
439
443
439
435
439
439
443
439
439
439
439
439
443
439
439
439
443
439
439
439
439
439
443
442
442
442
439
443
439
439
443
439
442
439
443
439
439
439
439
435
439
439
439
443
447
439
435
439
439
443
446
443
439
439
439
439
439
442
443
439
446
439
443
439
439
443
442
439
443
439
439
443
443
439
443
439
439
438
443
439
443
439
439
439
439
439
439
439
439
435
438
443
443
439
439
439
443
442
435
439
439
439
439
439
443
443
446
442
442
439
443
443
443
443
439
439
439
439
443
442
439
439
439
443
443
443
439
443
439
442
443
435
442
443
439
443
439
443
439
439
439
439
439
439
439
443
443
439
443
443
443
439
443
442
443
439
439
439
443
439
443
443
443
443
443
443
443
439
443
442
443
439
442
439
443
443
439
446
443
439
439
443
439
447
443
443
439
439
439
439
443
439
439
443
439
435
439
443
439
439
443
447
443
439
439
439
443
439
439
435
435
439
443
443
443
443
443
442
439
443
439
439
442
438
439
439
439
438
443
443
443
439
443
443
439
439
443
435
443
443
443
439
443
438
443
443
439
439
439
439
439
439
443
439
439
439
439
442
439
443
442
443
443
439
443
439
443
439
439
435
439
439
439
439
443
439
439
442
439
439
439
443
443
439
439
443
443
439
439
439
443
439
443
443
439
439
443
443
442
439
439
439
443
439
443
439
443
439
443
435
439
443
439
443
435
438
443
443
439
439
443
443
439
439
439
439
439
439
443
439
443
439
439
439
442
439
443
443
442
443
439
443
439
443
443
443
443
443
443
439
439
439
439
442
439
439
443
435
439
446
439
439
442
443
443
439
443
439
443
439
443
439
439
435
447
439
439
443
443
439
447
443
439
435
439
443
443
439
439
439
443
439
443
439
443
443
439
443
443
442
443
443
443
439
443
439
443
439
443
439
439
439
443
439
439
443
439
439
443
439
443
442
439
439
446
443
439
443
443
439
439
435
443
439
439
439
439
439
443
439
439
439
439
439
435
439
439
435
439
439
439
435
443
443
438
439
439
439
443
435
442
443
443
439
443
443
439
439
439
439
443
439
439
443
443
443
443
439
439
439
439
439
443
439
439
443
443
442
435
439
447
439
443
439
443
439
439
443
443
443
443
439
442
443
446
439
439
439
439
443
438
442
439
446
443
439
439
439
443
443
439
439
439
438
439
443
439
443
442
438
439
443
443
439
439
439
443
439
439
443
439
443
443
439
439
439
443
439
439
443
446
439
443
443
443
442
447
443
443
443
443
439
439
443
439
443
443
443
439
443
443
439
443
439
439
439
442
447
439
439
443
446
439
439
439
439
439
443
443
443
443
451
447
455
439
419
427
427
439
447
451
439
431
435
463
455
431
435
427
435
443
427
423
427
423
411
431
439
443
439
442
439
443
431
439
435
442
443
439
439
439
438
435
443
443
439
443
443
435
443
443
439
439
442
439
442
443
443
439
439
443
439
443
439
439
442
439
439
438
439
439
443
435
439
439
439
439
439
439
435
442
439
435
435
439
443
442
443
439
439
439
439
443
439
439
438
439
439
439
435
443
443
439
439
439
439
439
439
439
439
439
439
443
443
439
435
439
439
439
443
439
442
442
439
443
439
442
435
434
439
439
435
438
443
435
439
439
443
439
443
439
443
442
439
438
435
435
435
435
439
439
439
439
439
439
443
439
439
439
439
439
439
439
443
439
443
439
439
438
443
439
443
443
443
443
439
439
439
442
443
439
439
439
438
443
439
439
439
439
439
443
439
439
443
442
439
439
443
442
439
439
442
435
439
442
439
435
443
435
443
439
439
439
439
439
439
439
439
443
439
443
439
443
439
439
439
439
442
439
442
439
443
439
443
439
439
439
439
442
439
439
439
443
439
439
435
443
443
439
439
439
443
443
439
439
439
439
439
435
439
443
435
439
439
443
435
435
443
435
435
439
442
439
439
443
439
443
443
439
442
439
439
443
439
443
443
439
439
443
439
439
439
439
439
443
439
439
439
439
435
439
439
439
443
439
439
443
442
439
439
443
442
439
439
443
442
439
439
443
439
439
435
439
442
442
439
443
439
443
443
439
439
443
439
442
435
439
443
435
438
442
439
443
439
443
439
439
447
439
439
439
442
443
443
439
443
443
439
443
439
435
443
439
439
435
439
442
439
443
439
439
439
439
439
439
443
439
439
443
439
439
439
443
439
443
439
443
439
439
439
451
435
439
439
442
439
439
443
447
442
883
491
735
447
615
887
