330
333
334
333
330
327
327
329
329
325
326
330
330
327
335
327
327
326
319
331
331
330
323
327
331
326
326
331
326
327
331
329
333
331
323
338
327
330
331
327
327
327
323
330
331
329
325
327
323
331
331
323
326
325
327
331
331
330
327
330
327
325
339
333
326
329
327
331
323
329
329
327
330
323
325
327
323
330
323
333
331
330
329
323
326
327
329
334
330
325
326
326
329
327
331
331
329
331
327
331
327
327
331
331
330
338
327
327
331
325
325
327
339
327
327
325
334
330
327
326
331
330
319
338
327
331
326
331
335
326
327
326
329
330
323
330
327
331
327
325
325
327
329
326
325
334
326
331
331
323
329
327
327
330
331
327
323
323
329
335
330
325
327
331
337
337
331
327
339
331
327
327
342
329
326
323
329
327
330
331
331
323
331
335
334
326
327
333
327
327
325
326
343
327
323
330
330
325
323
335
331
327
329
335
335
329
325
323
333
329
331
327
331
330
341
331
335
334
331
331
326
331
326
331
339
330
331
326
331
331
327
325
323
325
319
343
323
327
323
330
331
327
331
331
327
331
330
327
339
327
323
327
326
327
325
333
326
330
331
331
325
342
331
339
327
337
326
333
337
330
327
323
327
327
327
339
327
333
330
330
333
335
326
327
326
319
329
330
333
331
334
323
326
319
326
331
335
327
331
334
329
331
326
333
325
331
338
326
329
334
327
331
331
327
329
327
329
327
330
331
331
329
331
334
329
335
327
334
331
325
325
330
327
325
330
330
331
329
327
327
331
329
338
333
330
327
327
331
327
329
338
327
335
331
325
338
329
323
327
331
331
331
331
331
327
327
325
326
338
327
335
323
331
326
331
331
330
331
329
327
329
331
329
327
323
323
331
323
341
325
334
334
330
330
327
326
327
327
327
326
323
334
330
327
335
327
330
329
325
327
331
335
331
327
323
327
326
323
335
326
326
335
323
326
322
330
325
330
329
327
327
331
331
330
329
327
326
334
330
327
331
329
329
327
337
331
327
331
330
329
327
326
329
327
335
327
331
327
330
333
330
330
334
326
330
331
327
327
337
335
333
327
335
327
327
330
323
330
323
327
327
327
335
329
327
327
327
333
325
334
330
329
331
334
329
335
331
331
326
333
331
331
323
331
329
323
326
333
330
326
325
330
329
329
335
327
333
330
327
330
327
327
325
334
329
327
335
327
331
330
338
335
331
331
331
331
331
325
327
323
326
331
330
326
327
330
329
331
331
330
326
329
331
327
327
325
323
323
323
330
327
327
330
334
335
334
333
327
329
327
327
331
330
331
329
329
330
331
327
330
329
327
327
330
334
326
335
331
323
323
330
331
329
327
327
338
323
323
339
327
331
338
331
335
331
329
327
335
331
327
323
330
327
326
330
335
330
327
327
331
334
327
333
325
327
331
330
330
330
326
327
329
331
327
330
329
327
325
327
335
330
333
327
329
327
327
330
331
329
327
335
323
335
323
330
323
330
331
325
330
333
330
327
327
329
327
326
331
323
339
323
327
327
327
327
343
325
330
323
327
331
323
331
331
330
330
339
331
330
325
331
329
327
330
327
331
325
327
337
327
331
329
337
326
338
335
331
329
330
327
330
329
334
329
329
338
326
327
331
329
327
331
330
334
343
330
335
341
331
327
330
327
329
331
334
331
331
326
327
323
338
329
327
331
339
330
331
326
339
338
327
335
331
339
327
331
329
335
330
333
326
327
319
327
323
323
337
329
326
329
329
335
329
329
330
329
327
339
326
326
329
331
337
334
331
326
329
330
326
326
334
330
325
323
331
327
329
334
329
329
323
339
343
326
325
326
329
331
331
338
335
330
326
333
335
327
334
326
326
327
329
327
331
329
327
337
325
327
331
335
330
331
331
329
330
327
330
333
327
331
330
335
337
334
323
323
338
327
335
331
335
323
327
331
330
329
329
327
331
319
327
327
330
331
330
327
331
329
331
330
326
327
330
323
330
330
331
331
331
327
327
326
331
329
326
330
339
329
327
326
327
326
331
325
327
327
338
327
331
331
331
329
330
327
329
327
327
327
330
327
330
335
327
331
331
329
335
331
327
331
326
327
327
323
329
323
335
331
331
327
326
327
327
330
331
330
323
339
327
331
333
329
327
334
327
331
329
334
330
323
335
327
335
327
331
334
331
327
323
331
339
339
329
335
333
330
327
333
326
334
333
325
331
327
326
323
327
323
334
330
337
330
330
329
327
331
330
326
330
329
327
323
333
325
339
327
327
329
337
331
330
329
329
330
331
326
335
339
335
331
331
327
329
331
331
331
355
327
453
357
589
258
659
567
