654
661
662
654
657
667
667
655
658
654
661
671
667
654
655
663
651
661
653
663
653
667
667
665
667
663
657
654
659
670
659
670
659
661
658
663
661
655
667
662
666
663
662
667
663
665
667
670
651
663
655
663
670
659
659
655
669
649
659
659
661
671
651
671
661
661
659
663
653
653
658
655
663
661
651
669
654
671
651
666
665
667
663
657
670
666
649
659
663
654
649
659
659
655
655
657
667
663
667
651
651
661
671
665
655
662
662
667
663
667
661
659
655
651
671
658
667
659
654
663
663
666
655
666
670
661
653
659
655
663
670
663
659
670
661
667
659
657
649
658
671
658
662
673
667
667
663
659
662
667
661
670
670
655
661
670
665
663
659
663
661
657
662
665
659
655
663
651
659
659
663
659
671
663
665
671
665
667
662
663
655
663
663
655
670
663
653
666
659
657
659
663
655
655
651
662
663
657
667
667
671
665
663
666
654
667
663
667
663
666
659
666
653
659
666
659
665
662
667
659
661
667
654
661
667
662
666
671
670
667
670
657
669
659
658
661
666
657
670
663
659
662
661
663
661
659
661
659
665
662
653
666
662
665
651
657
665
659
659
667
669
659
669
665
663
651
659
665
667
654
662
663
658
661
665
667
653
663
659
654
669
666
663
665
665
661
667
669
663
657
671
655
663
667
661
667
667
665
650
666
658
657
659
655
663
662
659
667
663
667
661
665
671
655
661
659
654
658
662
665
657
669
667
663
662
662
663
659
659
657
665
661
657
658
666
665
655
661
659
662
670
667
667
665
671
659
659
663
666
663
670
653
662
658
651
655
670
670
659
665
657
663
673
661
667
665
663
663
666
663
659
665
654
666
655
667
659
657
671
658
661
665
655
663
662
670
658
659
667
662
659
658
659
655
661
669
653
663
663
659
667
658
663
667
670
650
657
666
667
661
655
662
655
667
667
665
657
659
670
659
658
653
659
658
659
653
671
665
659
658
666
665
662
671
662
651
663
659
666
662
659
667
655
658
666
661
655
667
663
653
659
659
653
659
665
670
659
654
663
659
666
659
655
661
667
659
659
666
670
657
665
667
673
663
662
657
671
662
655
663
671
667
670
662
665
662
666
665
663
665
671
667
663
658
662
669
666
667
663
654
666
665
669
669
673
663
663
663
663
662
653
665
665
663
655
658
671
663
659
663
658
661
661
661
654
654
658
657
655
667
658
665
659
666
658
666
655
655
658
665
657
667
658
665
655
658
670
669
654
661
654
654
667
667
658
666
663
662
663
667
671
667
663
663
667
662
655
667
655
670
658
659
663
659
665
663
670
655
667
667
655
655
670
658
654
666
663
662
657
657
659
659
661
667
671
670
663
671
662
667
663
667
667
657
661
661
667
663
667
667
661
670
655
659
655
657
663
665
667
663
667
663
658
663
659
658
670
663
663
663
671
663
662
671
654
655
655
665
662
662
655
671
663
666
669
663
663
663
651
659
659
663
661
666
659
659
659
667
670
666
659
659
657
663
663
670
654
663
651
663
659
665
669
663
675
669
659
667
671
666
667
663
665
661
666
658
661
666
653
655
666
662
659
655
665
667
663
657
671
659
657
655
666
666
658
662
671
659
674
661
658
663
667
667
657
663
659
665
665
666
663
667
667
663
654
665
666
671
663
659
671
666
662
659
653
655
663
667
657
663
666
661
663
665
658
671
659
659
659
653
663
669
659
669
669
666
657
667
659
667
655
657
653
659
665
667
662
671
658
671
671
657
657
653
670
667
659
667
659
670
665
666
659
663
663
661
651
659
661
659
657
666
659
662
662
666
666
667
661
666
663
665
663
663
653
655
662
659
659
663
659
662
658
654
661
667
663
671
663
661
665
670
663
671
653
655
659
666
651
654
665
671
655
663
663
651
669
661
663
671
662
667
667
667
663
663
665
658
663
658
669
667
662
662
665
663
663
663
666
670
671
663
657
665
659
655
657
663
654
663
661
659
663
659
667
653
671
659
651
666
665
667
670
667
658
670
666
665
670
659
667
670
665
663
655
659
667
662
661
666
659
661
667
655
659
663
655
667
658
659
671
671
659
659
662
662
662
665
649
670
659
665
659
666
655
663
667
663
662
663
671
657
655
655
655
659
665
667
663
654
662
665
659
666
665
662
665
659
665
667
665
665
667
659
659
663
665
663
663
670
661
659
667
661
653
667
659
675
654
658
667
665
665
670
659
667
662
655
659
667
659
661
665
663
659
661
659
663
663
659
671
669
655
663
657
669
673
663
665
662
661
659
663
667
663
665
667
653
667
657
667
663
661
663
663
658
661
651
703
0
419
569
494
678
