337
339
340
339
337
340
342
345
344
341
342
346
336
337
339
346
346
347
339
340
343
344
344
340
341
340
346
340
342
341
346
344
335
336
336
345
347
337
344
346
338
336
340
342
345
347
335
337
336
346
342
341
345
344
340
347
344
346
343
343
346
342
343
335
346
345
338
341
337
343
346
348
346
345
344
343
341
341
349
337
347
336
341
339
341
349
340
343
338
343
345
340
342
331
341
340
345
337
336
341
347
341
339
346
346
346
335
344
350
342
345
339
347
345
332
332
346
336
339
346
337
340
342
341
346
335
337
340
345
342
346
345
346
331
336
334
345
347
337
334
339
341
340
339
344
344
340
345
350
342
341
345
335
344
338
346
346
346
346
342
339
337
342
347
343
340
341
342
339
341
335
345
344
341
340
340
344
342
347
344
344
337
342
336
342
346
339
340
342
346
341
343
345
343
348
341
342
337
348
346
341
340
339
344
341
338
335
344
342
345
340
345
350
339
343
349
343
345
334
335
343
337
346
334
342
340
341
347
344
345
343
343
342
336
335
341
333
337
343
343
339
339
350
342
337
349
340
345
346
340
348
337
343
345
340
342
344
341
352
336
340
347
346
340
346
344
347
346
345
346
344
341
341
344
350
340
335
343
344
336
336
344
349
342
342
340
338
339
340
341
341
348
345
329
329
345
343
350
342
341
346
347
333
345
341
337
342
337
346
336
344
344
347
351
332
339
349
337
348
332
342
337
336
350
343
342
343
343
344
344
350
336
345
342
341
343
344
346
337
343
337
346
339
346
345
347
345
349
346
346
337
345
342
343
335
342
342
335
346
345
349
340
340
346
340
337
336
343
345
342
335
346
349
341
332
350
345
345
339
339
344
346
350
342
347
348
346
340
337
345
340
341
350
345
350
344
344
348
342
333
346
345
343
339
351
335
344
341
354
337
331
344
346
343
349
338
347
343
343
347
350
347
340
350
346
339
350
343
337
343
345
345
343
341
345
344
348
345
346
345
349
349
340
350
347
335
347
331
350
340
341
344
330
344
347
346
342
345
340
344
350
341
343
341
336
345
339
348
339
343
344
344
349
339
349
350
344
335
345
340
342
338
340
343
335
343
343
341
350
340
348
345
345
346
335
350
345
340
345
349
340
344
338
340
350
339
346
337
346
342
344
340
335
341
346
344
343
345
343
340
342
343
339
346
341
345
339
346
342
337
346
341
335
344
347
345
334
346
335
338
342
339
340
347
342
342
337
343
343
350
340
342
349
340
350
339
340
347
337
346
346
336
337
347
335
343
341
341
345
342
341
344
345
341
347
339
346
350
340
345
339
339
348
344
348
339
341
345
341
337
347
347
346
346
341
347
341
342
344
346
343
345
344
340
339
336
337
344
344
341
331
351
343
346
340
338
339
343
329
345
325
333
337
333
309
333
329
329
325
341
341
321
349
333
329
337
337
337
325
317
325
325
309
333
340
347
343
342
334
340
338
340
330
337
343
341
339
345
344
344
345
343
346
343
346
341
340
342
347
340
336
341
346
340
340
342
347
347
342
336
340
346
337
337
339
334
338
346
339
346
340
346
340
338
346
346
341
336
340
342
339
341
341
340
342
343
343
340
339
343
331
345
341
340
346
340
340
342
333
337
344
337
336
335
338
344
339
343
338
343
339
340
347
339
331
343
341
346
335
344
336
344
350
339
340
346
335
335
341
338
338
340
335
346
346
344
341
341
335
344
341
343
346
342
333
340
332
346
329
341
345
344
338
346
345
345
341
346
347
342
350
339
342
345
342
338
345
341
342
339
342
345
340
342
346
340
336
340
345
343
337
344
345
347
340
339
346
341
350
341
334
336
334
342
337
338
342
338
342
340
345
341
336
343
333
341
341
343
335
337
341
335
346
339
344
347
339
347
341
343
339
334
346
340
339
340
339
342
339
336
346
344
343
342
342
343
336
343
342
340
337
342
340
336
341
342
342
344
350
339
344
343
341
336
344
345
341
349
339
340
339
342
341
333
342
340
341
341
340
339
346
334
343
346
340
332
340
333
333
340
346
340
337
344
332
342
340
345
340
334
343
343
336
337
343
337
346
341
350
333
335
341
344
344
340
335
340
335
346
332
345
346
344
340
343
340
340
345
346
338
331
339
337
340
339
339
341
342
338
342
336
345
342
336
347
333
341
346
337
346
337
343
339
336
337
341
341
332
342
343
338
338
338
342
342
336
344
346
341
345
340
344
346
336
336
340
343
344
343
340
343
340
339
332
345
340
341
341
337
338
343
345
333
341
342
335
338
338
344
337
331
339
337
343
339
337
318
334
0
591
373
142
19
88
