195
198
199
195
195
199
203
199
199
202
199
203
206
195
198
203
199
199
195
195
195
202
203
203
199
199
199
195
195
198
195
199
195
195
199
199
199
195
198
198
203
199
199
199
195
199
203
199
195
199
199
203
199
194
199
199
199
195
199
195
199
199
195
203
195
195
199
199
195
199
199
199
202
199
195
199
194
203
195
203
203
199
199
199
199
195
199
198
199
199
199
195
199
199
195
194
199
199
203
195
199
198
199
199
195
203
198
203
199
203
199
195
199
195
207
195
199
198
199
199
199
199
195
194
199
199
199
199
199
198
202
203
202
203
203
198
203
198
199
191
203
199
199
203
203
194
203
199
199
202
199
199
203
199
195
198
203
198
199
195
199
199
195
195
195
195
198
195
199
195
199
199
199
195
202
203
203
199
195
202
199
199
203
198
198
199
199
198
199
195
199
203
195
195
195
198
199
195
199
203
203
198
198
203
195
199
199
199
199
207
195
203
195
198
203
199
199
199
203
203
199
198
199
199
203
199
203
199
203
203
203
199
202
202
199
199
199
195
203
199
203
198
199
199
203
207
199
198
199
199
195
199
199
199
195
194
199
199
199
199
199
202
203
203
198
195
199
195
199
191
203
199
198
199
203
199
195
203
195
199
203
203
199
203
203
199
203
203
203
198
203
195
203
198
195
198
203
199
194
199
199
202
199
199
203
199
198
203
199
203
198
199
203
194
199
202
198
198
199
198
199
203
199
199
199
199
199
199
199
198
203
199
195
198
203
199
195
198
195
203
199
203
202
199
203
199
199
199
199
203
199
199
195
203
199
198
203
203
199
199
199
202
199
199
203
199
199
195
199
202
199
203
199
203
198
199
195
195
203
195
195
199
198
195
203
199
195
195
203
199
195
199
195
195
199
207
199
199
199
199
199
199
203
203
203
199
199
199
206
199
199
199
199
198
199
203
199
195
199
195
198
195
199
199
195
195
203
206
195
199
203
199
199
199
199
191
203
199
203
203
199
203
195
195
203
195
194
199
199
199
195
195
195
199
203
198
199
199
199
194
199
199
195
199
203
195
195
199
203
199
203
203
199
199
203
195
203
199
199
199
203
199
207
195
199
199
203
203
199
203
203
199
199
194
203
198
203
199
203
203
207
203
203
202
199
203
203
203
199
199
195
203
199
199
199
199
207
199
199
199
199
199
195
199
199
195
195
199
199
203
199
203
195
195
199
203
195
198
199
202
199
199
199
199
195
199
203
203
198
202
195
195
203
198
199
203
199
199
203
203
199
199
199
199
199
199
199
203
195
203
199
203
198
195
199
199
199
195
199
203
195
199
203
199
198
203
195
199
199
199
198
198
199
199
206
202
199
203
195
203
198
203
203
194
203
198
198
203
206
203
199
203
195
203
195
199
199
199
203
191
191
207
199
195
171
175
187
195
203
219
199
199
219
203
179
207
199
203
203
211
195
179
175
203
195
195
199
199
195
199
195
195
199
199
199
195
199
199
199
203
198
195
199
203
203
206
198
198
199
202
195
199
203
199
202
199
199
199
207
199
195
199
199
195
199
195
194
199
195
199
202
198
195
198
199
203
195
191
199
198
195
198
195
199
195
195
199
199
203
199
199
195
199
199
203
199
195
198
195
199
199
195
195
199
194
199
199
203
195
199
199
198
195
195
195
195
199
195
195
203
195
199
203
203
195
203
195
199
191
195
195
199
202
203
199
198
199
199
194
203
195
195
191
195
199
195
195
198
194
195
203
195
198
199
203
203
195
199
194
199
195
199
195
199
199
199
199
195
195
199
195
199
195
195
199
203
199
203
199
195
199
195
199
198
195
194
198
199
195
199
199
199
199
195
195
199
195
199
199
199
199
199
202
198
191
195
199
199
195
195
199
195
195
199
199
195
199
198
203
203
195
195
199
202
195
199
199
195
199
199
199
199
194
195
198
199
202
199
195
198
203
195
195
195
194
194
195
195
195
199
199
202
198
199
199
195
199
195
199
199
195
199
198
199
195
199
199
199
199
199
199
199
199
195
195
198
199
195
198
199
199
199
199
199
195
203
195
203
195
191
199
199
195
199
195
199
199
203
195
199
203
202
195
195
199
195
195
199
195
195
199
199
195
195
195
195
199
199
195
194
195
199
195
199
199
199
199
195
195
203
203
203
198
195
199
199
199
199
191
199
199
198
199
198
199
203
195
199
195
191
199
199
199
198
199
199
202
195
199
199
194
199
199
199
195
199
203
195
199
199
195
199
199
195
199
203
199
199
199
199
199
195
195
199
199
195
195
195
203
199
195
198
195
202
195
199
203
194
259
347
0
195
299
267
