495
502
502
499
501
499
502
499
501
502
499
499
499
498
498
499
499
499
499
499
499
498
499
502
493
499
501
499
499
497
501
505
498
499
501
499
501
502
493
505
498
499
501
495
500
499
499
501
495
499
497
499
503
505
499
499
505
499
499
499
502
495
499
499
499
499
499
499
498
499
502
502
505
498
499
499
497
498
499
499
499
499
497
502
504
493
498
499
499
499
495
499
497
501
499
498
499
505
502
502
497
499
499
499
501
502
499
503
499
499
499
503
497
502
499
501
499
499
499
499
498
497
499
498
499
501
499
499
501
499
499
503
505
501
499
505
497
498
502
498
502
502
501
499
498
495
499
502
503
499
499
498
503
497
493
499
499
499
503
501
497
502
499
498
501
503
501
499
501
501
499
505
502
503
501
503
501
498
496
499
502
505
498
499
503
502
499
499
499
501
499
499
498
501
501
499
499
503
493
503
501
499
499
499
497
495
497
498
499
501
500
501
499
503
498
501
498
499
499
498
499
501
499
499
503
501
499
503
503
499
505
499
505
499
498
499
502
499
499
499
502
501
499
502
499
503
503
499
501
499
498
502
501
501
499
498
499
499
503
499
499
501
501
503
502
499
499
498
498
499
499
499
498
499
499
499
497
502
499
497
502
498
499
501
499
498
501
503
501
501
498
501
503
502
499
494
498
499
499
502
498
502
499
498
502
501
497
502
501
502
502
499
502
502
501
499
495
501
499
499
501
499
498
502
500
503
503
503
499
497
502
502
503
499
503
493
502
503
499
499
499
501
499
499
499
503
499
502
495
499
501
502
505
499
505
499
499
502
498
500
499
499
499
502
501
499
497
502
499
504
503
501
502
503
503
499
501
498
501
499
498
502
499
498
502
505
497
499
501
499
501
505
499
501
502
499
499
501
499
499
499
499
502
499
501
501
502
498
497
501
499
499
501
501
498
498
499
499
499
505
502
503
509
499
499
503
502
499
503
501
503
505
503
499
499
499
503
502
499
498
502
502
501
499
499
498
507
499
501
503
503
505
502
505
498
499
505
502
502
502
501
500
503
499
499
505
499
498
509
502
499
499
498
505
497
503
502
498
502
499
501
499
499
499
502
499
501
502
503
498
499
499
503
499
498
499
513
499
498
499
503
503
499
499
497
502
509
502
499
497
493
498
493
499
502
503
501
503
505
501
502
501
499
499
499
501
501
499
501
505
500
499
502
503
501
502
499
499
502
497
503
499
503
497
499
499
499
501
499
503
498
499
499
502
498
499
499
502
503
502
499
501
499
502
501
499
502
498
502
499
502
502
499
503
501
502
499
499
505
499
499
503
502
503
502
499
499
502
497
499
498
499
498
499
499
501
502
499
499
498
501
502
503
501
499
503
503
499
504
502
499
501
502
503
502
501
500
501
497
497
503
505
499
502
502
499
503
503
499
502
501
503
501
497
501
498
499
498
501
500
502
502
501
501
502
501
499
502
500
499
499
503
499
499
501
503
503
498
499
503
499
499
499
502
502
501
502
499
499
498
497
499
501
501
504
501
502
499
500
497
502
502
499
499
502
499
499
502
503
503
499
499
503
503
500
503
503
503
499
503
501
501
501
501
499
495
503
499
508
503
497
503
502
499
495
501
497
499
505
502
499
499
502
502
503
497
503
502
503
501
499
502
499
498
497
499
499
499
497
497
502
503
502
499
501
502
495
498
499
499
498
499
499
503
502
503
502
503
502
503
501
499
498
503
497
499
501
498
499
499
505
505
502
499
503
501
498
499
503
498
500
499
498
499
499
497
498
497
497
498
499
503
502
503
501
499
502
499
499
499
499
499
501
498
502
499
503
499
502
503
499
499
499
499
499
499
501
502
503
499
503
503
499
503
499
499
501
502
499
498
501
499
499
503
502
502
503
497
502
502
501
499
499
504
503
503
499
499
499
498
499
499
499
502
503
502
493
502
499
503
503
501
505
499
499
498
502
498
503
503
499
501
499
499
498
502
499
499
499
499
502
499
498
505
502
499
503
503
503
502
499
501
498
499
502
499
498
499
499
501
499
501
502
503
502
497
499
497
501
503
501
501
498
499
499
502
503
498
499
502
502
502
505
501
497
502
503
501
499
499
499
499
497
500
502
499
497
499
501
499
502
498
499
502
502
499
501
503
502
499
501
502
501
499
503
499
499
499
501
505
499
498
500
498
501
499
502
503
499
503
505
497
499
499
499
501
501
502
502
503
501
501
502
501
499
499
499
499
501
501
498
497
499
505
498
501
499
499
499
499
498
499
501
502
498
502
503
502
507
501
497
500
499
499
499
503
510
500
743
457
794
999
553
1495
