342
339
345
351
340
338
342
341
346
346
338
341
334
341
342
345
343
348
348
347
348
350
346
337
352
341
350
347
338
340
345
344
332
344
340
345
348
340
351
345
341
339
339
347
348
345
335
338
339
341
338
340
341
341
339
347
346
349
344
347
351
338
346
335
349
345
337
343
345
348
339
350
347
350
348
340
339
345
348
339
348
337
346
335
343
350
347
339
344
347
344
338
341
333
346
344
347
342
338
349
349
342
351
348
344
339
334
348
349
336
344
342
351
343
334
334
350
338
337
339
342
336
336
339
344
338
340
338
348
342
341
345
346
335
339
336
348
346
339
332
341
343
337
340
347
347
338
347
345
349
343
348
339
345
339
343
347
348
347
339
345
340
339
348
351
337
348
338
335
336
336
341
349
348
340
343
349
344
350
348
345
337
340
338
342
334
337
348
342
343
348
336
348
346
351
342
347
336
343
350
340
342
333
342
336
341
337
347
346
342
341
340
349
343
350
343
345
341
338
337
347
340
343
344
341
342
344
347
352
341
348
342
338
337
334
344
339
348
334
348
337
337
349
345
342
350
338
351
338
347
348
334
344
344
339
346
346
346
349
343
345
345
347
342
345
345
351
345
351
344
349
339
349
345
347
337
346
341
352
335
337
346
347
350
337
349
337
347
339
340
342
348
349
335
332
339
351
347
343
347
343
346
334
338
349
339
334
330
349
340
339
345
348
348
332
339
352
340
346
335
338
339
342
347
348
337
340
347
350
344
344
336
347
344
346
350
344
340
335
345
340
347
338
347
348
343
349
349
341
342
328
356
347
350
338
338
340
337
345
341
348
345
343
347
341
340
341
341
346
336
334
349
343
342
343
345
345
345
342
343
347
344
348
343
344
348
346
343
338
349
336
339
349
339
348
344
347
340
345
334
349
348
340
340
348
335
349
338
349
337
334
351
352
346
345
338
343
351
347
346
349
347
338
350
346
338
346
351
335
346
348
348
349
351
347
347
340
346
351
348
343
350
338
346
346
328
353
339
346
348
346
347
336
348
346
343
338
350
350
347
351
347
341
345
335
340
340
348
338
353
349
350
348
351
348
351
351
336
345
349
340
337
341
341
335
342
349
337
347
346
347
348
348
343
333
347
346
337
352
344
347
343
340
341
351
348
349
341
349
346
347
342
338
351
346
344
339
349
348
340
352
348
341
348
342
344
341
344
342
340
341
341
341
345
348
351
336
346
338
339
340
337
344
349
341
348
338
350
339
347
338
341
347
344
351
351
339
352
334
352
344
340
341
348
341
350
349
333
352
342
351
350
344
342
348
350
343
344
350
351
339
348
343
352
352
344
344
335
338
339
349
348
340
342
342
346
342
350
341
348
338
350
343
341
338
337
337
347
345
345
338
346
348
344
343
339
340
347
347
348
346
341
348
347
342
348
350
349
336
344
351
350
340
341
349
338
337
342
346
337
349
336
350
342
349
350
341
339
344
346
345
348
334
341
338
346
344
345
351
347
342
346
352
346
349
349
341
336
346
339
339
342
343
346
342
346
346
345
348
340
346
345
341
342
347
337
340
349
343
343
350
349
340
338
352
347
345
341
344
337
342
343
347
340
339
341
352
339
342
350
336
349
345
352
349
343
343
348
335
341
347
345
339
346
336
353
350
347
338
341
353
343
346
347
336
349
350
348
345
351
340
342
350
343
337
341
340
340
335
341
337
343
336
353
346
348
347
335
344
350
340
350
345
346
336
343
333
348
337
346
351
349
337
348
348
347
351
351
350
349
350
343
347
351
339
341
352
343
348
352
345
346
345
345
350
342
340
346
347
342
334
357
349
345
347
347
346
341
350
348
344
339
337
348
349
345
343
340
340
344
342
338
339
343
339
353
347
345
334
339
338
337
347
346
351
341
339
344
349
345
339
338
351
347
337
349
347
343
348
339
345
349
341
347
345
348
339
348
339
344
338
343
342
339
338
343
341
345
348
347
339
349
343
347
348
344
346
346
339
346
342
339
350
336
336
341
348
349
343
348
349
338
343
344
347
334
346
337
335
343
351
351
342
349
340
341
352
342
342
335
341
343
344
346
344
342
344
347
349
348
338
347
348
341
341
339
341
339
350
337
347
346
345
348
345
337
348
347
347
341
336
343
344
347
345
345
341
344
338
346
339
350
339
345
345
333
339
348
344
351
335
340
345
341
338
344
353
341
337
342
347
340
341
345
345
343
348
347
352
353
349
350
341
341
342
340
337
347
346
347
345
343
348
338
343
345
343
350
336
339
347
349
333
344
342
336
348
342
350
347
334
341
342
343
346
336
320
338
672
72
297
532
652
588
