431
434
433
435
431
431
435
434
435
435
431
438
424
430
430
435
434
439
438
430
440
438
438
430
435
435
438
434
431
429
433
429
431
426
431
432
436
430
438
432
429
429
435
438
432
434
431
431
431
430
433
425
431
435
436
433
435
433
429
432
434
428
435
428
436
431
434
435
435
434
429
435
436
434
433
435
431
434
433
427
435
429
435
431
433
433
429
429
430
436
438
434
428
431
432
428
439
428
431
437
438
431
435
438
432
434
426
435
438
434
429
432
436
430
431
425
433
434
433
435
430
432
428
429
434
430
433
434
436
429
432
437
433
424
431
432
435
431
434
427
429
431
431
431
435
435
427
430
437
429
434
439
435
436
428
430
439
437
434
429
435
425
434
436
439
437
439
424
431
431
429
435
431
439
431
428
433
431
435
435
432
429
431
428
429
435
425
439
435
430
431
430
433
434
434
438
435
431
435
438
435
434
425
434
434
429
427
437
433
434
433
429
433
439
433
438
438
439
430
433
432
431
435
429
433
435
429
437
435
437
439
434
426
428
426
433
431
434
429
435
434
431
436
431
435
441
431
438
438
435
435
430
429
436
426
429
438
434
438
431
439
438
438
437
437
439
433
434
433
429
435
429
429
431
430
435
434
434
433
431
429
435
438
435
433
431
427
434
435
435
439
432
432
430
421
435
437
430
429
433
433
435
431
434
438
434
428
434
433
431
438
434
439
433
426
434
439
435
435
425
434
429
431
437
439
434
436
433
439
439
431
431
439
434
433
437
435
434
433
432
430
433
435
439
439
432
438
437
435
437
427
433
435
435
429
431
435
429
429
434
432
439
435
429
435
435
425
430
431
431
429
438
435
435
425
433
439
438
435
435
435
435
439
431
437
433
437
429
434
439
435
433
439
435
432
435
438
434
428
431
433
437
431
427
439
425
439
434
438
433
424
433
439
430
433
431
432
434
435
433
432
432
432
435
434
429
433
429
431
434
439
433
438
438
434
435
435
435
439
438
435
435
435
432
434
430
435
425
438
430
438
438
429
433
432
430
434
438
435
438
433
433
434
431
427
435
431
436
431
435
432
434
436
434
437
435
432
427
435
433
435
431
435
436
426
433
439
429
433
438
439
435
432
426
431
439
427
431
433
435
439
433
433
432
443
435
432
431
435
429
435
435
431
435
433
435
435
431
435
435
439
433
430
433
437
433
431
435
430
429
435
435
430
433
441
434
433
435
431
435
429
431
429
437
431
437
428
439
435
439
431
435
433
438
442
433
429
437
431
435
435
428
428
438
431
439
437
431
433
435
439
438
429
430
430
433
434
435
438
434
430
432
435
438
439
436
429
431
435
431
434
435
430
438
432
435
433
432
437
433
431
439
435
429
434
431
434
432
435
433
434
436
438
434
431
435
435
438
433
439
435
433
430
439
435
430
438
439
431
434
438
435
431
434
435
431
433
435
432
434
438
430
438
428
437
435
435
431
428
433
432
440
430
434
431
433
432
433
437
439
435
438
433
434
439
435
435
431
438
434
431
433
435
438
435
431
435
433
433
434
432
433
431
431
439
433
434
439
437
433
433
435
435
427
438
435
433
434
429
431
432
435
431
435
429
432
439
429
433
435
431
437
434
436
438
434
433
436
430
433
434
435
434
435
431
439
439
435
435
433
435
435
435
438
429
433
437
433
433
440
435
437
435
437
438
431
428
431
431
429
429
434
431
435
439
437
435
434
435
432
435
439
434
432
435
435
427
435
430
436
437
437
431
431
439
435
440
435
436
436
434
433
434
438
427
433
436
433
433
438
432
438
438
437
432
434
435
435
435
435
429
439
435
433
437
435
436
435
439
438
435
435
435
433
427
434
433
434
429
432
440
436
435
435
433
437
435
437
430
435
431
430
435
434
439
438
431
438
437
435
431
435
432
438
433
432
434
431
438
435
435
438
435
439
431
439
431
433
431
435
427
432
435
434
431
434
435
439
437
439
429
433
431
436
439
435
430
434
429
435
435
437
433
430
428
435
438
433
439
435
439
424
432
434
435
431
434
431
429
434
438
438
432
438
431
434
438
429
435
430
430
434
434
435
433
438
429
439
433
433
431
435
438
434
428
429
433
427
439
428
434
435
435
439
439
428
434
439
437
434
431
429
432
439
434
432
434
434
431
434
430
435
434
433
433
424
429
433
433
435
429
432
435
428
431
435
440
435
437
431
438
434
431
435
433
433
435
438
435
432
435
433
437
429
435
435
431
437
439
435
434
432
438
425
435
439
434
438
434
434
435
437
428
434
429
431
436
433
435
434
431
433
435
433
435
433
419
431
447
427
146
18
0
247
