319
327
326
322
319
322
319
322
323
322
319
322
327
323
326
323
319
315
317
323
326
315
317
315
327
315
321
315
321
318
322
323
319
323
319
331
319
319
322
325
318
315
323
323
322
315
311
323
315
317
322
323
321
319
311
319
322
319
319
321
318
319
331
326
323
319
313
318
319
327
319
319
318
318
319
326
319
319
319
321
325
323
323
315
323
322
315
329
315
318
317
322
323
319
323
319
322
319
319
319
319
318
323
323
323
330
319
327
319
317
318
323
327
321
319
315
325
326
319
319
313
323
323
325
319
326
318
323
329
315
317
315
319
319
322
321
322
317
315
318
319
327
323
319
323
327
319
319
323
315
323
318
319
323
323
321
319
319
319
325
319
313
319
318
330
325
323
323
330
321
319
318
330
317
321
315
318
321
323
325
319
322
322
325
326
321
315
319
318
322
321
311
327
322
319
318
323
323
325
326
323
319
323
325
327
319
319
322
323
319
330
321
325
323
327
319
327
327
325
323
319
318
321
325
330
322
323
315
322
322
322
315
322
322
319
326
323
322
318
323
325
321
326
323
319
323
318
323
331
315
318
319
317
321
317
327
323
317
323
323
318
335
327
327
315
327
315
326
331
319
313
318
321
321
318
327
327
323
326
321
322
329
319
315
319
318
326
321
325
321
326
318
319
317
319
330
331
311
317
327
323
314
319
327
318
318
330
322
327
326
321
326
321
319
323
315
318
315
323
319
319
318
323
326
318
327
319
323
325
319
319
323
319
315
327
321
319
323
321
318
318
318
330
327
322
315
323
322
319
319
331
322
330
318
319
327
319
319
323
330
331
325
319
315
319
322
319
315
330
323
321
318
317
317
319
319
319
323
319
311
326
322
319
330
311
323
326
315
333
319
329
322
314
327
321
317
326
319
323
318
322
326
315
323
327
323
322
323
315
319
323
327
323
319
315
311
315
311
325
317
323
323
323
315
321
323
313
326
319
311
317
311
315
322
315
321
318
322
322
322
321
319
321
319
331
322
323
323
326
315
319
315
323
321
326
315
323
321
323
323
318
323
327
319
323
323
319
319
327
329
319
323
323
319
311
323
319
313
317
322
321
323
327
317
318
322
319
319
315
323
319
323
322
323
319
319
325
325
321
326
323
326
323
326
319
323
319
327
325
322
318
327
319
321
319
319
323
319
318
317
322
327
318
325
322
323
325
315
318
315
329
319
323
323
319
327
315
319
323
315
315
319
321
317
321
317
326
326
323
315
322
326
323
322
319
321
314
317
319
323
318
315
325
326
326
323
326
319
322
322
319
326
326
326
321
323
319
326
323
322
319
323
323
325
323
322
325
325
319
319
317
319
323
319
322
325
323
321
327
323
326
330
321
327
318
319
318
327
323
318
315
327
318
319
319
330
319
319
319
358
314
330
290
310
294
306
318
302
314
314
310
302
326
322
338
318
310
326
318
310
322
322
314
302
286
319
317
323
318
322
318
315
323
311
315
319
315
323
319
326
327
323
319
318
318
319
317
323
319
327
319
319
323
322
323
329
315
323
322
322
319
315
327
319
319
319
326
315
319
321
322
323
319
322
318
318
315
313
323
319
327
319
323
319
327
327
323
323
315
322
315
321
327
322
315
327
318
319
326
323
321
323
321
326
321
323
329
331
321
311
314
319
318
321
319
323
315
313
317
315
327
323
321
319
323
322
321
315
326
323
315
334
321
331
323
319
315
327
323
319
318
323
311
315
317
315
327
322
315
326
315
329
319
327
326
323
319
327
313
317
323
315
326
326
326
319
315
323
318
318
327
319
319
318
311
319
322
319
319
323
319
327
330
315
318
326
323
323
319
327
319
319
315
319
330
322
327
315
319
323
319
319
322
319
313
327
318
317
319
319
319
315
322
322
319
315
322
317
325
319
318
327
327
325
315
318
323
322
313
317
327
319
315
319
327
315
318
319
326
319
319
323
317
327
323
319
323
323
319
319
322
315
323
315
323
319
322
322
323
321
319
317
321
327
318
319
327
323
326
318
318
322
315
318
319
323
330
327
315
323
323
319
319
315
323
321
322
322
319
323
319
318
322
319
319
323
323
326
319
323
323
315
322
315
321
315
323
317
317
315
319
327
323
326
317
315
315
329
323
325
322
323
319
326
318
321
321
322
319
317
325
325
323
322
323
326
327
315
319
325
325
325
323
327
323
319
327
327
319
323
319
319
323
319
319
319
318
323
326
323
327
323
323
317
321
319
319
318
317
317
323
315
323
318
327
318
323
323
329
315
321
323
322
319
322
319
319
327
319
323
319
322
319
323
315
329
347
315
207
302
65
407
0
79
