531
531
531
531
534
531
535
527
535
530
531
530
531
531
531
535
531
531
531
530
530
531
531
531
531
530
531
534
535
531
531
531
534
531
531
531
531
531
531
530
531
527
534
527
531
531
527
527
531
530
535
527
531
535
531
531
530
531
531
535
534
527
535
535
527
531
531
531
531
530
535
531
527
531
531
531
535
531
531
534
535
530
531
535
531
531
535
535
527
535
531
531
527
531
527
531
527
531
531
531
531
531
531
534
531
531
531
535
534
527
531
531
534
531
530
531
531
531
535
534
531
539
527
531
527
527
527
531
531
527
535
527
531
531
530
527
531
531
527
535
531
534
535
531
531
531
527
530
539
527
535
535
531
534
530
531
531
535
531
531
531
535
535
531
531
531
534
531
527
535
534
523
527
531
527
531
531
531
531
534
535
531
527
527
531
531
531
531
527
531
531
527
531
531
535
535
539
530
531
527
531
527
531
530
530
530
531
531
535
530
527
527
534
531
531
531
531
531
535
535
531
531
530
523
531
531
531
538
535
531
535
535
531
530
523
527
527
531
531
535
531
535
530
530
531
531
535
531
539
531
531
527
527
527
527
527
530
531
531
535
534
531
530
527
535
531
531
530
531
531
527
531
527
531
531
535
535
535
535
531
531
527
539
531
535
531
527
531
534
531
523
531
527
531
531
535
531
531
531
534
539
530
535
531
535
531
534
531
535
527
531
531
531
534
531
531
531
527
527
531
531
531
535
535
535
539
531
535
535
531
535
531
531
531
531
535
527
527
535
535
531
531
531
531
531
531
535
531
527
535
531
527
531
531
535
531
535
527
534
531
531
527
531
531
531
530
531
534
535
531
531
535
531
531
531
535
527
531
527
531
530
531
531
531
535
531
531
535
531
531
527
531
531
534
531
535
534
531
531
535
531
531
531
531
535
531
531
538
531
531
531
531
531
535
535
527
531
531
534
534
531
531
535
531
530
534
535
531
531
527
535
531
531
534
531
531
531
531
531
531
531
535
531
531
531
535
531
527
531
530
535
535
535
527
531
531
535
535
534
531
535
534
531
531
531
535
526
531
531
531
534
531
527
534
530
531
530
531
531
535
535
531
531
531
535
534
531
534
527
535
531
535
535
535
535
531
527
531
535
531
531
531
531
534
535
531
531
535
535
535
531
535
531
527
531
534
531
530
531
531
527
531
531
527
531
531
531
531
531
531
534
526
530
531
531
531
527
531
531
535
531
531
531
527
535
535
531
534
531
531
535
535
531
531
531
531
535
531
531
531
531
531
531
531
535
531
531
531
531
531
531
531
530
531
531
531
534
534
535
531
531
531
527
531
530
534
531
535
531
527
534
531
531
535
535
531
531
534
531
535
531
531
531
531
527
531
535
531
527
531
531
531
534
531
531
535
531
535
531
531
531
534
530
531
531
534
535
535
535
531
538
531
534
535
534
527
527
531
535
531
531
527
531
535
531
535
527
282
535
515
539
527
835
518
527
534
407
535
523
515
538
543
543
523
535
531
775
519
531
531
531
535
527
535
531
526
531
531
531
530
531
531
531
530
527
531
531
531
527
535
538
531
535
539
534
527
527
535
527
534
531
531
535
531
531
527
527
531
531
531
527
526
535
531
534
531
531
527
527
531
527
527
534
535
531
531
531
531
535
527
531
534
530
530
535
531
534
530
531
531
531
531
531
531
530
527
530
527
530
527
527
531
531
527
531
531
531
531
531
531
527
531
527
527
527
527
531
531
531
531
531
531
531
531
538
531
527
527
527
530
531
527
531
531
534
527
527
531
523
530
531
534
527
527
527
531
531
527
531
535
527
531
535
535
531
531
531
530
531
531
531
531
527
527
531
527
523
531
531
531
534
531
535
527
531
535
531
534
530
531
530
527
530
527
535
535
531
530
531
531
527
530
531
527
527
527
527
535
523
531
531
531
531
531
535
531
531
535
535
535
531
530
531
526
531
527
535
534
535
530
527
535
535
531
535
527
531
527
535
531
527
531
531
531
535
535
534
535
531
527
531
527
527
534
527
527
535
531
530
527
531
531
527
527
530
531
531
527
531
531
531
534
530
535
535
530
531
527
527
531
527
531
531
531
531
530
531
531
531
531
531
531
531
531
531
527
527
530
531
531
531
531
531
527
527
523
534
527
531
527
534
530
534
534
527
531
531
531
531
531
527
531
530
531
535
535
531
535
527
527
527
527
531
527
527
535
531
535
530
531
531
531
531
531
531
531
527
534
527
531
531
531
527
527
531
530
531
527
523
531
527
531
531
527
527
527
534
527
527
531
531
531
535
531
531
527
539
523
263
455
0
254
531
99
