1131
1275
1267
1271
1051
1311
1131
1331
1031
1415
1327
1175
1103
1407
1087
1267
1007
1231
1159
1279
1019
1399
1123
1263
1083
1239
1127
1351
1143
1427
1111
1279
991
1323
1295
1259
1099
1475
1187
1307
1075
1283
1107
1295
995
1315
963
1443
1031
1263
1139
1287
1139
1215
1103
1423
1083
1215
1007
1239
1259
1291
1263
1299
1103
1231
1191
1375
1179
1359
1175
1255
1155
1207
1123
1383
1155
1247
1067
1227
967
1295
1127
1307
1147
1287
1211
1387
1123
1243
1187
1395
927
1331
1119
1303
1031
1291
1207
1391
1131
1291
1003
1311
1235
1227
1055
1323
1183
1355
1135
1327
1123
1275
1111
1423
1051
1415
1075
1511
1139
1295
1159
1431
1183
1279
1179
1279
1239
1423
1171
1311
1191
1255
1067
1291
1083
1311
1255
1411
1151
1403
1167
1311
1147
1227
1115
1391
1263
1323
1075
1211
1251
1215
979
1167
915
1331
1139
1275
1231
1263
1179
1407
1135
1243
979
1363
1027
1427
1203
1275
1143
1291
1083
1299
1191
1327
1043
1323
1007
1339
1163
1275
1191
1431
1127
1303
1123
1207
1111
1371
1143
1307
1175
1311
1119
1275
1071
1403
1063
1311
1247
1267
1027
1251
1111
1283
1171
1403
1139
1447
1083
1359
1111
1135
1155
1407
1247
1215
1123
1307
1139
1223
1099
1279
1203
1379
1115
1271
1211
1295
1087
1203
1123
1303
1003
1431
1075
1367
1151
1159
1259
1287
1203
1427
907
1423
971
1159
1115
1227
1235
1155
1083
1359
1255
1335
1175
1287
1307
1267
1139
1303
1095
1267
1271
1339
1211
1251
1207
1475
1015
1259
1183
1287
1079
1403
1203
1335
1091
1187
1027
1347
1055
1359
1031
1355
1171
1307
1139
1247
1235
1267
1179
1255
1063
1339
1179
1255
987
1315
1195
1499
1063
1343
1123
1323
1087
1395
1151
1411
1143
1175
1123
1503
1087
1327
1095
1487
1191
1151
1039
1311
1127
1243
1167
1199
1243
1375
1099
1247
1103
1375
1291
1351
1135
1219
1091
1271
1131
1371
1243
1303
1207
1191
1135
1331
1079
1279
1231
1335
1083
1415
1167
1367
1139
1355
847
1383
1091
1239
1139
1451
1143
1279
1071
1375
1195
1323
1159
1379
1275
1363
1103
1231
1051
1255
1187
1239
1267
1263
1175
1347
1191
1307
1227
1427
1111
1427
1175
1399
1239
1275
1143
1415
1143
1263
1103
1395
1159
1351
1227
1263
1139
1367
1287
1335
1187
1271
1095
1231
1103
1175
1231
1251
1063
1243
1003
1311
1175
1307
1151
1387
1059
1295
1223
1383
1223
1303
1327
1359
1019
1327
1023
1323
1163
1263
1155
1407
1035
1411
1231
1319
1099
1191
1063
1415
1051
1407
1227
1395
1151
1375
1099
1331
1143
1343
1139
1287
1307
1251
995
1287
995
1283
1215
1375
903
1303
1211
1359
1235
1323
1187
1307
999
1355
1131
1371
1143
1267
1139
1251
963
1283
1127
1435
1143
1283
1143
1203
963
1339
1195
1395
1163
1071
839
1103
751
963
923
1319
1131
1287
1211
1283
1167
1235
1147
923
1095
1055
1259
1051
1159
1027
1051
1159
1159
987
1059
947
1199
1251
1135
1119
1223
1115
1059
1035
1047
1171
1147
1031
1067
1143
1267
1155
975
1147
1199
1107
1103
1087
1123
1079
1131
1155
1135
1039
1187
1143
1135
995
939
995
1059
1183
1015
1019
1139
1075
1059
1019
1063
1123
1111
1143
1035
1167
1115
1031
967
1055
1079
955
1183
1011
1167
1015
1127
959
1015
1079
1019
1119
1143
1083
1091
1135
967
1059
1271
1075
1183
963
995
1043
1199
1207
1163
1123
1139
1159
1119
1059
1051
1191
1059
1155
1015
1027
1051
1043
1211
1099
1195
1175
1015
1115
1043
1135
1023
1071
1059
1087
1187
971
1019
1159
1067
1007
1191
1159
1075
1159
1163
1083
1231
1187
1055
943
1095
1199
1159
911
1063
1219
1215
1043
1107
1179
1067
1151
1187
1103
1059
1063
1195
1075
1171
1183
1203
1079
1095
1075
1123
1091
1147
1083
1275
1171
1087
1123
1191
895
1203
1099
1095
887
1055
1163
1027
1275
963
1179
1095
1003
1131
1107
1111
1055
1035
1135
1087
1059
1099
951
1107
895
1231
1055
1287
1087
1067
1027
1119
1179
1015
1063
1147
1091
1199
1183
1127
1047
1175
1207
1307
995
983
979
1247
1135
1167
1135
1003
943
1167
1115
1131
1183
1071
1159
1187
1207
1091
1107
1071
1087
1075
1059
1059
1139
1115
1143
999
1155
1135
1123
1043
1131
1059
1135
1219
1091
1075
1075
1039
999
975
975
1143
1139
1003
1111
1087
1259
1163
1191
1035
1135
1159
1035
1067
1031
911
1027
1099
1015
1115
1147
1103
1155
1183
999
1115
1183
1023
1003
1159
1123
1063
1067
1067
1219
1111
999
1163
1043
1191
1115
1067
1091
991
1071
927
1163
1003
1099
1135
1099
1147
1091
1103
1067
1167
1091
1139
1175
1211
1067
1203
1083
1039
1099
1095
1039
1095
1083
1131
1091
1195
1067
1079
979
1155
1259
1007
987
1059
1119
1287
959
1211
1011
1231
1055
1223
1047
1143
1127
1167
1059
1195
975
1211
1247
1183
1147
1171
1055
1103
1127
1255
1107
1051
1131
1099
1135
1215
1047
1131
1191
1099
1135
1199
1039
1191
995
1103
1035
975
1087
1199
899
975
1019
1151
1019
1047
995
939
1195
1063
1067
1151
1099
1163
1083
1211
1203
899
1231
1163
1107
1119
1051
1067
1207
1151
1095
1119
1151
1035
1083
1151
1123
1055
1147
1127
1175
1175
1031
1159
1171
1119
1083
1207
1063
1011
1171
1003
1187
1111
1139
1163
1103
1203
1031
1115
1131
1115
1115
1079
1059
1055
1187
1199
1179
1027
899
1007
1055
1059
1203
1095
1023
1123
1135
1043
1083
1199
1203
1063
951
1055
1119
1083
959
1043
1035
1019
1167
1155
1067
1187
1155
1167
1091
1179
1103
1255
1111
1203
1091
1075
1267
1143
1103
1067
1023
1123
951
1127
1187
995
851
1223
1127
1047
995
1059
1063
1067
1247
1123
955
1035
951
1007
1015
1095
1095
1187
955
87
471
0
103
1199
315
