1903
1223
1047
1242
1191
1351
1202
1255
994
1190
1347
1435
947
1443
1215
1255
1087
1303
1215
1383
1143
1383
1086
1271
982
1418
1106
1410
1131
1251
1199
1322
1158
1267
1043
1323
995
1259
971
1323
1043
1313
999
1266
1166
1225
1161
1119
1102
1259
1079
1311
923
1251
1082
1173
1057
1375
1262
1263
1059
1227
1062
1219
1163
1366
1175
1377
1047
1414
1022
1191
1027
1335
1087
1303
1219
1255
1215
1399
1174
1191
942
1231
1079
1227
1135
1167
1194
1271
1091
1143
1106
1250
1182
1271
1091
1282
1126
1182
1179
1199
1219
1279
947
1294
946
1235
999
1330
1039
1374
1154
1402
1127
1143
1090
1185
1199
1383
1119
1219
963
1322
1279
1290
1155
1359
1059
1215
1115
1283
1123
1335
1215
1339
931
1371
1239
1303
947
1383
1030
1359
1162
1251
1103
1391
1139
1287
1238
1399
1022
1231
1002
1171
1087
1253
1087
1315
1171
1279
1255
1407
970
1327
1119
1419
1095
1190
999
1223
1119
1415
943
1234
1167
1287
1127
1363
1014
1323
1138
1367
1094
1327
1047
1346
1091
1163
1027
1271
1107
1389
1045
1362
1239
1362
1071
1290
1099
1139
1111
1426
1087
1451
1015
1227
1079
1346
1119
1287
1106
1227
1195
1299
1043
1251
1114
1362
1122
1338
1111
1334
1083
1386
1083
1302
1199
1279
1022
1343
1127
1219
1071
1354
939
1223
1102
1343
1127
1379
1267
1130
959
1319
1043
1257
1110
1314
1206
1367
937
1214
1015
1191
1123
1383
1042
1331
1083
1339
971
1391
1151
1330
1003
1399
1071
1279
1181
1295
1063
1375
1027
1287
1162
1313
1075
1235
1195
1155
1074
1437
1030
1351
986
1466
1131
1391
991
1462
1126
1287
1003
1267
898
1391
1130
1271
1127
1335
1071
1215
1167
1335
1091
1431
1071
1307
1179
1398
1095
1131
1187
1199
1023
1151
873
1406
1166
1331
1075
1359
1155
1222
951
1207
1239
1221
982
1307
1079
1303
1003
1271
1130
1359
1115
1371
1027
1342
1091
1282
1087
1175
1267
1379
1031
1443
1111
1275
1163
1203
1163
1362
1235
1223
979
1139
1087
1251
1099
1315
1063
1335
1190
1323
1103
1410
967
1311
1079
1193
971
1351
1139
1243
1145
1343
1167
1263
1013
1235
1319
1415
1103
1282
1243
1283
979
1227
1203
1247
1098
1295
1027
1250
1018
1339
1111
1303
1031
1399
1147
1178
1047
1298
1078
1282
887
1127
1050
1331
967
1387
947
1261
1075
1147
1051
1171
1174
1287
1110
1211
975
1235
1062
1302
1127
1319
965
1319
1263
1211
1271
1351
959
1419
983
1247
1055
1371
927
1210
1081
1285
1263
1339
1163
1319
1042
1247
1079
1483
1103
1269
1178
1347
1126
1327
1162
1274
1079
1371
1131
1315
1159
1375
1058
1355
1035
1311
1123
1242
943
1259
1167
1158
1174
1255
1038
1351
1306
1319
1130
1223
1035
1311
1035
1390
1082
1303
1018
1278
1222
1007
755
1055
675
1171
758
1194
1087
1259
1055
1255
1085
1395
934
1003
943
1114
1035
955
1171
1190
1047
1094
1049
1111
1187
1027
1003
1095
1035
982
1054
1123
1063
1141
1075
1002
1099
1079
961
994
967
1039
1175
1071
1019
923
1146
1106
1131
943
1003
1153
931
1050
1038
955
883
971
1191
1097
1183
1186
1071
1150
1158
1011
1159
1094
986
1071
1243
1087
1099
1010
1178
1075
945
975
1071
1203
1183
1023
1099
1031
1015
1190
1035
1111
1171
1155
1135
1219
1147
887
959
1063
1059
866
1082
1027
1007
1015
1055
1119
1099
1119
983
1139
1135
1074
1079
999
1146
1035
1131
942
1190
1131
1227
1047
1035
1075
1187
1114
999
974
1174
1162
1087
899
1066
991
1103
1043
1151
1162
1127
979
1007
1095
939
931
1087
983
1086
1119
1055
999
1026
1055
1043
1095
1083
1107
1103
999
1043
1087
1087
1159
1127
1098
1122
1086
1019
1015
1207
1059
954
951
1071
1159
1014
1077
1015
977
1083
1047
1199
1107
1098
1031
1015
987
1091
971
1035
1034
1219
918
883
1051
959
1023
1087
1150
1087
1079
1178
971
1051
966
1115
1063
1234
999
1114
1079
1106
1166
1123
1095
1081
1003
1027
1043
1067
1143
1183
1107
1123
1075
958
1095
1186
1019
1183
1111
1118
1042
1178
999
1046
1101
1163
963
987
1051
931
1027
1131
1091
1069
1003
1227
1078
1135
983
1018
1022
979
979
1122
1030
1083
1227
1063
1106
991
1179
935
1135
1062
867
1087
979
1019
1075
1143
1095
994
1223
1199
963
1123
1058
1054
1022
1095
1126
1151
1023
1079
1030
1139
1027
1015
951
1014
982
997
987
1075
1203
1113
986
1118
1062
1095
995
1067
1013
1207
1203
943
1006
939
1059
1111
1067
1091
1015
1027
983
1091
967
1158
966
1219
1115
1031
1107
1175
1063
958
1035
1003
1091
1038
987
1139
1114
1063
1047
1011
1151
1143
895
959
1147
1063
1023
1203
1075
1095
1067
1190
1051
1130
1139
1011
1114
1035
975
1123
991
1127
1086
855
998
1143
943
1087
947
1111
1063
1142
1045
1099
1023
1035
1034
1099
999
1199
1115
1099
1039
1242
1123
979
1159
1002
1254
1279
1235
1099
1071
991
983
1023
982
978
1071
1165
963
1091
1090
1023
1138
1002
1031
1171
1090
1090
943
1091
943
1042
958
1103
1066
1103
1058
1103
1198
1035
1170
1155
995
1163
1223
995
979
1127
1106
1111
1203
971
1018
1050
987
1223
1047
1054
1103
1051
1082
962
1070
939
1198
1259
995
977
1018
1127
1131
1119
1027
1055
1123
1035
1003
1043
1063
987
1070
931
1151
1003
982
987
1119
1095
1095
1067
1003
1046
939
1082
1127
1090
1007
1210
1055
1170
887
1170
1135
895
1171
1143
1142
1099
1079
1067
1177
1011
1115
995
915
1026
975
1007
1154
1079
1093
951
967
1051
1034
1087
1038
963
1019
1071
1175
1077
935
1026
1131
958
1118
931
1041
951
967
1063
1046
2203
2115
2287
1563
423
2283
