1175
1339
1274
1495
1271
1411
1251
1438
1227
1315
1131
1415
1127
1395
1182
1447
1147
1383
1103
1403
1330
1479
1127
1282
1214
1475
1119
1459
1158
1530
1211
1382
1350
1522
1107
1375
1203
1407
1159
1407
1219
1447
1323
1347
1211
1318
1199
1503
1251
1471
1287
1363
1134
1519
1187
1323
1091
1375
1323
1406
1167
1315
1211
1415
1075
1519
1195
1375
1266
1335
1222
1371
1179
1371
1087
1339
1227
1391
1159
1423
1311
1531
1239
1347
1119
1362
1203
1375
1251
1359
1187
1371
1183
1535
1303
1331
1418
1439
1135
1498
1099
1359
1171
1411
1178
1507
1123
1406
1167
1354
1071
1239
1215
1335
1158
1347
1199
1226
1339
1515
1331
1323
1198
1458
1135
1315
1179
1563
1162
1443
1071
1379
1091
1411
1174
1446
1111
1243
1231
1470
1126
1499
1263
1479
1142
1586
1131
1419
1123
1303
1155
1430
1159
1523
1147
1307
1247
1531
1219
1454
1215
1407
1179
1463
1298
1275
1147
1299
1286
1495
1150
1435
1351
1383
1203
1295
1119
1407
1255
1479
1359
1191
991
1395
1255
1355
1251
1410
1119
1319
1087
1527
1127
1475
1207
1523
1190
1447
1343
1419
1211
1339
1267
1343
1355
1298
1214
1459
1091
1363
1315
1283
1179
1343
1111
1519
1115
1319
1131
1367
1203
1355
1239
1487
1071
1507
1147
1443
1178
1362
1123
1394
1102
1343
1163
1415
1175
1283
1139
1547
1243
1515
1259
1335
1219
1383
1307
1419
1126
1503
1139
1407
1139
1447
1087
1471
1083
1423
1323
1483
1155
1419
1166
1519
1139
1367
1219
1275
1079
1247
1091
1471
1287
1451
1187
1343
1087
1327
1203
1439
1099
1471
1163
1407
1263
1451
1251
1399
1351
1527
1206
1471
1330
1467
1110
1455
1255
1339
1134
1490
1387
1219
1270
1302
1223
1382
1115
1443
1366
1335
1147
1535
1291
1455
1239
1351
1107
1595
1135
1438
1179
1303
1271
1423
1195
1362
1202
1459
1219
1374
1075
1383
1151
1271
1178
1607
1327
1431
1147
1426
1243
1355
1147
1471
1138
1319
1171
1434
1335
1346
1195
1406
1311
1403
1167
1323
1343
1343
1051
1507
1258
1311
1143
1407
1267
1395
1163
1507
1243
1499
1142
1451
1295
1431
1279
1259
1127
1367
1091
1347
1063
1467
1251
1431
1259
1459
1315
1479
1183
1495
1155
1575
1115
1435
1094
1555
1283
1379
1267
1487
1195
1415
1215
1515
1214
1471
1199
1451
1090
1279
1167
1298
1019
1367
1226
1355
1155
1471
1227
1323
1302
1391
1227
1382
1115
1419
1163
1366
1119
1463
1247
1571
1131
1467
1239
1287
983
1387
1219
1379
1251
1407
1223
1411
1127
1295
1179
1439
1279
1371
1271
1431
1187
1443
1191
1391
1031
1467
1107
1331
1175
1343
1246
1347
1258
1327
1075
1395
1174
1427
1323
1358
1115
1271
1183
1510
1226
1383
1255
1471
1139
1438
1283
1386
1099
1379
1275
1474
1075
1515
1170
1375
1223
1411
1211
1455
1167
1334
1071
1090
975
1095
722
1439
1279
1403
1351
1387
1147
1431
1211
1143
1239
1155
1163
1199
1178
1259
1186
1247
995
1135
1286
1255
1131
1239
1199
1238
1207
1227
1203
1175
1335
1315
1219
1187
1211
1087
1082
1151
1359
1163
1107
1015
1226
1207
1047
1191
1055
1175
1195
986
1095
1219
1178
1167
1126
1226
1198
1118
1243
1255
1079
1231
1327
1083
1166
1127
1058
1163
1131
1203
1267
1095
1103
1119
1151
1271
1130
1167
1023
1191
1323
1031
1130
1251
1155
1227
1299
1039
1115
1307
1135
1211
1143
1087
1263
1067
1155
1119
1199
1319
1266
1091
1115
1247
1179
1167
1258
1223
999
1087
1331
1179
1195
1174
1214
1275
1082
1071
1139
1079
1195
1091
1219
1227
1259
1099
1223
1187
1291
1083
1159
1215
1199
1043
1106
1275
1123
1003
1211
1051
1191
1258
1062
1319
1103
1263
1119
1159
1199
967
1150
1115
1187
1227
1255
1266
1223
1239
1227
1187
1187
1283
1123
1163
1318
1178
1111
1019
1223
1143
1222
1227
1167
1251
1231
1218
1163
1035
1239
1126
1238
1098
1199
1243
1191
1167
1191
1231
1131
1123
1095
1275
1219
1099
1191
1295
1254
1195
1287
1130
1211
1147
1127
1107
1299
1162
1255
1242
1311
1099
1307
1199
1119
1035
1259
1142
1183
1079
1110
1214
1139
1082
1175
1275
1019
1283
1111
1086
1203
1143
1079
1131
1111
1151
1183
1179
1130
1354
1255
1139
1111
1094
1223
1051
963
1159
1110
1147
1099
1302
1127
1099
1311
1270
1191
1187
999
1138
1215
1179
1123
1275
983
1103
1147
1122
1251
1259
1191
1099
1123
1155
1274
1118
1083
1259
1151
1047
1059
1043
1263
1127
1231
1135
1099
1262
1119
1231
1207
1115
1191
1203
1274
1287
1171
1082
1094
1239
1251
1207
1299
1055
1223
1099
1195
1215
1143
1055
1135
1143
1079
1079
1307
1175
1235
1139
1102
1067
1319
1259
1187
1263
1178
1238
1243
1163
1087
1226
1119
1159
1055
1259
1098
1187
1295
1151
1095
1267
1227
1219
1343
1235
1143
1171
1242
1187
1195
1131
1195
1295
1231
1139
1291
1063
1202
1171
1190
1202
1315
1139
1075
1063
1131
1199
1239
1098
1123
1135
1255
1175
1231
1051
1219
1226
1115
1207
1007
1143
1323
1331
1122
1195
1151
1143
1163
1095
1095
1135
1086
1139
1131
1031
1159
1223
1067
1182
1210
1070
1139
1070
1123
1151
1063
1167
1250
1107
1335
1215
1135
1215
979
1159
1115
1083
1287
1166
1219
1167
1147
1206
1226
1251
1303
1107
1187
1191
1198
1315
1115
1307
1163
1303
959
1207
1071
1275
1239
1119
1283
979
1226
1266
1223
1099
1267
1179
1275
1235
1115
1087
1155
1207
1203
1175
1159
1143
1263
1271
1119
1195
1319
1163
1279
1251
1159
1299
1207
1055
1139
1187
1219
1142
1071
1159
1271
1147
1098
1178
1210
1143
1135
1135
1175
1195
1374
1047
1239
1263
1114
1087
1039
1110
1235
1003
1147
1151
1211
1115
1087
1067
1219
1247
1103
1191
1143
1150
1147
1023
999
1119
1135
1034
1111
1242
1327
1043
1199
0
522
1827
1242
487
