1071
1223
1047
1227
1011
1199
899
1191
959
1139
967
1171
1003
1235
1059
1195
1071
1143
1003
1251
1019
1215
1051
1215
959
1047
975
1119
1123
1155
1011
1303
967
1271
1035
1063
1151
1187
1103
1167
1039
1075
1027
1267
923
1167
1147
1403
1047
1207
983
1023
1051
1315
947
1099
963
1207
971
1315
907
1119
959
1235
943
1255
1051
1215
1075
1291
1071
1143
1079
1119
1011
1335
991
1235
1055
1219
959
1239
1067
1259
975
1183
975
1279
947
1207
1023
1267
983
1107
1035
1075
1051
1187
1059
1115
1007
1147
1015
1263
1007
1203
959
1115
1099
1091
1111
1083
1031
1231
1023
1051
1019
1255
899
1195
1035
1223
987
1267
931
1259
931
1275
919
1163
1143
1119
907
1191
1051
1091
1111
1307
1055
1199
999
1131
1079
1215
1011
1183
1127
1059
1079
1151
1007
1151
975
1211
895
1171
927
1119
1011
1263
991
1291
1123
1171
1135
1263
1043
1203
1015
1083
1159
1183
915
1279
955
963
999
1091
963
1171
987
1355
999
1283
1003
975
1003
1179
967
1091
1059
1075
967
1315
995
1159
1195
1131
1103
1227
987
1191
927
1199
1091
1147
995
1231
1015
1263
975
1167
959
1139
1059
1343
927
1195
1087
1143
1015
1091
1107
1299
951
1215
1115
1147
1119
1119
963
1299
1035
1203
1011
1207
947
1259
1079
1351
1027
1227
1043
1331
951
1227
991
1135
943
1091
947
1171
1031
1119
935
1323
1027
1279
1147
1259
1027
1143
911
1115
1047
1207
1107
1223
1019
1283
1099
1347
919
1271
1091
1243
1039
1195
959
1411
979
1219
915
1083
975
1135
979
1211
1191
1215
1015
1251
935
1127
999
1275
967
967
1023
1191
1059
1107
1015
1151
1003
1191
947
1235
931
1203
983
1067
1023
1055
1011
1135
1011
1155
795
1187
1107
1255
959
1207
1067
1103
1007
1099
1091
1159
963
1095
1027
1143
1079
1235
1187
1183
895
1327
1103
1227
975
1263
983
1143
1215
1227
1167
1255
915
1315
1035
1143
1083
1195
987
1227
1047
1167
1123
1167
1003
1035
955
1179
1035
1143
923
1183
1019
1123
1051
1179
919
1239
1023
1099
1011
1243
955
1155
1091
1287
1179
1231
1015
1283
1111
1215
955
1259
995
1231
1075
1251
887
1327
919
1251
1043
1339
1023
1147
971
1279
1131
1123
927
1167
999
1223
967
1279
983
1235
1019
1315
1031
1255
983
1095
1183
1151
1131
1275
1039
1323
1051
1155
1063
1251
1095
1059
991
1207
1055
1171
1147
1195
1039
1199
931
1263
1051
1139
1019
1283
1143
1227
939
1175
1039
1235
1079
1227
991
1039
1071
1283
1031
1287
1011
1179
1047
1291
951
1135
1035
1211
1127
1255
1019
1183
951
1123
1031
1279
1059
1223
1135
1123
919
1267
955
1323
979
1139
911
1187
1171
1139
871
1247
987
1227
975
1027
735
931
631
915
723
1167
1051
1031
1071
1191
1127
1243
939
1039
1023
1051
935
1055
1011
899
891
923
883
1075
987
959
911
975
931
991
1207
1015
1083
915
1047
827
875
995
1103
971
875
959
1047
959
1003
967
1075
1023
1143
979
1003
887
911
911
1067
891
967
999
1035
855
1039
1011
955
975
883
935
1015
947
847
927
931
999
971
1059
935
1051
1019
1011
951
963
1067
915
947
963
899
947
935
867
987
959
927
1039
903
1071
975
999
1063
815
947
975
947
863
991
851
999
1003
963
919
1035
971
1071
959
895
995
1015
1111
927
791
1007
955
1075
923
875
1007
879
927
943
1043
975
943
1079
987
1047
807
1103
1067
915
1019
979
971
919
991
1123
1003
975
963
1127
907
1007
991
983
1059
1035
907
1083
915
991
963
987
1043
931
807
1035
1019
823
911
887
911
927
1071
1103
995
931
1007
1023
1091
1091
939
1111
1047
1003
1027
967
975
1079
891
1183
887
967
1023
943
967
971
927
1015
835
971
883
959
899
915
987
1091
955
963
1011
1087
999
887
979
1003
1071
903
959
967
991
1035
1047
1131
935
899
1047
1043
1031
879
1083
963
979
887
815
899
963
863
1011
1015
1007
1031
1067
935
1059
983
1067
935
963
1127
959
1007
847
963
875
1031
1003
971
935
1043
1115
955
1231
1007
919
967
927
811
955
927
903
911
999
931
1019
1019
1059
1083
847
1047
991
1019
899
1079
987
903
1055
943
907
1039
919
1019
979
979
843
875
899
979
903
951
1043
1003
895
947
979
879
947
931
1003
959
979
979
971
983
883
991
967
975
959
951
995
951
899
1095
1083
883
1023
999
963
1135
983
899
975
931
811
979
931
843
943
1015
1027
1019
971
951
895
1003
947
1011
1067
1047
883
979
891
999
983
967
967
983
1051
947
1083
1011
983
895
967
1023
1035
1079
991
1043
827
947
1063
1095
995
979
943
979
991
1107
943
1119
1007
879
995
947
879
995
935
1071
983
987
1039
975
899
987
891
1011
871
907
931
979
1123
919
895
927
943
1023
923
939
903
951
951
979
963
1143
1011
1031
1115
1031
983
995
967
971
1007
975
887
1139
827
975
831
1155
1007
991
975
967
955
911
1067
931
1067
979
967
927
947
999
999
979
1023
899
935
975
1039
1087
943
1095
1003
1075
835
1023
987
891
1015
875
987
919
923
1015
951
847
967
943
883
995
927
943
915
1087
843
1139
883
971
1003
983
887
963
891
931
995
911
859
987
907
963
959
983
943
963
979
1059
903
1075
1163
951
1075
987
755
987
1091
823
951
935
959
835
983
1039
843
783
999
911
911
1083
927
1023
959
887
275
1823
1903
1071
1903
