1283
1379
1303
1315
1223
1575
1267
1439
1247
1379
1335
1454
1175
1443
1243
1398
1303
1399
1323
1479
1191
1475
1247
1379
1271
1362
1179
1479
1310
1423
1239
1551
1239
1487
1267
1347
1178
1287
1151
1331
1203
1306
1146
1462
1371
1403
1263
1515
1310
1443
1347
1411
1243
1427
1211
1507
1379
1471
1223
1499
1170
1407
1134
1470
1323
1319
1179
1399
1427
1387
1070
1435
1235
1603
1163
1391
1251
1467
1135
1547
1303
1495
1306
1507
1391
1539
1354
1507
1186
1419
1082
1471
1227
1343
1319
1487
1218
1487
1183
1363
1203
1443
1195
1283
1158
1623
1182
1390
1191
1374
1171
1463
1259
1375
1247
1379
1102
1338
1263
1415
1163
1426
1159
1382
1222
1426
1199
1494
1327
1467
1303
1511
1358
1599
1318
1515
1211
1407
1215
1419
1350
1403
1299
1551
1154
1507
1223
1563
1223
1499
1251
1311
1167
1410
1287
1426
1331
1387
1379
1623
1207
1482
1234
1211
1439
1390
1223
1491
1218
1451
1303
1386
1287
1375
1435
1463
1282
1383
1130
1383
1195
1326
1263
1407
1262
1423
1255
1523
1435
1243
1215
1599
1271
1399
1175
1447
1367
1559
1238
1383
1163
1519
1439
1287
1271
1379
1311
1479
1243
1346
1334
1391
1231
1486
1295
1354
1247
1451
1231
1451
1171
1519
1259
1411
1167
1371
1347
1510
1347
1515
1274
1322
1203
1414
1195
1439
1514
1386
1275
1407
1238
1306
1239
1583
1114
1366
1130
1419
1339
1535
1311
1667
1158
1387
1299
1486
1290
1462
1279
1550
1267
1455
1155
1619
1071
1358
1270
1418
1299
1522
1287
1450
1335
1539
1287
1375
1267
1439
1319
1339
1267
1442
1318
1407
1382
1507
1262
1431
1387
1330
1287
1555
1283
1447
1235
1331
1319
1395
1203
1407
1235
1535
1307
1627
1259
1394
1275
1563
1235
1451
1235
1450
1271
1462
1254
1331
1291
1395
1234
1551
1254
1543
1323
1435
1343
1554
1218
1366
1238
1399
1202
1422
1338
1463
1315
1279
1386
1547
1271
1439
1267
1547
1075
1542
1255
1491
1182
1427
1258
1383
1235
1474
1255
1507
1303
1483
1143
1359
1211
1639
1303
1427
1367
1503
1307
1323
1234
1362
1275
1471
1302
1542
1243
1574
1398
1443
1235
1443
1191
1627
1115
1515
1315
1438
1407
1543
1254
1483
1363
1523
1291
1378
1223
1395
1154
1363
1335
1391
1247
1487
1255
1339
1255
1395
1183
1467
1179
1371
1075
1383
1299
1491
1263
1471
1387
1403
1403
1486
1315
1478
1303
1487
1255
1307
1226
1495
1251
1283
1307
1446
1239
1543
1179
1407
1222
1378
1259
1459
1319
1494
1286
1375
1091
1479
1303
1451
1243
1326
1294
1427
1266
1551
1207
1518
1207
1471
1351
1455
1207
1387
1259
1439
1294
1423
1302
1527
1319
1519
1167
1375
1362
1379
1355
1539
1259
1595
1255
1482
1270
1555
1291
1570
1335
1558
1262
1555
1223
1443
1319
1403
1259
1567
1283
1358
1335
1494
1219
1347
923
1199
1043
1187
887
1370
1279
1431
1230
1362
1215
1491
1207
1087
1299
1210
1207
1219
1231
1107
1187
1195
1282
1218
1307
1183
1178
1427
1275
1379
1227
1286
1151
1299
1339
1359
1219
1211
1031
1263
1159
1099
1235
1226
1302
1202
1279
1322
1211
1222
1210
1206
1211
1223
1103
1126
1183
1263
1223
1375
1151
1211
1267
1167
1263
1175
1194
1203
1310
1043
1127
1123
1215
1255
1275
1078
1363
1299
1315
1207
1147
1327
1155
1351
1202
1218
1239
1287
1299
1119
1187
1119
1247
1191
1147
1295
1159
1323
1279
1175
1111
1075
1274
1238
1099
1306
1283
1187
1070
1251
1354
1310
1187
1207
1279
1258
1330
1295
1223
1167
1131
1223
1343
1299
1242
1259
1079
1295
1179
1219
1283
1126
1203
1247
1210
1131
1259
1215
1183
1139
1351
1163
1271
1375
1283
1202
1194
1143
1154
1235
1163
1271
1251
1231
1059
1167
1203
1143
1207
1155
1243
1347
1267
1231
1251
1255
1290
1111
1175
1222
1207
1214
1367
1190
1179
1187
1354
1306
1055
1226
1255
1015
1187
1191
1278
1123
1074
1150
1143
1290
1143
1275
1151
1242
1199
1154
1318
1207
1098
1035
1235
1183
1399
1235
1131
1219
1211
1263
1411
1239
1358
1250
1215
1291
1175
1091
1339
1243
1143
1263
1175
1254
1171
1103
1271
1315
1343
1139
1235
1195
1055
1275
1275
1171
1151
1215
1286
1163
1255
1223
1203
1199
1207
1243
1403
1266
1266
1115
1107
1307
1326
1147
1239
1403
1359
1154
1119
1255
1263
1242
1222
1107
1343
1219
1239
1299
1195
1299
1095
1283
1307
1195
1235
1199
1127
1122
1355
1099
1191
1251
1155
1255
1295
1311
1282
1247
1263
1279
1263
1142
1182
1231
1139
1239
1147
1199
1291
1175
1291
1186
1207
1246
1358
1211
1211
1194
1194
1186
1175
1215
1303
1155
1151
1247
1283
1227
1226
1259
1278
1115
1194
1215
1243
1263
1174
1087
1175
1175
1215
1171
1179
1159
1198
1075
1255
1271
1039
1255
1247
1283
1243
1247
1119
1215
1326
1171
1379
1211
1110
1182
1175
1171
1235
1303
1195
1255
1223
1251
1163
1075
1227
1274
1163
1135
1155
1162
1351
1147
1199
1203
1103
1235
1135
1219
1255
1219
1291
1315
1187
1287
1195
1350
1211
1186
1319
1195
1239
1259
1127
1107
1222
1155
1167
1198
1246
1247
1155
1219
1271
1166
1307
1171
1250
1270
1311
1159
1318
1323
1327
1263
1295
1043
1199
1299
1311
1314
1290
1231
1143
1367
1263
1127
1119
1182
1199
1219
1215
1135
1299
1167
1287
1271
1287
1115
1158
1138
1191
1159
1194
1271
1283
1267
1227
1235
1226
1211
1226
1150
1299
1263
1359
1203
1311
1143
1295
1071
1103
1087
1247
1327
1067
1295
1274
1331
1195
1175
1135
1214
1183
1194
1347
1231
1215
1203
1223
1346
1315
1179
1306
1311
1238
1179
1219
1267
1199
1347
1123
1127
1327
1115
1159
1055
1271
1259
1183
1263
1126
1143
1187
1263
1319
1090
1363
1191
1091
1223
1211
1187
1118
1230
1266
1399
1047
1095
1091
1202
1131
1295
1223
1367
2215
267
2007
611
2086
295
