951
1183
1067
1243
1027
1319
1075
1343
995
1319
1195
1251
1011
1291
971
1119
1079
1199
1019
1299
971
1351
1079
1063
1107
1283
1079
1167
879
1275
979
1339
1051
1279
1175
1299
1111
1127
1011
1183
1083
1207
983
1175
987
1271
1095
1219
1095
1219
1179
1211
1083
1339
1059
1151
1035
1223
1051
1279
1019
1235
1091
1279
1059
1315
1251
1255
1071
1263
1035
1251
1075
1223
1055
1103
1239
1151
987
1187
1087
1239
1115
1095
1183
1271
1055
1267
1103
1267
1047
1239
1039
1335
939
1315
1031
1187
987
1379
1043
1283
1091
1363
975
1227
915
1187
1067
1351
1055
1207
1155
1283
939
1215
1151
1267
1091
1215
1083
1211
1099
1351
1071
1195
1019
1279
1039
1323
1075
1331
1007
1215
1075
1311
1075
1259
1063
1379
1051
1403
1003
1227
1111
1331
1071
1391
1015
1131
1095
1155
959
1067
1031
1195
1155
1247
1043
1247
1247
1475
1107
1283
1135
1271
1155
1271
1095
1223
1103
1271
1063
1219
1203
1255
1051
1399
971
1367
1035
1171
851
1195
1139
1419
1163
1207
1083
1235
1075
1219
1151
1287
1143
1219
1067
1295
1183
1355
943
1267
1079
1207
1087
1315
987
1247
983
1291
1067
1347
1055
1291
987
1155
1003
1207
1015
1279
1031
1331
1067
1383
1139
1239
1015
1243
1039
1263
927
1135
1103
1099
1051
1255
1067
1063
1119
1395
1035
1191
1195
1175
899
1139
1143
1207
1111
1327
1059
1267
1187
1127
1171
1475
1007
1323
1115
1255
963
1055
1023
1079
1103
1215
1103
1235
1027
1267
959
1219
1099
1287
1163
1191
907
1163
1019
1227
991
1251
1071
1247
1111
1347
1167
1179
1107
1347
1043
1131
1071
1339
1075
1235
1135
1295
1147
1247
891
1291
979
1335
1055
1127
1151
1291
1051
1123
1059
1423
1115
1355
1051
1199
1055
1211
1091
1299
1019
1267
1003
1243
1087
1403
947
1351
1031
1307
1083
1195
1063
1267
1151
1323
1063
1283
1135
1239
1011
1179
1095
1315
1127
1183
1043
1255
987
1191
1015
1279
927
1339
1115
1287
995
1235
1119
1279
1035
1263
979
1299
943
1267
1111
1207
1271
1259
1083
1303
1279
1259
1131
1267
1151
1227
1059
1143
1051
1179
1003
1451
1071
1303
991
1343
1019
1315
979
1195
1143
1307
1039
1283
1179
1247
1135
1303
935
1279
1123
1271
1119
1287
955
1279
1107
1179
1087
1363
971
1179
1027
1419
1099
1263
1163
1383
1047
1171
1167
1343
1183
1139
1079
1155
963
1335
967
1051
971
1223
1103
1275
987
1279
1047
1355
1079
1199
1159
1319
1087
1335
1003
1363
1043
1231
1171
1223
1127
1511
1167
1327
1055
1087
1123
1231
1079
1199
1151
1243
1203
1371
1271
1383
1015
1119
1199
1323
959
1299
987
1323
943
1291
1211
1291
1051
1259
967
1191
1151
1283
1111
1235
1035
1295
1195
1359
943
1247
1055
1167
1047
1115
667
879
911
943
743
1303
1043
1267
931
1179
995
1227
1095
1047
1039
915
1043
1147
1071
1043
1131
1055
1047
991
1227
1139
1003
875
1047
971
1091
991
963
1031
1031
1047
1199
1079
1019
975
971
911
1063
1059
1187
1067
1131
955
1067
1207
987
1043
1151
935
1027
1023
1143
1107
1083
1075
1003
1075
1035
1015
1019
875
1147
967
887
931
987
1075
1087
951
1047
1103
1047
1099
1183
1151
1095
1031
1027
1079
1123
1063
939
1059
1143
1155
1023
1015
1151
1055
1051
1107
1071
1043
1171
971
1003
1007
1055
1163
1119
871
1007
1151
1055
971
1123
971
1243
979
1039
967
947
1095
1035
1011
939
971
1095
1123
971
1067
1055
999
875
939
1083
1039
1223
923
1107
1027
1031
895
1063
943
1199
1171
995
1099
1027
951
959
1119
1103
1027
1119
991
995
991
995
1071
1183
1023
1011
1031
1163
843
1187
1031
1035
1119
1063
1043
1099
1067
1015
983
1063
1007
1095
1083
955
1099
1143
991
1007
1115
1099
1019
1015
963
1099
1131
1099
1159
963
979
1035
1015
1163
1071
975
1047
1063
963
1063
887
1035
1135
1227
983
1151
1139
1047
1035
1019
1035
1091
1015
1047
951
1031
1063
1015
1151
1083
1091
975
1087
1139
1011
1103
975
1027
1115
1007
1143
1039
887
1227
951
1195
1015
1243
1115
1083
1023
1071
1027
1175
1107
1003
1031
1063
991
971
1003
1027
1139
1011
1147
931
1151
1151
1107
1099
807
1007
947
1019
1027
1079
1115
947
1215
1043
995
1103
1023
1071
975
1111
1167
1071
1011
1071
915
983
1019
1023
987
1103
991
1007
983
1047
1063
1187
943
1143
1003
1019
1075
987
1167
1143
1003
975
1031
1023
1067
1159
999
1147
1027
999
1115
1011
959
883
1011
1047
935
1103
1011
1111
1063
939
987
963
1135
1063
1107
1015
1071
1111
959
995
1007
1183
1019
1087
1055
1131
1127
987
971
1019
1031
1051
1067
1175
1059
1027
1063
1191
1095
1039
1047
1143
1047
1015
1143
959
1067
1079
999
1011
1023
1175
1003
1051
999
979
1019
1223
975
923
1007
1063
983
967
919
1079
1063
1131
987
1067
1039
859
947
1091
1107
1183
915
1031
1099
1055
967
1107
1015
1059
1059
1075
1075
1055
1063
1151
935
1007
919
931
1135
1007
963
979
911
1031
1003
1111
1031
1095
1083
1063
975
1047
991
1147
1051
1075
983
883
1027
967
1043
1067
1003
971
999
979
1115
935
947
959
947
991
1075
995
1035
1039
995
867
1059
1115
963
1191
1007
1035
951
1011
1107
947
1031
1011
935
1075
1031
1115
1047
1071
927
1087
1055
1103
1095
1015
1035
1143
979
1059
1007
1135
1123
1047
971
1111
1091
1035
1171
1083
951
1067
1091
1163
1099
1019
967
1075
1031
1087
919
1003
979
1023
1055
983
939
887
991
1063
927
1031
967
975
995
1071
1039
1031
811
899
867
999
879
1107
911
1087
1607
139
0
955
643
