2215
1223
1055
1291
1022
1239
999
1307
1047
1235
995
1223
959
1139
1007
1223
1011
1267
983
1219
975
1263
915
1223
979
1051
1023
1307
959
1350
1023
1235
1130
1259
1075
1190
1107
1255
1011
1135
970
1283
1059
1179
959
1187
1090
1299
1011
1251
1063
1331
1015
1107
975
1163
1027
1239
1119
1267
1071
1171
939
1270
1035
1315
1059
1211
1019
1267
1007
1355
1031
1159
1051
1198
875
1279
947
1215
1095
1227
1031
1359
859
1307
1083
1207
915
1131
931
1215
975
1247
1063
1259
1046
1194
1083
1303
1143
1239
1143
1311
999
1139
1115
1363
1031
1235
1070
1191
991
1203
1014
1239
991
1259
1039
1299
1087
1163
1003
1123
1051
1375
927
1223
991
1371
1043
1367
867
1242
1147
1219
947
1283
867
1251
1027
1151
1070
1335
995
1307
1247
1091
1107
1222
1127
1211
899
1295
1199
1347
971
1091
999
1311
962
1191
1079
1191
1003
1219
1079
1299
1151
1147
1071
1055
1003
1167
863
1271
1027
1171
1027
1275
1103
1267
1267
1219
1051
1335
1067
1235
1075
1159
963
1299
1007
1159
1118
1295
1127
1235
1007
1315
1035
1043
1063
1279
1003
1223
1067
1291
1055
1211
1095
1239
1138
1243
955
1383
991
1191
1011
1307
987
1207
1083
1335
975
1235
1091
1194
990
1163
883
1259
931
1107
1007
1267
1031
1367
1219
1315
1007
1299
1071
1303
1011
1275
954
1183
1115
1235
935
1150
1011
1251
979
1383
1171
1107
1123
1275
958
1199
1027
1271
1115
1167
1227
1371
1191
1143
1219
1118
1051
1371
839
1235
1139
1207
1039
1307
1071
1311
1114
1243
1107
1235
1031
1263
1055
1271
959
1323
1103
1439
939
1291
911
1259
1131
1251
1007
1226
1095
1135
1023
1319
1243
1319
943
1303
1051
1207
1103
1262
955
1275
1087
1259
915
1231
1058
1203
1139
1351
1059
1375
1063
1315
1011
1359
1091
1259
1063
1247
1075
1143
1015
1251
1111
1235
991
1239
971
1435
1059
1299
1015
1291
959
1187
1007
1215
1059
1259
1122
1215
911
1287
1067
1147
999
1339
1083
1415
1155
1267
1095
1171
1047
1275
1159
1211
955
1207
1143
1243
1099
1323
931
1387
1043
1259
1079
1234
943
1303
1015
1251
1071
1199
1039
1291
838
1147
1135
1231
995
1203
1087
1295
939
1383
1127
1191
1039
1283
975
1171
1143
1159
946
1291
1111
1283
915
1223
1019
1415
1127
1235
1078
1227
995
1195
971
1183
1247
1263
1031
1163
1027
1323
999
1171
1175
1047
1003
1387
1067
1207
991
1251
1007
1207
1075
1143
1106
1207
1167
1347
1055
1235
1047
1099
951
1215
1167
1255
1171
1287
1074
1107
1075
1218
895
1271
1155
1415
1083
1371
1131
1138
1083
1231
962
1183
1087
1231
871
1243
1027
1179
1075
1371
939
1191
995
1235
1038
1391
967
1143
1019
1267
975
1122
999
1035
775
998
747
871
799
1347
1003
1347
1038
1219
1047
1223
1115
1063
1047
1019
959
991
1014
1083
1071
1051
1103
919
839
1143
951
991
1075
975
1135
1055
1011
1003
979
967
959
1019
1023
847
1003
879
1123
983
1055
1003
1243
919
995
891
1135
923
955
922
894
1059
1066
879
1031
871
1043
1019
1283
1051
1023
1019
1127
971
1047
883
1035
1067
955
1075
851
1030
1023
1187
1055
927
1003
1063
983
979
983
1211
963
1055
951
983
1031
915
927
1039
1055
987
995
1015
947
1031
919
970
1091
1135
967
971
1003
1051
1051
1091
1019
1111
1111
975
1026
935
995
991
1287
1123
1206
1163
1194
1106
1083
1251
1110
1186
1083
1163
1158
1002
1283
1107
1078
1082
1078
1083
1179
1154
1294
1090
415
975
1111
935
1091
995
943
1011
1119
959
1019
1103
987
1155
1063
967
943
1071
971
1043
1055
959
1119
1087
959
1019
991
999
991
987
1095
1003
1059
1003
1050
975
1055
1015
971
1011
1094
903
1071
963
954
807
1031
935
1015
975
963
999
1039
1083
887
1063
1127
959
1090
975
991
979
1007
1006
987
955
1075
943
951
1075
967
974
947
1091
999
991
1019
1099
879
895
1015
934
1158
1119
967
907
951
1035
947
962
1011
983
895
879
967
1067
999
1007
935
1087
935
1027
1051
1067
1075
898
999
1123
1031
1135
979
1047
1215
955
1027
1011
1067
1095
1019
943
1015
974
991
955
1039
1167
991
1023
1199
987
938
1171
986
1011
1078
883
899
1115
1083
915
1011
1071
863
1019
1103
1079
1055
1003
979
947
1107
835
1238
999
1051
927
1054
983
1131
1147
963
1059
1035
1043
1087
859
983
1063
979
1015
1071
1019
1187
923
963
1047
1039
1063
947
939
1003
995
1031
979
1023
1011
810
991
1051
1183
907
1019
954
1083
959
1019
1035
1083
1027
1075
959
931
1018
1063
983
875
1043
1143
1099
951
1007
995
1067
979
971
1014
907
999
1091
1011
1015
995
975
895
991
967
871
1071
1143
1039
1107
919
982
966
983
1035
967
1047
995
1007
1107
1119
983
1023
975
931
1027
1051
995
1051
1031
935
951
950
1171
919
1023
1059
1011
967
1034
935
991
1031
1055
1123
1071
899
1071
983
1039
971
1051
1079
1087
922
1111
931
970
935
1035
1103
847
939
1027
967
1079
1031
1051
1043
1079
1147
1063
1031
1011
1035
943
1070
867
939
947
1139
1083
915
1091
1074
1071
995
1195
999
1051
971
931
979
855
919
1043
1035
910
1050
1103
1027
1043
1094
1039
983
927
1031
1086
987
1031
907
1139
939
1095
1135
947
975
895
995
1074
975
1079
1147
1147
903
847
1003
1043
947
902
1115
1071
1039
1055
1019
923
899
971
887
979
915
1011
1079
1035
1079
1039
898
1083
1031
999
939
1015
1011
919
927
1143
955
2203
299
675
919
891
435
