171
1426
1027
1451
1230
1282
1151
1419
1155
1278
1143
1279
1198
1355
1230
1438
1119
1351
1223
1398
1159
1451
1138
1375
1323
1523
1215
1407
1139
1439
1187
1379
1211
1319
1219
1279
1127
1483
1219
1359
1131
1419
1215
1439
1039
1514
1127
1438
1131
1303
1167
1463
1231
1387
1199
1431
1091
1287
1087
1283
1218
1387
1086
1403
1215
1430
1067
1355
1159
1439
1123
1391
1247
1250
1243
1343
1167
1402
1294
1359
1247
1355
1151
1410
1194
1363
1139
1458
1247
1315
1215
1367
1007
1315
1179
1423
1263
1451
1139
1430
1210
1335
1131
1286
1183
1279
1242
1362
1143
1459
1111
1339
1059
1495
1095
1335
1143
1331
1219
1454
1267
1375
1219
1251
1135
1271
1243
1391
1147
1422
1327
1319
1187
1467
1187
1411
1190
1307
1202
1447
1219
1407
1282
1267
1087
1315
1206
1307
1099
1383
1250
1427
1262
1342
1123
1367
1022
1515
1243
1591
1259
1403
1175
1347
1171
1395
1079
1331
1163
1463
1166
1379
1239
1347
1175
1347
1159
1403
1299
1547
1111
1471
1107
1538
1231
1363
1231
1327
1151
1327
1135
1403
1199
1539
1319
1551
1266
1486
1323
1347
1067
1315
1170
1395
1299
1211
1195
1247
1247
1287
1119
1419
1175
1375
1126
1471
1255
1319
1162
1462
1119
1367
1211
1423
1150
1374
1075
1451
1254
1387
1183
1287
987
1299
1214
1195
1083
1327
1175
1371
1111
1262
1183
1375
1222
1471
1155
1251
1191
1447
1287
1435
1247
1467
1279
1427
1175
1475
1255
1491
1083
1419
1231
1382
1191
1494
1183
1431
1239
1503
1027
1363
1239
1331
1055
1435
1050
1287
1271
1451
1175
1399
1227
1367
1155
1411
1303
1303
1171
1391
1179
1387
1070
1403
1198
1387
1115
1359
1158
1415
1103
1283
1195
1551
1155
1435
1115
1351
1167
1547
1186
1511
1127
1322
1199
1351
1067
1359
1379
1335
1083
1511
1111
1407
1071
1343
1275
1503
1366
1487
1130
1475
1163
1519
1295
1438
1086
1391
1103
1375
1215
1522
1167
1383
1259
1299
1274
1391
1266
1378
1070
1535
1231
1346
1235
1455
1135
1567
1247
1343
1242
1307
1167
1367
1358
1531
1111
1503
1182
1439
1179
1443
1218
1291
1067
1291
1235
1483
1043
1467
1091
1515
1054
1415
1179
1367
1155
1319
1115
1487
1239
1318
1159
1231
1119
1327
1179
1363
1191
1411
1215
1435
1227
1443
1154
1327
1231
1443
963
1551
1198
1199
1159
1427
1171
1515
1235
1354
1174
1487
1203
1483
1155
1279
1255
1259
1199
1459
1083
1395
1167
1407
1095
1511
1127
1207
1218
1319
1075
1387
1287
1287
1075
1359
1215
1242
1286
1283
1146
1463
1055
1327
1270
1431
1171
1323
1251
1411
1302
1455
1259
1443
1211
1359
1307
1363
1279
1383
1047
1387
1311
1583
1351
1423
1134
1346
1230
1367
1091
1283
1079
1459
1167
1419
1047
1411
1131
1351
1238
1351
1107
1371
1207
1286
1230
1359
1107
1295
970
1059
919
1126
694
1387
1226
1182
1091
1363
1171
1255
1195
1199
1019
1191
1107
1023
1075
1090
1287
1155
1195
1047
1043
1090
1227
1071
1175
1207
1159
1163
1070
1183
1159
1103
1219
1131
995
1151
1203
1063
1183
1079
1206
1123
1246
1263
1127
1035
1290
1043
987
1231
1139
1055
1187
1047
1115
1167
1171
1311
1206
1226
1131
1287
1239
1267
1247
1223
1182
1086
1019
1063
1123
1059
1135
1210
1091
1087
1195
1171
1259
1123
1223
1190
1239
1139
1142
1091
1110
1190
1155
1275
1111
1098
1083
1106
1206
1214
1243
1158
1191
1243
1147
1099
1171
1183
1187
1083
1079
1175
1179
1278
1219
1170
1139
1635
1663
1851
1747
1611
1715
1551
1623
1659
1663
1626
1715
1647
1715
1435
1642
1802
1754
1622
1663
1663
1719
1567
1627
1679
1567
1030
1195
1203
1099
1131
1099
1110
1167
903
1099
971
1243
1091
1239
1247
1183
1170
1123
1223
1159
1135
1307
1107
1167
1019
1139
1171
1083
1203
1043
1139
1131
1131
1163
1143
1106
1154
1275
1115
1215
1234
1235
1003
1107
1071
1191
1183
1050
1239
967
1239
1219
1238
1107
1075
1166
1150
1107
967
1162
1215
1170
1031
1167
1187
1091
1111
1175
1190
1267
1123
1067
1226
1043
1195
1102
1259
1126
1071
1275
1230
1207
1123
1031
1199
1258
1271
1219
1115
1150
1183
1079
1190
1127
987
1183
1103
1147
1063
1231
1139
1210
1103
1155
1267
1239
1163
1127
1127
1103
1115
1211
1191
1211
1063
1119
1239
1138
1079
899
1147
975
1055
1123
1138
1015
1239
1223
1123
1195
1119
1087
1127
1091
1334
1139
1111
1003
1215
1295
1183
1211
1303
1159
1247
1111
1206
1055
1119
1055
1147
1158
1047
1235
1099
1247
1191
1099
1163
1139
1211
1283
1099
1119
1222
1179
1135
1239
1223
1174
1063
1207
1219
1238
1119
1079
1106
1235
1215
1131
1071
1111
1091
1239
1122
1079
1087
1287
1115
1119
1331
1335
1126
1287
1123
1227
1106
1119
1123
1079
1107
1202
1183
1107
1035
1191
1231
1155
1139
1219
1099
1179
1038
1163
1158
1135
1119
1035
1119
1138
1191
1302
1071
1215
1118
1267
1219
1087
1159
1187
1067
1126
1039
1095
1139
1055
1166
1243
1107
1135
1239
1263
1123
943
1150
1215
1186
1087
1151
1119
1123
1099
1255
1179
1107
1247
1159
1035
1366
1167
1171
1071
1043
1191
1231
975
1030
1155
1131
1215
1175
1151
1327
1147
1027
1131
1215
1143
1098
1295
1171
1111
1131
1059
1119
1098
1115
1279
1254
1127
1215
1259
1219
1283
1179
1195
1155
1115
1063
1251
1158
1175
1071
1242
1155
1275
1243
1207
1171
1167
1203
1139
1059
1163
1135
1314
1151
1279
1139
1199
1091
1127
1067
1163
1155
1386
1191
1015
1227
1178
1050
1439
994
1179
1119
1171
1230
1275
1039
1231
1211
1127
1050
1099
1131
1027
1187
1195
1179
1251
1243
1139
1027
1195
1191
1159
1175
1015
1035
1078
1111
987
1262
1119
1307
1055
1014
1131
1387
1059
1203
1170
1247
1287
1163
1087
1159
1179
2167
1754
531
1055
1875
