1015
1290
1034
1363
957
1315
1198
1247
1111
1263
1147
1253
1110
1359
1231
1303
967
1262
1086
1162
1077
1295
983
1183
987
1322
1018
1291
1127
1269
1159
1175
983
1303
1131
1379
1170
1206
1151
1219
1255
1351
1223
1339
999
1267
1007
1435
1119
1283
1046
1374
1026
1214
1166
1418
1103
1290
1095
1255
1213
1342
1342
1386
1170
1235
1110
1334
1102
1207
1135
1231
1075
1315
1063
1379
1111
1475
1115
1274
1295
1303
971
1299
1114
1362
1115
1387
1123
1307
1139
1318
1131
1270
1142
1366
1234
1261
1230
1207
1038
1262
1015
1139
1021
1253
1131
1267
1007
1311
1163
1246
1177
1134
967
1235
1131
1199
1139
1202
1023
1295
1063
1322
1147
1319
1086
1190
1193
1239
1189
1255
1122
1186
1067
1375
1034
1363
1065
1267
1127
1279
1049
1275
1194
1151
1159
1198
1223
1233
1147
1206
989
1399
1007
1323
1055
1186
1127
1223
1203
1363
1187
1226
867
1394
1019
1271
1147
1199
1109
1307
1043
1319
1179
1293
1077
1186
1101
1303
1131
1263
1195
1123
1035
1315
1122
1319
933
1175
1126
1331
1167
1330
1034
1159
1194
1277
943
1339
1106
1267
1086
1211
1183
1306
1078
1339
1023
1387
1119
1247
1101
1354
1007
1258
1017
1198
1039
1358
1070
1219
1139
1206
1042
1187
1143
1223
1050
1139
1011
1358
1125
1291
1094
1271
1069
1355
1107
1325
1090
1151
935
1314
1146
1153
1178
1139
1090
1283
1007
1315
1026
1231
1063
1209
1179
1275
1023
1179
1050
1407
1167
1187
1139
1211
1059
1251
1195
1290
1105
1433
1106
1303
1103
1270
1123
1127
973
1235
1093
1243
991
1334
1063
1239
1041
1307
1070
1418
1179
1295
1014
1351
1069
1229
921
1155
965
1359
1099
1315
1127
1315
995
1314
1077
1355
967
1255
1181
1359
1082
1223
1039
1187
1266
1230
1086
1274
1263
1251
1135
1259
1095
1315
1079
1287
983
1323
1039
1247
1091
1363
1199
1451
1045
1258
1087
1355
1115
1243
1063
1230
1159
1222
1115
1151
1019
1347
1147
1391
1167
1174
1103
1397
947
1203
990
1351
1162
1225
1067
1283
941
1155
1079
1255
1038
1327
1282
1254
1131
1214
1055
1361
1207
1182
1186
1310
1101
1358
1354
1246
1211
1179
1083
1446
1054
1171
871
1303
1070
1127
1042
1215
1007
1418
1287
1394
922
1327
1083
1355
1118
1255
1150
1139
1007
1267
1079
1163
1069
1205
1134
1271
998
1203
1050
1255
1259
1130
1151
1239
1195
1263
1131
1303
1145
1249
1113
1346
975
1266
1063
1318
1031
1227
1115
1211
1031
1187
1125
1138
867
1283
1227
1214
1262
1214
1114
1350
1205
1199
950
1375
1249
1274
1009
1339
1017
1221
1050
1327
1050
1338
1107
1275
1107
1343
1065
1389
1094
1203
1127
1146
1145
1298
1065
1415
998
1243
1159
1353
1125
1223
1067
1271
1035
1375
911
1327
994
1262
995
1210
955
1019
783
1071
735
1018
755
1193
898
1211
1034
1242
1133
1178
1109
1031
1227
1031
1063
986
1099
1126
1077
1098
990
1061
1019
1030
895
998
1091
1075
1091
1175
1130
1075
1051
1031
1051
899
971
1046
1063
1039
1107
1015
1271
1035
1042
1083
1155
911
977
991
1082
1091
1087
1126
1006
1123
1187
963
1082
963
1179
1183
1139
1023
1059
1018
953
993
1049
902
1021
935
951
1031
1039
1030
987
1155
1107
1053
1199
1131
963
1078
1043
1087
1031
927
1067
1190
1015
1018
1007
1153
927
1107
1005
1055
1061
914
1106
979
1035
953
1065
1107
994
1003
1065
1182
1114
1034
1067
1075
1027
1051
1031
1003
1175
895
1083
975
1127
995
1101
1079
1134
1107
1058
1191
831
991
1034
1171
1049
934
1015
1051
1067
1043
1077
1122
1019
1027
1103
938
1199
1011
1099
955
1075
975
1043
1083
1079
951
1063
987
1099
1010
1155
919
1139
967
1174
1007
1103
1095
1149
973
1195
915
1170
1142
1095
1125
1085
793
1038
974
1149
1101
1025
1118
1007
1203
1023
1042
1119
966
955
907
1027
1023
1198
899
1098
1003
1127
819
981
1082
1159
1011
1015
1079
1199
1075
1019
1157
1043
1062
1042
973
1003
1079
1110
1113
1035
1082
1122
902
1119
967
1130
1037
1002
1111
1179
1071
971
965
986
987
997
946
994
1013
1111
1083
1099
1163
1303
1043
965
1042
962
923
1099
1034
1114
1082
1191
1150
1167
1075
987
871
1059
1098
1146
850
1127
951
986
959
971
919
1067
1198
1151
1086
1111
915
995
1103
1055
938
1082
1006
1027
1059
991
978
1175
1007
991
1115
1010
1143
1007
1054
1083
1123
1131
1011
971
1163
985
1067
1009
1018
1111
1047
875
1159
1126
1047
1199
1077
979
994
1031
1083
871
1053
938
1159
1017
1073
925
990
879
1258
1102
1102
1181
1087
943
1074
963
1035
1090
1135
1015
1055
1026
921
983
917
1143
1157
1017
1059
1189
1111
1027
971
1150
966
1167
1023
1215
1015
1159
962
1006
1034
1079
1041
1150
1015
1167
1031
1070
1087
1151
1075
947
1087
1142
1015
1047
1007
1009
1263
1098
1051
1019
1131
1019
1162
1154
1006
1011
1050
879
970
1009
1115
1075
1151
1093
987
1123
1018
1130
1083
1073
1090
1222
1026
1095
954
1039
1025
978
963
895
1007
1091
935
1071
1131
1002
1018
983
1003
1035
1075
1067
1099
931
1021
1026
1050
1166
955
995
1043
1022
942
1043
1017
1154
1071
998
1023
1031
1041
1075
926
1035
971
1107
1007
1079
978
987
1103
1055
1130
1115
1087
1094
999
1071
1035
927
975
1077
998
1097
1095
1143
1245
1006
955
1078
1155
1119
1111
1023
1079
1067
886
1133
1075
1155
1202
1163
1047
1078
1043
1086
1086
1075
955
930
1159
1057
1066
1099
1199
1154
1083
974
1009
1043
995
1033
1109
1015
938
1175
1259
943
1047
1122
1105
974
1035
1063
1139
901
1015
1031
883
0
579
2126
114
63
1723
