95
1326
1223
1351
1355
1611
1190
1523
1157
1306
1118
1383
1295
1347
1215
1495
1226
1433
1159
1370
1227
1570
1354
1606
1430
1410
1267
1558
1218
1335
1143
1419
1259
1455
1203
1447
1359
1319
1275
1467
1238
1534
1113
1527
1270
1350
1247
1339
1219
1582
1274
1387
1171
1301
1227
1454
1175
1482
1178
1359
1311
1231
1171
1447
1302
1522
1190
1527
1226
1411
1178
1615
1235
1519
1283
1571
1295
1391
1327
1369
1159
1454
1327
1311
1238
1307
1230
1394
1198
1543
1147
1503
1281
1439
1158
1503
1378
1394
1299
1519
1194
1443
1262
1470
1183
1326
1079
1397
1287
1415
1295
1479
1343
1358
1307
1341
1151
1537
1210
1470
1095
1347
1243
1599
1130
1442
1123
1478
1399
1519
1351
1483
1399
1494
1175
1435
1311
1406
1207
1409
1143
1411
1294
1511
1255
1430
1194
1555
1082
1387
1319
1506
1151
1510
1295
1435
1075
1462
1227
1391
1194
1431
1391
1346
1195
1367
1122
1459
1275
1399
1291
1411
1233
1557
1266
1637
1241
1495
1315
1347
1158
1483
1245
1430
1315
1635
1074
1474
1241
1363
1202
1435
1255
1447
1107
1367
1167
1326
1294
1355
1214
1519
1287
1367
1327
1487
1059
1435
1155
1478
1295
1503
1215
1382
1259
1431
1239
1471
1139
1245
1194
1391
1171
1355
1251
1474
1222
1458
1095
1383
1245
1551
1199
1405
1247
1390
1207
1366
1291
1621
1263
1623
1147
1415
1067
1437
1297
1425
1175
1463
1203
1459
1278
1446
1174
1426
1207
1503
1211
1401
1206
1415
1287
1571
1291
1350
1227
1417
1275
1459
1339
1355
1227
1343
1267
1538
1218
1555
1147
1567
1321
1394
1285
1529
1171
1359
1313
1413
1346
1403
1295
1511
1103
1371
1206
1539
1190
1430
1370
1486
1097
1410
1155
1371
1179
1414
1217
1367
1303
1531
1231
1353
1302
1403
1179
1319
1219
1482
1111
1303
1283
1679
1095
1435
1195
1439
1199
1534
1211
1551
1279
1307
1230
1283
1410
1334
1231
1443
1335
1490
1363
1479
1207
1487
1039
1410
1182
1603
1222
1499
1107
1647
1214
1499
1206
1483
1219
1351
1199
1366
1310
1327
1278
1458
1287
1446
1286
1546
1178
1347
1225
1430
1219
1279
1209
1403
1187
1283
1165
1455
1267
1417
1335
1475
1334
1405
1195
1589
1211
1454
1063
1415
1286
1511
1241
1507
1283
1371
1290
1459
1154
1437
1285
1287
1039
1471
1275
1303
1282
1479
1119
1591
1339
1499
1203
1429
1127
1407
1167
1434
1290
1455
1214
1425
1254
1575
1283
1455
1170
1426
1367
1447
1271
1467
1221
1483
1178
1522
1419
1330
1231
1263
1187
1519
1251
1529
1315
1374
1175
1351
1182
1467
1327
1563
1243
1466
1198
1314
1343
1479
1274
1458
1342
1471
1231
1486
1226
1450
1179
1531
1227
1511
1323
1434
1331
1351
1151
1383
1191
1531
1214
1683
1373
1386
1211
1355
1187
1531
1098
1483
1159
1382
1161
1255
1303
1381
1279
1323
959
1223
939
1107
935
1591
1103
1318
1043
1350
1283
1366
1267
1235
1321
1235
1247
1267
1310
1171
1119
1115
1211
1274
1027
1127
1366
1370
978
1171
1331
1090
1138
1235
1313
1295
1259
1167
1187
1175
1302
1107
1247
1147
1211
1133
1279
1119
1111
1102
1263
1154
1314
1175
1239
1138
1223
1267
1243
1327
1267
1179
1239
1159
1286
1251
1274
1109
1282
1082
1283
1149
1170
999
1210
1178
1218
1349
1185
1195
1191
1263
1203
1271
1190
1131
1247
1331
1227
1202
1311
1238
1093
1095
1254
1219
1265
1294
1143
1086
1035
1310
1195
1219
1307
1027
1266
1242
1201
1143
1167
1197
1195
1027
1187
1134
1159
1279
1453
1093
1263
1125
1274
1289
1194
1297
1209
1173
1191
1249
1286
1285
1345
1295
1225
1319
1175
1235
1371
1213
1185
1137
1310
487
1194
1147
1087
1090
1159
1023
1174
1174
1298
1211
1166
1213
1255
1207
1355
1267
1034
1107
1118
1179
1187
1209
1050
1239
1095
1050
1183
1038
1107
1130
1155
1154
1159
1331
1199
1111
1239
1334
1131
1075
1119
1187
1222
1163
1146
1179
1207
1278
1281
1031
1227
1199
1235
1251
1203
1138
1125
1135
1067
1099
1299
1179
1302
1295
1067
1283
1323
1075
1317
1079
1190
1178
1191
1119
1286
1183
1219
1186
1195
1186
1223
1110
1226
1291
1222
1215
1302
979
1191
1090
1291
1087
1047
1090
1287
1199
1215
1109
1075
1235
1159
1219
1019
1327
1074
1115
1162
1219
1215
1163
1159
1295
1227
1175
1255
1167
1142
1095
1162
1123
1255
1171
1135
1091
1371
1347
1166
1279
1315
1007
1239
1154
1219
1231
1303
1149
1191
1147
1167
1030
1302
1198
1203
1229
1203
1053
1254
1271
1199
1146
1263
1235
1167
1119
1343
1111
1207
1194
1261
1146
1339
1327
1255
1122
1122
1119
1281
1103
1091
1103
1263
1147
1211
1135
1330
1083
1223
1097
1266
1161
1115
1214
1162
1247
1395
1083
1187
1239
1247
1078
1331
1162
1143
1279
1210
1355
1167
1174
1062
1227
1211
1289
1231
1159
1155
1139
1298
1114
1162
1227
1211
1178
1219
1155
1175
1223
1131
1206
1102
1111
1130
1215
1382
1171
1167
1269
1135
1266
1162
1258
1133
1111
1265
1305
1255
1119
1215
1030
1146
1067
1266
1159
1298
1095
1251
1107
1102
1111
1230
983
1267
1243
1327
1115
1074
982
1199
1131
1235
1099
1227
1127
1343
1311
1149
1075
1262
1271
1371
1107
1269
1203
1383
1234
1231
1143
1283
1043
1210
1159
1075
1115
1271
1189
1235
1135
1203
1411
1287
1235
1103
1319
1181
1163
1227
1211
1330
1243
1171
1237
1235
1391
1199
1131
1327
1198
1071
1186
1206
1255
1363
1207
1338
1203
1290
1151
1291
1163
1043
1050
1159
1175
1219
1239
1179
1218
1119
1159
1339
1163
1291
1162
1311
1231
1187
1131
1319
1231
1191
1339
1307
1067
1179
1282
1279
1226
1219
1251
1187
1163
1250
1163
1142
1159
1095
1335
1223
1367
1211
1115
1095
1179
1187
1287
1111
1198
1311
1035
1255
1063
1234
1199
1179
1182
1083
1187
2175
1535
2249
535
755
1687
