2247
1423
1247
1431
1211
1423
1159
1491
1319
1515
1179
1331
1231
1331
1151
1510
1311
1406
1199
1543
1303
1451
1199
1443
1123
1551
1159
1375
1247
1435
1303
1467
1214
1559
1267
1403
1350
1371
1379
1479
1247
1415
1139
1399
1115
1451
1259
1395
1263
1379
1338
1459
1330
1519
1347
1499
1251
1451
1318
1323
1211
1383
1147
1559
1335
1539
1279
1419
1323
1419
1147
1599
1199
1607
1263
1427
1275
1507
1295
1359
1383
1467
1203
1399
1179
1543
1511
1439
1215
1503
1271
1531
1074
1539
1283
1351
1191
1471
1291
1383
1266
1487
1243
1579
1299
1287
1295
1471
1187
1347
1171
1515
1227
1451
1203
1382
1103
1423
1319
1427
1327
1343
1207
1331
1323
1467
1263
1467
1311
1498
1287
1563
1395
1575
1251
1375
1271
1483
1299
1519
1270
1443
1315
1447
1247
1559
1246
1567
1215
1403
1239
1491
1355
1439
1115
1507
1123
1339
1223
1363
1247
1291
1331
1507
1063
1531
1211
1495
1327
1319
1379
1463
1335
1479
1367
1455
1267
1390
1199
1423
1283
1379
1131
1415
1331
1559
1162
1439
1183
1587
1207
1443
1187
1399
1259
1619
1294
1423
1255
1462
1179
1515
1427
1551
1239
1459
1255
1439
1271
1499
1295
1459
1107
1499
1335
1559
1195
1439
1307
1415
1203
1567
1146
1459
1239
1555
1151
1547
1323
1463
1247
1407
1315
1263
1163
1547
1059
1459
1371
1479
1399
1479
1439
1575
1091
1291
1147
1503
1155
1367
1199
1503
1275
1407
1223
1331
1179
1475
1263
1483
1082
1471
1319
1507
1279
1343
1099
1503
1263
1523
1307
1551
1179
1523
1347
1554
1171
1391
1179
1543
1283
1439
1198
1399
1279
1451
1223
1467
1327
1587
1247
1295
1323
1443
1387
1515
1343
1443
1379
1419
1275
1439
1263
1443
1263
1447
1246
1407
1255
1439
1319
1439
1135
1571
1254
1423
1319
1463
1223
1455
1243
1487
1262
1435
1147
1439
1199
1487
1519
1419
1246
1355
1347
1471
1231
1443
1303
1419
1143
1443
1123
1323
1451
1563
1191
1679
1187
1535
1363
1383
1347
1515
1219
1391
1239
1391
1175
1499
1315
1423
1315
1315
1143
1435
1295
1367
1282
1594
1163
1683
1359
1503
1315
1459
1423
1423
1235
1395
1323
1339
1267
1471
1239
1531
1215
1451
1303
1343
1331
1351
1319
1375
1114
1459
1383
1531
1267
1499
1303
1351
1235
1479
1102
1479
1210
1375
1243
1491
1187
1611
1283
1615
1202
1379
1315
1683
1179
1495
1218
1387
1223
1411
1107
1375
1423
1487
1347
1431
1147
1363
1303
1419
1151
1522
1179
1531
1359
1547
1167
1499
1311
1435
1295
1334
1323
1399
1175
1531
1199
1443
1374
1470
1255
1559
1211
1383
1291
1395
1223
1422
1283
1499
1339
1395
1271
1343
1251
1427
1155
1271
1255
1327
1223
1559
1235
1495
1291
1423
1231
1471
1107
1459
1242
1499
1347
1622
1347
1363
1295
1335
1351
1614
1307
1599
1199
1355
1307
1355
1023
1215
931
1171
926
1414
1267
1499
1215
1379
1263
1371
1263
1207
1214
1267
1387
1271
1359
1247
1283
1126
1179
1147
1287
1155
1223
1270
1299
1259
1310
1159
1215
1091
1151
1299
1299
1227
1175
1071
1099
1179
1186
1231
1251
1247
1283
1282
1179
1143
1087
1247
1327
1227
1318
1199
1219
1227
1227
1071
1158
1219
1215
1143
1171
1259
1119
1251
1179
1139
1354
1267
1210
1295
1439
1207
1335
1371
1351
1199
1179
1203
1375
1255
1275
1099
1271
1143
1315
1271
1235
1119
1247
1259
1335
1131
1187
1271
1291
1323
1151
1278
1159
1047
1251
1311
1107
1227
1179
1231
1179
1163
1323
1275
1215
1119
1199
1235
1155
1103
1119
1095
1175
1307
1015
1275
1206
1351
1263
1319
1283
1279
1183
1163
1199
1167
1098
1151
1191
1203
1175
1227
1247
1239
1271
1322
1323
1299
1311
1203
1179
1311
1151
1219
1275
1175
1191
1267
1103
1183
1215
1298
1339
1283
1183
1167
1183
1123
1115
1335
1231
1283
1246
1239
1323
1170
1191
1251
1198
1295
1399
1103
1239
1227
1163
1187
1183
1231
1247
1151
1287
1215
1351
1175
1227
1295
1051
1183
1023
1159
1175
1195
1279
1283
1247
1215
1239
1247
1307
1223
1299
1279
1226
1391
1202
1263
1211
1255
1267
1151
1107
1163
1267
1326
1227
1163
1283
1103
1051
1243
1199
1155
1187
1207
1231
1187
1311
1183
1155
1095
1279
1259
1207
1227
1291
1219
1119
1115
1179
1115
1306
1339
1195
1251
1267
1095
1331
1327
1318
1279
1183
1127
1107
1223
1063
1194
1263
1179
1374
1211
1151
1207
1263
1147
1287
1291
1355
1211
1327
1291
1162
1075
1219
1183
1255
1263
1307
1331
1127
1287
1315
1275
1182
1223
1303
1187
1223
1263
1259
1255
1215
1115
1291
1331
1083
1151
1171
1311
1331
1315
1195
1335
1307
1199
1219
1335
1335
1251
1247
1371
1315
1275
1239
1403
1382
1107
1251
1122
1187
1015
1367
1094
1271
1094
1371
1275
1211
1186
1107
1239
1143
1223
1203
1119
1147
1071
1211
1310
1182
1239
1275
1231
1251
1198
1211
1359
1183
1219
1223
1207
1335
1083
1247
1279
1287
1079
1083
1298
1315
1175
1210
1159
1375
1127
1255
1239
1159
1163
1351
1339
1279
1275
1103
1203
1159
1175
1215
1271
1075
1203
1219
1211
1238
1291
1155
1162
1187
1211
1307
1071
1295
1195
1183
1255
1199
1239
1199
1123
1259
1279
1251
1115
1175
1199
1219
1231
1238
1275
1283
1079
1214
1107
1163
1099
1175
1282
1207
1127
1375
1243
1215
1239
1167
1230
1250
1251
1315
1078
1243
1254
1315
1179
1231
1123
1155
1246
1243
1303
1227
1231
1183
1095
1203
1279
1143
1287
1115
1139
1283
1271
1151
1279
1175
1255
1327
1183
1223
1331
1283
1211
1246
1111
1291
1179
1295
1230
1159
1183
1151
1231
1227
1207
1423
1259
1187
1319
1167
1146
1155
1311
1287
1303
1211
1343
1243
1303
1271
1223
1303
1335
1230
1151
1086
1195
1215
1187
1115
1259
1283
1279
1275
1175
1063
1191
1363
1135
1211
1295
1283
1119
0
1859
1511
1315
1319
227
