1071
1331
1127
1215
1059
1323
1187
1299
1106
1139
1038
1130
1050
1275
1098
1173
1003
1247
1014
1167
1063
1211
1081
1255
1063
1299
925
1214
929
1185
1215
1331
1049
1343
1130
1211
1006
1327
1162
1291
1003
1223
1063
1114
1167
1226
1079
1187
1127
1239
1054
1306
1074
1271
991
1282
967
1287
1143
1082
1069
1231
1026
1355
1079
1262
1111
1289
979
1174
1031
1253
1042
1195
1015
1350
1102
1202
1031
1251
1183
1275
1075
1175
1131
1407
994
1383
951
1198
1030
1066
1039
1083
1171
1038
1103
1363
1177
1142
951
1229
1027
1243
1003
1291
1066
1122
1055
1243
1071
1339
1082
1351
1087
1391
1039
1270
1091
1295
975
1267
1050
1169
1027
1110
963
1214
1062
1179
1142
1255
1007
1175
1142
1291
1031
1214
1047
1278
1085
1175
1129
1154
1055
1162
1091
1238
1099
1343
899
1371
1022
1235
977
1346
1042
1238
895
1339
1149
1303
982
1406
1015
1319
1089
1211
1043
1179
1047
1269
922
1335
1073
1267
1175
1250
1129
1222
1125
1249
1078
1309
994
1125
1103
1311
1123
1373
1166
1183
1157
1319
1023
1309
955
1339
1037
1201
1034
1207
1001
1323
935
1329
937
1242
963
1163
1059
1382
950
1226
1086
1154
1073
1239
986
1190
1071
1183
959
1167
935
1283
1038
1399
1153
1271
971
1155
1027
1091
1159
1315
1101
1299
1102
1237
1102
1281
1146
1282
1018
1225
807
1387
1073
1142
1023
1199
991
997
1042
1237
1049
1331
1043
1135
947
1309
1086
1261
1099
1169
1050
1379
1123
1207
1150
1363
1215
1283
1070
1199
1034
1266
1067
1155
999
1158
1046
1179
1175
1217
1071
1311
1202
1219
1054
1118
1127
1258
1006
1263
1079
1222
917
1202
1026
1395
925
1175
1015
1302
1103
1275
983
1343
1215
1122
1006
1198
983
1219
1133
1251
1019
1242
1042
1247
1039
1263
1099
1154
1091
1321
1182
1191
954
1218
931
1259
963
1233
1091
1179
1183
1395
874
1183
1179
1138
963
1223
1047
1269
1077
1319
1175
1293
1103
1319
1101
1411
1027
1255
1019
1274
843
1229
975
1254
1018
1234
1038
1187
1139
1286
1155
1311
1062
1230
1179
1283
1121
1191
1182
1247
1087
1137
1027
1310
1027
1227
939
1295
981
1195
903
1307
885
1298
1139
1167
990
1302
919
1247
1119
1315
1010
1265
947
1173
1167
1219
1127
1347
914
1139
1023
1230
963
1311
1053
1233
1223
1335
1031
1215
1018
1097
939
1199
1007
1251
1275
1347
1026
1154
1031
1187
1022
1161
1091
1207
1135
1326
975
1207
1099
1363
985
1101
1030
1326
1223
1271
1150
1167
1170
1141
1023
1267
990
1303
1018
1239
977
1291
1091
1367
1034
1293
1007
1391
1103
1215
1066
1239
1034
1311
1122
1271
946
1162
982
1279
957
1265
902
1353
1091
1358
954
1201
963
1234
983
1373
1059
1219
1043
1302
1070
943
759
850
753
1066
811
1205
1230
1271
1219
1303
979
1282
1031
1025
955
915
958
874
1205
1125
1103
1031
1030
999
1003
979
1117
1002
965
991
1055
1003
1007
943
1099
1011
1091
835
1039
1107
1079
1006
983
1077
1275
1067
1073
1083
991
951
1055
1021
1031
1239
930
1019
947
989
939
939
907
1051
1102
990
1019
903
1151
951
1057
1075
1043
894
950
969
1003
1007
987
1155
1022
1131
1135
959
1035
1006
947
979
918
971
1001
1037
1045
965
1146
1147
1142
995
1299
1109
1047
974
981
1133
983
953
1018
1077
919
958
963
869
1117
1051
1038
1075
974
1007
1155
1150
1110
994
951
995
1038
987
1127
1031
1033
926
1111
1039
1098
1030
1047
1071
927
978
1018
931
1110
1053
1143
989
1111
1139
1063
995
1059
991
935
919
1031
879
930
871
954
1035
1135
971
1009
1127
1039
902
1021
1074
947
1135
957
1119
1061
938
949
975
910
1003
1019
931
939
991
967
1119
927
1046
895
1042
1118
883
1087
1094
941
923
1013
1133
1143
1102
999
1066
962
922
1034
1051
1139
1010
1006
1035
1095
954
1041
1041
1011
895
1069
975
1007
1050
1005
919
919
1139
1061
1034
1150
1063
979
1034
1061
1050
1105
1019
1155
1009
1114
999
1087
931
1011
969
1002
963
1027
1154
1018
1135
1127
951
1075
1066
1099
925
1126
995
955
1131
1187
973
1126
1018
1019
1090
842
974
1107
1043
1046
1011
970
1039
1023
906
1010
899
963
1135
1151
1119
1075
987
1047
1074
1083
907
1099
879
1087
1109
1029
950
781
951
922
1127
1085
1043
1047
943
1019
1035
1127
1071
865
987
1007
1079
1211
1094
1005
1019
1138
1098
1035
1015
1107
1119
927
1038
918
1066
1066
890
1171
1071
1123
991
1171
1047
1131
1055
883
978
857
994
899
897
1074
903
1067
991
1131
1014
1131
899
935
987
991
887
967
1074
1095
1079
1178
1057
975
1019
959
878
899
919
1054
1111
1111
1067
982
963
1015
994
1187
1083
1095
913
1131
994
1085
939
1075
1227
1037
1147
867
875
1155
1042
1154
1035
1041
870
971
982
895
1090
925
911
955
1149
1027
1003
966
1073
1090
1119
975
1098
1046
1067
1141
1015
1027
1011
1025
895
1103
978
927
857
1187
923
1022
1075
1007
1035
953
971
1159
1027
1254
1043
1115
1094
1275
1059
1199
1030
1010
1035
1015
1001
1101
951
903
1038
1007
1115
931
999
1083
951
1165
895
1101
999
1131
953
1035
1023
1071
987
1031
1063
877
1111
1146
966
1119
1002
1054
1143
1058
1135
1078
1143
1123
1039
1049
911
959
1011
1019
1062
1169
962
995
1023
995
1007
955
1067
1023
1154
1031
1030
963
1043
1083
963
1031
1033
1023
1215
1035
1055
1051
1123
1151
1057
979
959
1019
1054
1009
1015
1083
1011
1126
1042
1073
911
943
1082
995
923
1007
1087
1978
2119
726
1307
1990
1887
