915
1163
1023
1206
991
1115
1130
1235
1041
1194
906
1087
994
1139
975
1123
927
1211
975
1155
843
1066
991
975
1075
1015
937
1247
911
1165
887
1235
1091
1302
755
1258
855
1199
1013
1105
1003
1170
994
1175
903
1153
930
1079
977
1079
875
1131
1055
1159
1030
1087
915
1115
1015
1263
1037
1226
1026
1195
1058
1251
1027
1247
1127
1237
958
1259
965
1106
943
1267
967
1183
903
1043
999
1206
923
1083
850
1290
891
1173
1018
1158
870
1171
871
1237
999
1139
991
1154
1022
1215
1062
1095
965
1115
943
1111
891
1153
939
1109
946
1239
967
1230
1046
1230
883
1206
963
1095
923
1319
903
1171
883
1027
1042
1295
1143
1139
1042
1067
981
1211
947
1098
1115
1199
975
1119
863
1115
927
1282
927
1071
983
1295
863
1094
946
1087
963
1174
978
1263
929
1187
859
1210
983
1203
935
1243
947
1209
903
1175
963
1295
987
1158
837
1299
991
1251
910
1106
1051
1063
930
1231
955
1171
823
1131
929
1067
914
1053
1079
1155
1062
1206
943
1202
1015
1035
955
1143
1023
1115
1042
1234
1039
1131
1023
1155
929
1218
1018
1287
959
1235
983
1210
894
1158
935
1035
991
1230
1053
1089
1027
1162
1003
1358
891
1173
1046
1207
806
1195
953
1147
1043
1075
1118
1145
1178
1179
1055
1085
1091
1219
906
1247
1027
1147
811
983
1027
1135
879
1219
1051
1217
1039
1255
979
1157
935
1187
887
1143
1033
1247
903
1179
1103
1154
1113
1187
855
1210
1053
1119
926
1258
867
1162
914
1158
917
1098
1002
1243
979
1147
858
1043
886
1182
907
1202
989
1087
1023
1159
911
1187
1031
1417
1003
1167
927
1183
887
1055
1051
1235
931
1181
1066
1375
1042
1055
1007
1282
1003
1097
1123
1242
1035
1003
1099
1273
1021
1243
945
1103
919
1179
1057
1171
1010
1207
991
1278
954
1095
1079
1146
883
1043
1001
1207
1011
1167
1046
1158
1035
1191
1123
1119
975
1103
783
1119
818
1223
861
1189
955
1135
875
1211
925
1291
1051
1259
843
1127
962
1159
963
1033
919
1251
855
1119
975
1138
1147
1079
1018
1291
999
991
951
967
887
1214
877
1046
1030
1110
947
1295
974
1115
983
1191
1079
1099
827
1199
1066
1191
927
1249
1150
1143
955
1171
945
1169
1086
1231
958
1410
894
1033
1111
1058
1029
1163
883
1039
1051
1155
959
1243
922
1059
974
1074
1039
1267
1063
1002
961
1143
977
1171
983
1175
978
1203
1046
1038
1035
1139
955
1215
775
1191
1075
1155
1023
1051
1006
1095
966
1171
951
1199
939
1171
1021
1163
890
1247
1099
1079
983
1221
1067
1077
926
1219
835
1179
1039
1131
1047
1122
963
1147
1019
1070
1047
1203
1027
1293
902
1042
710
995
707
810
855
1187
937
1282
995
1103
1054
945
918
982
899
889
997
1007
821
838
715
965
982
877
999
819
942
915
866
954
1027
947
987
903
1066
879
935
1010
801
827
1019
905
914
810
971
810
941
979
1087
923
1018
907
935
955
962
1010
863
862
863
951
989
903
1038
954
1019
927
862
985
1082
835
1051
917
923
799
1031
971
990
847
1031
869
963
1059
1059
1003
1109
929
907
787
909
1047
978
903
950
998
995
1022
803
1027
962
930
821
919
901
875
959
793
995
887
899
995
1083
915
963
887
1067
945
810
974
969
955
982
881
979
971
961
1005
954
854
907
933
1001
989
987
815
1083
1031
898
961
943
953
1031
898
975
171
930
921
1023
955
1075
887
906
871
994
847
919
895
1006
883
951
899
947
927
894
995
1153
814
1071
907
1007
897
999
927
1043
1015
991
949
966
947
1019
926
966
931
923
1054
998
927
945
1051
926
1003
1091
931
1026
723
983
989
899
895
907
947
1007
862
1046
871
1047
931
1091
943
978
983
1010
1066
926
925
850
883
966
833
999
990
895
942
995
951
1110
1007
946
791
938
910
1067
830
1058
830
737
967
1007
963
999
995
811
981
995
1103
871
915
1019
859
1094
754
943
1051
983
923
987
1010
966
915
898
897
935
931
898
807
899
927
970
894
747
893
1053
954
935
875
1003
897
990
963
995
906
923
767
1013
1027
1049
879
858
857
879
963
1155
1010
875
950
955
903
962
1049
1039
991
963
819
978
847
825
1125
959
1035
991
898
1031
1059
817
831
839
995
982
943
763
907
907
833
931
971
1069
878
962
1022
947
999
942
910
874
839
971
1035
863
755
851
902
969
923
901
967
883
907
914
762
890
959
1095
950
919
815
983
951
974
927
970
891
1054
827
1067
963
975
883
983
1067
1043
933
955
883
837
886
851
1053
1019
967
962
1010
1107
875
1007
939
985
853
1067
986
1026
922
963
890
999
1042
999
905
871
919
979
971
991
1111
979
871
983
883
943
951
966
937
975
1009
915
850
1067
1039
910
1035
1026
779
951
1019
962
963
1078
958
1003
889
1019
1105
901
987
894
926
1075
915
949
906
1191
739
927
859
1022
987
975
867
919
882
979
849
999
931
847
955
867
1019
783
935
975
1019
915
794
954
1087
1031
795
962
878
875
1003
923
803
1015
955
905
887
971
961
1046
993
987
891
1034
910
1043
878
1082
883
921
811
1047
894
930
886
1109
911
1051
1011
1042
870
989
862
995
915
855
922
818
911
910
982
1003
959
943
834
815
959
922
931
909
1007
2167
1277
13
1679
2175
655
