927
1131
1075
1214
955
1199
975
1223
951
1187
991
1095
1023
1211
1007
1254
1031
1339
1027
1343
975
1395
1078
1059
975
1267
1059
1127
963
1115
1003
1343
991
1243
1011
1375
1059
1191
1095
1239
1163
1207
971
1295
1070
1147
1031
1163
1023
1178
1019
1114
955
1227
1043
1071
1023
1287
1123
1227
863
1159
1018
1307
1079
1299
1095
1262
1062
1207
1038
1235
1003
1167
926
1198
1107
1275
1058
1347
999
1167
1050
1187
911
1443
1219
1247
1107
1119
1123
1370
1002
1183
1034
1311
895
1159
991
1079
1187
1190
1163
1159
1079
1115
959
1335
979
1331
1191
1119
1047
1243
1123
1155
1179
1263
955
1067
991
1235
1143
1231
1111
1343
942
1291
1027
1199
935
1406
1147
1255
1147
1291
990
1306
1083
1279
1071
1343
1115
1195
1003
1271
1099
1254
1062
1083
1095
1287
1127
1207
1126
1207
1083
1262
971
1199
1055
1199
1118
1291
1103
1283
966
1287
1023
1271
991
1194
1135
1235
1071
1246
1058
1191
1135
1343
951
1243
1095
1267
1071
1239
1023
1355
1090
1171
939
1195
1195
1130
1115
1183
1103
1267
955
1259
1095
1171
895
1303
1167
1359
1003
1211
970
1111
983
1271
1035
1267
1119
1179
1219
1167
947
1163
835
1134
1023
1294
1075
1167
947
1270
906
1203
1078
1163
1014
1291
991
1279
1083
1223
1119
1215
1163
1251
1095
1263
1067
1374
1039
1218
1015
1267
1087
1190
930
1382
1063
1187
963
1266
1035
1247
959
1151
951
1127
899
1154
895
1206
1067
1267
927
1370
1075
1279
1175
1283
1099
1219
1035
1219
1043
1403
999
1215
1034
1074
871
1303
919
1391
939
1323
1083
1291
1047
1275
1047
1266
1123
1135
1222
1103
1095
1171
1018
1151
1059
1207
1167
1247
923
1319
1138
1207
1010
1319
919
1231
1039
1415
1074
1326
1151
1303
1019
1291
1075
1215
1091
1363
947
1234
939
1335
991
1343
1007
1126
951
1243
1187
1211
882
1155
1018
1279
939
1211
1106
1227
1123
1259
1095
1283
983
1115
1135
1295
1119
1159
999
1302
1194
1275
1051
1163
979
1199
1107
1258
998
1223
1019
1242
1167
1231
1055
1119
991
1219
1023
1215
874
1171
1087
1187
1063
1275
1027
1083
1131
1266
1014
1251
863
1319
923
1263
987
1223
995
1207
1179
1243
1091
1239
1071
1243
998
1239
1074
1158
1042
1163
974
1235
1067
1203
1042
1279
1003
1251
1006
1263
895
1231
1119
1319
986
1111
1075
1343
1043
1166
1087
1247
1031
1335
995
1247
943
1199
894
1214
886
1263
955
1175
947
1215
1199
1334
1107
1086
1011
1247
1111
1235
983
1215
951
1051
1087
1307
1131
1251
1123
1258
1159
1163
979
1279
1098
1259
1039
1251
955
1311
1027
1242
1087
1294
1019
1083
1147
1283
1107
1159
907
1295
987
1291
1042
1166
1007
1251
1079
979
779
1039
575
935
791
1203
967
1243
919
1123
1035
1315
959
1155
1034
923
1039
995
982
975
947
999
987
927
1098
942
1027
1155
951
1019
1018
1134
1023
955
1099
1167
1051
975
975
1103
1123
874
919
979
1094
839
999
879
1099
890
1055
955
887
999
979
1018
923
971
1047
943
1075
895
1043
982
1059
987
1087
991
1003
955
859
1063
1055
739
1139
975
963
895
959
1111
1043
963
1099
1043
971
899
974
1059
995
1079
1146
975
1039
859
1070
931
983
1059
991
1051
1123
903
982
923
979
1034
767
919
919
975
1011
1155
955
939
911
966
955
931
883
959
887
1095
1102
955
1022
986
962
1022
1027
919
951
1030
938
1019
1027
883
1022
1038
967
1019
967
923
1139
931
1135
935
927
883
983
831
1019
887
1066
995
943
883
895
995
1223
882
975
975
918
1015
967
1022
971
843
967
855
1007
966
943
955
947
883
1094
1035
1135
935
791
935
950
951
1055
1083
983
979
1111
971
1079
1030
1119
990
946
959
890
859
1079
991
1071
887
971
951
791
1051
995
983
807
994
851
1014
999
994
975
1123
1007
1071
970
935
1015
891
955
999
955
922
1031
943
1034
1059
1034
987
847
942
1015
915
1011
1043
778
1043
999
867
1079
1003
931
958
979
1091
1002
1035
1143
938
935
910
935
911
959
847
838
919
935
935
931
847
1087
882
1071
1055
1019
895
1106
823
1007
1147
1011
1095
983
1215
887
935
839
947
1043
899
1046
1051
1014
963
975
995
859
1015
991
923
871
943
1075
999
1003
1070
1131
814
1051
927
1099
971
1123
1039
1099
1003
967
959
1087
927
883
1031
963
778
1134
1007
1067
883
954
883
1022
1083
983
1123
963
879
887
1083
935
855
898
1039
999
899
1126
1079
1015
951
891
1055
1063
995
1047
895
943
1091
894
1039
951
1046
1067
891
1027
1039
991
903
1022
883
891
874
983
931
1071
1027
867
882
1055
895
1015
918
1075
1007
1031
1175
1055
995
1087
911
1003
1063
1059
979
1027
983
1067
927
943
923
1063
1059
923
1086
1078
759
1019
1038
1067
1015
935
959
999
1050
1003
1135
903
983
991
1007
1047
1067
1055
959
1103
1063
939
903
922
1043
1019
939
803
1003
1011
903
1106
906
1031
1075
1047
1039
955
946
995
1003
934
906
975
1011
931
1027
1027
1075
1035
971
1075
999
979
963
999
903
1035
1011
959
955
987
1158
939
935
934
1066
1135
1031
1047
951
979
1119
887
1042
1014
970
1078
1043
967
883
1015
1111
1107
1107
1031
999
974
1039
1007
1015
1079
1031
991
999
935
939
1119
983
1155
831
1087
959
1035
891
871
899
1031
979
963
911
1019
1039
1063
951
875
787
870
975
991
955
943
919
1631
87
431
0
1643
1399
