1126
1430
1166
1343
1138
1285
1123
1302
1119
1231
1125
1314
1191
1365
1170
1371
1139
1271
1067
1197
1213
1329
1131
1219
1159
1258
1082
1322
1002
1303
1103
1255
1101
1486
1106
1391
1110
1299
1046
1369
1161
1367
1055
1266
1067
1349
1143
1271
1350
1351
1123
1441
1135
1341
1242
1243
1167
1391
1131
1269
1089
1349
1089
1439
1135
1387
1269
1247
1086
1223
1189
1289
1127
1399
1163
1491
1038
1170
943
1299
1202
1402
1150
1271
1147
1106
1123
1471
1014
1397
1038
1302
1069
1249
1091
1379
1211
1423
1131
1335
1083
1305
1265
1310
1082
1402
1167
1435
1263
1281
1042
1183
1117
1310
1111
1375
1307
1430
1167
1273
1094
1463
1139
1271
1130
1238
1073
1175
1186
1327
1227
1433
1131
1213
1189
1415
1131
1439
1121
1461
1235
1349
1274
1339
1171
1429
1079
1391
1215
1394
1254
1238
1161
1343
1143
1379
1141
1409
1166
1342
1171
1415
1145
1373
1179
1287
1171
1423
1129
1071
1099
1162
1106
1278
1234
1195
1255
1295
1006
1423
1142
1210
1130
1450
1038
1247
1243
1231
1090
1358
1283
1295
1281
1207
1135
1463
1245
1363
1041
1249
1090
1299
1059
1233
1259
1499
1443
1322
1131
1363
1286
1299
1261
1469
1086
1375
1211
1343
1053
1499
1127
1267
1031
1430
1190
1377
1055
1417
1039
1477
1078
1105
1021
1451
1115
1211
1146
1421
1193
1353
1026
1402
1185
1395
1115
1285
1147
1447
1003
1323
1135
1287
1147
1373
1110
1377
1183
1429
1247
1331
1063
1270
1207
1287
1103
1266
1215
1297
1167
1253
1131
1330
1123
1363
1278
1315
1107
1309
1227
1246
1162
1270
1009
1427
1170
1315
1153
1487
1153
1251
1083
1281
1157
1147
1147
1386
1137
1359
1013
1421
1031
1319
1293
1397
1110
1275
1166
1359
1031
1378
1121
1390
1247
1251
1195
1449
1097
1315
1195
1461
1183
1435
1099
1303
1131
1247
1185
1331
1133
1314
1167
1330
1098
1367
1107
1329
1283
1403
1175
1355
1257
1375
1119
1259
1081
1506
1163
1367
1251
1219
1093
1377
1359
1218
1071
1370
1211
1322
1219
1358
1209
1359
1115
1319
1123
1338
1129
1377
1138
1341
1074
1293
1107
1333
1121
1383
1085
1382
1111
1338
1061
1242
1117
1286
1178
1337
1183
1357
1147
1451
1213
1378
1125
1213
1039
1178
1171
1345
1127
1367
1209
1437
1179
1330
1219
1291
1181
1363
1210
1427
1098
1462
1135
1383
1058
1338
1119
1327
1175
1263
1166
1226
1202
1282
1075
1383
1275
1442
1234
1302
1115
1475
1119
1293
1195
1447
1225
1234
1045
1342
1143
1223
1169
1367
1002
1338
1147
1294
1257
1326
1113
1333
1075
1366
1171
1241
1142
1318
1175
1306
1043
1282
1217
1361
1131
1427
1187
1375
1155
1235
1055
1363
1125
1382
1063
1274
1079
1354
1027
1439
1201
1370
1155
1375
1189
1319
1266
1315
1183
1251
1107
1395
1163
1357
1187
1430
1157
1195
846
1091
761
1091
873
1351
1073
1165
1121
1203
1291
1247
1203
1171
1091
1199
1018
1027
1155
979
995
1198
1117
1055
1199
1165
1039
1161
1081
1061
1085
1031
1145
1170
1038
1127
1098
1143
1182
1189
1046
1194
1095
1010
1098
1083
1079
1149
1079
1046
1102
1031
1169
1063
1266
1183
1110
965
1234
1014
1222
1230
1222
1111
1225
1042
1375
1099
1131
1151
1003
1026
1158
1038
1111
1175
1203
1077
1245
1091
1214
1194
1066
1099
1195
1035
1035
1155
1227
1265
1023
1109
1043
1061
1069
1027
1159
981
1307
1130
1047
1135
1113
1029
1207
1231
1045
1167
1183
1149
1269
1207
1090
1050
1185
1197
1121
1139
1183
1177
1189
1107
1199
977
1103
1063
1171
1067
1251
1261
1213
1089
1126
1077
1119
993
1254
1191
1211
1169
1083
1038
1122
1034
1141
1135
990
1255
1173
1243
1161
1237
1118
1195
1123
1147
1154
1107
1123
1199
1081
1206
1093
1247
1127
1319
1357
1051
1061
1047
1090
1094
1154
962
1215
1045
1021
1189
1175
1127
1059
1131
1115
1249
1111
1151
1123
1234
1171
1151
1087
1138
1091
1079
1243
918
1087
1081
1073
1134
1091
1035
1071
1182
1167
1290
1118
1039
1107
1133
1078
1118
1066
1155
1025
1075
1151
1145
1067
1107
1207
1198
1135
1139
1165
1101
1125
1243
1030
1159
1219
1125
1237
1217
1103
1023
1146
1103
1033
1179
1075
1258
1162
1191
1009
1054
1053
1095
1045
1123
1183
1043
1245
1291
1121
1087
971
1043
1074
1061
1051
1089
1247
1183
1033
1169
1173
951
1187
1235
1163
1035
1051
1090
1062
1054
1090
1022
1002
1195
1090
1071
1118
1049
1151
1177
1337
1070
1119
1095
1213
1057
1286
1125
1067
1047
1149
986
981
995
1086
1130
1231
1003
1113
1095
1191
1023
1057
1119
1011
1155
1011
1197
1119
1161
1217
1221
1139
1279
1106
1211
978
1106
1021
1159
1090
1078
1235
1150
1027
1143
1051
1043
1081
1165
1105
1133
1167
1058
1074
1079
1110
1089
955
1023
1071
1063
1069
1203
1158
1127
1111
1066
1113
1123
1227
1103
1143
1207
955
1259
1150
1117
1341
1261
1167
1053
1095
1074
1149
1109
1138
1043
1067
1153
997
1135
1111
993
1258
1263
1106
1122
1167
1130
1223
1074
1183
1043
1039
1243
1138
1111
943
1109
1102
1175
1207
1079
1103
1147
1241
1187
1049
1063
1139
1053
1195
1018
1167
1193
1105
1095
1199
1294
1273
1119
1135
1147
1203
1058
1235
1031
1083
1070
1127
1214
1135
1067
1209
1099
1227
1143
1043
1207
1143
995
1226
995
1085
1077
1238
1029
1053
1191
987
1195
1239
1001
1038
1094
1207
1127
1109
1170
1183
1210
1107
1115
1170
955
1039
1130
1349
1066
1074
1078
1103
1069
1255
1135
1095
1070
1133
1015
1182
1101
1203
1066
991
1030
1071
1071
1105
1179
1134
987
1007
1211
1154
1057
1111
1006
1039
1039
1125
1003
1043
1058
1155
1134
1134
989
1030
1161
1103
1066
1191
1055
1215
1145
1039
1031
927
1142
1130
1151
1149
1043
322
1079
601
0
2203
915
