1155
1370
1215
1331
1194
1379
1003
1486
1083
1359
1222
1346
1078
1371
1031
1250
1051
1374
999
1423
1229
1359
1237
1142
1145
1429
1031
1367
1154
1378
1190
1313
1253
1423
1226
1546
1147
1399
1254
1343
1250
1306
1247
1338
1130
1375
1210
1403
1174
1429
1298
1383
1234
1314
1163
1315
1119
1215
1162
1419
1043
1378
1175
1362
1242
1322
1211
1379
1250
1251
1223
1455
1325
1366
1217
1375
1147
1315
1047
1391
1179
1347
1249
1279
1199
1383
1122
1383
1115
1455
1235
1290
1098
1229
1191
1402
1123
1409
1111
1353
1075
1214
1113
1326
1115
1466
1286
1351
1019
1331
1235
1371
1227
1257
1287
1454
1299
1335
1322
1231
1215
1377
1070
1419
1182
1255
1115
1302
1197
1403
1171
1419
1245
1235
1138
1494
1183
1347
1019
1362
1255
1313
1077
1277
1379
1414
1194
1378
1235
1281
1075
1414
1187
1418
1137
1282
1174
1462
1074
1402
1095
1295
1167
1354
1159
1326
1094
1379
1143
1354
1175
1487
1183
1422
1205
1469
1231
1415
1169
1361
1115
1322
1117
1214
1103
1331
1111
1399
1038
1375
1295
1335
1273
1367
1141
1367
1263
1327
1262
1318
1114
1495
1111
1271
1115
1343
1051
1315
1207
1331
1129
1355
1026
1247
1103
1351
1189
1266
1163
1353
1067
1426
1202
1355
1131
1395
1211
1427
1186
1239
1110
1319
1183
1435
1050
1319
1203
1277
1081
1386
1106
1315
1266
1417
1214
1383
1131
1286
1130
1153
1114
1351
1146
1267
985
1383
1234
1419
1183
1398
1123
1270
1139
1459
1110
1355
1181
1535
1131
1401
1157
1467
1175
1323
1249
1355
1119
1519
1145
1311
1167
1601
1291
1253
1063
1302
1107
1283
1183
1435
1267
1491
1155
1451
995
1439
1034
1427
1118
1333
1033
1398
1103
1362
927
1446
1167
1363
1223
1403
1065
1322
1139
1387
1233
1315
1157
1258
1135
1371
1159
1383
1214
1263
1086
1375
1099
1314
1238
1319
1030
1426
1166
1483
1147
1271
1023
1310
1251
1378
1291
1271
1206
1299
1185
1458
1111
1271
1198
1378
1235
1297
1271
1455
1165
1374
1063
1359
1147
1375
1162
1279
1163
1599
1006
1311
1363
1358
1243
1253
1323
1411
1351
1426
1094
1349
1163
1383
1199
1395
1199
1498
1075
1271
1114
1407
1165
1230
1167
1351
1219
1357
1039
1195
1119
1427
1301
1249
1127
1265
1173
1375
1187
1354
1015
1438
1283
1295
1159
1330
1207
1223
1125
1343
1271
1291
1215
1379
1186
1371
1111
1371
1137
1399
1099
1265
1147
1386
1091
1375
1145
1411
1073
1255
1179
1425
1291
1371
1247
1335
1115
1390
1183
1331
1271
1358
1070
1467
1067
1353
1059
1479
1213
1405
1143
1387
1271
1351
1131
1299
1046
1195
1223
1450
1027
1247
1190
1411
1163
1357
1314
1427
1183
1482
1193
1439
1003
1315
1182
1414
1087
1537
1175
1279
1247
1186
1203
1343
1182
1393
1302
1407
1287
1338
1153
1387
1219
1251
919
1177
849
1102
1034
1371
1119
1287
1243
1347
1067
1567
1151
1146
1215
1115
1194
1087
1086
1195
1105
1207
1027
1178
1075
1089
1227
1137
1165
1201
1167
1014
1071
1071
1143
1119
1145
1130
1110
1083
1163
1106
1031
1203
1146
1103
1177
1131
1175
1150
1053
1135
1137
1153
1177
1178
1069
1119
1171
1039
1315
1054
1298
1197
1227
962
1306
1217
999
1181
1027
997
1171
1054
1178
1099
1131
990
1067
1127
1123
1274
1093
1065
1091
1170
1166
1226
1157
1043
1043
1043
1161
1091
1063
1238
1179
1067
1159
990
1047
1194
1063
1094
1111
1121
1243
1202
1119
1103
1093
1074
1217
1131
1201
1130
1010
1090
1098
1297
1145
1055
1321
1085
1189
1317
1183
1087
1134
1103
1282
1079
1161
1089
1267
929
1033
1077
1221
1081
1305
1145
1101
1257
1213
1315
1159
1054
1159
1174
1142
1034
1062
969
1129
1050
1107
993
1187
1058
1195
1175
1073
1217
1263
1047
1107
1283
1170
1151
1125
1099
1267
1089
1067
1199
1155
1257
1251
1115
1207
971
1107
1167
958
1075
1126
1197
1119
1279
1139
1145
1223
1079
1175
1135
1142
1110
1202
1127
978
1157
1223
1114
1098
1099
1162
1155
1107
1101
1093
1063
1147
985
1163
1115
1167
1163
1203
1211
1253
1130
1179
1173
1133
1143
1013
1089
1191
1157
1142
1098
1078
1194
1039
1151
1186
1178
1243
1155
1095
1135
1217
1375
1087
1103
1231
1237
1063
1014
1075
1055
1198
1043
1279
1083
1051
1035
1237
1203
1183
1043
1107
1197
1101
1221
1075
1063
1133
1143
1203
1259
1102
1019
1078
1153
1177
1177
955
1167
970
1091
1067
1215
1205
1051
1129
1199
1435
1178
1135
1054
1234
1206
1095
1035
975
1183
1147
1207
1085
1147
1103
1187
1163
1201
1095
1051
1162
1171
1114
989
1178
1079
1171
1205
1085
1019
1055
1141
1211
1105
1190
1011
1251
990
1059
1055
1063
1026
1135
1066
1018
1115
1158
1094
1165
1051
1191
1103
1234
974
1215
1143
1083
1163
1007
1183
1247
1135
1146
1147
1123
1211
1201
1195
1147
1190
1077
1019
1163
1131
1119
1113
1209
1130
1054
1247
1153
1210
1137
1151
1201
1010
1105
1110
1079
1283
1167
1091
1249
1003
1095
1121
1057
1125
1107
1227
1238
1206
1223
1047
1094
1159
1119
998
1145
1158
947
1191
1027
1159
1222
1171
1247
1077
1139
1047
1099
1141
1123
1167
1122
1146
1179
1259
963
1203
1195
1042
1214
1207
1083
1095
1271
1158
1139
1067
1207
1187
1219
1009
1135
1007
1114
1097
1105
1047
1162
1109
1061
1139
1127
1079
1086
1219
1013
1171
1209
1101
1207
1159
1209
1211
1179
1263
1098
1047
1105
1061
1193
1022
1085
1019
1087
1122
1158
1022
1111
1018
1147
1131
1183
986
1254
1047
1159
1015
1119
1045
1262
1198
1042
1215
1143
1231
1063
991
1158
1027
1061
1083
1123
1190
1097
1050
1173
1031
1170
1119
1117
1035
1231
1143
1015
1155
1149
1091
1185
1191
1150
1021
1154
1021
1283
1145
1167
1091
1031
1007
346
0
1463
991
153
615
