1071
1311
1179
1699
1119
1158
963
1255
1093
1331
999
1303
1109
1322
1163
1195
1159
1286
1142
1489
949
1325
1051
1471
1155
1205
1049
1699
1091
1335
1165
1923
999
1293
1118
1286
1014
1282
1115
1465
1107
1237
983
1266
962
1281
1123
1243
1031
1475
1033
1306
1079
1255
1038
1317
1133
1267
1045
1237
919
1590
1143
1347
1038
1171
1027
1323
1102
1203
1106
1925
1093
1223
1175
1238
1103
1155
1101
1365
1030
1355
1237
1595
1166
1169
1027
2066
965
1297
1001
1345
1114
1219
1089
1479
1045
1333
1039
1233
1119
1355
1267
1575
1223
1331
998
1263
1291
1231
1126
1367
1159
1333
1059
1213
1038
1274
1067
1283
1095
1339
1127
1318
962
1310
950
1226
1073
1475
1095
1307
1071
1271
923
1363
1214
1227
1023
1703
1059
1210
1103
1149
1231
1282
1186
1295
1090
1321
1074
1269
1119
1353
1115
1239
1055
1286
1095
1250
1187
1363
1277
1243
1063
1587
1090
2038
1110
1299
1122
1286
1057
1186
1123
1803
1134
1342
1279
1302
1055
1323
1063
1223
1034
1246
1055
1290
1137
1329
1171
1295
1155
1263
963
1318
1037
1295
1185
1230
1019
1282
1123
1225
1187
1146
1163
1331
1091
1299
1129
1341
1115
1263
1159
1183
1074
1482
1095
1265
1127
1350
1169
1234
953
1247
1262
1279
967
1319
1106
1227
1055
1207
1058
1290
998
1299
1155
1318
1147
1285
1086
1239
1085
1374
1113
1291
895
1217
1113
1585
1135
1119
1190
1257
971
1062
1110
1079
1062
1242
1130
1287
1135
1210
1142
1598
1131
1237
1150
1270
974
1471
1191
1330
1079
1319
1130
1278
1051
1135
1058
1194
1117
1297
1037
1245
1094
1195
1167
1691
1042
1163
1262
1307
1045
1193
1107
1267
911
1323
1246
1139
986
1326
1031
1247
1071
1346
1105
1267
1143
1206
1051
1235
1035
1099
1018
1271
1055
1369
1217
1263
1051
1275
1123
1255
1047
1283
1009
1281
1199
1157
1147
1575
1053
1707
1058
1313
1106
1235
1155
1251
1047
1198
1113
1691
1059
1255
979
1211
1210
1271
1131
1586
906
1299
994
1305
1105
1175
1166
1349
1081
1365
1039
1281
1110
1251
1123
1215
1115
1225
1135
1289
1222
1210
1054
1358
922
1201
1097
1357
1202
1309
1161
1351
1077
1251
1101
1371
958
1293
1077
1251
1047
1699
1221
1231
975
1311
1253
1699
1091
1351
1151
1463
1211
1247
1142
1311
1058
1159
1083
1255
1097
1235
1035
1342
983
1279
1199
1273
1063
1367
1037
1314
1073
1579
995
1343
1122
1323
1097
1137
1007
1587
1115
1577
997
1253
1147
1350
1139
1246
1031
1311
1059
1259
1095
1347
1110
1230
1070
1171
1031
1059
978
1302
1250
1313
1086
1263
1126
1219
1082
1365
1057
1231
1031
1194
1079
1238
1221
2039
1085
1177
1282
1330
998
1355
1226
1330
1057
1317
1085
1325
1057
1287
1139
1367
1062
1215
1153
1263
1095
1099
805
1075
795
947
679
1367
1099
1469
1071
1163
909
1253
1215
1133
1034
959
1130
1247
1191
1083
807
931
962
1007
1137
1035
1071
1057
1171
1129
1061
969
1101
974
970
899
1077
1011
1213
943
986
1131
1035
1146
1065
1009
1139
997
1117
918
1039
967
1166
1065
1139
1107
957
959
1090
1177
1025
1030
1057
1095
887
1159
1163
1057
966
1118
1075
1019
1031
967
1117
939
1011
855
1074
1151
1087
1027
1003
1095
1143
1022
911
1015
1065
1069
1103
1179
1103
997
1003
1027
955
1007
959
1074
1019
1063
1213
1079
1079
999
1115
1155
1182
931
1066
1186
1015
1215
1211
978
979
1054
1126
957
1177
945
1005
897
1137
1115
1178
973
1202
1141
1058
995
1087
1061
1059
897
1221
1021
1195
1021
1141
1057
1037
1115
973
942
1179
869
1187
1026
999
1050
1007
994
1154
1123
1047
1218
1139
1178
1111
1059
1015
1089
1054
979
1066
1074
1021
965
1054
1065
1027
1179
1207
1095
1115
1091
1107
991
967
1013
1129
1107
1166
1067
1001
1039
1089
1063
1022
943
974
967
923
1090
1058
1031
1147
1055
1005
917
1067
1027
1057
974
1159
1157
1230
1146
1095
963
1129
1119
965
1134
1053
1098
1102
1043
999
1025
1019
1002
1262
1091
1007
1183
1062
967
1023
1077
1051
1007
1123
1071
1165
1017
1025
1213
1021
987
1050
937
994
1203
1215
934
958
971
1131
881
937
1102
1121
979
1075
1195
1158
1007
1151
950
1003
1031
1090
1002
1062
1007
1031
1026
1011
1127
985
890
1170
1091
1050
982
1059
991
1003
989
1069
1041
1111
1123
1141
1174
1130
1074
961
1159
922
1162
989
1039
993
883
1066
1051
1125
1078
1225
1022
1018
1105
1103
1105
1007
941
1207
1107
923
1043
1091
1030
989
941
1095
1101
1191
935
1222
1167
987
1057
1125
1059
1099
995
1017
1065
931
1051
1142
1125
1003
955
1054
1083
1122
1183
1089
1182
1109
967
1157
1247
931
1089
1027
1013
1167
1011
1263
1027
1006
995
1151
1082
1067
1007
970
1003
1182
985
1141
1113
1087
1023
1170
1126
1069
1059
962
923
1015
1094
1087
1046
1135
1177
1186
1135
1029
997
1070
1105
965
993
1009
962
1106
1065
1109
947
1127
1031
1091
1026
1151
939
1097
1109
1062
1091
1199
1051
1033
1191
1139
963
1115
1103
1001
991
1111
989
1155
1026
1163
947
991
1055
1021
1051
1077
1058
1137
1183
991
1162
1110
1057
1057
1027
1054
1137
957
922
1021
1078
891
951
1023
1129
1155
1155
1071
1082
943
1023
1019
1099
1151
1003
1033
1095
990
909
1153
981
1107
1067
1227
1099
1017
1134
1107
1047
950
899
1091
1046
1119
1125
1031
937
1153
1107
1135
1063
1203
1113
994
1015
982
1034
1055
1177
1091
1086
1059
1166
1110
1147
1103
1107
1003
1095
1093
937
1154
1142
1002
907
1186
1043
989
957
1106
1039
1103
1118
1039
1019
971
1065
1151
993
246
499
1079
530
0
2019
