1151
1375
1027
1135
1031
1187
1071
1247
911
1231
1043
1135
1103
1247
1023
1171
1135
1355
1151
1059
1067
1295
1003
1327
1059
1143
1167
1387
1035
1211
1115
1311
1095
1315
1067
1259
1107
1271
1071
1287
1067
1167
1195
1399
915
1235
1095
1343
1099
1215
963
1391
1051
1155
1215
1311
1083
1311
1163
1275
1111
1251
1239
1311
947
1259
1063
1459
1115
1355
1199
1243
1027
1127
1047
1195
1103
1359
1063
1431
1179
1343
1011
1399
1059
1283
1103
1267
939
1291
955
1083
1019
1187
1099
1179
1035
1203
1151
1355
1051
1111
1007
1223
1035
1283
987
1299
1143
1323
1215
1227
1027
1191
1067
1231
1131
1231
1155
1415
1139
1231
1067
1363
959
1227
1171
1211
983
1327
1063
1363
1151
1211
1171
1291
1107
1359
1015
1183
1003
1311
895
1239
1071
1267
1043
1315
1119
1343
1051
1367
1091
1259
1115
1331
975
1267
1143
1407
1051
1259
1043
1291
1135
1291
943
1219
991
1195
1179
1119
959
1123
1171
1427
1123
1167
1059
1291
1043
1247
1091
1159
999
1175
1091
1283
1135
1227
1047
1343
1023
1223
983
1351
1027
1231
1103
1203
1091
1207
1247
1299
967
1243
891
1235
1143
1467
1043
1315
951
1415
1067
1367
1023
1127
1031
1383
1107
1271
1127
1367
1103
1291
1087
1223
1063
1343
1043
1255
1091
1191
1035
1291
1103
1367
1195
1311
1075
1347
1103
1235
1195
1243
971
1155
983
1215
1143
1255
1119
1235
1067
1459
1203
1215
1147
1283
939
1227
1055
1355
999
1211
1087
1259
1007
1235
1119
1271
1023
1379
1083
1215
1107
1315
1123
1347
1023
1187
1031
1195
1079
1263
1039
1239
1087
1347
1111
1235
971
1251
1067
1287
1147
1255
1095
1231
1047
1251
1007
1403
1067
1363
1055
1291
1127
1231
1055
1395
1095
1191
1139
1163
1007
1143
1207
1263
1003
1159
1171
1303
1043
1187
1123
1183
1147
1199
1019
1383
1099
1203
1063
1203
1179
1243
995
1203
1043
1347
903
1263
1111
1247
1067
1195
1087
1223
1115
1151
1027
1263
1079
1339
995
1299
1071
1227
1003
1303
1003
1319
1087
1183
1067
1323
1055
1271
1079
1239
1095
1359
1099
1319
1015
1251
1011
1207
1015
1179
1007
1307
1163
1183
1203
1387
1011
1299
1003
1403
1027
1135
1091
1207
1087
1099
1251
1339
1087
1359
983
1407
1055
1335
1051
1299
979
1215
1027
1395
1031
1159
1067
1443
1083
1271
1151
1311
1111
1175
1175
1183
947
1255
1039
1231
1055
1287
1151
1267
935
1247
1195
1303
1099
1267
1083
1227
1059
1259
959
1223
1163
1259
1067
1231
1043
1275
1171
1247
1087
1147
1111
1159
1083
1339
1091
1271
963
1343
1091
1363
1059
1079
995
1411
1139
1131
1131
1051
1135
1259
971
1195
1023
1219
1111
1295
1123
1351
1019
1387
1123
1355
1055
1275
891
1327
1087
1319
1087
1287
1115
1339
971
1167
699
979
767
987
907
1251
1015
1271
847
1231
979
1279
999
811
1143
1123
1167
1063
959
1151
915
939
1163
1079
1087
975
1095
935
1071
983
1031
1051
1023
979
1019
963
1003
967
1191
927
939
1071
1175
963
1059
1047
951
1099
1047
1099
971
1087
987
1219
1171
995
895
1031
991
1099
1043
963
1027
1023
935
1107
1075
1099
1111
1003
1039
779
947
867
979
1051
1167
1099
1067
1067
1203
963
1135
1067
1135
1007
1107
923
1155
1063
1087
951
1047
831
1055
1135
1127
971
1023
1075
1099
1175
979
1107
963
1023
1043
1123
1027
907
1007
1171
859
1131
1015
1159
1095
947
931
959
935
1103
1127
967
1131
1055
1095
1043
1159
1007
959
1051
1007
1275
975
895
1111
983
1067
1067
1031
1047
1063
999
1007
1047
999
1099
971
1055
1091
1083
1163
923
979
967
1007
983
1015
967
1051
903
1115
927
1031
1039
1103
1063
923
959
1099
1019
1111
987
1171
1099
1067
1015
1167
1051
891
887
1059
1191
891
1055
943
907
1095
1035
1031
1167
867
1179
1027
1067
979
1023
1099
1155
955
1195
1043
983
1039
979
1123
1091
987
987
1079
1071
1007
1039
1035
1071
1115
939
1155
1003
1091
959
951
987
1051
891
1075
943
1099
1151
1139
979
979
927
1051
1215
1043
959
1023
1023
1063
939
979
1091
959
971
1095
1115
1059
1027
1063
1003
1147
1123
1179
1127
1043
1271
1011
1095
1007
947
1099
1091
1183
1079
1031
1011
951
1059
1083
995
1131
1007
875
967
1099
1083
983
1055
1055
1019
1123
1051
919
971
1119
1035
1107
1043
1087
1155
1167
1063
1131
1107
1095
1095
1111
883
1143
987
1063
1019
1175
943
999
1103
1075
1011
991
983
967
1183
1011
1099
1227
1043
1167
1007
1183
1059
979
971
1087
1171
1055
1007
1071
1019
1023
1091
1111
1119
1015
1063
1031
1023
1115
1051
1011
1047
999
927
963
1043
1115
1019
991
975
1095
1107
1387
1251
1011
1107
1039
1163
1059
847
1087
863
1099
1111
1003
1071
1099
1063
1019
1031
1111
975
1015
1051
1091
927
1019
1031
1091
1091
1135
1059
983
1167
943
943
955
999
1219
1151
1111
959
1079
1091
999
1003
935
1143
1003
1099
1171
967
1079
1011
1099
1007
1251
1111
959
971
1043
1083
995
1007
1179
1007
1083
1011
1107
979
907
1075
955
1175
963
927
1175
1035
1087
1099
1003
1027
987
1159
839
1063
1059
971
1027
959
1015
1043
1067
1007
1071
1191
1023
1003
1031
1103
1039
1011
1063
835
1103
995
1079
1039
1043
1003
947
1191
1031
919
1031
927
1119
843
1043
987
1183
987
1171
1115
1083
999
1011
1019
1175
1175
1055
979
1019
963
1067
1043
1011
1111
1083
867
1003
1107
1107
1163
955
1099
1143
1147
1119
1079
1019
1047
1043
999
1123
1031
1127
1083
1139
1083
1107
1103
919
943
971
1079
999
991
939
1067
2003
2135
1311
0
707
1715
