1874
1124
923
1030
966
1275
1007
1130
831
1019
1147
1098
807
1258
1003
1207
1013
1487
959
1087
954
1239
929
1049
1027
1479
862
1182
958
1123
1059
1475
1119
1159
926
1134
1015
1106
852
1270
884
1230
953
1163
970
1132
865
1142
838
1227
999
1154
856
1167
989
1228
949
1077
1011
1174
959
1182
898
1186
922
1190
883
1182
916
1126
1001
1133
995
1221
886
1042
913
1126
998
1449
904
1522
1123
1138
1015
1097
946
1203
1103
1094
987
1005
905
1011
961
1281
904
1089
870
1168
953
1247
1086
1202
953
1147
955
1201
1207
947
1043
1264
922
1063
947
1458
927
1243
967
1237
963
1194
925
1478
930
1146
1011
1459
1068
1130
808
1183
939
1139
971
1175
851
1167
963
1235
838
1005
955
1235
1045
1235
938
1233
1034
1163
997
1147
927
1147
847
1235
797
1187
921
1125
921
1199
911
1076
871
1191
966
1183
980
1066
814
1029
949
1062
1048
1163
1105
1083
1025
1282
950
1143
842
1004
811
1231
1023
1098
1032
1146
861
1118
909
1491
1000
1161
858
1066
944
1249
925
1074
1007
1149
1121
1216
1033
1076
909
1151
969
1235
958
1087
786
1201
1074
1154
1106
1271
975
1147
943
1011
898
1455
889
1223
1011
1531
818
1057
959
1141
905
1235
943
1197
1021
1202
1002
1155
1040
1175
919
1103
943
1215
978
1210
1107
1018
1042
1163
902
1130
998
1188
990
1135
979
1201
1026
1218
974
1108
974
1160
886
1225
951
1235
1146
1163
897
1232
1073
1159
1058
1087
917
1229
895
1216
873
1205
955
1235
923
1229
986
1279
703
1273
931
1222
1063
995
1014
1233
897
1237
910
1186
1003
1191
992
1230
928
1128
1033
1136
889
1191
894
950
845
1185
919
1196
925
1065
989
1199
947
1458
1031
1019
810
1115
931
1177
978
1115
1008
1143
924
1051
882
1097
1030
1105
1048
1167
855
1122
907
1021
991
1030
838
1155
834
1131
883
1141
1035
1245
984
1133
848
1070
909
1166
1037
1162
1009
1459
1047
1123
894
1450
931
978
1087
1173
919
1124
1061
991
916
1157
971
1243
847
1223
958
1251
1007
1271
992
1138
886
1239
1034
1214
949
1121
927
1187
1039
1066
1040
1117
947
1156
1046
1155
899
1240
1108
1135
978
1044
940
1071
1028
1233
1059
1163
963
1010
1026
1139
919
1167
925
1142
901
1013
991
1119
978
1236
1006
1131
893
1206
922
1229
957
1115
996
1080
1139
1066
960
1251
1001
1176
1003
1272
975
1208
1100
1194
1039
1240
960
1039
1027
1143
981
1153
943
1051
981
1147
1007
1121
980
1119
918
1087
968
1071
855
1221
1012
1121
930
1111
966
1146
943
1178
1051
1172
910
1079
939
1279
831
1235
1111
1211
949
1049
710
781
577
887
607
1213
1002
1053
970
1109
922
1079
938
925
1046
936
859
899
909
966
1011
1044
802
951
898
1019
854
915
942
1002
1072
886
1069
799
851
953
962
871
929
915
819
888
979
898
870
733
1035
1070
945
1038
957
1019
951
963
999
798
959
905
949
963
1014
890
937
848
819
831
1002
954
911
1048
967
819
859
940
990
923
869
881
1076
783
929
993
946
872
882
842
999
930
960
933
876
941
914
1003
994
1062
921
931
959
791
995
844
883
990
860
873
741
945
917
909
764
942
1002
917
914
957
895
843
967
1020
937
879
868
903
973
813
923
987
855
993
853
1013
955
959
1043
879
833
931
879
1009
1059
993
943
906
990
894
997
865
1070
949
1018
922
867
914
945
952
1002
885
838
977
971
854
894
993
923
1118
1007
852
1007
929
869
970
989
911
963
1164
983
998
911
883
943
959
1007
953
935
897
808
1021
960
883
977
943
1001
924
1001
933
1036
969
901
859
876
1011
1009
922
963
897
968
867
865
851
866
824
869
874
1047
767
1006
938
943
843
820
815
973
861
833
959
917
897
1131
951
855
841
848
927
989
824
1118
1002
885
878
1041
857
947
951
819
767
1001
826
821
766
1046
1070
1011
955
915
884
976
943
907
739
970
826
905
740
823
976
954
841
951
1071
992
988
857
915
1058
962
965
986
854
917
941
959
957
867
892
1047
785
931
895
901
1009
831
879
894
1053
954
951
987
930
1006
944
1060
814
899
989
737
941
858
901
823
756
882
931
800
837
878
952
858
996
935
1027
935
1093
783
810
1030
823
880
796
913
1122
919
945
764
995
1008
1019
943
867
907
891
898
937
1007
1202
889
1057
954
962
823
1021
895
883
942
843
910
930
825
987
902
880
950
821
797
935
1003
1004
979
939
1006
835
845
957
894
876
918
880
943
977
1003
1068
1012
995
1057
995
1003
861
806
920
793
870
881
930
1003
870
999
935
1039
811
839
929
922
874
767
813
820
873
767
930
918
951
959
951
807
897
798
845
991
971
923
969
935
975
829
943
992
907
985
1035
853
929
943
897
981
771
803
842
893
1082
945
947
857
972
843
984
891
976
997
911
898
1031
899
989
799
1011
980
1003
847
870
853
809
986
915
983
975
887
906
817
971
971
1041
1079
969
997
893
1023
870
846
1029
966
985
897
949
900
905
867
803
961
899
759
869
983
855
963
896
847
875
1031
963
939
794
1030
1097
918
1100
959
993
966
922
839
902
925
782
887
936
1109
882
794
1013
961
467
1938
2183
790
811
1933
