1123
1231
1191
1271
1075
1215
1071
1327
987
1131
1199
1271
1111
1279
1155
1135
1095
1311
1083
1267
1091
1319
1011
1275
1091
1287
1027
1303
1003
1183
987
1319
923
1247
1019
1155
1007
1255
1119
1275
1051
1195
991
1187
1039
1387
1043
1219
975
1299
1047
1275
907
1215
1099
1211
915
1347
1131
1379
1087
1195
1143
1311
1063
1243
1091
1299
1015
1235
991
1311
1047
1319
1067
1235
1139
1219
1015
1171
1235
1347
1099
1227
931
1207
979
1215
1003
1303
967
1291
1071
1235
1111
1439
1183
1279
1143
1267
1039
1279
1151
1399
1127
1287
1091
1263
1071
1307
1007
1315
1135
1351
1087
1423
979
1267
1123
1295
991
1211
919
1147
1075
1183
1027
1219
1059
1267
1039
1407
971
1255
1135
1359
911
1167
1035
1287
963
1255
911
1299
1003
1151
1035
1323
943
1279
1239
1403
1215
1331
1163
1311
991
1231
1075
1223
1031
1271
1083
1151
1191
1211
1059
1279
1059
1239
1027
1291
1067
1195
1027
1375
979
1267
999
1115
1007
1307
939
1255
1151
1127
1031
1203
979
1259
1019
1331
1347
1163
1019
1195
1007
1203
1019
1219
1119
1215
1071
1247
1071
1283
971
1275
1291
1263
1015
1227
983
1207
1079
1291
1043
1183
1135
1299
907
1223
1123
1371
1031
1415
1219
1371
1119
1215
863
1179
1019
1255
1099
1275
991
1083
1071
1347
1023
1271
1047
1371
935
1235
1131
1275
1083
1167
983
1283
1015
1319
1059
1307
1203
1211
1195
1419
1083
1307
1147
1163
1131
1243
1259
1211
1035
1343
1223
1283
923
1363
1063
1463
1051
1359
999
1215
855
1287
1055
1235
1047
1271
1051
1351
1067
1183
975
1235
1083
1491
1155
1235
935
1319
1043
1327
1127
1287
1039
1427
1051
1267
955
1187
1083
1387
1063
1335
1027
1375
1143
1159
1075
1335
1087
1515
1039
1247
1019
1291
1007
1195
1215
1487
1083
1163
1127
1391
1031
1083
967
1203
1003
1163
1111
1263
1087
1343
1087
1283
1079
1111
1187
1283
1099
1215
963
1339
1079
1071
1039
1255
1131
1163
1027
1359
1119
1271
1095
1271
1007
1439
1095
1207
1111
1383
1023
1399
1147
1355
951
1231
1075
1219
1067
1295
883
1195
1091
1283
1043
1207
1151
1279
1135
1299
863
1211
1019
1295
1031
1383
959
1279
995
1247
1099
1399
1111
1231
1007
1283
927
1211
1015
1259
975
1395
1043
1243
1067
1219
883
1339
1283
1171
1015
1235
1195
1363
991
1347
983
1211
959
1359
1023
1331
1139
1211
1147
1363
1219
1347
1043
1287
1047
1187
1075
1327
931
1235
1123
1223
979
1315
995
1335
1079
1371
1063
1311
1027
1255
1187
1227
1047
1263
1099
1379
1127
1275
1207
1367
1151
1211
1063
1183
1015
1415
1183
1243
1083
1131
1075
1451
935
1323
1159
1223
1067
1287
991
1327
831
1163
951
1335
1183
1123
1139
1283
1171
1103
763
867
755
819
667
1143
939
1211
1155
1271
1095
1207
1047
971
1075
1099
999
887
1107
971
983
931
1047
859
1099
895
939
1071
1171
991
1131
975
1039
1075
879
1059
935
1163
1103
1127
1115
1067
1071
975
1183
979
1091
967
1019
1019
1107
907
1047
1003
1115
1055
1079
1055
1051
931
1107
1047
1175
1051
1071
1083
1123
1047
1187
1023
999
1003
1095
1007
1043
1015
951
995
1151
971
1099
875
1063
1003
839
959
971
1027
1107
1087
1031
1015
1103
1055
1135
915
1071
963
983
1087
1039
1091
1159
1095
1067
1015
927
1063
1047
1023
1007
955
1015
1019
963
1019
1143
1043
1019
1011
923
907
1111
995
939
1055
1171
1011
1047
959
1183
991
1159
1203
1187
935
1139
959
887
927
1051
1023
1039
1119
1071
927
1055
963
1015
951
1043
983
959
1079
1151
963
999
959
971
1071
995
1031
1039
907
1007
1019
1071
987
1079
1003
1099
1039
1087
1139
971
951
1015
879
1003
1131
979
1023
1027
939
1155
783
959
1171
1063
1035
1079
1115
1199
1031
1003
1031
935
967
919
1011
1059
967
963
971
983
975
1015
1127
931
923
1047
987
971
987
1127
1043
939
987
1187
999
883
1019
963
963
963
1039
1119
983
1047
1051
1143
1111
1051
923
1079
995
1143
1063
1127
927
1159
1015
1091
979
1007
979
1007
911
855
1107
895
863
971
1139
1167
1099
1151
1019
1127
1027
1027
963
1107
1063
935
999
987
987
999
1051
995
1103
951
903
955
1059
1055
1055
979
1199
1151
935
1071
1119
1127
939
1027
895
1071
879
1159
1127
1023
923
1123
1223
1171
1091
1075
895
923
915
1087
1055
1127
927
1019
1007
1095
1027
1031
959
1095
1207
971
1039
1007
975
1151
1079
1063
907
1047
959
883
1027
1039
1023
967
967
1007
1027
1099
1051
1023
1083
819
1039
1103
987
1019
907
1263
1011
1063
935
1095
955
1047
1047
1075
1031
847
1115
1051
835
1071
1071
1111
991
971
967
911
1063
1043
1007
1007
1095
1111
1039
1083
1003
891
955
1095
1047
1047
955
935
1099
1051
1023
1043
1035
1079
1167
967
955
967
1007
1203
1007
935
999
1079
987
975
951
1131
1035
1039
1123
1103
1131
967
923
1031
995
1047
1083
1151
1019
975
1011
1079
879
1051
971
1103
867
963
963
987
979
971
979
1111
1015
1163
983
1107
1035
939
1043
1059
875
1043
1023
983
1087
1059
987
1023
979
1087
1055
1011
1079
1111
1075
1071
1039
987
915
1119
1107
963
1015
1063
1167
1027
1091
983
1063
1195
1087
1019
999
971
1067
1047
1015
987
1067
1031
1115
971
1043
967
963
987
1075
1075
1147
1031
943
875
1035
1019
1035
1135
887
1183
1043
1119
987
1047
1067
1031
1159
1015
955
1155
943
1031
1059
1011
963
1055
1171
1063
1003
939
939
1223
1007
999
967
1023
975
295
79
819
2199
1511
1159
