91
1131
835
1043
855
1103
855
979
815
1143
919
1139
867
1191
827
1175
807
1003
815
1159
859
1083
991
1235
915
1179
1011
1283
919
1119
851
1231
935
1263
1107
1155
971
1191
951
1087
915
1003
979
1179
867
1155
831
1259
839
943
911
1071
815
1147
995
1063
987
1091
975
1147
959
1211
1003
1151
947
1199
831
1123
991
1171
795
1131
983
1231
1003
1103
903
1179
915
1111
907
1091
835
1055
959
1095
859
1203
967
1143
915
1147
935
1111
955
1143
847
1171
963
1271
827
1107
1039
1151
959
1019
979
1179
1023
1171
851
1211
915
1111
1059
1223
907
1039
891
1191
879
1175
943
1163
963
1103
819
1127
915
1163
947
1159
963
1227
919
1063
1071
1079
855
1095
911
1155
999
1187
963
1139
1011
1283
895
1155
875
1231
879
1047
903
1059
1027
1123
935
1159
827
1171
1087
1135
935
1127
839
1211
891
1139
999
1119
999
1043
979
1183
927
1223
1023
983
983
1379
927
1115
1031
1111
1067
1019
919
1239
959
1207
939
1055
1091
1231
855
1299
955
1131
943
975
971
1235
927
1043
887
1207
839
1103
955
1095
807
1183
779
1079
931
1079
955
1079
919
1079
995
1227
943
1183
1007
1243
931
1239
807
1143
815
1027
859
1367
1071
1183
963
1235
995
1119
919
1143
971
1139
1015
1095
951
1135
815
1039
879
1091
1111
1095
915
1111
927
1191
999
1203
835
1151
971
1083
1011
1079
1091
1095
979
1211
987
1139
879
1215
855
1067
947
1087
951
1055
935
1115
991
1067
895
1119
899
975
971
1111
987
1175
851
1111
811
1107
923
1143
943
1143
967
1147
963
1055
1023
1131
983
1103
999
1007
807
1115
819
1199
795
959
1027
1131
955
1035
935
1131
1027
1159
827
1119
923
1067
919
1203
983
1187
855
1019
799
1067
959
1271
1059
1027
795
1235
811
1107
867
987
799
1011
815
1235
1079
1159
963
1035
931
1091
987
1019
871
1151
863
1207
811
1143
971
1211
1067
1135
1055
1071
983
1259
891
1099
847
1079
887
1039
1015
1083
979
1135
1051
1227
847
1243
863
1071
1043
1063
963
895
787
1027
931
1259
879
1307
815
1055
863
1163
1079
1175
983
1187
883
1163
911
1079
859
1095
951
1187
899
1015
743
1175
931
1147
827
1099
767
1111
895
1175
879
1227
811
1155
899
1083
935
1099
795
1163
975
1115
1103
1131
907
1027
1071
1219
899
1159
1067
1115
799
1151
1003
1155
767
1171
855
1083
967
1267
915
1235
919
1043
831
1131
987
1051
975
1055
923
1055
963
1095
1043
1215
1107
1159
995
1063
939
1119
911
1091
971
1015
823
1071
1083
1123
899
1123
927
1139
835
1155
1083
931
475
855
683
819
647
1115
931
1143
859
1023
751
1087
871
735
967
1019
935
835
959
963
899
815
1059
979
791
1027
703
843
1023
887
847
1015
967
859
911
815
919
783
987
999
939
771
895
915
859
835
947
935
959
895
975
919
931
971
959
879
827
955
995
939
883
859
923
955
871
919
979
1019
919
855
819
775
831
843
771
915
943
895
1027
847
987
883
947
855
807
831
1007
791
903
971
955
883
1015
767
947
807
863
983
779
827
847
855
959
927
859
867
1023
827
863
799
991
831
979
911
867
907
847
963
847
667
939
935
907
831
1071
719
1075
795
931
743
1051
943
1035
895
923
811
907
895
803
863
875
939
787
939
1071
815
807
971
819
843
1019
807
827
999
943
967
855
795
971
847
1015
963
935
771
1007
971
959
959
911
835
883
1103
895
783
939
939
843
795
799
831
915
907
863
999
879
803
959
799
735
867
815
927
935
951
1019
959
895
795
763
823
751
971
923
963
939
827
931
775
887
979
899
955
939
895
983
879
763
727
1059
967
863
987
967
795
887
915
975
827
835
807
855
831
967
799
1071
815
687
687
835
783
907
1035
903
799
871
911
795
851
839
915
959
891
987
991
891
875
971
899
1015
887
1007
723
1083
783
835
891
823
859
855
891
1067
779
915
807
1087
915
1007
1023
795
835
899
859
891
927
871
751
907
979
799
839
887
963
779
843
839
959
863
1007
839
787
1019
995
791
983
851
895
871
983
947
963
1035
783
919
715
971
795
923
831
911
931
875
799
915
767
779
943
971
1003
783
971
967
971
879
903
1079
843
907
851
1079
943
943
759
931
783
971
823
943
963
1007
899
935
939
895
907
991
1039
931
783
919
903
683
875
1103
771
799
1015
919
923
1011
887
911
763
863
815
883
791
887
879
959
895
1027
851
1055
891
831
791
759
763
935
839
983
799
855
859
1031
851
1059
907
975
1055
919
911
843
1003
1043
875
895
959
895
879
1007
887
971
911
915
975
975
839
879
871
907
987
891
943
907
911
951
935
907
1007
1087
811
983
863
887
879
1027
939
791
807
987
743
907
899
851
863
1099
1035
859
847
947
1031
903
931
811
875
887
879
819
911
859
939
971
987
947
811
911
907
919
739
903
935
911
815
859
827
971
683
915
935
783
911
891
899
831
995
791
875
923
855
859
871
915
863
887
963
959
883
747
847
1047
943
919
855
851
1059
895
935
1019
895
1023
923
819
859
851
819
943
831
791
955
2003
1415
2175
1859
847
1999
