1335
1525
1159
1375
1201
1499
1151
1451
1127
1486
1270
1543
1266
1543
1299
1395
1278
1554
1283
1510
1279
1463
1251
1423
1079
1315
1195
1478
1051
1507
1127
1523
1186
1354
1321
1491
1127
1327
1187
1399
1071
1423
1075
1287
1130
1531
1303
1431
1223
1463
1243
1423
1211
1483
1415
1418
1195
1395
1247
1374
1247
1498
1242
1455
1330
1487
1314
1526
1239
1442
1083
1391
1234
1467
1267
1482
1262
1450
1415
1562
1307
1559
1191
1615
1169
1411
1247
1471
1282
1429
1109
1507
1327
1471
1319
1505
1203
1406
1342
1587
1199
1523
1063
1447
1266
1315
1249
1394
1199
1291
1203
1375
1321
1550
1281
1387
1242
1411
1183
1429
1258
1365
1189
1311
1219
1410
1243
1419
1387
1415
1367
1463
1211
1462
1210
1651
1238
1435
1431
1394
1367
1383
1202
1466
1243
1439
1223
1474
1235
1579
1171
1391
1209
1394
1221
1483
1245
1361
1179
1335
1263
1375
1299
1419
1086
1411
1363
1587
1103
1466
1101
1483
1267
1527
1187
1395
1171
1415
1279
1459
1190
1467
1211
1522
1178
1371
1213
1431
1219
1443
1255
1579
1131
1391
1259
1447
1367
1363
1169
1541
1227
1398
1211
1451
1262
1555
1155
1487
1086
1323
1307
1437
1127
1367
1135
1423
1219
1486
1275
1431
1171
1399
1283
1583
1210
1419
1355
1415
1350
1302
1227
1479
1279
1443
1159
1343
1271
1390
1298
1515
1259
1425
1387
1410
1330
1311
1363
1335
1095
1447
1197
1361
1347
1402
1257
1522
1083
1427
1251
1547
1219
1451
1147
1437
1251
1391
1314
1423
1089
1394
1198
1515
1186
1434
1239
1525
1239
1323
1295
1422
1287
1467
1139
1354
1006
1471
1219
1515
1130
1347
1303
1398
1258
1375
1347
1538
1179
1414
1379
1451
1190
1439
1307
1543
1283
1470
1362
1427
1067
1343
1139
1453
1251
1397
1291
1287
1230
1391
1183
1547
1287
1463
1274
1391
1247
1287
1395
1427
1239
1466
1307
1426
1267
1355
1303
1563
1311
1553
1395
1475
1219
1383
1287
1435
1127
1414
1310
1619
1097
1415
1179
1483
1231
1399
1163
1359
1243
1431
1126
1439
1183
1315
1267
1423
1147
1450
1231
1590
1218
1318
1377
1535
1367
1303
1319
1559
1323
1419
1302
1387
1319
1415
1115
1515
1310
1483
1307
1622
1143
1253
1183
1347
1207
1543
1259
1431
1115
1471
1239
1403
1283
1503
1193
1342
1259
1546
1366
1395
1251
1415
1174
1427
1235
1507
1353
1415
1239
1459
1254
1427
1331
1390
1147
1307
1157
1378
1195
1303
1250
1411
1211
1435
1243
1333
1087
1506
1198
1423
1219
1419
1183
1419
1193
1459
1205
1323
1207
1586
1239
1310
1263
1466
1190
1347
1195
1434
1139
1319
1311
1403
1251
1419
1198
1483
1262
1427
1259
1442
1234
1423
1238
1491
1231
1275
1286
1447
1243
1519
1274
1491
1143
1359
1087
1543
1271
1411
1335
1395
1299
1378
1191
1390
1126
1370
1206
1355
1279
1263
878
1242
962
1085
790
1491
1114
1319
1238
1535
1163
1319
1127
1227
1271
1199
1211
1191
1227
1235
1339
1266
1142
1163
1014
1243
1095
1031
1122
1191
1167
1131
1109
1139
1205
1207
1111
1255
1202
1290
1179
1027
1238
1107
1217
1254
1231
1311
1271
1195
1226
1143
1139
1415
1135
1254
1183
1051
1259
1199
1099
1190
1307
1247
1019
1247
1314
1230
1227
1171
1355
1183
1219
1143
1191
1119
1227
1206
1083
1239
1137
1306
1294
1314
1171
1227
1353
1150
1251
1051
1283
1203
1038
1227
1214
1142
1291
1118
1055
1157
1143
1211
1323
1167
1035
1143
1254
1354
1158
1103
1267
1211
1198
1159
1155
1137
1071
1135
1259
1007
1199
1242
1307
1219
1166
1087
1194
1187
1203
1103
1245
1163
1131
1135
1306
1203
1271
1205
1267
1291
1078
1170
1226
1323
1247
1343
1178
1247
1095
1146
1189
1203
1219
1191
1207
1135
1142
1191
1139
1249
1355
1231
1403
1155
1099
1254
1050
1123
1331
1203
1135
1154
1195
1123
1243
1107
1266
1218
1322
1047
1143
1246
1371
1186
1195
1231
1246
1306
1246
1094
1167
1301
1361
1179
1226
1151
1323
1347
1254
1103
1350
1078
1070
1167
1259
1245
1279
1243
1367
1211
1191
1230
1059
1134
1246
1221
1103
1163
1245
1343
1194
1207
1106
1190
1258
1201
1111
1122
1218
1094
1239
1178
1242
1219
1210
1265
1059
1115
1178
1107
1142
1135
1195
1131
1111
1151
1078
1323
1179
1142
1255
1271
1315
1238
1215
1306
1311
1263
1271
1195
1215
1207
1091
1055
1213
1198
1202
1222
1255
1167
1103
1139
1278
1103
1347
1163
1111
1163
1259
1067
1367
1203
1238
1267
1138
1202
1055
1127
1178
1103
1203
1210
1207
1155
1322
1167
1227
1202
1071
1342
1277
1210
1222
1179
1414
1302
1147
1259
1203
1243
1283
1163
1163
1194
1194
1327
1178
1243
1255
1199
1171
1082
1187
1231
1159
1207
1362
1162
1194
1115
1139
1287
1143
1138
1174
1151
1151
1263
1203
1230
1231
1259
1309
1182
1119
1163
1066
1227
1019
1159
1247
1231
1367
1159
1303
1227
1247
1331
1287
1147
1279
1303
1023
1114
1083
1103
1351
1174
1163
1158
1270
1251
1227
1045
1151
1119
1367
1295
1227
1015
1102
1358
1191
1211
1131
1183
1191
1127
1191
1063
1126
1170
1315
1107
1246
1327
1251
1114
1057
1111
1227
1194
1215
1219
1119
1261
1270
1211
1163
1175
1195
1215
1198
1283
1198
1155
1051
1199
1251
1237
1222
1127
1035
1235
1375
1383
1210
1147
1171
1169
1311
1251
1347
1114
1178
1311
1111
1155
1271
1106
1202
1183
1423
1119
1163
1295
1251
1207
1038
1151
1111
1231
1131
1170
1107
1229
1195
1130
1190
1127
1267
1118
1382
1262
1250
1290
1282
1171
1247
1214
1215
1199
1203
1139
1159
1178
1263
1391
1091
1241
1122
1083
1354
963
1207
1122
1199
1281
1147
1090
1366
1311
1219
1115
1251
1219
1159
1171
1247
1127
1314
1163
1193
1179
1147
1186
1134
1171
1315
1083
1270
1213
1043
1170
1123
1143
1211
1186
1227
1282
231
703
0
1665
1563
703
