1041
1323
1122
1369
1033
1301
979
1354
1150
1362
1046
1289
1094
1323
1169
1254
991
1266
1021
1231
943
1235
1011
1319
1135
1805
1019
1362
1014
1327
1095
1467
1163
1358
1081
1317
927
1299
935
1245
1042
1581
1155
1307
947
1238
1183
1457
1193
1302
1053
1339
1165
1263
1098
1347
999
1578
1055
1311
981
1239
1171
1335
1133
1125
1191
1330
1051
1301
1059
1266
1125
1349
1051
1279
1051
1294
1091
1579
1182
1465
999
1315
1115
1463
1049
1319
1199
1243
1135
1358
1035
1225
1178
1283
1310
1223
969
1585
1171
1343
1003
1931
955
1269
1053
1343
1023
1283
1087
1351
1213
1227
1058
1249
1123
1217
1038
1213
1109
1359
1043
1482
897
1106
1073
2111
1086
1363
1031
1467
1146
1229
1113
1703
978
1287
1071
1283
1091
1593
1011
1691
1030
1334
1013
1470
946
1317
1226
1263
1103
1019
1231
1263
1013
1155
951
1345
927
1197
943
1233
1101
1247
1179
1237
1129
1171
1119
1267
981
1193
1191
1365
1087
1219
1123
1479
1150
1147
979
1270
879
1369
1046
1467
985
1337
1243
1227
1117
1294
1149
1307
907
1195
913
1291
1055
1193
1075
1263
989
1573
915
1351
1102
1183
1035
1693
951
1163
1247
1305
1054
1231
1023
1155
1118
1182
969
1278
1063
1105
1167
1329
1058
1347
871
1367
1055
1267
1083
1271
1034
1225
1131
1345
1070
1274
955
1173
979
1158
1138
1705
1123
1083
1190
1226
1258
1249
1242
1479
1102
1282
1063
1351
993
1207
1033
1087
991
1298
1038
1339
982
1275
1246
1295
955
1227
1122
1347
1055
1307
1087
1286
1211
1294
1025
1210
1033
1227
1083
1483
1027
1193
1150
1287
1131
2035
1202
1297
1157
1302
974
1357
1050
1269
1075
1466
1039
1470
1013
1191
1015
1337
1058
1153
1127
1219
1010
1343
933
1213
995
1353
1123
1699
1171
1313
901
1151
1158
1245
991
1589
1030
1142
1118
1101
1127
1329
1053
1115
975
1290
1003
1211
1075
1585
1070
1453
1146
1354
1161
1271
941
1319
1029
1251
1039
1369
1017
1119
1117
1322
1158
1347
1146
1307
1085
1307
1201
1126
1239
1337
1235
1323
1042
1263
1071
1277
1221
1331
1179
1245
1014
1305
1009
1139
1034
1263
1139
1367
1121
1337
1205
1233
1086
1179
1223
1323
1126
1179
891
1325
1015
1343
1158
1197
999
1222
1055
1163
1071
1349
1187
1319
1105
1213
1222
1257
1073
1190
1054
1269
1154
1187
979
1465
1121
1202
1163
1478
995
1279
933
1310
1033
1819
1127
1451
1083
1225
978
2039
1086
1235
1163
1261
1006
1351
1203
1347
1019
1347
1009
1293
1153
1291
1093
1182
1023
1259
1193
1106
1131
1215
1122
1358
1251
1594
1147
1359
1027
1289
1094
1309
1035
1175
970
1319
1103
1303
1227
1131
994
1234
966
1478
1067
1223
1143
1299
1103
1283
1150
1251
1139
1478
1131
1451
1083
1155
755
1030
846
991
759
1347
1027
1154
1011
1165
1107
1259
1111
1138
1101
1055
1137
1115
983
937
1022
901
1175
1106
823
985
1003
1055
1086
943
1161
923
1070
1065
1091
1113
1075
1007
969
1089
1082
1093
1043
1258
1043
1017
991
987
1182
1150
1247
1039
1187
1063
1047
1055
1046
1030
1075
1043
1093
989
1110
1159
1229
1101
1073
1213
1082
926
1118
1053
1102
978
1043
925
910
1229
1019
1046
1035
1135
1139
1055
1075
1085
1089
1065
1117
878
1135
1163
1067
1193
1101
934
1073
955
1031
1051
1034
1123
1127
911
1018
979
1173
1075
1114
1025
1122
1099
1042
861
1126
1103
1103
1113
1065
1113
1107
937
1009
1015
1151
951
1171
1057
1026
1079
1011
1050
1051
977
1083
1163
1183
945
1042
1017
943
927
905
959
962
995
1058
1122
1027
1095
1091
1131
1158
1030
1051
1143
1075
1075
1083
1167
943
854
1113
1074
1030
923
1074
1063
1034
947
1147
1022
1083
861
1125
1105
943
1105
973
1079
1063
1091
1127
911
1113
1062
1139
1109
1103
1153
1003
1083
1215
1203
1078
1118
1138
1027
1019
1207
1093
1034
1203
1069
1127
1027
1102
1083
993
942
1121
969
1079
1103
1187
1085
1035
1107
1107
1125
1039
983
1001
1041
1135
1138
1094
1057
1117
929
998
1106
941
1051
899
1126
1077
958
1150
1027
1135
1019
1137
1149
1143
863
1033
979
1187
886
1067
1067
1081
1105
1217
1059
1041
1122
1167
1062
1197
1053
975
999
969
1009
1093
1131
1115
1027
995
1062
1059
1107
943
1087
899
1077
1079
1057
1107
1095
1161
1203
1171
979
1025
1159
937
1079
1205
1015
1019
1147
1073
1138
903
1007
1073
1170
959
983
1219
1157
1135
993
1129
1039
1018
1142
1162
875
1083
1127
959
974
1107
1035
1191
1205
1013
1094
1127
1041
1061
987
995
1119
1178
943
1038
1022
1114
967
973
1147
1126
1065
1095
822
1051
971
1010
1031
901
1005
1011
979
1141
954
1197
986
1086
1013
1023
975
951
1105
1039
971
981
967
974
999
1041
979
1159
1075
1059
905
970
1227
1201
1014
1034
949
1054
979
1142
1055
1135
1095
1154
1069
983
1214
1183
1190
1027
1105
1143
1003
950
1185
987
1101
983
907
987
1061
1138
1077
1050
959
1041
1019
1109
1051
1103
1157
957
1005
923
983
1055
1069
1039
1054
1083
1063
1083
1071
1175
1086
1027
1173
915
1067
1082
951
1171
963
1151
1063
1158
997
1073
1019
1018
1153
871
962
1031
953
999
967
1110
1030
1066
990
1079
1075
1103
1001
1065
989
1114
1107
1049
974
1007
1035
1003
1271
1026
1065
926
1154
1059
1087
1031
1105
918
906
901
1115
958
1005
1003
963
1034
1218
1131
1095
1122
1142
1075
1054
1105
997
1130
1147
1119
1046
1059
1102
1126
931
1035
958
1087
994
979
1055
1067
1026
1087
1007
1071
970
1042
1151
951
930
1062
1095
1029
1142
1113
937
1701
1459
1025
1563
319
4294967252
