947
1011
907
1327
1050
1183
1035
1139
1063
1263
1047
1155
1026
1323
1043
1258
903
1215
1023
1203
1102
1247
1042
1335
1083
1211
1083
1243
990
1179
967
1427
1134
1126
975
1151
995
1159
1007
1243
1019
1263
1154
1147
1015
1251
983
1155
1047
1115
1011
1335
1015
1155
983
1291
1086
1175
1059
1171
1015
1187
1099
1318
1019
1399
1099
1138
1135
1159
1198
1243
1091
1119
1087
1323
1011
1235
1107
1219
1038
1186
1107
1243
999
1103
1019
1147
1039
1227
1022
1287
886
1151
1023
1239
1051
1127
967
1219
1051
1203
975
1187
1018
1211
847
1319
1023
1199
955
1171
1059
1319
1059
1267
1119
1171
907
1227
1155
1039
1063
1311
1019
1258
923
1251
1115
1343
1039
1171
1015
1323
919
1371
1115
1223
979
1079
911
1215
878
1378
1138
1182
991
1303
1155
1186
1107
1111
1002
1159
1019
1311
1102
1187
943
1239
963
1283
963
1135
991
1167
1047
1206
1171
1342
991
1255
1019
1214
963
1155
975
1186
1031
1215
1107
1223
1067
1207
1091
1139
983
1283
1050
1171
1003
1083
1127
1158
1107
1235
1091
1203
967
1171
1139
1199
1047
1315
1075
1399
1087
1279
1071
1159
1083
1215
959
1135
1062
1099
1078
1206
1111
1055
851
1095
1147
1215
1047
1231
1023
1219
954
1350
943
1210
839
1151
1078
1307
1059
1187
1003
1163
1163
1247
995
1367
971
1255
927
1203
1051
1159
1055
1135
1027
1271
1015
1155
1091
1195
1099
1243
1135
1338
1195
1187
1030
1215
1143
1171
1019
1203
982
1215
975
1255
1103
1067
1071
1263
1043
1335
1023
1159
1095
1275
1023
1303
935
1331
971
1335
1067
1290
1143
1135
1082
1171
899
1198
979
1199
935
1227
995
1219
955
1331
963
1267
1111
1207
967
1295
1023
1263
1011
1094
1023
1167
975
1215
999
1327
1067
1207
1010
1127
1015
1147
1039
1239
1047
1111
1011
1191
1163
1226
907
1295
1003
1351
1111
1191
1051
1251
967
1235
1115
1179
1178
1258
1067
1247
1047
1122
983
1251
1023
1215
1023
1330
1007
1199
1111
1375
1107
1294
927
1219
983
1042
1099
1227
991
1315
1015
1207
1027
1078
979
1259
887
1307
1147
1143
1190
1326
1071
1310
963
1239
1091
1271
923
1127
943
1307
851
1263
1107
1387
1094
1251
1019
1115
1059
1271
1047
1238
1003
1391
1023
1303
959
1154
1027
1270
1051
1362
955
1283
1059
1023
1047
1235
939
1226
1163
1378
991
1163
1126
1191
1151
1290
1035
1175
1066
1275
1095
1295
918
1155
1107
1154
1095
1226
1023
1399
1147
1267
1095
1115
975
1247
983
1231
967
1139
1055
1151
1079
1219
1107
1219
1115
1095
1015
1287
1023
1295
987
1359
1075
1319
947
1427
975
1107
1047
1283
1111
1335
1067
1059
1059
1235
995
1099
1071
1335
1054
1278
1015
1211
1039
1147
963
1102
823
858
738
834
931
1211
1039
1203
963
1119
991
1214
1139
947
982
1130
951
886
1031
979
855
1015
898
959
971
1043
1035
975
1030
1031
1119
1022
1119
967
1031
835
947
947
962
1023
1023
1175
1003
1011
1099
835
903
1067
1050
931
1115
867
1003
987
1167
1019
927
891
927
991
1023
1191
915
1099
1027
998
1086
927
887
1007
1070
1007
1083
1043
1019
1015
1031
1051
1019
822
1063
1003
923
1055
919
883
995
1111
894
919
959
915
959
791
1111
959
926
1115
934
1010
815
995
927
1015
983
963
1039
1007
895
946
1055
979
938
1119
959
891
1035
967
1130
979
1087
1111
951
963
1047
983
1247
959
975
1095
903
927
943
1115
903
1035
963
871
1026
975
994
1007
1027
943
1047
1138
971
927
963
1015
967
947
1047
1011
975
1038
983
1063
983
931
1019
915
1107
1134
1010
1035
887
939
947
1007
967
995
1015
1051
1067
1078
883
983
1063
1019
1010
947
1075
854
1087
891
951
1071
979
1039
847
818
1023
955
926
983
987
895
1043
890
1083
978
931
999
1011
923
1063
1007
1067
1083
1035
1070
994
975
1035
971
1015
867
963
999
983
1055
1107
1003
1063
1015
891
1095
1067
939
867
931
999
931
1054
899
955
959
1075
1014
883
1059
947
947
1031
926
959
1007
1019
907
1019
874
1199
975
1095
1091
1035
1035
1019
1011
903
1011
987
939
1023
1023
926
951
843
975
1239
995
963
951
959
979
887
931
1019
1039
955
966
1051
1146
1071
1007
883
934
983
1023
1099
1075
1058
1082
919
919
1187
1102
1103
951
1015
939
1111
1059
1022
1123
1019
999
1035
1122
1003
1127
1107
1023
1026
991
978
835
1058
1015
903
919
919
835
935
1055
951
1007
1011
943
939
919
1059
851
1143
975
1091
995
970
946
1151
1107
939
943
939
1107
879
995
999
983
1071
1131
903
995
1078
899
955
1151
1087
975
1007
883
1211
1047
959
1006
1019
1015
958
999
883
1095
851
971
1071
995
1111
1031
1134
1031
1074
1031
954
859
1039
899
1027
1007
899
974
1083
863
971
1027
1007
983
1023
911
1067
875
999
1059
1050
1126
911
1051
1019
999
963
1007
1038
1023
1031
1111
1039
1082
987
983
891
994
1002
963
1074
1066
987
1079
1063
971
1162
967
1023
1051
911
1027
911
1010
863
1055
1035
1075
927
1075
867
978
950
975
1106
971
1002
1019
1067
971
1019
938
959
1007
855
947
999
1074
907
887
899
959
847
943
1050
1003
999
1079
1059
826
755
1014
1058
1087
971
1023
1011
1015
967
923
1014
962
939
1039
955
1043
1003
975
1051
898
879
959
931
910
1091
827
911
1039
1107
1027
1055
963
1003
1083
987
1062
999
906
931
1019
1131
726
1103
1046
1003
1127
923
875
271
2063
1391
2190
331
991
