1917
1503
1455
1610
1430
1572
1443
2033
1332
2043
1482
1584
1391
1564
1342
1634
1453
2084
1475
2074
1244
1606
1411
2107
1421
1782
1392
2144
1358
1607
1496
2060
1393
1768
1427
2035
1379
1634
1534
1550
1416
1773
1481
1643
1363
1587
1415
1634
1413
1503
1494
2035
1504
1709
1427
2078
1513
1557
1402
1558
1399
1635
1477
1565
1527
2068
1565
2109
1426
1699
1491
1775
1437
1607
1466
2031
1495
2064
1427
2064
1470
1550
1383
2038
1348
2047
1405
1768
1413
1576
1465
2128
1418
2043
1442
2063
1405
1634
1462
2060
1426
1611
1491
1635
1431
1587
1624
1645
1325
2138
1417
1575
1346
1637
1464
2033
1491
1554
1447
1575
1362
1787
1333
2071
1399
1582
1443
2109
1476
2058
1431
1541
1490
1554
1452
1565
1273
1770
1340
1626
1464
1553
1504
2079
1375
1619
1578
1578
1397
2070
1421
1496
1429
2099
1597
1580
1532
1773
1501
1645
1494
2078
1482
1581
1471
2093
1504
1578
1398
2054
1427
1707
1355
2110
1470
1555
1616
2114
1542
1768
1453
1774
1484
1568
1427
1602
1559
1606
1365
1617
1482
1635
1509
2190
1479
2029
1549
1541
1412
1589
1496
1512
1515
1527
1435
1571
1425
1521
1355
2062
1422
2038
1463
1710
1343
1557
1546
2048
1477
1613
1408
1779
1512
2147
1475
1779
1413
1709
1365
1700
1341
1611
1377
1567
1490
2085
1487
1580
1367
2161
1489
1709
1430
1592
1460
1620
1454
1603
1404
1481
1389
1636
1396
1550
1518
2063
1530
2060
1477
1768
1453
1602
1473
2076
1493
2079
1585
1600
1496
1562
1428
1641
1427
1634
1345
1553
1407
1586
1433
2035
1494
2115
1484
1605
1407
1774
1531
1597
1461
2051
1482
1609
1607
1631
1422
1631
1407
1631
1379
1847
1378
1613
1489
2148
1316
2132
1483
1701
1577
2133
1387
1771
1559
1711
1446
2053
1542
1575
1465
1846
1475
2110
1566
2088
1451
2079
1541
1777
1444
2034
1406
2059
1388
2183
1509
1768
1518
2069
1567
2026
1417
1605
1567
2033
1597
2051
1581
1779
1518
1595
2049
1586
1533
1707
1598
1637
1467
2035
1511
2091
1567
1607
1382
1638
1349
1509
1462
1773
1566
1444
1525
1543
1372
1539
1426
2054
1453
1642
1371
1631
1397
1780
1500
2117
1468
2093
1367
1617
1492
1612
1464
1633
1547
1567
1455
1845
1576
2103
1419
1639
1541
1704
1549
1629
1397
1570
1478
1780
1402
1630
1465
1554
1451
1781
1471
2039
1540
1627
1768
2065
1560
2027
1446
1602
1473
1775
1481
1843
1583
2065
1492
1619
1433
2067
1425
1617
1421
1581
1429
1586
1513
2046
1459
1633
1441
2142
1584
2036
1518
1641
1442
2072
1441
1642
1468
2025
1466
2189
1415
2141
1509
1624
1471
2083
1537
1774
1431
1607
1534
2081
1524
2132
1451
2117
1401
1847
1437
1566
1501
2027
1548
1777
1494
2093
1463
1499
1353
1504
1509
1572
1489
1845
1323
1541
1609
1776
1319
1486
1222
1484
1169
1485
1177
1843
1464
1582
1437
1594
1447
1564
1481
1445
1412
1520
1420
1504
1381
1402
1473
1458
1527
1397
1432
1465
1373
1370
1446
1397
1430
1512
1304
1482
1379
1486
1447
1294
1373
1421
1547
1372
1405
1502
1467
1379
1447
1473
1474
1431
1483
1458
1377
1442
1439
1343
1321
1449
1418
1352
1584
1372
1359
1413
1503
1502
1477
1458
1395
1582
1495
1253
1469
1446
1491
1342
1382
1433
1435
1378
1336
1307
1334
1464
1447
1527
1514
1356
1467
1406
1520
1277
1422
1446
1442
1479
1270
1344
1287
1363
1365
1432
1403
1415
1374
1453
1574
1512
1443
1438
1446
1458
1431
1386
1447
1506
1325
1545
1461
1449
1456
1415
1339
1437
1394
1396
1639
1477
1402
1495
1537
1335
1340
1419
1562
1405
1355
1423
1481
1363
1489
1554
1489
1385
1404
1309
1525
1444
1456
1447
1517
1378
1581
1386
1422
1457
1475
1438
1466
1323
1446
1498
1548
1415
1360
1437
1565
1497
1422
1382
1492
1313
1435
1327
1414
1515
1490
1429
1381
1392
1519
1388
1388
1370
1385
1393
1468
1391
1274
1496
1456
1406
1531
1292
1392
1436
1392
1348
1467
1322
1485
1376
1407
1391
1355
1514
1400
1317
1463
1589
1500
1582
1539
1330
1370
1484
1391
1512
1563
1401
1403
1474
1509
1407
1463
1382
1354
1494
1435
1481
1459
1278
1458
1380
1559
1472
1387
1531
1482
1512
1523
1487
1574
1465
1344
1385
1368
1468
1466
1495
1335
1384
1475
1301
1419
1357
1406
1437
1360
1490
1445
1361
1416
1451
1598
1513
1446
1329
1389
1244
1491
1449
1467
1473
1448
1561
1321
1482
1573
1561
1401
1437
1489
1377
1456
1449
1385
1455
1482
1457
1418
1471
1515
1527
1367
1298
1375
1447
1505
1354
1344
1425
1411
1421
1503
1372
1472
1328
1494
1454
1373
1462
1435
1502
1392
1527
1495
1335
1329
1304
1450
1415
1381
1394
1367
1450
1264
1424
1485
1299
1388
1385
1421
1415
1473
1415
1445
1441
1328
1436
1338
1418
1478
1484
1481
1337
1420
1455
1532
1384
1477
1296
1379
1371
1423
1512
1469
1391
1267
1416
1377
1360
1399
1420
1404
1363
1443
1407
1443
1340
1378
1520
1325
1323
1371
1468
1338
1351
1249
1450
1453
1446
1481
1318
1566
1631
1522
1333
1446
1298
1452
1311
1459
1427
1397
1401
1459
1446
1303
1493
1368
1538
1387
1408
1389
1327
1362
1420
1406
1449
1471
1424
1411
1370
1467
1343
1563
1552
1479
1433
1317
1447
1424
1341
1365
1454
1387
1284
1415
1295
1474
1484
1429
1587
1539
1435
1437
1543
1465
1446
1498
1377
1471
1431
1493
1534
1371
1459
1306
1282
1471
1340
1368
1357
1507
1350
1499
1227
1398
1399
1457
1306
1557
1454
1503
1339
1391
1339
1358
1230
1437
1510
1410
1635
1530
1344
1343
1365
1309
1590
1319
1353
1373
1415
1487
1391
1427
1462
1420
1391
1267
1348
1471
1374
1438
1392
1345
1464
1438
1339
1372
1410
1488
1385
1362
1439
1524
1375
1398
1351
1483
1385
1383
1392
1587
1413
1422
1462
1354
1382
1065
1331
947
1774
0
1141
