298
1482
1370
1471
1295
1607
1251
1439
1179
1491
1146
1306
1419
1495
1199
1411
1255
1251
1343
1471
1299
1362
1287
1455
1231
1471
1199
1498
1359
1543
1222
1463
1334
1587
1243
1347
1235
1327
1171
1511
1339
1659
1399
1547
1278
1491
1251
1319
1367
1383
1207
1491
1367
1319
1211
1487
1207
1547
1350
1371
1186
1547
1351
1507
1283
1547
1259
1475
1406
1391
1279
1367
1278
1626
1307
1451
1214
1491
1347
1451
1199
1475
1350
1483
1379
1407
1315
1498
1222
1430
1391
1323
1435
1511
1263
1494
1231
1442
1166
1379
1207
1439
1255
1411
1307
1399
1343
1495
1131
1414
1395
1446
1235
1458
1323
1415
1543
1471
1283
1578
1355
1398
1282
1582
1239
1559
1391
1515
1315
1354
1343
1411
1303
1323
1259
1446
1231
1491
1186
1499
1359
1475
1419
1467
1299
1479
1258
1495
1355
1482
1411
1479
1262
1467
1247
1371
1255
1519
1295
1455
1343
1463
1439
1406
1187
1563
1415
1403
1135
1455
1179
1427
1407
1399
1295
1430
1398
1447
1355
1451
1227
1479
1055
1550
1307
1515
1267
1427
1215
1479
1218
1491
1263
1491
1134
1347
1246
1439
1194
1410
1214
1479
1186
1507
1147
1447
1259
1363
1171
1570
1179
1578
1295
1543
1351
1483
1383
1466
1222
1415
1207
1535
1291
1587
1203
1490
1319
1415
1367
1459
1223
1531
1202
1427
1199
1591
1363
1391
1299
1491
1251
1415
1299
1531
1219
1463
1359
1474
1138
1478
1271
1378
1110
1487
1275
1527
1311
1359
1274
1495
1147
1419
1299
1503
1147
1603
1255
1491
1331
1479
1419
1519
1306
1442
1247
1427
1343
1519
1186
1335
1291
1422
1403
1487
1370
1395
1403
1495
1422
1467
1283
1486
1227
1659
1199
1419
1319
1466
1327
1523
1255
1555
1227
1523
1075
1439
1231
1403
1243
1511
1319
1562
1359
1383
1215
1507
1207
1534
1235
1431
1334
1519
1326
1558
1175
1450
1319
1623
1155
1415
1307
1587
1299
1567
1294
1531
1286
1563
1258
1503
1147
1351
1247
1378
1171
1375
1307
1514
1302
1482
1371
1446
1179
1515
1222
1435
1279
1415
1251
1534
1167
1571
1147
1383
1171
1563
1243
1371
1259
1474
1311
1527
1295
1607
1291
1619
1327
1371
1331
1435
1223
1543
1267
1362
1283
1414
1387
1587
1234
1611
1235
1246
1099
1370
1278
1503
1367
1623
1103
1670
1298
1507
1423
1539
1219
1446
1202
1423
1151
1418
1251
1523
1271
1383
1278
1551
1298
1515
1083
1471
1275
1515
1258
1591
1214
1438
1226
1447
1251
1418
1331
1539
1319
1543
1379
1407
1311
1575
1274
1511
1339
1455
1215
1470
1275
1519
1223
1531
1219
1511
1178
1559
1255
1379
1310
1463
1187
1474
1263
1551
1267
1378
1346
1614
1266
1431
1219
1259
1239
1523
1343
1435
1227
1459
1239
1499
1211
1491
1351
1567
1362
1514
1339
1494
1371
1295
1295
1491
1418
1471
1182
1519
1235
1458
1151
1370
1218
1471
987
1203
1047
1207
962
1427
1134
1315
1174
1482
1151
1407
1226
1211
1151
1355
1306
1358
1202
1395
1243
1106
1391
1203
1175
1375
1202
1187
1214
1346
1367
1227
1247
1347
1294
1367
1287
1383
1218
1371
1243
1147
1319
1227
1291
1223
1315
1251
1490
1267
1303
1266
1335
1150
1195
1238
1419
1210
1247
1259
1275
1267
1191
1158
1287
1299
1187
1178
1247
1251
1383
1294
1247
1303
1358
1207
1227
1307
1191
1159
1463
1183
1251
1347
1263
1218
1259
1243
1410
1195
1191
1278
1231
1243
1171
1355
1351
1278
1214
1239
1151
1207
1115
1243
1267
1279
1222
1394
1191
1163
1327
1171
1319
1231
1362
1323
1214
1186
1186
1107
1331
1203
1311
1203
1191
1303
1314
1235
1231
1182
1351
1379
1355
1135
1295
1103
1275
1227
1055
1214
1315
1194
1207
1250
1447
1311
1303
1203
1179
1379
1247
1247
1366
1263
1346
1199
1199
1211
1323
1255
1403
1190
1350
1275
1275
1318
1235
1171
1219
1266
1155
1191
1179
1347
1235
1327
1263
1115
1326
1327
1307
1358
1391
1303
1067
1195
1295
1307
1282
1403
1347
1170
1239
1258
1275
1299
1243
1234
1215
1107
1235
1311
1238
1255
1339
1107
1422
1207
1231
1347
1322
1267
1323
1191
1315
1487
1159
1299
1387
1199
1282
1143
1303
1215
1327
1267
1283
1255
1239
1135
1307
1311
1235
1195
1214
1186
1159
1259
1315
1166
1246
1346
1254
1331
1287
1267
1198
1071
1199
1239
1338
1427
1239
1310
1387
1275
1263
1122
1306
1334
1267
1291
1239
1298
1090
1191
1327
1323
1335
1223
1287
1246
1243
1266
1270
1279
1106
1207
1307
1163
1234
1367
1231
1223
1263
1206
1250
1207
1291
1243
1479
1194
1339
1098
1191
1179
1163
1267
1186
1107
1279
1114
1239
1242
1423
1198
1239
1254
1287
1194
1250
1311
1315
1211
1195
1127
1215
1382
1318
1239
1287
1270
1211
1183
1231
1235
1363
1279
1219
1234
1275
1219
1271
1103
1251
1258
1215
1259
1127
1167
1114
1183
1119
1266
1199
1175
1243
1143
1223
1282
1290
1027
1250
1111
1222
1294
1210
1271
1179
1323
1266
1166
1223
1307
1147
1231
1306
1223
1311
1227
1314
1175
1210
1151
1239
1331
1238
1103
1131
1175
1231
1239
1251
1263
1243
1163
1387
1231
1191
1259
1307
1090
1251
1243
1223
1247
1207
1275
1215
1251
1259
1187
1355
1194
1091
1223
1343
1183
1271
1246
1202
1299
1179
1107
1210
1246
1255
1355
1279
1235
1118
1131
1350
1326
1191
1287
1239
1247
1150
1382
1275
1427
1310
1191
1262
1279
1211
1150
1279
1255
1179
1198
1167
1175
1319
1243
1267
1199
1367
1127
1315
1379
1307
1127
1203
1070
1255
1215
1255
1347
1259
1199
1411
1315
1191
1231
1302
1091
1026
1171
1234
1214
1171
1323
1194
1099
1330
1191
1195
1291
1279
1178
1155
1251
1342
1219
1303
1182
1243
1290
1303
1162
1239
1207
1115
1327
1290
1247
1382
1179
1207
1279
1295
1203
1291
1263
1223
1103
1154
1255
1311
1299
1262
1214
1154
1175
1031
1143
1247
1223
0
2030
299
1735
470
2043
