1227
1163
1034
1145
918
1487
1174
1291
917
1311
939
1126
1075
1235
1123
1185
1055
1161
987
1358
1098
1330
1043
1306
1035
1187
1165
1294
1066
1221
1099
1298
1115
1311
1255
1262
1114
1253
1103
1219
1067
1307
1145
1219
986
1182
1083
1339
1069
1327
1055
1431
1082
1325
1175
1247
998
1297
923
1266
1063
1237
1150
1282
1154
1342
1131
1349
1151
1243
1247
1249
1067
1399
1069
1243
1057
1363
1021
1195
1246
1241
951
1219
1121
1315
1133
1369
1114
1279
1047
1322
1199
1263
1159
1223
1057
1266
1078
1214
1049
1211
1123
1270
1290
1306
1271
1295
1205
1234
1039
1383
1051
1366
959
1387
1179
1250
1123
1199
1194
1269
1061
1295
1045
1339
1018
1459
990
1387
1090
1314
1063
1150
1170
1187
1107
1162
979
1326
1070
1435
1225
1227
1029
1194
995
1465
1099
1267
1158
1323
1095
1387
1013
1299
1189
1379
1119
1219
1143
1209
1134
1355
1231
1239
1138
1199
1035
1258
1129
1399
1183
1221
1058
1083
1138
1187
1135
1319
1219
1363
1093
1206
999
1190
1030
1319
1169
1363
1099
1418
1118
1337
991
1279
1141
1317
1071
1330
906
1143
1065
1191
1029
1335
1063
1285
1258
1251
1021
1251
1133
1202
1003
1295
1158
1365
1063
1418
1042
1270
1115
1301
1090
1303
1093
1051
1137
1299
1151
1173
946
1274
1071
1207
982
1123
1126
1342
1046
1283
1090
1270
1046
1287
975
1179
926
1295
1061
1190
1042
1143
1053
1375
942
1223
1233
1195
1141
1183
997
1143
1070
1266
1083
1159
1127
1383
1099
1243
1071
1215
1114
1338
1211
1358
1147
1298
1059
1305
1166
1243
1165
1225
986
1157
1130
1234
1007
1291
1111
1327
1102
1338
1061
1187
1035
1346
1123
1249
1067
1263
1086
1367
974
1211
1113
1289
1174
1263
1139
1285
1050
1371
1207
1293
1194
1309
1083
1263
1095
1194
1002
1247
1030
1094
1093
1297
1203
1334
954
1271
1149
1198
1111
1275
1089
1199
1129
1239
1167
1266
987
1253
1026
1247
1267
1163
1191
1285
1134
1131
1087
1202
1087
1231
1149
1269
1079
1299
1189
1062
1049
1307
1214
1227
1102
1370
1135
1411
1039
1315
1178
1434
1063
1171
1107
1291
979
1183
1219
1362
990
1379
1069
1363
1181
1375
1105
1342
1143
1314
1109
1290
1101
1319
1101
1327
1190
1263
1137
1187
1163
1259
965
1267
1233
1337
1011
1422
1127
1350
1269
1302
1127
1250
1195
1151
1083
1347
1047
1315
1111
1273
1087
1203
983
1215
1201
1207
1215
1281
999
1211
1135
1335
999
1217
1133
1274
1110
1287
1278
1293
1141
1267
1083
1385
1063
1399
1175
1241
1123
1191
1159
1302
1031
1258
1087
1227
1071
1254
1075
1210
1107
1213
974
1163
1053
1354
1017
1318
1095
1301
1037
1291
1099
1257
1146
1283
1191
1319
1131
1199
973
1187
1139
1227
1107
1229
977
1158
1083
1295
1139
1042
814
1058
762
947
954
1266
1083
1191
1069
1207
947
1331
901
1086
1047
1015
1087
991
1054
890
1085
995
1018
1129
951
1078
1167
1063
1033
1038
961
1047
1103
1087
1071
1047
1113
950
935
1069
1097
987
1119
1179
1231
1045
1047
1103
1119
1009
1047
1122
983
1046
1203
1121
1205
1107
953
1067
1071
950
1106
1074
949
1149
1215
1143
1077
1103
1115
1201
1042
1027
970
1070
1199
1038
1134
1042
991
955
1055
1042
1101
1081
1079
1135
1051
1122
1195
1039
1051
1146
1154
1002
1015
967
971
1013
983
1078
999
1079
1162
1043
1165
1086
1101
1069
1047
943
998
1115
1091
999
1086
1183
1123
1110
1053
1019
1039
1079
855
1073
987
1170
983
1006
1047
1055
1118
1067
1145
1043
1131
983
1043
966
1051
1069
1075
1147
1158
1033
1065
1091
1263
1035
1217
1061
1158
1002
1149
1237
971
1115
1234
1070
1019
1099
1198
989
1085
961
1101
1113
1137
1175
1251
1037
967
999
1101
1197
1153
1065
1111
1037
1079
1058
967
906
1058
999
1041
1138
1121
983
1066
1126
999
1114
947
983
1045
997
1003
982
1142
1003
959
1115
1099
913
1123
994
1043
1043
1015
987
1175
1103
1085
922
1031
1009
1075
914
941
965
1091
1122
949
1062
1059
907
890
1167
1179
1031
927
1071
1134
1289
958
1057
1019
1025
983
1063
1059
1151
1070
1082
1051
1133
939
1073
1085
1031
1066
1103
1203
1031
1055
1035
1147
1159
1141
1003
1226
1145
913
911
1090
1082
1059
1170
1010
1098
1114
1074
970
1015
1089
945
1105
1018
1039
841
1023
1073
1091
1115
978
1074
1135
1079
1207
1251
939
949
1115
1107
1185
775
1035
969
1087
883
1207
974
1071
1031
1163
1126
999
1042
1099
1041
1063
1119
1027
1134
1045
1163
1215
1003
1035
1002
1147
1063
1126
1046
938
893
987
867
1033
1029
1035
1097
1085
1031
1022
1135
1041
1078
1114
1011
1102
977
883
990
1039
1099
997
927
1019
955
1213
999
994
995
994
1071
1018
1023
1079
935
1143
1075
989
1027
975
1106
1079
1054
1007
1034
1119
1002
1103
1111
1051
1011
1022
903
947
1159
1199
1113
1139
1062
922
1095
1191
1002
1041
1025
1001
998
979
1131
1113
1007
1031
1003
1059
1067
1143
1237
1135
1027
1062
1135
1033
1073
975
1127
1174
991
1027
986
1081
1058
919
989
1067
1026
974
1051
1034
1015
1079
1057
993
1069
1091
978
991
1077
1135
1114
943
1023
1017
1062
1167
1013
1033
1043
1051
1083
1103
1005
1159
1055
982
1111
970
1049
1134
1103
1141
1009
1050
926
1111
1131
1075
1063
1179
1043
945
1066
1019
1094
1042
998
1051
990
1229
1119
1037
1195
1049
1106
974
999
1041
1034
1139
1127
922
1091
1123
1007
927
1142
1045
1127
1051
1017
1075
1123
1159
1087
1117
1001
979
1143
975
1018
1071
1159
1163
1090
1149
1019
1022
1058
1099
962
1077
997
1013
926
1675
1101
1591
2118
129
1665
