523
527
523
2375
523
523
523
527
527
523
527
527
527
523
523
531
523
527
523
2331
527
527
527
523
523
527
527
523
523
523
527
523
523
523
523
523
519
523
519
523
527
527
523
523
523
519
523
527
523
523
527
523
523
527
523
519
523
2315
523
523
527
527
523
527
523
523
523
523
523
527
527
2343
519
523
527
523
523
527
527
531
527
523
527
523
523
527
527
2379
527
527
523
523
527
523
527
523
523
2371
519
2311
523
527
523
523
527
2311
527
527
527
527
527
523
527
523
523
2323
523
527
527
523
527
523
527
2383
527
527
523
2335
527
523
523
527
523
527
523
527
527
531
527
523
523
527
523
523
527
523
527
523
527
523
523
523
523
523
527
527
523
527
527
527
523
527
527
527
523
523
523
2311
523
527
523
523
519
519
523
2343
523
2447
523
2319
519
2311
527
2363
523
2339
519
523
527
527
527
523
523
523
527
519
523
523
523
527
519
527
527
523
523
2335
523
519
523
2383
523
527
527
2311
523
527
523
527
527
527
523
527
523
527
519
523
523
527
527
523
527
527
523
523
523
523
523
523
523
2427
523
519
523
523
527
523
527
2383
523
523
519
527
523
523
523
523
527
2323
523
523
523
527
523
2395
523
523
527
523
527
2375
527
523
523
2379
523
523
523
2319
523
523
523
523
527
523
523
527
523
527
527
523
527
2351
527
2351
527
2375
523
527
519
527
527
523
523
527
523
523
527
523
523
523
527
523
527
2315
523
523
527
523
523
2315
523
527
527
2351
523
523
523
519
519
523
523
527
523
527
527
523
527
527
527
527
523
527
523
523
527
523
527
527
527
523
523
519
523
527
523
523
519
527
527
527
527
523
523
523
527
523
523
527
523
523
527
527
527
523
527
523
523
523
523
523
523
523
523
523
527
2407
523
527
527
527
523
523
523
527
523
527
527
527
523
2335
527
523
523
2311
527
2351
527
519
523
527
519
2343
523
523
523
523
523
523
527
527
523
527
527
2351
527
523
527
523
523
2323
523
527
527
527
527
523
527
523
523
2319
523
527
523
523
523
2339
527
523
523
527
527
527
527
523
527
2343
527
523
527
523
527
523
523
527
523
527
523
523
523
523
527
2391
523
527
527
523
527
523
523
527
527
523
527
2455
527
523
519
527
523
523
523
527
523
527
523
2315
519
523
527
527
527
523
527
523
527
527
523
527
523
527
527
523
523
523
527
523
527
523
527
523
523
519
523
523
527
519
519
523
523
523
523
527
527
527
523
523
523
527
523
523
523
523
523
523
527
527
523
523
527
519
523
527
523
523
527
527
523
523
527
527
523
519
523
523
523
523
523
527
523
527
523
527
523
527
527
527
527
523
527
527
523
523
519
523
523
527
527
519
519
523
523
523
523
523
523
523
523
527
523
523
527
523
523
519
523
523
523
527
527
527
523
523
527
527
523
419
419
419
419
419
419
419
419
419
419
419
419
419
419
419
419
419
419
419
419
419
419
419
419
419
1391
519
523
527
527
523
523
527
523
523
527
527
527
523
523
523
523
523
523
519
523
519
523
527
523
523
523
523
523
527
527
519
519
523
523
523
523
523
527
523
523
523
523
531
527
523
527
523
523
523
523
523
523
527
519
523
527
523
523
523
523
523
527
523
527
527
523
527
523
523
527
527
523
523
523
523
523
523
527
527
527
523
527
523
523
523
527
523
527
527
523
523
523
523
527
527
523
523
523
523
523
523
527
523
527
527
527
527
527
527
523
523
523
523
527
527
523
523
523
527
527
527
523
523
523
523
523
523
523
523
523
527
523
527
527
527
527
527
523
527
523
527
523
523
527
523
527
523
527
519
527
527
519
527
527
523
527
523
523
527
523
523
523
527
523
527
527
527
523
523
527
527
523
527
523
523
527
523
519
527
523
523
527
523
523
523
527
527
523
527
523
523
527
527
523
523
523
523
523
523
527
523
523
527
523
527
523
523
523
527
527
523
527
527
523
523
519
523
523
523
527
527
523
523
527
523
519
523
527
523
523
523
523
523
523
527
523
523
527
527
527
523
523
527
527
527
523
523
519
523
527
527
527
523
527
527
523
523
523
519
523
527
523
523
523
523
523
527
523
523
527
527
523
527
523
523
527
527
523
527
527
523
523
527
523
523
523
523
523
523
523
523
527
527
523
523
523
527
523
523
527
527
523
527
523
527
527
527
523
523
527
523
527
523
527
527
527
523
527
527
523
523
527
523
523
527
527
527
523
523
523
527
523
527
523
527
523
523
527
527
527
523
523
527
527
523
523
523
523
523
527
527
523
527
527
523
527
523
523
527
527
527
527
523
527
523
523
523
523
523
523
527
527
527
523
527
523
523
0
239
187
1527
2231
667
