306
311
311
306
310
311
311
309
310
311
310
310
311
306
311
307
309
2247
307
311
314
311
307
309
311
2242
309
310
310
310
311
2238
307
311
310
310
311
311
309
310
307
310
310
307
310
311
307
307
306
307
311
310
307
311
309
307
309
307
311
310
311
306
306
310
305
306
307
309
307
310
307
310
311
309
310
310
306
311
306
2218
309
2278
311
306
311
309
309
310
311
311
311
309
309
307
309
309
307
307
306
311
307
307
309
306
309
314
311
307
307
311
311
307
310
311
310
2217
307
307
307
309
311
309
309
2241
306
310
311
2219
307
306
307
311
307
311
307
311
310
311
311
311
310
307
311
307
309
311
309
309
310
311
310
306
311
310
311
311
309
311
307
310
310
310
307
311
310
311
306
311
311
311
310
307
310
309
311
306
311
311
309
311
310
311
306
311
307
311
311
310
309
306
310
306
307
2251
307
307
309
310
307
306
310
310
311
309
307
307
309
311
307
311
306
307
309
311
305
309
310
310
310
311
311
311
311
311
309
2215
309
307
311
2286
310
309
311
307
310
309
311
309
306
310
306
311
311
311
306
311
311
311
311
310
315
310
309
311
310
310
307
311
310
306
311
309
310
309
309
311
306
311
311
307
311
311
310
311
307
307
309
309
309
310
307
309
306
307
307
310
311
311
311
310
306
310
310
307
311
310
307
311
306
309
309
307
310
310
311
311
311
309
307
307
307
311
311
311
307
310
309
307
306
309
306
309
307
311
311
2222
311
311
306
311
310
310
310
311
311
310
307
311
310
306
310
309
307
307
311
306
311
309
311
309
310
307
306
311
311
307
311
309
307
307
307
309
306
306
309
310
309
2222
310
306
311
2209
311
310
311
309
311
311
307
307
307
311
311
307
310
307
309
307
314
311
309
307
306
310
306
310
309
309
311
311
310
310
311
309
311
309
309
310
306
307
307
311
306
309
309
311
311
310
306
311
311
310
310
311
311
311
309
310
309
307
311
310
309
307
306
307
307
305
310
309
307
311
311
307
311
305
307
311
309
307
311
311
310
307
311
310
311
307
311
311
311
311
307
309
311
311
309
311
310
309
307
311
311
310
309
307
311
309
305
306
309
311
305
306
311
310
311
311
306
311
311
311
306
311
310
311
309
309
309
307
305
311
310
309
309
311
314
309
310
310
309
311
309
311
311
311
309
309
310
307
310
311
306
311
310
311
310
310
311
309
309
310
311
307
310
310
309
311
306
309
311
309
306
309
310
311
309
311
307
311
311
305
311
306
311
310
310
307
310
311
313
307
307
307
310
305
311
311
311
311
306
307
310
311
309
309
307
311
309
309
310
307
311
309
311
306
307
310
311
309
307
311
306
309
309
306
311
306
310
307
311
305
307
307
305
307
311
310
311
310
314
307
311
311
311
311
311
309
307
311
309
307
307
309
311
311
311
309
305
311
311
311
311
306
309
311
311
307
311
310
311
306
306
310
309
311
310
309
314
310
311
310
307
307
310
307
309
309
311
305
307
307
310
310
310
307
311
311
309
309
309
311
311
307
310
314
310
311
314
311
311
310
306
307
307
307
307
311
306
311
309
307
311
306
311
307
307
311
311
311
309
310
311
307
307
311
309
311
310
311
309
310
311
306
311
306
311
311
311
306
306
310
307
311
307
310
311
307
311
309
311
311
309
307
310
309
309
310
309
307
310
314
314
306
309
310
307
310
310
306
311
311
311
309
309
311
311
306
310
310
309
311
306
311
309
309
311
309
309
311
309
311
314
306
307
310
306
307
307
310
309
311
313
311
307
310
311
309
307
310
311
310
309
309
310
311
306
314
311
307
310
311
309
307
309
306
307
311
311
307
311
307
309
307
311
306
307
311
307
306
307
310
310
309
305
307
311
306
306
311
305
307
311
306
307
311
311
311
311
310
307
311
310
305
307
307
310
311
307
311
311
310
311
311
309
307
311
310
309
310
311
307
311
311
307
311
311
311
311
307
309
306
307
306
307
311
303
307
311
311
311
309
311
311
310
309
307
307
311
310
309
311
311
311
311
311
311
307
309
310
309
311
307
311
307
306
306
306
311
311
311
307
309
306
309
311
311
310
311
311
311
309
311
311
310
309
311
307
309
311
307
307
307
311
306
307
310
307
311
309
307
311
307
310
307
310
311
310
311
311
309
307
307
311
311
310
310
309
309
311
311
311
311
311
306
309
310
310
309
306
309
309
309
311
309
309
309
310
307
309
309
307
307
311
311
305
310
309
310
307
311
311
307
311
309
311
311
311
309
309
306
310
311
311
307
310
309
311
306
309
307
307
307
306
306
309
307
309
162
562
627
261
399
657
