451
2327
451
451
447
451
451
451
451
451
451
451
451
451
451
447
451
451
451
451
451
2339
455
451
451
451
451
451
451
2375
451
451
447
451
451
451
451
2311
451
451
451
2395
451
455
451
451
451
2315
451
451
447
451
451
2295
447
451
451
447
451
2387
451
451
451
2279
451
451
451
2355
451
2339
451
2379
451
451
451
2291
447
451
447
2355
451
451
451
2291
447
455
447
451
451
2351
451
447
451
451
451
2395
451
2287
451
447
447
447
451
2275
447
2359
451
451
451
451
455
2279
451
451
455
2299
451
2303
451
2359
451
451
451
451
451
451
451
2335
451
451
451
2311
451
2347
451
451
451
451
451
451
451
451
451
2311
451
451
451
451
451
451
451
2339
451
451
451
451
451
451
451
2331
451
2319
447
2287
447
451
451
2335
443
451
451
451
451
451
451
2319
451
2371
451
2287
451
2331
451
451
451
2275
451
2275
451
2339
451
2399
451
2335
451
451
451
451
451
451
451
2279
451
451
451
2283
451
451
451
2411
451
2315
451
2315
451
2347
447
451
451
2287
451
447
451
2315
451
443
451
2399
455
447
451
2355
451
451
451
2307
451
2279
447
2459
451
447
451
451
451
447
443
2291
451
451
451
443
451
451
447
2299
451
2307
447
451
451
451
447
451
451
451
451
2291
451
2315
451
447
451
2279
451
2367
451
451
451
2303
451
2319
451
451
451
443
455
451
451
2331
455
451
447
451
451
2303
451
447
451
451
451
2355
451
2387
451
2343
451
2295
451
2411
451
2399
451
451
447
451
451
451
447
455
447
451
443
451
451
451
447
451
451
451
451
451
451
2291
447
451
451
451
451
2299
451
2275
451
2359
451
2295
447
2295
451
451
451
451
451
443
451
451
451
446
451
2287
455
451
443
451
451
2303
451
2275
447
451
451
2439
451
451
451
2383
451
451
451
451
451
451
451
451
451
2347
451
451
451
2355
451
451
451
451
455
2327
451
2331
451
451
451
451
451
451
451
451
451
443
451
451
451
451
451
451
451
2355
451
2379
451
451
451
451
451
2307
451
451
451
451
451
2319
451
447
451
2367
455
2359
451
451
451
447
451
447
451
2351
451
451
451
2439
451
451
451
2367
451
2351
451
2287
451
451
451
451
447
2315
451
447
451
2295
451
451
451
2371
451
2331
451
447
451
2343
451
451
451
2319
451
2287
451
2371
447
2291
451
455
451
451
451
2363
451
451
451
2323
451
447
451
451
451
451
451
451
451
451
451
455
451
451
451
451
451
451
451
451
451
451
451
451
451
455
451
455
451
451
451
451
447
451
451
451
451
451
451
451
451
451
447
455
451
451
447
451
451
451
451
451
447
451
451
451
451
451
451
451
451
451
447
451
455
451
451
451
451
451
451
451
451
451
443
451
451
443
447
451
455
451
447
451
451
455
451
451
451
447
451
451
447
451
451
451
451
451
451
451
451
451
451
451
451
451
451
451
451
451
451
451
455
451
451
447
451
451
451
459
459
459
459
459
459
459
459
459
459
459
459
459
459
459
459
459
459
459
459
459
459
459
459
459
1207
447
451
451
447
451
443
451
447
451
451
451
451
447
447
447
451
451
451
451
451
451
451
451
451
447
451
447
443
451
451
447
451
447
451
451
451
447
451
447
451
451
451
451
451
451
451
447
455
443
451
451
451
451
451
451
451
447
447
451
451
451
451
447
451
451
447
451
447
447
451
451
446
447
451
451
451
451
451
451
451
451
451
447
451
451
451
451
2307
451
451
451
451
451
447
451
451
451
443
451
451
447
451
451
451
451
451
451
451
451
451
451
451
451
447
451
451
451
451
451
455
451
447
451
451
451
451
451
451
447
451
451
455
451
451
451
451
451
451
451
451
447
451
451
451
451
451
451
451
451
451
451
451
451
451
451
451
447
451
451
451
451
451
455
451
451
451
451
447
451
451
447
451
451
451
451
451
447
455
451
451
451
451
451
451
451
451
451
451
451
451
447
451
451
455
451
451
455
451
451
451
451
447
451
451
451
451
451
451
451
447
451
451
451
451
451
451
451
451
447
451
451
451
451
451
451
451
451
451
451
451
447
451
2283
451
455
451
451
451
451
451
447
451
451
451
451
451
451
447
451
455
451
451
451
447
451
451
451
451
447
451
451
451
451
451
451
447
451
451
451
451
451
451
451
451
451
451
451
447
443
451
443
455
451
451
451
447
451
451
451
451
451
451
451
451
447
447
447
451
451
451
451
451
447
447
447
451
451
451
447
451
451
455
443
451
455
451
451
451
447
451
451
447
451
451
451
451
451
451
451
451
451
451
451
451
451
447
451
450
451
451
451
451
447
451
455
451
451
451
451
447
447
451
451
451
451
455
451
447
451
451
447
451
451
451
451
451
451
447
447
451
451
451
451
451
451
447
451
207
71
235
0
2075
487
