311
315
317
311
311
310
314
2286
317
2230
313
315
313
317
311
315
315
2227
317
2287
315
317
315
311
318
2235
315
311
310
310
311
313
313
311
315
2339
311
311
311
314
317
310
317
2285
317
314
311
2287
317
2338
314
2271
315
2249
315
314
313
314
315
315
315
318
314
2265
314
311
315
2207
310
314
314
311
311
2211
315
2247
317
315
310
2271
311
313
315
311
315
310
310
317
310
317
311
317
315
2207
313
2266
315
314
311
2305
311
2207
315
2279
315
2265
311
310
314
313
314
311
315
315
310
311
311
310
313
311
314
2250
315
313
311
2262
311
2370
311
313
310
2211
315
314
315
314
315
311
315
2305
314
313
317
311
313
310
311
2282
311
2243
314
2269
317
2261
315
2211
311
2253
314
2314
315
2239
313
2207
310
2259
314
315
310
2283
314
315
315
2211
315
314
315
315
313
314
314
313
315
315
311
315
310
2247
317
2241
314
2314
311
313
315
311
318
2359
313
2255
311
2209
315
317
311
311
311
311
311
314
315
2266
314
313
311
2231
313
2235
315
313
311
313
315
311
318
314
315
2261
315
2222
315
2271
315
315
313
310
311
315
315
2231
313
315
317
2227
311
2207
315
2249
317
317
313
310
315
314
313
311
310
315
311
2321
311
314
317
2359
311
314
311
311
311
314
313
2251
309
311
311
314
311
2325
313
2278
310
310
314
311
315
2290
314
310
315
315
313
2231
310
311
311
2237
315
315
311
311
311
314
313
2239
314
311
311
311
314
2215
311
311
310
314
315
315
311
311
317
2207
311
311
310
2230
315
314
309
2239
311
310
314
314
310
310
311
2291
315
2254
313
313
315
311
317
311
313
317
314
2234
315
315
310
2287
310
2239
311
310
310
317
315
311
315
314
315
313
311
311
310
2255
311
313
311
317
317
311
310
2270
315
315
311
311
313
2211
313
2254
315
317
315
314
311
315
317
311
311
310
317
317
311
315
315
2327
310
317
317
314
315
311
315
2255
311
2271
315
315
314
314
311
2273
311
2207
313
2301
315
2246
314
2219
315
313
315
311
311
315
317
313
315
2239
315
2303
310
2210
315
2383
315
2238
315
2215
315
2267
311
2207
315
317
314
2207
315
314
311
313
310
317
313
311
314
311
311
2279
315
313
311
2273
311
2230
315
2271
311
314
310
2253
315
315
311
315
315
2270
315
310
310
311
311
311
317
314
310
314
311
2271
311
310
313
315
314
315
315
315
311
2298
315
311
311
311
313
2207
313
310
314
311
313
313
313
317
310
317
314
311
311
311
310
315
313
315
311
311
314
311
311
315
315
313
314
311
311
311
315
310
313
315
311
315
315
315
310
311
310
317
310
315
313
311
315
311
315
311
311
311
315
310
310
311
311
310
311
317
310
310
311
311
311
311
314
317
310
317
311
315
311
315
313
311
315
311
311
311
309
310
313
311
317
315
317
314
314
311
311
311
315
315
314
311
315
311
315
311
313
310
314
313
314
318
315
315
315
315
315
315
315
315
315
315
315
315
315
315
315
315
315
315
315
315
315
315
315
315
315
315
315
313
315
309
315
317
315
315
311
315
317
313
313
315
311
311
311
315
313
311
311
313
317
311
310
315
315
311
314
309
310
313
313
315
314
314
311
311
311
310
311
314
310
317
310
307
310
314
314
315
311
314
310
311
313
315
315
315
311
314
313
310
314
313
311
313
313
311
311
311
314
311
315
315
315
311
313
310
314
311
311
311
315
315
310
311
307
311
311
315
310
315
314
315
315
315
314
310
311
313
314
315
311
311
310
315
311
313
314
311
314
311
313
310
314
315
315
315
313
311
311
311
311
311
311
317
311
313
310
311
317
317
313
311
315
311
311
317
311
310
311
313
314
310
310
315
310
311
315
311
311
314
317
311
311
314
311
315
313
311
311
314
318
315
317
314
310
317
314
311
314
315
315
313
311
311
315
310
311
315
315
315
311
313
314
310
311
317
315
318
313
311
313
315
311
311
315
310
314
311
310
313
311
315
318
314
314
311
313
310
315
311
315
311
311
318
313
313
314
315
315
317
318
311
310
310
313
311
317
311
314
317
314
311
311
317
313
311
315
310
310
315
313
313
313
315
317
310
315
311
315
311
311
317
315
314
310
317
310
311
310
311
314
313
313
313
315
315
314
315
311
317
310
315
314
314
311
318
317
317
313
314
317
311
317
311
311
315
315
311
315
311
315
314
311
311
311
315
311
317
314
311
315
311
315
311
315
311
310
314
311
311
313
313
315
317
315
313
311
315
314
315
311
314
315
315
317
311
314
311
314
310
314
311
311
314
315
311
314
315
315
315
310
315
317
317
311
311
313
311
315
315
318
315
313
315
318
311
314
315
315
315
315
315
311
310
311
311
317
315
314
314
311
314
311
313
459
58
0
366
2142
575
