126
123
123
119
119
123
123
2146
123
2155
123
123
123
123
119
127
123
2195
123
2187
123
122
123
2219
126
2131
123
2255
122
123
123
2171
126
2119
123
2147
123
122
123
119
123
2127
122
119
123
119
123
126
127
123
122
2147
123
2111
119
2191
123
126
119
127
119
123
126
119
119
2179
127
2222
122
2111
123
2123
123
123
122
2143
123
2175
123
2175
123
119
123
2151
123
2159
126
2119
122
123
123
2239
122
2155
122
2175
122
126
123
2171
126
119
123
123
119
123
123
123
123
2251
126
119
123
126
123
2143
123
123
123
123
119
2131
122
2183
123
123
123
2222
123
2170
123
123
123
123
123
123
126
2119
123
123
123
126
123
2191
123
123
123
126
126
2183
126
123
122
2211
126
123
123
2123
123
123
123
2190
122
123
119
2203
123
122
123
2167
119
2115
119
2223
123
123
126
2227
127
2123
126
2123
123
123
123
126
123
119
123
122
119
123
126
2302
119
2142
123
127
123
126
123
123
119
123
123
119
122
126
123
2174
123
2150
123
2114
119
126
126
2162
123
126
123
2127
123
2259
119
2127
126
2115
123
2111
123
119
126
123
119
2195
119
123
119
2271
123
2115
123
123
126
123
123
123
123
126
123
123
123
127
126
2175
119
2171
122
2119
122
119
123
2187
126
2191
123
119
123
119
123
123
123
126
123
126
123
126
123
2147
122
2227
123
126
119
2122
123
126
123
2163
123
123
123
123
122
123
123
123
123
2135
119
126
123
2259
123
2243
123
2111
126
2246
123
2119
123
2111
119
2166
119
119
123
2134
119
2223
126
2199
119
2191
123
2123
123
2146
119
2170
123
2295
126
2127
119
2183
123
2138
126
123
123
2146
123
2163
126
2123
123
123
2162
123
126
2115
123
123
123
2147
119
2203
123
123
122
126
123
123
122
2122
123
123
126
123
123
123
119
2167
122
119
123
119
123
2131
123
2230
123
2203
123
122
123
123
126
123
119
123
123
2134
123
2215
119
119
123
2115
127
126
123
126
122
2127
123
122
123
126
123
2130
123
2151
123
123
2119
2230
123
2139
123
123
123
2123
123
2135
123
2175
123
123
123
2179
126
126
126
123
123
119
126
2159
123
126
126
2255
123
2147
123
127
119
2183
126
126
123
2135
123
2299
123
2255
123
123
123
2194
123
2122
123
123
127
2191
123
2243
123
2230
123
2135
123
126
123
2139
123
2127
119
2203
119
123
127
123
123
126
123
2134
123
123
123
2131
119
123
126
123
115
126
126
2135
123
126
119
119
123
123
123
123
123
123
123
123
126
122
123
126
123
123
126
123
122
119
119
123
123
123
123
123
119
119
123
119
122
126
119
123
122
122
123
123
123
126
119
123
123
119
126
123
123
123
122
126
122
123
123
123
123
119
119
127
126
119
122
127
119
123
123
123
119
123
119
123
123
119
123
119
119
123
123
119
123
123
119
119
123
123
126
119
119
123
123
123
119
123
123
123
123
123
123
123
122
123
123
123
119
119
123
123
119
123
123
118
123
123
123
119
123
119
123
123
126
123
127
119
127
123
119
119
119
123
127
119
127
126
123
126
119
123
122
127
123
123
123
123
122
123
126
119
119
123
126
123
118
123
127
123
126
123
123
126
123
123
123
123
123
123
119
126
123
123
119
119
123
123
123
123
126
122
126
123
123
123
119
122
123
123
123
126
123
123
119
123
123
119
118
126
123
123
123
119
122
119
123
126
123
118
123
123
119
123
119
123
123
123
123
119
122
123
119
119
119
119
123
126
123
123
123
123
119
123
123
119
118
123
123
123
122
118
123
126
126
126
122
123
123
123
123
119
123
123
119
126
123
126
122
126
123
119
119
123
119
123
126
123
119
119
123
126
123
126
123
119
126
126
126
123
122
123
123
126
126
123
122
126
119
123
123
123
123
123
123
123
126
127
123
126
119
126
119
123
123
126
123
119
123
127
123
119
123
123
119
123
123
123
126
123
123
119
127
119
123
123
126
123
123
118
123
123
122
123
123
123
123
123
119
119
122
119
126
122
123
123
123
123
123
123
123
123
119
123
123
123
123
123
126
123
123
123
126
123
123
123
119
123
123
123
126
123
123
123
119
123
123
119
123
123
123
123
119
123
119
123
123
119
126
123
123
119
126
119
123
119
123
126
123
119
119
123
123
123
123
123
119
126
123
126
119
119
123
119
123
123
123
123
122
119
123
123
122
123
123
123
123
123
119
126
126
119
119
123
119
123
123
119
126
122
123
119
122
123
123
123
119
119
123
126
123
126
123
119
123
123
123
123
122
123
126
123
119
123
123
123
122
119
122
119
122
119
127
123
123
122
126
123
123
122
123
119
119
123
119
123
123
123
123
123
119
123
119
123
123
123
123
119
126
123
126
123
123
127
123
123
119
123
123
119
123
123
123
122
123
119
119
122
15
99
0
243
243
438
