199
195
195
191
195
191
199
195
195
195
195
195
195
199
195
199
199
191
199
199
199
199
199
199
199
2203
195
191
195
199
199
2147
199
195
195
191
199
199
199
195
195
2167
195
199
199
191
199
2139
195
195
195
199
195
199
191
199
199
2167
199
199
199
199
199
199
195
195
199
191
195
199
199
191
195
199
199
199
199
195
199
2163
195
2143
199
199
199
2147
195
199
199
199
195
195
199
195
199
199
191
199
199
2171
199
199
199
2227
199
195
195
195
199
199
199
199
195
195
195
195
199
195
195
199
195
195
199
2159
195
199
199
2315
195
199
199
2147
199
195
195
2191
191
195
195
199
199
2183
199
2187
195
199
195
2151
195
191
191
199
195
199
199
199
195
199
199
191
199
195
195
199
199
199
199
191
195
199
199
199
199
199
199
195
199
199
199
2159
195
195
199
199
199
191
195
2147
191
195
199
195
191
191
195
199
199
199
195
199
199
199
199
199
195
2159
199
199
199
199
199
2183
199
199
199
191
195
199
199
199
199
199
195
199
199
195
199
191
191
199
195
191
199
199
199
199
195
195
195
195
199
191
195
195
195
195
191
2199
199
199
191
199
195
191
199
2159
191
195
195
199
199
199
195
199
199
199
195
191
199
199
199
195
199
199
195
199
199
199
199
191
199
191
191
199
195
199
199
2159
199
195
195
199
199
2239
195
195
191
195
195
191
199
199
199
2151
199
2155
195
195
199
199
195
195
199
195
191
199
195
191
199
191
195
2187
199
195
195
199
199
195
199
2179
199
199
195
195
199
195
199
199
195
191
199
195
199
2175
199
2135
191
191
199
195
195
199
195
195
199
195
195
199
195
191
199
199
195
195
195
199
195
195
195
191
195
199
195
199
199
191
191
199
199
195
191
195
195
199
199
195
199
195
195
191
191
195
195
195
195
195
195
199
195
199
199
199
191
195
199
199
199
199
199
195
199
195
199
195
195
195
195
195
195
195
195
199
199
2147
195
199
199
2159
199
199
195
195
195
2211
199
2135
195
195
195
2243
199
199
199
195
199
199
199
199
199
199
195
195
195
199
195
199
195
195
195
199
199
199
195
195
195
2179
199
199
195
195
195
195
199
199
195
195
195
199
199
199
199
195
191
2155
195
195
195
199
199
195
199
195
195
2159
199
2135
199
199
199
195
199
199
199
195
199
195
199
195
199
199
199
199
195
199
195
199
199
195
195
195
199
195
199
195
199
195
195
199
195
199
191
195
199
199
199
199
195
195
195
195
199
195
199
195
199
199
195
195
199
195
199
199
199
199
191
195
199
199
195
195
191
199
191
195
199
195
195
191
195
195
195
195
199
191
195
191
199
199
195
195
199
199
195
195
195
195
195
195
199
199
199
199
199
199
195
199
191
191
199
199
199
199
195
199
195
195
195
195
199
199
195
195
199
199
199
195
195
195
199
195
195
199
199
199
199
199
199
199
199
199
199
195
199
199
199
195
195
195
199
195
195
199
199
199
195
191
199
199
195
199
195
191
195
199
199
199
199
199
199
195
195
195
195
199
191
199
191
199
199
199
199
195
195
191
195
195
195
199
199
199
195
195
199
195
195
195
199
195
195
199
199
199
191
195
199
199
199
199
195
195
199
195
199
195
195
199
199
191
195
195
199
199
199
191
199
199
199
195
195
199
195
199
199
199
199
195
195
195
199
195
199
199
199
195
195
199
191
199
199
195
199
191
195
199
199
199
199
195
199
199
195
191
191
199
195
199
199
195
195
195
199
195
195
195
195
199
195
199
199
199
199
199
195
199
199
195
199
199
199
199
199
199
199
195
195
199
195
195
195
199
199
199
199
195
199
195
195
195
195
199
199
195
199
191
199
199
191
195
195
199
199
199
199
195
199
199
199
199
195
195
199
199
195
199
199
199
195
199
199
199
199
199
195
199
195
195
199
195
199
195
195
199
195
195
199
199
199
191
195
195
195
195
195
195
195
195
199
199
191
199
195
199
195
199
199
199
195
195
195
199
191
195
195
195
191
199
199
199
199
195
199
195
199
199
195
195
195
195
199
195
195
195
195
199
199
199
199
195
195
199
195
195
195
199
199
199
199
195
195
195
199
195
199
199
199
195
195
199
199
199
191
195
199
191
195
199
195
199
199
199
199
199
191
195
195
199
199
195
195
199
199
195
199
199
199
195
199
195
191
199
199
195
195
199
191
199
195
191
195
191
199
191
199
195
195
191
203
199
199
199
195
195
191
195
199
195
195
199
199
191
199
199
195
191
195
195
195
199
195
199
199
195
199
195
195
199
199
195
199
191
199
199
195
191
199
199
195
195
195
195
199
195
195
199
191
191
195
195
391
323
191
331
1963
407
