199
199
199
2191
203
199
199
199
199
199
199
199
195
203
199
199
199
199
199
2159
195
203
199
2151
203
199
203
2191
199
199
199
2219
199
203
199
199
195
199
195
2143
199
203
199
199
199
199
199
199
199
2159
195
199
199
199
199
199
203
203
203
207
199
2167
195
199
199
199
199
199
199
203
199
2219
199
203
199
203
195
199
203
199
199
199
199
2171
199
199
199
2267
199
203
203
199
203
199
199
2151
199
199
199
199
195
199
199
2167
199
199
199
199
199
203
199
203
199
199
199
199
195
199
199
199
199
199
203
199
199
195
199
199
199
2159
199
199
199
203
199
199
199
199
203
2199
195
199
199
199
199
199
199
199
199
203
199
203
199
199
199
199
199
199
199
199
199
199
199
199
199
2171
199
2243
199
199
199
203
199
199
199
2203
203
199
199
199
199
199
199
199
195
199
199
199
199
203
199
199
199
203
199
199
203
199
199
199
199
199
199
203
199
199
199
199
203
199
199
199
199
199
199
199
199
2151
199
199
195
199
199
199
199
199
199
199
199
199
199
199
199
199
199
199
199
199
199
199
199
203
199
199
199
199
199
199
199
203
199
2167
199
199
199
199
199
195
195
203
199
199
199
199
199
199
195
2175
199
203
199
199
195
2155
199
199
199
203
199
199
199
199
195
199
195
199
203
199
199
199
199
2183
199
199
195
199
195
199
199
199
199
199
199
199
195
199
203
199
199
199
199
199
199
199
199
199
199
199
195
199
199
199
199
203
199
199
199
199
199
199
199
199
195
203
199
2163
203
2195
199
199
199
199
199
203
199
199
195
2183
199
199
199
199
199
199
199
2163
199
199
195
203
199
199
199
203
195
203
199
195
199
199
199
203
199
199
199
199
199
199
199
199
199
203
199
199
199
195
195
199
203
199
199
199
199
199
203
199
199
2191
195
199
199
203
203
2191
199
199
199
2143
199
203
199
203
199
199
199
199
203
199
199
195
199
199
199
203
199
199
199
199
199
2167
199
199
199
199
203
203
199
2175
199
2163
195
203
199
199
199
199
199
203
199
195
199
199
199
199
199
199
199
199
203
199
199
203
199
199
199
199
199
195
199
199
199
199
199
199
195
2243
203
199
199
199
199
199
199
195
199
203
195
195
195
199
199
199
199
199
199
199
199
199
199
199
203
199
195
199
199
2143
199
199
203
203
199
199
195
199
195
199
199
199
199
199
203
199
199
199
199
195
199
199
203
195
199
199
199
199
203
203
203
199
203
199
199
199
199
203
199
203
199
199
203
199
199
199
195
199
199
203
199
199
195
199
195
203
199
199
199
203
195
199
199
199
199
199
203
199
195
199
199
199
199
199
199
199
199
195
199
199
195
195
199
199
199
199
199
199
199
199
199
199
199
199
203
199
203
195
199
199
199
199
199
199
199
199
199
203
199
199
199
199
199
199
199
199
199
199
199
199
199
199
199
199
199
199
199
199
199
199
199
199
199
199
199
195
199
199
199
199
199
199
199
199
203
199
199
195
199
199
199
199
203
199
199
199
199
195
199
199
199
195
199
199
199
199
199
199
199
199
195
191
191
199
199
199
199
195
199
203
199
199
199
199
199
199
199
199
195
199
199
195
195
195
203
199
199
199
199
199
199
199
199
199
199
199
199
199
195
199
199
199
199
195
199
199
199
199
199
199
199
199
199
195
199
199
199
199
199
195
199
199
199
203
199
199
199
199
199
199
199
199
199
203
199
199
199
199
199
195
199
199
199
195
203
199
199
195
195
199
199
199
199
199
203
199
199
199
195
199
199
199
199
199
199
195
199
199
203
199
199
199
203
199
203
199
203
199
203
199
199
199
199
199
203
195
199
203
199
203
199
199
195
199
199
199
199
199
199
199
199
203
199
199
199
199
199
199
199
199
199
199
203
199
199
199
199
203
199
199
199
199
199
199
199
199
199
199
203
199
199
195
199
203
195
199
199
199
199
199
199
199
199
195
199
199
199
199
199
199
199
199
199
199
199
199
199
199
203
199
203
199
203
199
199
199
203
199
199
199
199
203
199
199
199
203
195
199
199
199
199
195
199
199
203
195
199
195
203
203
199
199
199
199
199
199
203
199
199
203
199
199
199
199
199
199
203
199
195
199
199
199
203
199
199
199
199
199
199
199
203
199
199
199
199
199
203
199
199
199
199
199
199
199
199
199
199
199
203
199
199
199
199
199
199
199
199
199
199
203
199
199
199
203
199
199
199
199
203
203
199
199
199
199
199
199
199
199
199
199
199
199
199
199
199
203
199
199
199
203
199
199
199
199
199
199
199
199
199
199
199
199
199
203
199
203
199
199
199
199
199
199
0
75
207
63
419
547
