1317
1641
1382
1527
1407
1563
1615
1886
1358
1830
1394
1569
1450
1586
1435
1631
1427
1827
1418
1887
1367
1490
1411
1635
1347
1835
1623
1639
1539
1643
1307
1574
1490
1643
1295
1939
1547
1519
1531
1626
1234
1535
1618
1886
1334
1611
1501
1887
1478
1939
1398
1871
1337
1851
1494
1647
1430
1543
1510
1569
1395
1626
1459
1866
1451
1479
1459
1807
1531
1615
1391
1611
1479
1811
1369
1847
1394
1647
1251
1871
1363
1547
1450
1575
1341
1539
1367
1646
1547
1506
1486
1569
1399
1810
1374
1867
1427
1619
1435
1906
1455
1807
1511
1879
1370
1865
1470
1523
1483
1578
1427
1527
1374
1591
1339
1523
1331
1571
1387
1587
1447
1851
1427
1619
1286
1861
1431
1971
1411
1633
1539
1811
1485
1551
1471
1634
1325
1635
1519
1906
1394
1597
1438
1543
1410
1519
1475
1883
1415
1843
1431
1870
1474
1861
1423
1813
1427
1853
1307
1915
1387
1839
1434
1807
1415
1859
1291
1586
1439
1883
1367
1471
1387
1814
1387
1519
1313
1593
1363
1587
1347
1569
1403
1583
1375
1550
1519
1847
1394
1841
1367
1915
1439
1543
1458
1583
1398
1962
1390
1855
1211
1811
1323
1631
1431
1583
1495
1623
1527
1563
1447
1866
1551
1586
1253
1831
1315
1835
1343
1495
1543
1574
1419
1615
1399
1639
1402
1862
1431
1823
1307
1871
1319
1515
1318
1611
1447
1587
1375
1831
1482
1583
1454
1827
1415
1807
1502
1850
1454
1550
1247
1487
1327
1603
1471
1559
1539
1545
1399
1921
1531
1603
1298
1959
1379
1643
1399
1591
1483
1643
1446
1851
1406
1629
1403
1591
1431
1926
1503
1879
1471
1483
1367
1619
1337
1890
1430
1495
1463
1591
1406
1831
1347
1643
1307
1838
1315
1543
1307
1603
1479
1611
1482
1839
1431
1579
1527
1567
1374
1815
1443
1506
1423
1546
1519
1507
1319
1475
1454
1807
1419
1583
1527
1831
1513
1639
1315
1839
1467
1519
1507
1590
1487
1595
1547
1891
1547
1855
1546
1605
1503
1545
1457
1631
1450
1598
1407
1834
1373
1558
1343
1887
1319
1839
1455
1539
1331
1618
1267
1615
1487
1619
1461
1562
1407
1607
1367
1854
1387
1646
1267
1542
1370
1587
1443
1871
1273
1583
1395
1543
1398
1811
1306
1855
1290
1609
1317
1411
1435
1555
1394
1623
1463
1471
1402
1590
1375
1599
1435
1927
1263
1622
1346
1547
1523
1619
1355
1855
1343
1871
1366
1563
1450
1578
1375
1874
1459
1809
1475
1902
1263
1847
1387
1819
1403
1578
1443
1559
1387
1567
1550
1582
1367
1839
1389
1903
1319
1811
1474
1983
1343
1839
1359
1815
1303
1867
1570
1807
1477
1634
1415
1807
1510
1611
1387
1502
1339
1638
1362
1603
1363
1599
1587
1879
1461
1470
1419
1875
1475
1830
1357
1871
1295
1558
1515
1851
1243
1503
1347
1602
1366
1870
1311
1611
1487
1575
1503
1571
1350
1578
1527
1638
1387
1873
1383
1535
1354
1455
1102
1347
1019
1287
1155
1899
1411
1463
1367
1623
1298
1807
1446
1499
1511
1551
1455
1239
1401
1290
1447
1270
1406
1467
1499
1299
1387
1419
1442
1487
1343
1459
1319
1475
1399
1485
1362
1331
1431
1399
1399
1494
1491
1335
1371
1379
1391
1475
1287
1491
1527
1327
1291
1323
1391
1306
1390
1399
1377
1399
1317
1311
1451
1423
1266
1503
1403
1327
1315
1451
1419
1230
1243
1362
1459
1447
1473
1295
1442
1278
1527
1373
1407
1319
1347
1443
1330
1455
1483
1295
1434
1447
1519
1451
1405
1367
1427
1311
1462
1219
1271
1355
1423
1517
1307
1307
1398
1419
1346
1499
1403
1337
1417
1451
1359
1406
1355
1355
1243
1471
1471
1471
1471
1471
1471
1471
1471
1471
1471
1471
1471
1471
1471
1471
1471
1471
1471
1471
1471
1471
1471
1471
1471
1471
1471
1374
1422
1335
1275
1379
1419
1246
1295
1462
1411
1446
1255
1295
1415
1571
1379
1321
1526
1259
1362
1378
1478
1491
1331
1351
1359
1351
1442
1530
1387
1547
1394
1339
1351
1359
1463
1375
1419
1235
1387
1394
1331
1459
1583
1447
1455
1462
1343
1243
1237
1402
1387
1331
1423
1239
1367
1551
1419
1406
1350
1359
1434
1266
1307
1427
1462
1371
1322
1319
1406
1531
1439
1383
1437
1369
1350
1331
1555
1475
1467
1331
1323
1323
1347
1387
1317
1375
1459
1365
1279
1323
1387
1209
1469
1363
1427
1375
1567
1414
1407
1405
1295
1331
1567
1374
1397
1398
1451
1375
1391
1407
1438
1387
1407
1419
1415
1310
1402
1423
1359
1323
1421
1431
1339
1494
1427
1335
1331
1467
1242
1406
1334
1375
1366
1343
1303
1374
1417
1311
1327
1406
1383
1455
1463
1389
1291
1427
1443
1375
1315
1331
1482
1287
1371
1427
1410
1427
1371
1395
1295
1335
1554
1291
1418
1446
1299
1375
1506
1407
1387
1329
1414
1414
1395
1407
1518
1391
1338
1301
1301
1490
1415
1374
1323
1359
1451
1218
1635
1411
1466
1251
1458
1411
1395
1529
1339
1475
1450
1323
1447
1378
1307
1494
1394
1463
1566
1339
1490
1339
1375
1399
1287
1315
1471
1406
1298
1378
1398
1555
1451
1378
1426
1506
1463
1299
1414
1447
1438
1491
1319
1318
1307
1283
1399
1339
1375
1383
1363
1303
1435
1375
1370
1366
1390
1403
1570
1367
1302
1311
1475
1439
1419
1214
1470
1547
1379
1442
1475
1471
1295
1395
1419
1355
1314
1410
1531
1467
1407
1363
1599
1402
1347
1485
1255
1279
1483
1398
1402
1226
1326
1367
1391
1383
1334
1499
1523
1399
1287
1431
1399
1387
1567
1287
1302
1471
1275
1366
1395
1338
1311
1251
1475
1467
1490
1395
1405
1367
1271
1223
1423
1422
1354
1287
1327
1330
1486
1279
1439
1455
1391
1399
1395
1415
1490
1270
1363
1335
1435
1435
1219
1339
1355
1315
1335
1422
1363
1263
1471
1254
1482
1411
1275
1375
1298
1415
1515
1379
1482
1483
1462
1331
1443
1414
1410
1369
1471
1363
1411
1467
1486
1277
1405
1537
1559
1335
1378
1311
1442
1417
1575
1438
1385
1426
1339
1286
1574
1039
998
1407
1347
1183
