959
991
831
1075
803
1019
779
1083
815
1011
771
1003
739
915
787
1003
787
1039
755
991
759
1035
695
1007
751
831
795
1087
739
1131
795
1019
911
1039
855
971
887
1035
791
915
747
1055
839
963
743
959
867
1074
791
1026
843
1111
791
879
747
939
799
1015
891
1043
851
951
719
1051
819
1091
843
979
795
1043
787
1127
811
935
827
979
647
1055
718
999
875
995
807
1138
627
1087
867
979
687
903
711
999
747
1026
835
1031
823
975
855
1079
915
1014
911
1083
771
911
883
1147
811
1015
851
962
763
971
795
1011
766
1034
807
1067
867
935
771
898
827
1155
698
995
763
1151
823
1143
639
1023
923
991
715
1067
639
1023
807
931
847
1115
779
1086
1015
871
883
999
895
983
679
1067
971
1115
747
863
775
1091
743
962
859
971
775
1003
850
1079
927
931
847
839
775
951
639
1043
795
951
807
1051
883
1047
1043
994
831
1107
847
1011
851
931
746
1079
783
931
895
1071
899
1003
783
1087
815
822
839
1059
783
1007
843
1067
823
987
867
1011
915
1019
735
1163
763
971
782
1087
759
975
855
1115
743
1007
871
975
771
931
663
1043
703
887
787
1047
807
1142
995
1087
787
1071
843
1082
787
1051
735
967
891
1011
707
931
791
1019
751
1159
951
887
895
1055
739
971
807
1042
895
935
1007
1139
963
911
987
899
823
1139
611
1007
911
983
815
1083
847
1087
891
1019
883
1011
803
1043
827
1047
735
1095
883
1214
711
1067
691
1035
911
1027
783
1007
871
919
795
1099
1027
1095
719
1083
827
983
870
1043
727
1043
859
1027
687
999
839
983
911
1127
839
1143
831
1095
791
1139
867
1035
843
1023
847
923
791
1031
895
1010
763
1015
739
1207
830
1075
783
1071
743
958
779
991
839
1039
903
991
691
1054
851
923
775
1115
863
1195
927
1043
875
947
819
1051
935
987
731
983
915
1015
879
1098
715
1167
819
1039
859
1015
727
1083
791
1023
847
983
807
1063
618
923
903
1011
767
975
867
1079
723
1163
903
971
815
1063
755
951
915
939
722
1059
891
1055
695
991
791
1187
899
1007
859
999
771
967
739
954
1023
1039
807
931
803
1099
771
947
946
823
783
1155
839
991
763
1035
787
987
859
927
883
983
947
1115
830
1011
831
875
727
991
935
1023
951
1062
855
887
855
995
679
1051
931
1187
859
1150
915
919
863
1015
743
963
871
999
651
1011
807
959
843
1143
706
959
775
1019
819
1163
738
919
791
1047
750
899
771
811
546
779
523
646
567
1123
787
1123
819
995
819
1003
883
839
827
791
735
771
795
859
855
827
870
687
623
923
723
759
851
746
919
823
787
779
751
738
739
790
795
619
778
647
895
759
831
783
1019
699
763
671
911
699
726
703
675
827
847
659
803
651
819
795
1063
831
799
795
907
747
819
663
807
835
719
847
623
811
795
959
831
707
775
835
763
759
755
987
739
831
723
751
807
687
703
815
827
767
767
799
715
803
699
747
871
911
739
747
779
827
827
859
787
887
883
743
803
707
771
475
475
475
475
475
475
475
475
475
475
475
475
475
475
475
475
475
475
475
475
475
475
475
475
475
0
743
887
719
859
763
711
783
887
735
791
871
763
923
847
742
723
851
747
823
827
739
903
859
727
799
770
771
762
763
867
767
839
787
830
755
839
799
755
786
875
687
855
747
730
575
803
715
787
759
743
767
815
850
667
839
911
735
863
746
771
751
783
787
763
735
855
727
723
851
751
755
723
867
771
767
791
867
659
671
787
711
939
895
751
683
719
815
731
743
783
763
675
663
751
839
783
779
702
867
711
799
827
839
843
679
767
895
807
907
755
819
991
731
799
783
839
875
799
715
787
755
771
727
815
939
763
799
967
767
719
947
763
787
855
667
667
899
851
695
787
843
643
799
871
851
822
779
755
719
879
611
1011
775
823
707
835
759
907
919
739
839
811
811
859
643
759
835
763
791
839
790
963
699
743
823
819
839
727
723
779
779
803
755
803
783
591
767
835
951
687
799
731
859
731
790
806
863
807
855
739
702
799
843
755
655
815
911
875
719
779
775
843
763
739
795
683
779
875
795
791
779
759
679
771
738
634
843
927
811
887
703
763
747
767
807
751
819
767
787
879
895
759
799
759
695
803
827
766
823
811
715
731
727
946
703
795
843
787
747
815
715
762
811
835
898
855
683
843
759
819
747
823
863
855
703
886
703
751
714
815
871
627
715
803
739
851
815
823
819
859
923
835
802
795
807
715
851
651
711
719
919
855
682
863
851
847
767
979
779
827
755
711
747
635
687
815
811
691
831
887
811
819
875
819
767
702
803
867
759
803
691
911
711
862
915
731
755
671
767
855
751
851
931
923
683
631
774
819
718
683
883
843
811
834
795
707
667
743
663
751
682
791
863
815
847
823
675
859
807
775
715
783
779
695
703
919
727
1259
1371
1519
1503
1483
1607
