391
587
538
678
413
655
435
686
406
650
447
557
479
669
466
714
491
799
479
799
425
845
529
511
434
723
519
587
422
575
459
803
450
699
466
827
515
653
547
694
619
671
427
753
534
603
494
619
482
637
478
574
415
683
503
527
479
743
587
686
315
619
479
763
538
755
547
723
526
663
502
695
459
630
382
658
565
727
522
803
458
622
511
643
367
903
675
703
567
575
579
830
458
647
493
767
355
615
450
542
643
650
615
618
537
573
422
795
433
795
651
586
499
703
587
614
633
719
411
519
447
695
599
687
574
799
406
750
483
662
391
862
610
711
606
750
450
763
539
735
527
803
571
655
459
727
555
714
522
543
555
743
586
661
581
663
539
717
425
655
511
663
578
743
563
743
421
743
479
727
450
651
595
695
527
707
517
646
599
801
407
699
551
719
531
695
479
807
553
627
395
658
651
595
579
639
559
723
410
723
551
627
354
759
621
813
459
671
431
565
439
727
487
719
575
635
675
625
402
619
298
598
479
755
531
623
403
730
363
666
535
619
471
743
447
735
535
687
583
674
613
703
551
719
530
830
495
675
471
723
543
646
387
838
519
643
419
726
498
697
419
609
407
581
359
610
355
665
526
723
387
830
531
739
629
738
555
682
493
679
503
862
462
671
491
534
330
759
375
847
395
777
542
747
503
731
510
726
582
594
679
563
551
638
482
610
515
671
623
699
383
771
589
667
471
775
375
691
495
871
539
781
611
759
475
751
538
671
547
823
403
689
399
791
439
799
463
586
407
693
647
674
339
615
475
731
399
665
563
687
586
719
551
743
439
571
587
747
578
622
455
763
653
731
514
615
435
663
567
714
463
683
479
698
623
687
515
579
450
677
479
677
334
627
543
643
527
739
483
539
585
722
470
707
319
779
382
719
441
683
459
662
635
703
547
703
527
699
459
695
538
622
501
619
435
698
527
663
506
738
457
711
462
723
355
687
583
774
446
575
541
799
503
621
543
699
487
791
451
707
394
659
350
669
342
719
411
635
407
675
659
795
559
551
465
703
577
699
439
669
405
515
546
765
587
711
579
718
618
617
443
734
554
713
495
711
414
771
486
702
543
754
479
543
599
743
563
615
370
755
447
747
502
625
465
707
535
438
235
499
35
399
254
657
423
699
382
583
491
774
414
615
498
382
499
454
442
427
403
451
447
383
554
399
486
615
407
477
482
595
482
419
555
621
507
430
438
559
575
334
379
435
555
299
455
335
562
346
511
410
343
453
439
482
383
427
507
403
531
349
495
434
513
446
543
447
459
415
311
519
507
195
591
431
419
350
415
578
502
419
551
495
435
359
435
515
450
539
601
430
490
315
530
383
439
523
443
507
583
362
439
373
438
494
226
369
371
426
470
611
411
403
367
419
411
391
334
419
419
419
419
419
419
419
419
419
419
419
419
419
419
419
419
419
419
419
419
419
419
419
419
419
419
391
382
343
435
291
478
346
523
453
406
334
359
450
683
343
430
431
383
471
423
486
427
302
431
311
467
422
415
422
403
346
559
491
593
390
255
391
407
414
511
535
439
439
567
431
538
483
575
451
403
423
351
309
538
451
527
343
427
401
247
514
451
439
263
455
309
478
457
451
430
581
463
531
431
390
471
358
414
455
415
383
487
402
491
515
493
443
303
403
474
378
467
502
242
503
459
330
535
459
391
411
435
547
463
491
601
398
391
367
399
367
415
303
294
375
390
391
387
299
543
337
527
511
475
354
567
282
461
603
470
557
442
671
343
395
299
398
495
350
499
505
474
419
431
450
311
465
451
379
325
403
531
454
459
531
587
278
507
391
559
427
579
495
555
457
430
413
551
383
343
487
419
238
595
465
523
337
411
339
482
546
443
579
419
335
346
542
394
313
355
491
455
353
582
543
482
411
346
515
519
453
503
351
394
547
355
493
407
506
523
351
487
491
447
355
486
337
347
335
439
387
527
491
323
335
507
345
467
379
531
463
487
635
515
451
543
367
459
526
513
435
490
439
523
391
403
379
523
523
390
550
538
217
469
495
523
475
395
418
462
514
462
591
363
438
441
470
503
531
518
414
567
518
395
367
379
499
486
390
263
459
471
359
559
363
487
538
503
495
415
407
450
463
391
367
431
467
387
491
483
531
489
427
531
458
437
423
449
366
491
467
419
419
441
615
397
390
395
523
598
487
503
410
438
575
343
506
471
430
542
499
423
339
471
571
563
569
498
454
431
495
462
475
535
487
447
455
399
394
579
439
611
289
543
415
491
350
327
355
487
438
421
367
475
495
530
407
327
239
330
431
451
407
399
374
639
79
203
0
658
719
