991
1311
915
1339
1119
1175
1039
1311
1047
1167
1034
1167
1087
1243
1119
1323
1011
1239
1111
1283
1051
1339
1023
1267
1215
1407
1106
1295
1031
1327
1079
1267
1099
1211
1111
1171
1019
1371
1103
1247
1022
1307
1107
1327
930
1403
1015
1327
1019
1195
1055
1351
1123
1275
1091
1319
983
1183
979
1175
1103
1271
975
1295
1111
1315
955
1243
1055
1327
1015
1275
1134
1139
1131
1231
1055
1287
1183
1251
1143
1251
1039
1299
1083
1259
1027
1347
1143
1207
1103
1255
895
1203
1067
1311
1150
1339
1031
1315
1095
1223
1019
1175
1071
1171
1127
1251
1031
1347
999
1227
947
1383
983
1226
1031
1223
1107
1343
1159
1263
1107
1143
1027
1159
1134
1279
1034
1311
1219
1211
1079
1354
1082
1299
1079
1195
1095
1331
1107
1295
1167
1155
974
1203
1095
1195
987
1271
1139
1319
1147
1231
1011
1263
915
1403
1135
1487
1151
1295
1067
1239
1054
1283
971
1223
1051
1351
1055
1267
1130
1234
1059
1235
1046
1291
1183
1439
999
1359
999
1427
1123
1255
1119
1219
1035
1219
1030
1291
1087
1427
1207
1443
1155
1379
1207
1235
959
1207
1055
1283
1187
1099
1087
1139
1134
1171
1011
1315
1067
1263
1015
1367
1143
1211
1047
1347
1011
1255
1099
1311
1035
1259
963
1339
1139
1275
1071
1175
875
1187
1095
1087
971
1219
1063
1262
999
1151
1071
1263
1115
1359
1043
1139
1079
1339
1175
1323
1131
1359
1170
1319
1063
1367
1143
1379
971
1307
1119
1267
1083
1379
1075
1315
1127
1391
919
1254
1131
1223
947
1327
935
1179
1159
1339
1062
1287
1115
1255
1043
1303
1195
1195
1059
1283
1067
1279
959
1291
1078
1275
1007
1247
1043
1303
991
1171
1087
1439
1047
1323
1011
1247
1059
1435
1075
1403
1015
1207
1095
1243
955
1243
1275
1227
971
1399
1003
1295
962
1235
1163
1391
1255
1375
1019
1363
1055
1407
1187
1323
979
1279
991
1267
1103
1411
1055
1274
1151
1187
1159
1283
1151
1267
963
1426
1119
1231
1131
1343
1023
1455
1135
1235
1127
1195
1055
1258
1247
1419
999
1391
1067
1335
1067
1331
1103
1182
959
1183
1123
1371
935
1359
983
1403
943
1303
1071
1255
1046
1211
1007
1375
1126
1203
1047
1119
1011
1222
1071
1251
1083
1299
1106
1331
1119
1335
1047
1215
1123
1331
851
1443
1087
1091
1047
1323
1059
1403
1123
1239
1063
1375
1095
1371
1043
1166
1143
1147
1087
1347
975
1283
1055
1295
991
1399
1018
1095
1103
1215
962
1275
1175
1179
967
1247
1103
1135
1171
1171
1039
1355
943
1215
1155
1323
1059
1211
1147
1303
1191
1339
1147
1331
1099
1247
1195
1251
1171
1271
935
1275
1199
1471
1239
1311
1019
1235
1119
1255
983
1171
971
1343
1062
1307
935
1299
1011
1239
1127
1247
999
1266
1095
1175
1119
1258
995
1187
859
951
815
1011
587
1271
1115
1067
979
1259
1062
1147
1087
1091
907
1079
995
915
963
979
1175
1043
1087
935
931
975
1119
959
1063
1099
1055
1055
963
1071
1051
991
1111
1023
886
1039
1091
951
1079
971
1091
1011
1143
1151
1018
919
1179
931
875
1119
1023
943
1075
935
1007
1055
1063
1199
1095
1119
1019
1171
1131
1159
1131
1107
1071
975
903
951
1015
947
1023
1099
975
975
1091
1059
1147
1011
1115
1075
1131
1022
1027
979
999
1079
1043
1162
999
983
967
995
1091
1095
1135
1043
1079
1135
1035
987
1063
1075
1075
971
970
1063
1071
1167
1107
1059
1019
1310
1310
1310
1310
1310
1310
1310
1310
1310
1310
1310
1310
1310
1310
1310
1310
1310
1310
1310
1310
1310
1310
1310
1310
1310
0
919
1078
1091
991
1023
987
999
1062
795
990
859
1135
979
1131
1135
1075
1055
1019
1115
1051
1023
1199
991
1059
915
1027
1067
971
1095
931
1031
1027
1027
1058
1035
991
1039
1163
1007
1103
1119
1123
895
995
955
1083
1067
935
1127
859
1123
1107
1131
995
967
1055
1035
995
855
1047
1103
1059
919
1055
1079
979
999
1063
1079
1151
1011
955
1115
935
1087
991
1151
1015
959
1167
1115
1098
1015
919
1091
1147
1163
1115
1003
1039
1071
966
1079
1019
879
1071
995
1043
955
1119
1027
1095
995
1047
1159
1130
1059
1019
1015
995
1007
1099
1079
1107
951
1011
1127
1023
967
787
1035
867
942
1015
1027
911
1127
1115
1014
1083
1007
975
1011
975
1223
1031
999
891
1107
1187
1071
1103
1191
1051
1139
1003
1099
943
1011
943
1035
1046
935
1126
991
1138
1079
987
1055
1035
1103
1175
991
1011
1111
1071
1027
1135
1119
1059
951
1099
1107
1127
1011
971
995
1127
1107
1022
959
999
983
1127
1011
971
975
1179
1003
1003
1223
1223
1014
1175
1011
1119
991
1006
1015
967
999
1091
1071
1002
923
1079
1123
1047
1035
1107
986
1067
923
1059
1047
1031
1011
923
1015
1027
1079
1191
963
1099
1007
1159
1111
975
1051
1075
959
1015
927
982
1035
947
1059
1131
999
1027
1127
1155
1007
831
1039
1107
1071
974
1043
1010
1015
987
1147
1067
995
1135
1047
927
1251
1059
1063
963
927
1079
1119
863
923
1047
1015
1103
1067
1047
1219
1038
919
1023
1111
1031
983
1183
1063
1002
1018
947
1015
987
1003
1167
1139
1019
1103
1151
1107
1171
1071
1087
1047
1003
955
1139
1047
1071
959
1127
1043
1167
1139
1102
1067
1055
1087
1027
947
1051
1027
1203
1039
1167
1031
1086
983
1015
955
1051
1051
1275
1079
907
1115
1063
935
1323
879
1067
1011
1063
1115
1171
927
1115
1107
1019
935
994
1023
919
1075
1087
1071
1143
1135
1027
915
1091
1079
1051
1067
911
923
967
995
875
1147
1011
1195
942
899
1019
1275
951
1095
1059
1131
1175
1058
979
1051
1074
1343
1235
851
1003
1615
