526
655
363
570
386
635
390
515
351
667
453
673
403
722
361
707
342
531
346
687
390
619
522
763
439
703
547
815
450
654
371
767
470
798
631
687
499
727
482
622
450
527
507
711
399
683
363
787
375
479
439
606
346
675
523
598
518
627
507
683
494
735
527
675
478
731
359
658
526
695
319
666
511
767
531
637
435
711
447
643
442
623
371
590
487
629
391
739
494
675
451
683
467
647
482
679
379
707
499
802
363
642
571
686
491
547
507
714
558
705
383
735
439
631
587
759
438
574
427
723
410
706
475
699
495
631
355
651
450
695
482
691
498
755
447
591
606
603
391
623
439
682
527
711
494
669
543
817
430
690
399
766
411
579
423
595
563
651
463
679
358
699
623
671
467
655
375
739
426
671
535
647
531
579
507
715
458
751
555
519
518
907
459
643
551
639
595
539
447
774
479
731
470
591
626
766
386
834
490
667
475
499
499
763
451
563
411
727
375
638
486
630
335
711
311
599
463
610
487
603
447
614
531
761
474
717
542
779
458
775
339
674
343
547
391
891
599
711
483
771
530
654
447
678
503
673
539
630
482
671
350
575
411
626
646
630
450
639
458
727
519
735
371
675
495
611
531
615
626
623
511
747
519
667
414
747
387
601
481
623
479
591
466
643
527
599
431
643
423
499
507
639
515
711
383
639
342
642
451
675
473
678
503
679
487
583
543
659
515
635
534
531
338
643
355
733
329
491
563
666
487
565
463
667
562
687
362
655
447
591
446
730
517
711
391
543
330
591
494
802
587
562
327
766
346
642
395
519
323
543
347
762
614
695
498
563
463
626
515
555
407
686
398
735
347
671
503
735
602
659
583
603
518
791
427
619
367
614
415
559
539
618
515
671
583
762
375
779
383
595
578
594
491
431
319
559
463
794
414
843
351
591
399
699
611
703
518
719
415
699
447
614
379
623
483
723
435
539
275
711
467
683
359
631
295
646
423
710
415
755
343
691
431
618
471
623
326
695
503
650
635
667
442
551
603
747
423
690
599
650
327
683
534
691
298
703
391
614
502
799
447
771
447
579
362
666
519
586
510
590
451
579
497
627
579
750
639
694
531
598
475
647
447
622
499
550
355
606
618
657
435
659
459
671
363
687
607
466
0
391
211
350
183
639
462
678
387
559
283
603
403
270
499
543
470
370
490
490
434
351
583
510
311
551
239
367
543
419
378
539
503
391
443
350
446
318
523
534
475
303
423
447
379
366
475
467
494
430
507
455
463
502
493
415
363
483
527
475
414
394
455
487
406
447
507
555
454
379
354
303
359
379
306
439
479
430
562
378
522
415
463
379
343
366
531
323
427
507
491
419
547
299
482
338
399
519
311
359
379
387
495
458
394
399
555
347
397
330
527
363
514
438
403
438
383
498
383
199
467
471
438
363
603
251
599
319
466
279
579
471
570
427
454
347
435
429
335
395
405
474
315
467
605
351
335
503
347
371
551
338
362
534
467
503
387
327
495
375
543
495
467
307
542
502
483
483
439
367
418
637
430
315
474
467
367
331
335
359
443
439
397
535
415
334
491
335
267
402
350
447
467
483
551
483
423
327
291
358
286
495
447
498
467
359
463
311
419
511
431
479
467
431
519
407
298
251
587
487
395
522
501
331
423
439
503
355
371
343
383
362
498
323
607
347
218
215
371
314
435
571
434
331
399
443
327
379
371
443
490
426
519
523
426
407
498
435
547
415
535
257
617
314
363
419
351
395
387
415
603
315
439
331
619
447
539
547
331
369
427
387
427
458
403
283
439
515
331
367
418
495
315
367
359
495
395
542
371
307
551
519
323
511
382
427
407
518
481
491
569
318
449
250
495
327
457
363
443
467
399
327
451
298
311
474
507
534
307
506
502
503
411
427
615
377
435
382
615
471
479
287
467
315
495
355
478
495
543
430
463
475
423
435
525
563
451
303
451
427
219
411
637
306
334
543
451
457
539
422
435
299
395
350
419
321
419
406
486
427
563
375
587
415
365
315
287
298
471
375
518
327
387
395
559
382
595
435
507
591
443
439
374
527
579
403
419
487
427
407
543
411
507
446
443
506
502
371
415
403
443
515
415
471
435
446
485
466
439
535
611
346
518
399
417
403
551
467
315
347
522
277
442
427
383
394
627
563
394
375
475
566
435
466
335
403
418
411
355
442
387
459
507
507
479
331
443
442
454
271
439
462
447
347
395
355
499
211
451
463
307
447
427
434
367
530
315
409
454
387
390
403
447
398
423
483
490
419
282
375
582
466
455
383
375
591
419
451
547
426
551
455
350
387
387
347
467
366
323
490
899
635
983
807
501
1159
