639
851
698
814
671
859
483
963
555
842
699
827
559
854
510
731
535
855
475
906
707
842
715
619
627
907
506
843
635
855
667
795
731
899
702
1023
626
879
735
818
727
787
723
819
611
859
691
883
647
911
771
866
715
787
638
795
598
691
643
891
527
851
650
843
719
799
687
863
727
731
695
931
803
843
699
846
623
802
523
875
655
822
731
758
670
863
595
862
591
930
718
767
575
707
671
883
595
883
595
834
555
691
595
807
587
939
767
839
498
814
719
851
706
735
762
931
779
814
803
706
698
859
543
899
663
731
595
783
675
879
646
894
723
714
619
975
667
830
491
843
727
787
555
751
851
895
675
859
710
763
558
887
671
891
619
759
655
939
555
879
579
775
642
835
634
803
575
855
615
835
658
967
663
895
687
947
706
891
655
842
591
803
595
695
587
807
590
875
515
851
779
810
751
842
623
846
738
802
735
795
587
975
586
747
599
823
523
791
683
807
611
838
507
723
583
823
671
739
643
838
546
899
679
831
607
875
682
903
663
722
587
799
662
910
531
795
679
755
559
859
587
795
747
899
687
863
606
767
611
631
595
830
626
742
466
859
707
895
667
871
599
751
614
934
583
838
655
1019
606
883
639
946
651
807
727
830
591
1007
627
790
651
1079
767
731
535
783
591
763
658
911
738
963
631
934
475
918
515
903
595
811
515
879
579
843
411
919
647
835
699
887
543
803
614
866
715
787
635
731
614
843
643
862
691
742
559
858
571
795
719
791
507
907
643
962
631
751
502
791
734
859
767
751
683
779
667
931
590
755
679
855
710
779
751
934
647
855
539
843
631
851
643
751
639
1079
487
795
835
835
719
735
803
886
827
907
575
831
635
863
675
871
679
979
546
747
591
882
647
711
642
826
695
838
518
671
591
915
779
731
598
747
655
847
670
835
498
915
767
770
635
807
691
703
603
823
751
763
694
855
663
859
594
847
619
875
575
750
623
863
575
851
631
886
551
734
654
903
775
855
726
815
598
871
659
811
755
839
547
947
543
830
535
959
699
887
614
871
755
835
615
782
527
670
707
931
499
727
671
887
639
835
795
903
663
963
675
919
482
798
663
895
566
1015
650
758
727
667
678
819
659
875
783
887
767
815
634
867
695
727
403
655
331
575
507
847
595
771
719
823
543
1043
631
623
691
587
671
570
567
679
587
679
507
655
551
571
698
619
647
679
642
491
546
542
618
603
623
607
587
562
642
583
511
678
619
583
655
606
647
631
534
619
619
635
655
659
547
591
647
519
795
531
775
671
707
439
779
695
478
654
507
478
650
535
659
582
607
471
547
607
599
747
575
542
567
643
647
707
635
523
519
519
639
571
543
715
650
550
635
467
515
675
535
571
583
603
722
679
606
582
571
559
695
614
683
607
487
563
578
767
767
767
767
767
767
767
767
767
767
767
767
767
767
767
767
767
767
767
767
767
767
767
767
767
767
799
635
543
635
651
619
515
535
447
611
527
591
471
666
531
674
655
555
691
742
522
582
759
651
631
607
582
750
575
543
678
639
735
731
595
683
451
591
642
431
554
611
671
599
755
615
627
698
558
654
610
619
591
678
607
455
635
706
595
579
579
639
630
587
583
571
535
623
466
642
599
647
638
683
683
735
607
666
655
615
618
494
571
667
638
619
579
559
671
510
634
663
655
719
630
570
614
699
855
571
574
710
715
543
483
547
538
675
523
758
567
523
511
715
686
666
522
583
679
583
699
555
543
619
627
679
742
579
502
559
631
655
659
438
651
447
575
546
690
683
531
607
679
910
655
611
527
711
687
575
519
450
659
622
691
567
619
582
667
638
683
579
527
639
655
595
459
655
550
643
687
563
495
539
615
690
591
667
482
727
471
538
534
539
503
614
543
499
590
635
571
647
527
666
582
707
447
691
627
555
642
486
659
726
611
627
619
598
687
683
666
627
667
555
495
646
606
594
595
687
603
535
731
639
687
619
622
687
487
583
583
563
766
651
567
727
483
566
603
535
607
579
702
711
687
699
523
567
643
603
479
627
635
422
675
506
639
695
651
726
555
614
519
582
619
598
643
599
627
654
739
447
687
670
519
694
691
555
574
750
631
619
551
686
671
694
491
618
483
595
579
587
519
643
587
539
614
598
551
567
699
491
655
691
583
686
634
691
687
655
738
579
523
583
539
671
495
563
498
567
599
635
503
591
495
623
615
654
467
731
527
635
495
598
523
735
674
519
699
614
707
539
462
639
507
539
554
598
671
575
531
655
503
651
594
599
514
711
614
487
634
631
567
667
662
631
499
631
499
763
623
643
567
510
490
367
0
699
571
239
515
