398
467
362
783
507
637
491
599
519
719
511
607
479
779
495
706
350
671
475
655
554
694
490
791
535
661
539
703
441
627
423
883
586
579
431
611
447
609
463
702
477
719
602
598
471
703
434
602
503
567
467
791
462
607
430
747
538
621
519
621
462
635
549
771
466
849
546
589
595
619
646
699
547
571
534
783
467
691
563
675
491
635
561
690
459
551
475
603
490
675
479
739
338
607
479
695
506
578
427
675
502
663
425
635
467
663
294
770
475
651
415
631
511
769
515
723
571
631
363
687
607
490
519
763
475
706
370
707
575
794
485
614
471
775
373
819
579
674
435
535
363
675
326
827
590
630
451
753
611
634
559
559
450
607
469
775
551
633
393
690
426
743
423
591
443
617
511
659
631
795
441
711
467
662
415
606
435
634
485
670
571
679
523
667
542
595
437
743
499
623
463
535
579
615
561
686
547
655
423
627
595
653
503
766
526
854
543
735
522
615
538
663
411
591
510
559
526
657
567
511
307
551
607
667
494
678
474
675
402
798
395
659
302
607
526
767
509
637
459
619
619
703
449
818
431
711
383
659
507
611
511
591
477
735
470
606
538
651
555
699
595
787
643
651
478
662
603
622
475
663
434
666
431
711
557
517
531
715
491
791
470
623
551
727
479
755
390
782
427
799
519
738
594
591
531
623
359
645
443
659
391
675
447
675
411
782
419
723
567
663
427
747
483
715
475
543
483
623
431
671
463
778
514
654
461
583
462
607
491
699
503
561
471
655
619
679
367
750
459
802
571
651
511
706
419
685
569
629
625
702
523
699
501
575
433
707
477
671
479
783
463
659
559
822
567
742
374
679
430
489
559
687
438
771
463
667
482
531
435
715
341
763
607
602
638
775
527
762
414
699
547
722
383
582
399
767
311
711
561
843
541
699
471
569
519
731
503
686
459
841
479
754
415
606
483
718
507
810
411
730
515
482
501
691
395
674
619
826
447
619
574
651
607
739
495
627
514
727
555
751
367
607
563
602
546
674
479
859
599
723
551
575
435
698
434
687
418
591
511
611
539
679
558
679
562
559
471
742
474
746
443
810
526
771
394
874
431
563
497
739
569
783
515
515
510
687
451
551
531
785
502
727
475
662
495
598
419
550
283
306
186
282
387
659
491
659
413
575
443
662
590
399
434
577
402
337
491
433
306
471
346
413
427
497
491
431
478
491
569
470
577
427
487
295
394
401
410
474
483
627
459
475
555
295
355
521
499
383
563
323
454
443
631
475
381
342
378
443
474
643
371
554
483
446
534
387
347
463
518
467
533
499
475
479
491
507
473
271
519
455
379
506
375
343
455
571
345
379
415
371
415
247
567
419
379
571
382
461
266
459
383
471
430
419
495
463
355
394
511
443
386
579
423
347
499
423
582
435
543
571
407
415
498
439
699
423
431
546
358
383
407
579
367
491
418
329
474
427
442
471
487
407
501
585
431
387
419
471
423
407
499
463
431
495
435
514
430
395
475
379
563
586
458
486
347
399
394
467
414
455
471
511
522
526
339
443
523
479
467
407
539
305
543
339
405
527
435
493
307
266
479
419
378
437
451
346
497
342
533
431
382
450
467
387
513
463
527
543
482
517
442
421
491
422
475
323
423
451
447
519
562
455
527
462
351
547
526
403
314
391
450
391
502
359
415
414
531
462
347
511
411
403
491
379
411
462
479
367
466
322
646
439
551
555
486
495
474
469
363
458
434
386
477
479
374
407
303
431
691
451
423
411
415
439
343
383
473
493
402
418
507
598
531
463
330
382
438
478
553
526
506
531
379
375
651
550
554
407
462
399
567
518
474
579
466
455
498
570
467
587
559
483
474
445
431
295
506
471
359
379
375
295
391
511
403
459
471
401
399
375
513
298
595
427
545
451
422
398
611
555
385
399
403
554
327
455
459
430
527
595
350
451
531
345
419
607
547
427
461
339
659
498
423
455
475
469
409
459
347
549
307
427
526
447
563
485
585
487
522
491
402
310
493
355
487
463
355
422
534
323
427
479
471
431
483
367
521
335
453
515
498
579
371
506
470
455
410
458
495
474
479
571
494
535
441
429
351
443
453
409
522
514
447
531
511
427
611
421
479
507
367
477
367
458
314
519
493
522
374
527
317
430
402
429
557
418
454
475
523
427
475
387
415
463
319
407
451
525
358
341
363
418
303
403
498
463
459
535
519
277
210
465
510
537
431
471
461
471
423
371
462
413
395
495
407
494
467
426
507
351
329
415
383
362
547
281
375
495
567
477
511
419
455
534
443
515
451
357
395
479
591
174
553
494
455
583
374
331
186
799
534
922
223
583
