323
555
439
611
391
683
443
719
367
695
563
619
375
663
339
491
451
563
387
667
343
723
451
435
479
651
455
539
251
651
347
711
423
655
547
675
483
499
383
551
455
583
355
543
359
643
467
591
467
583
547
579
451
715
431
523
407
591
419
639
379
603
459
647
431
687
623
623
443
631
407
623
447
595
427
475
611
523
363
559
455
611
487
471
555
639
431
635
475
635
419
615
411
707
307
691
403
559
355
751
415
655
459
731
347
595
283
555
435
723
427
575
531
655
307
587
523
639
463
583
455
583
471
719
443
571
391
647
411
695
443
703
379
587
435
679
447
627
431
743
423
775
375
595
479
703
443
755
383
499
463
523
331
435
403
567
527
619
415
619
611
847
475
655
507
639
527
639
463
591
475
643
427
591
575
623
423
771
339
739
407
543
219
563
515
791
535
575
455
599
447
591
523
663
515
583
439
663
555
727
315
635
447
579
459
687
359
615
351
659
435
715
431
663
359
519
375
579
387
655
403
703
435
751
507
611
387
611
415
631
299
507
475
467
423
623
439
431
491
763
407
563
567
547
267
507
515
579
479
699
431
635
559
495
539
843
379
695
487
627
335
427
395
451
475
583
479
603
399
639
331
591
471
659
535
559
283
539
383
599
367
619
443
619
487
719
539
551
479
719
415
503
447
707
447
603
511
663
519
619
263
663
347
707
423
499
523
663
423
495
427
799
487
723
423
567
427
583
463
667
391
639
375
615
455
775
319
723
395
679
451
563
435
635
523
691
435
647
507
611
383
551
459
683
503
555
415
627
359
563
387
647
295
707
487
655
363
607
491
647
399
631
351
671
311
639
483
575
643
631
455
675
651
631
499
639
523
599
431
515
423
551
375
823
443
675
363
715
391
687
351
567
515
679
407
655
547
615
507
675
303
651
491
635
491
659
323
651
479
543
459
735
335
547
399
795
471
635
535
755
419
543
539
711
555
511
451
531
335
711
339
419
339
591
475
639
359
647
411
723
447
567
527
691
459
703
375
735
415
603
543
591
499
883
539
699
427
455
487
603
451
571
523
611
571
743
635
755
383
491
567
691
327
671
359
695
315
663
579
663
423
631
335
559
523
655
483
607
407
659
567
727
311
619
423
539
415
487
39
251
279
315
115
675
411
639
303
547
367
599
471
419
411
287
411
515
443
415
503
427
419
355
599
511
375
247
411
343
459
363
327
395
399
415
571
447
387
347
343
283
431
431
563
443
503
323
439
579
359
407
523
307
399
399
515
479
455
447
375
443
407
379
387
247
519
339
259
299
359
447
459
319
423
475
419
471
555
523
463
399
399
447
491
435
315
431
515
527
391
387
519
427
419
475
443
415
543
339
375
383
427
535
491
243
379
519
427
343
495
343
615
351
411
339
315
471
403
383
311
343
467
495
335
431
427
371
247
311
455
407
595
291
479
399
399
263
439
315
571
543
359
471
395
315
331
487
467
399
491
363
367
363
367
443
555
395
383
395
531
215
555
399
403
491
435
411
471
435
387
343
431
371
463
455
327
475
515
355
379
483
471
391
387
331
467
503
471
527
327
351
407
387
535
439
347
423
431
339
435
259
399
503
599
355
519
507
419
399
391
407
463
383
419
319
399
435
379
523
455
463
347
459
507
383
475
343
391
479
375
515
407
251
595
319
567
387
611
487
455
391
443
395
547
479
375
399
431
363
343
375
399
515
383
519
295
523
523
475
475
179
379
319
391
399
455
487
323
583
415
359
475
395
447
347
483
539
439
383
443
287
351
391
395
351
475
363
379
355
427
435
559
319
519
367
387
451
359
539
519
363
351
399
395
435
531
367
519
399
371
491
383
327
255
383
415
307
467
383
483
435
307
359
335
507
435
479
387
439
479
331
367
371
555
387
459
427
503
499
359
343
387
403
423
443
543
431
395
435
563
467
407
415
515
415
387
511
327
431
451
367
383
391
543
375
423
371
347
387
595
347
295
375
435
351
339
291
451
431
503
359
439
411
235
319
463
475
551
283
399
471
431
331
479
387
431
431
447
447
427
431
519
307
379
291
307
507
375
335
351
279
403
371
487
403
463
455
435
343
419
363
519
423
447
355
255
399
335
415
439
375
343
371
351
487
307
319
327
319
359
443
367
407
411
363
239
431
487
335
567
375
411
327
383
479
323
403
383
311
443
403
487
415
443
295
455
419
475
467
387
403
515
351
431
371
507
491
415
343
483
463
407
543
455
323
439
463
535
467
395
331
447
403
451
291
375
347
387
419
347
307
259
359
435
295
403
335
347
363
443
407
407
183
271
239
371
251
483
279
391
535
67
3
367
435
