586
854
593
929
517
887
757
814
679
833
718
819
668
927
802
875
538
820
644
721
636
867
551
746
559
883
579
853
699
839
730
746
554
865
694
951
728
765
713
787
822
913
795
910
557
839
570
999
691
850
609
933
584
777
725
979
674
848
666
823
775
900
900
955
733
807
668
903
663
782
698
795
650
872
634
955
682
1046
682
832
858
864
539
875
679
921
687
954
690
875
707
879
702
831
701
924
793
820
789
775
597
823
583
711
583
819
702
838
579
868
725
807
747
697
529
799
702
758
715
763
599
858
635
883
714
890
654
752
756
807
759
817
680
751
638
942
592
930
624
838
689
846
619
832
753
723
730
757
795
793
709
769
549
961
578
894
627
745
698
799
770
920
750
790
442
955
581
829
718
770
668
867
614
891
741
867
651
744
675
865
707
821
766
694
603
887
685
890
499
747
695
893
739
888
597
731
763
846
523
906
667
825
644
781
754
867
636
897
590
957
677
814
667
913
579
823
579
757
611
917
629
790
710
769
601
758
723
780
609
715
587
919
695
862
652
838
631
923
678
891
657
719
510
872
707
719
737
707
649
841
574
883
584
802
630
772
741
843
594
751
611
977
735
746
711
783
634
818
771
859
675
1003
667
865
670
831
695
695
532
796
653
810
555
893
634
806
603
871
629
976
737
862
572
919
628
795
490
718
529
927
661
873
698
873
566
872
637
918
529
813
747
925
640
790
610
749
827
798
644
837
834
822
697
830
671
887
641
849
546
890
601
818
662
928
770
1017
607
817
658
926
682
809
634
791
726
781
683
726
582
905
718
958
734
740
675
971
519
769
555
913
724
788
629
841
511
723
646
822
599
899
851
812
689
772
621
931
782
740
744
869
661
919
927
805
782
755
650
1011
617
737
434
870
628
707
600
777
573
983
849
959
481
885
650
912
680
827
713
710
574
834
637
726
628
775
692
843
561
762
611
822
819
691
731
810
756
821
702
865
718
811
687
907
533
827
634
883
597
790
682
774
602
752
695
701
439
845
802
772
827
772
679
908
765
770
508
933
819
839
571
911
587
799
608
890
614
901
671
833
683
901
627
959
652
765
703
704
715
863
627
985
557
814
731
923
695
795
629
837
602
946
482
898
557
823
563
779
517
576
358
634
307
577
313
756
456
783
593
801
707
737
668
602
797
603
629
545
660
689
643
656
549
627
577
588
466
563
659
641
648
746
699
643
617
610
615
470
547
605
634
601
679
582
842
597
600
641
727
475
536
566
641
662
662
684
569
688
755
521
643
538
751
763
710
586
625
577
519
553
611
460
581
506
527
589
603
588
554
730
678
615
757
702
525
636
617
658
599
498
635
754
583
576
575
723
490
683
575
631
631
472
664
551
603
519
627
679
557
567
635
745
675
605
638
643
595
618
602
570
737
471
645
547
698
563
660
646
696
679
617
758
393
554
593
733
611
492
581
622
638
614
639
684
590
584
671
499
774
586
670
526
651
543
614
655
655
522
634
563
671
569
723
487
701
535
732
569
666
662
715
532
757
486
731
701
656
703
655
359
603
533
723
660
595
687
579
775
589
600
686
524
522
469
595
590
762
470
657
579
687
386
547
641
731
578
583
645
774
642
586
727
607
620
605
547
574
647
669
672
607
640
687
461
691
542
688
599
561
678
750
638
539
524
544
551
556
509
559
579
669
645
662
735
875
614
535
603
520
485
667
599
677
641
762
714
746
642
562
433
631
656
711
408
690
514
545
527
539
485
634
762
723
644
679
482
566
675
626
496
643
565
599
625
563
536
737
578
549
677
568
719
573
618
658
699
698
578
543
738
544
634
571
579
674
614
446
721
684
618
766
639
541
553
593
640
435
615
497
722
587
632
484
548
454
816
661
661
745
662
514
633
521
606
649
693
586
623
591
483
559
479
711
727
587
631
756
682
595
547
714
527
733
595
791
586
730
523
573
595
650
607
709
581
739
603
634
658
723
646
519
654
700
586
614
578
568
821
659
609
595
707
581
721
717
569
582
609
447
532
568
694
647
709
667
549
695
579
699
659
632
653
783
585
671
515
597
587
536
538
471
570
653
503
635
698
561
577
559
579
599
651
639
671
493
587
584
609
729
521
558
615
587
501
615
576
716
643
557
599
593
607
646
485
607
529
683
578
655
537
559
660
626
695
678
650
653
575
646
602
494
547
643
559
663
667
715
811
564
535
636
730
677
675
590
650
643
445
707
646
720
761
721
615
641
609
644
644
637
531
488
721
616
629
671
761
718
655
537
571
610
567
599
672
586
499
747
821
513
614
695
667
537
607
620
701
461
581
591
447
0
379
929
198
111
935
