1114
1519
1046
1191
1099
1109
950
1230
1035
974
955
1139
1103
1131
1059
1197
1087
1231
949
1074
1155
1533
1077
1163
885
1107
1019
1227
1053
1567
1059
1211
1073
1154
1039
1235
1071
1501
934
1219
1067
1589
979
1198
1147
1194
1115
1506
1157
1211
1013
1213
970
1487
882
1223
959
1215
1059
1579
926
1175
947
1471
1054
1130
971
1547
994
1530
966
1573
1158
1207
1063
1485
993
1197
1003
1547
981
1167
893
1483
1021
1134
1037
1203
1074
1543
1090
1223
927
1223
1002
1590
1003
1479
1094
1146
1027
1057
1023
1467
1097
1551
1018
1155
1167
1185
1041
1473
1117
1214
1018
1491
1163
1495
975
1551
898
1163
889
1223
985
1219
1079
1527
1207
1207
995
1502
982
1538
1007
1211
1115
1202
982
1210
1062
1143
975
1502
1031
1215
1083
1239
1111
1170
1007
1529
970
1143
1143
1175
1022
1147
1099
1522
935
1510
1097
1477
1061
1154
979
1530
1162
1078
1026
1202
971
1207
979
1513
886
1563
1169
1479
970
1525
1079
1179
879
1467
1071
1465
1035
1531
917
1593
1158
1527
1219
1143
1099
1223
1055
1081
1139
1470
979
1223
955
1475
987
1219
1183
1603
1017
1506
1025
1509
1198
1539
1154
1173
1126
1478
963
1214
1135
1507
1026
1229
1063
1591
1037
1182
1042
1546
1095
1131
998
1499
1051
1473
911
1651
1051
1181
998
1147
1095
1106
965
1485
1183
1195
1119
1089
1067
1091
1030
1491
1126
1498
1054
1179
1135
1215
1102
1131
1063
1022
994
1483
1071
1506
967
1158
1023
1471
987
1559
999
1103
975
1497
962
1511
967
1095
978
1145
1049
1163
1023
1523
1010
1122
949
1146
931
1495
1075
1137
1047
1173
1138
1546
1003
1579
1063
1535
1067
1487
967
1605
923
1591
966
1182
963
1111
958
1203
1018
1173
1141
1187
982
1073
911
1202
993
1191
1061
1187
1113
1179
1043
1483
1111
1167
1027
1231
1110
1491
1007
1467
1035
1551
977
1486
1029
1487
990
1215
1021
1223
1131
1099
1055
1158
1189
1218
990
1478
1002
1183
1162
1197
994
1495
1067
1467
1073
1174
973
1630
923
1190
1175
1575
983
1181
1091
1142
967
1229
882
1185
1034
1542
1123
1194
1095
1547
1007
1235
965
1207
1005
1519
967
1523
1139
1103
1055
1133
1125
1223
987
1211
1006
1166
1027
1179
975
1230
990
1154
1046
1549
1019
1571
1077
1235
1079
1183
959
1501
911
1194
1083
1235
1019
1513
1015
1159
995
1558
1034
1551
947
1179
1055
1213
1007
1125
1059
1542
959
1051
1059
1630
1175
1191
1199
1559
991
1543
989
1478
783
1201
915
1179
887
1507
1003
1121
1143
1486
1017
1207
935
1563
1071
1523
929
1225
1027
1538
1057
1079
1107
1511
823
1481
1074
1566
1017
1483
983
1169
1058
1207
987
1557
979
1193
1107
1515
1011
1029
725
1011
725
959
875
1174
995
1207
1086
1081
1021
1219
919
975
970
1053
1035
1013
969
830
1145
955
1019
1122
1083
842
921
1059
961
919
1083
1022
950
977
979
1030
1051
1013
975
987
1061
1057
1043
1087
942
1059
959
1130
1106
951
873
890
1085
967
979
1067
943
1009
1002
1007
1093
803
1081
1066
1047
927
907
1031
987
1118
1003
1081
1113
991
1059
973
1053
871
1021
927
943
893
1007
1039
983
897
1113
918
1075
1022
962
1077
954
1109
927
983
1081
1067
979
1049
1029
1041
1043
995
957
931
983
971
1065
915
1057
998
994
1077
1130
1026
1083
982
982
982
982
982
982
982
982
982
982
982
982
982
982
982
982
982
982
982
982
982
982
982
982
982
390
955
967
962
994
998
885
887
1030
1019
958
919
1103
1089
1177
1129
933
1011
1003
987
963
999
859
907
931
1109
927
921
1013
919
1059
867
1082
1009
867
1022
1083
1073
1107
1022
958
931
847
903
1006
899
879
1047
1039
1185
1057
819
971
1055
942
871
1003
1035
913
1010
967
962
906
1003
950
1054
942
951
893
929
918
1077
1050
910
1075
1006
1171
1051
1023
1050
1043
1091
1059
951
942
939
1123
1003
1499
959
1038
1051
1106
935
958
981
911
941
1097
911
1031
801
943
1179
986
855
883
919
941
995
962
1131
1082
1058
1033
963
981
1081
794
819
1122
1111
1046
870
1014
1003
1023
1007
1050
1001
927
935
1018
919
993
1037
1019
1065
991
963
1027
995
1121
1071
973
1139
1039
929
1006
1047
1079
1110
1035
1030
895
906
1031
901
999
926
987
1086
1023
1033
910
951
1050
851
941
901
1087
877
1015
923
887
1027
1117
934
1130
931
947
977
883
951
907
862
927
1010
1027
1018
1047
933
931
1011
1042
1043
951
1062
1078
927
931
921
953
1019
1155
870
1035
1062
986
999
1103
911
1131
967
1067
1006
955
919
1087
990
923
859
931
1022
1067
981
1025
1067
919
907
1039
1158
962
1475
991
966
1010
907
1135
1083
939
949
983
1067
943
1051
1107
949
1022
983
982
995
955
995
890
923
1022
1203
1023
882
1087
1009
967
905
1087
827
1059
929
1018
1203
855
1087
1055
947
1023
1097
1039
1059
1041
950
1135
870
1086
983
1146
963
1001
891
1115
953
999
1013
1123
985
921
922
989
1001
955
975
1121
795
1011
1037
1005
969
1079
979
1058
1017
1089
982
1049
893
923
930
947
935
917
1177
1047
1047
1013
1067
843
1161
1087
1071
891
1011
858
799
863
1051
1098
1031
1129
1075
922
1070
1011
903
1083
882
875
842
1131
841
1031
947
1093
1083
1023
1043
999
1123
1206
995
1021
955
987
910
1035
926
1063
939
1035
971
1058
1030
951
950
1099
979
1047
1067
1045
969
553
366
595
307
461
490
