1071
1235
1163
1391
1159
1307
1147
1331
1123
1215
1031
1299
1023
1283
1075
1343
1043
1279
999
1298
1227
1375
1023
1183
1103
1371
1015
1355
1051
1419
1111
1267
1239
1419
1003
1271
1099
1303
1051
1302
1115
1343
1211
1239
1107
1211
1095
1399
1139
1371
1183
1251
1031
1415
1075
1227
987
1271
1219
1299
1055
1211
1103
1307
971
1419
1091
1271
1163
1235
1119
1271
1067
1267
979
1235
1123
1291
1043
1319
1207
1427
1135
1235
1015
1259
1103
1271
1143
1259
1083
1267
1071
1431
1199
1227
1311
1331
1031
1391
995
1251
1067
1307
1075
1403
1019
1303
1059
1243
963
1131
1111
1231
1051
1243
1095
1119
1235
1411
1226
1219
1091
1343
1030
1211
1075
1450
1055
1339
967
1275
991
1307
1067
1339
1003
1135
1127
1367
1019
1395
1159
1375
1039
1483
1027
1315
1019
1203
1051
1327
1055
1414
1043
1203
1147
1427
1119
1347
1115
1295
1079
1355
1191
1171
1043
1195
1183
1391
1047
1331
1235
1279
1103
1191
1015
1303
1151
1375
1247
1087
887
1291
1155
1251
1146
1303
1019
1215
983
1423
1023
1363
1091
1418
1083
1339
1235
1315
1111
1239
1159
1239
1247
1195
1107
1351
987
1259
1211
1179
1075
1239
1011
1415
1011
1219
1019
1263
1099
1251
1135
1387
963
1403
1043
1339
1071
1255
1015
1291
995
1239
1063
1311
1070
1179
1035
1443
1139
1411
1155
1235
1115
1279
1203
1315
1023
1399
1035
1302
1031
1335
983
1367
979
1315
1219
1379
1051
1315
1059
1414
1030
1262
1114
1175
970
1143
987
1367
1182
1347
1083
1239
983
1219
1099
1335
995
1367
1063
1299
1163
1347
1147
1295
1251
1423
1099
1367
1223
1363
1003
1339
1146
1235
1023
1383
1282
1115
1167
1195
1123
1287
1011
1338
1259
1235
1038
1427
1187
1351
1135
1247
1003
1491
1027
1327
1079
1199
1167
1319
1094
1259
1095
1355
1115
1275
971
1279
1047
1167
1071
1495
1223
1327
1047
1319
1131
1251
1043
1363
1027
1215
1067
1323
1235
1239
1091
1299
1207
1299
1063
1219
1239
1243
947
1403
1155
1207
1043
1307
1167
1290
1055
1402
1139
1395
1035
1347
1195
1327
1171
1159
1023
1267
979
1235
959
1363
1151
1323
1159
1359
1211
1375
1083
1391
1039
1471
1003
1326
983
1451
1183
1275
1163
1379
1090
1311
1103
1411
1107
1359
1087
1347
983
1179
1063
1191
915
1263
1119
1251
1051
1367
1127
1219
1195
1283
1119
1275
1011
1307
1059
1259
1015
1359
1143
1459
1027
1367
1131
1179
879
1279
1115
1275
1143
1307
1119
1307
1023
1191
1075
1335
1175
1271
1167
1327
1075
1339
1087
1287
927
1355
991
1227
1071
1231
1139
1251
1151
1227
970
1279
1067
1327
1219
1255
1011
1163
1083
1411
1110
1283
1150
1371
1031
1335
1179
1279
991
1275
1171
1367
971
1411
1063
1270
1119
1307
1103
1351
1063
1219
967
983
879
987
615
1335
1175
1299
1251
1283
1039
1331
1111
1039
1131
1051
1050
1087
1063
1147
1083
1147
895
1031
1179
1143
1031
1127
1094
1131
1099
1123
1099
1071
1231
1203
1115
1083
1107
983
979
1046
1255
1059
1003
911
1123
1095
947
1087
947
1067
1095
883
991
1119
1071
1063
1023
1115
1091
1003
1138
1143
975
1119
1227
967
1059
1018
943
1054
1015
1103
1163
991
999
1007
1051
1171
1019
1063
919
1083
1219
927
1015
1146
1051
1127
1195
939
1003
1203
1031
1111
1043
983
1159
958
1055
1011
1087
1215
1155
987
1011
1134
1070
1055
1155
1115
895
979
1231
1075
1091
1067
1111
1167
979
967
1039
979
1091
987
1111
1123
1159
995
1115
1079
1183
975
1059
1110
1091
939
999
1175
1019
891
1111
942
1091
1155
951
1207
999
1147
1010
1047
1091
859
1039
1007
1083
1119
1147
1159
1119
1143
1123
1083
1087
1183
1015
1063
1211
1075
1003
915
1123
1035
1119
1123
1055
1139
1127
1111
1058
931
1131
1015
1131
987
1095
1138
1083
1063
1087
1127
1027
1019
995
1167
1111
994
1083
1179
1151
1095
1183
1023
1102
1034
1018
1002
1199
1055
1155
1135
1206
999
1199
1095
1015
931
1155
1039
1079
975
995
1107
1035
975
1075
1171
915
1179
1007
979
1091
1035
975
1027
1007
1047
1078
1074
1023
1247
1139
1035
1007
991
1111
947
850
1047
1003
1039
999
1191
1027
990
1199
1163
1083
1083
895
1035
1111
1075
1015
1175
879
999
1039
1015
1147
1151
1087
995
1019
1043
1167
1011
979
1155
1047
943
951
935
1154
1027
1127
1027
995
1155
1015
1119
1103
1011
1079
1099
1171
1183
1063
979
991
1135
1147
1103
1191
951
1119
995
1095
1111
1039
951
1031
1043
979
971
1207
1071
1126
1035
987
955
1215
1155
1083
1159
1071
1131
1139
1054
983
1119
1015
1043
947
1155
983
1083
1186
1042
991
1163
1123
1111
1239
1131
1031
1067
1139
1083
1091
1027
1087
1191
1123
1035
1187
951
1095
1071
1083
1099
1203
1027
971
959
1035
1099
1139
991
1019
1027
1143
1075
1127
951
1115
1123
1007
1103
899
1039
1215
1218
1007
1095
1047
1039
1054
987
991
1031
979
1035
1027
919
1055
1107
963
1071
1103
955
1034
955
1019
1051
955
1059
1143
999
1223
1111
1031
1107
875
1055
1011
983
1187
1059
1115
1067
1043
1103
1119
1147
1203
999
1082
1083
1091
1211
1015
1203
1059
1199
851
1095
967
1171
1127
1015
1175
875
1115
1159
1119
999
1163
1075
1163
1123
1011
983
1051
1095
1094
1071
1051
1039
1159
1163
1015
1091
1215
1055
1171
1147
1047
1195
1103
951
1039
1083
1115
1031
959
1055
1159
1043
991
1075
1107
1039
1031
1035
1067
1091
1262
943
1135
1147
1003
983
935
1007
1127
903
1047
1043
1107
1011
983
963
1119
1143
995
1091
1035
1047
1047
919
895
1015
1031
927
1011
1131
1219
935
1091
619
823
1287
1071
999
