671
810
803
807
582
846
667
871
562
955
866
711
638
947
623
799
535
767
699
819
555
939
657
795
619
775
667
890
682
962
647
811
531
859
835
795
635
1007
723
843
607
819
642
830
527
851
499
979
567
799
675
823
675
754
639
959
619
755
543
771
795
826
803
835
639
771
726
907
715
891
711
791
691
742
658
915
685
779
603
763
503
831
659
843
682
822
747
923
659
779
719
929
463
867
654
839
567
823
739
926
667
830
533
842
770
763
591
859
715
891
670
863
663
815
651
959
586
951
615
1051
674
831
695
971
714
815
714
813
775
959
707
839
726
787
602
827
618
851
791
951
686
939
703
846
683
766
647
927
803
859
615
747
786
750
515
703
454
867
675
811
767
795
718
943
671
779
519
899
563
963
735
811
679
830
623
835
726
861
579
863
543
878
694
811
729
965
663
839
663
747
647
907
679
843
715
843
651
811
603
939
599
845
782
802
563
782
651
815
710
935
675
987
623
895
647
667
695
939
782
753
663
843
674
759
634
815
735
911
651
807
746
831
627
739
655
839
538
967
615
903
687
695
795
823
739
963
439
959
502
695
655
755
770
691
615
894
790
871
711
823
842
807
675
843
627
807
806
875
741
783
735
1011
546
795
719
822
615
938
735
874
627
719
558
882
591
891
567
890
699
843
675
782
774
807
715
791
602
875
711
786
526
851
730
1030
599
879
659
859
623
931
687
943
679
711
658
1039
627
863
631
1023
727
687
574
847
667
779
699
729
783
909
630
782
642
915
831
886
671
754
627
810
667
906
779
839
742
731
675
862
615
819
766
871
619
951
702
903
675
891
387
919
627
770
671
987
675
811
607
911
731
863
695
915
810
898
642
767
591
791
723
771
801
795
711
883
727
843
763
967
647
962
710
935
769
810
679
951
679
806
643
931
699
883
763
799
677
902
823
871
726
805
631
766
639
711
771
787
603
775
537
851
715
838
687
923
603
835
762
919
759
843
863
895
558
867
563
855
703
803
691
943
570
947
767
851
638
726
599
951
587
943
763
931
687
911
638
863
678
874
674
819
841
782
526
818
531
819
750
914
443
839
747
899
774
863
719
847
535
886
667
907
679
802
679
791
495
823
661
979
678
819
678
738
503
875
727
930
703
606
374
639
287
499
463
859
667
823
747
815
703
767
683
458
635
591
795
591
695
566
587
695
687
527
599
483
731
787
671
659
759
655
595
571
583
707
678
567
602
683
798
691
506
679
734
647
634
623
662
615
667
685
670
575
723
679
675
531
471
531
598
715
551
558
675
611
595
558
599
663
642
674
571
702
646
567
497
591
611
490
715
539
695
551
667
495
555
619
554
655
679
627
627
666
502
595
811
605
714
498
523
579
733
743
699
663
675
695
659
594
587
729
595
686
550
566
591
575
575
575
575
575
575
575
575
575
575
575
575
575
575
575
575
575
575
575
575
575
575
575
575
575
575
727
595
479
631
735
693
447
599
755
747
579
639
718
603
687
725
639
591
599
731
611
707
719
742
610
630
611
663
626
679
623
807
707
622
667
727
431
739
639
631
431
586
702
567
814
499
719
634
539
666
641
651
591
570
667
623
593
634
487
643
439
765
594
827
626
606
563
655
718
546
603
682
627
731
719
663
586
711
743
843
526
523
515
778
671
693
670
535
483
698
650
670
723
607
698
723
743
627
643
605
623
611
595
599
670
651
679
535
690
671
659
583
666
599
671
759
627
614
611
574
535
515
502
679
674
543
650
623
795
691
731
571
667
691
570
603
567
442
562
635
550
655
682
642
690
718
539
647
719
558
539
691
663
602
599
606
754
647
531
698
579
727
650
607
627
522
607
463
699
538
634
675
634
687
622
639
599
703
626
679
711
747
607
746
622
578
635
625
575
635
623
667
627
731
607
615
515
695
795
547
527
599
659
818
489
750
546
762
595
759
582
679
663
703
595
727
515
751
783
719
679
710
591
637
667
791
643
591
663
639
667
751
583
667
731
635
670
731
575
726
535
638
571
511
627
735
439
511
555
691
554
587
535
475
734
599
607
686
633
703
615
747
739
439
767
699
639
651
583
607
743
687
631
659
690
571
623
682
659
594
683
666
711
715
562
690
711
655
622
743
599
551
709
539
719
647
678
698
638
735
567
655
663
650
650
615
595
587
723
735
719
566
439
547
591
595
735
631
558
659
674
582
622
734
739
595
482
590
655
623
499
575
571
553
703
687
603
723
691
707
630
715
643
787
642
739
631
610
803
675
635
603
559
659
491
667
723
527
386
755
663
583
527
591
597
603
783
658
491
575
490
542
555
635
635
715
495
263
319
75
222
611
499
