1604
1891
1689
1937
1607
1869
1546
1920
1713
1934
1613
1856
1661
1895
1736
1822
1559
1837
1588
1798
1515
1802
1579
1886
1702
2092
1585
1933
1581
1899
1663
2034
1731
1924
1648
1885
1498
1866
1502
1817
1614
2057
1716
1879
1516
1801
1750
2027
1756
1870
1624
1906
1733
1829
1657
1910
1567
2053
1627
1874
1545
1806
1742
1906
1700
1692
1759
1901
1622
1867
1630
1829
1692
1915
1619
1847
1619
1864
1659
2051
1745
2031
1566
1882
1687
2035
1616
1891
1761
1810
1697
1928
1603
1788
1746
1850
1877
1791
1537
2061
1738
1911
1566
2116
1523
1839
1616
1914
1591
1854
1654
1922
1777
1795
1624
1817
1694
1789
1609
1783
1677
1931
1615
2046
1464
1674
1639
2202
1652
1931
1598
2034
1713
1803
1680
2079
1545
1859
1640
1855
1658
2068
1579
2076
1597
1905
1580
2037
1513
1885
1788
1839
1671
1591
1798
1829
1583
1723
1518
1913
1490
1761
1509
1803
1670
1814
1742
1801
1699
1738
1690
1834
1544
1760
1754
1932
1654
1791
1687
2046
1721
1719
1550
1834
1446
1932
1613
2035
1553
1907
1810
1796
1681
1865
1716
1882
1469
1767
1480
1860
1618
1760
1647
1829
1553
2048
1477
1918
1666
1751
1603
2072
1523
1730
1806
1877
1620
1793
1591
1720
1684
1745
1539
1850
1625
1673
1739
1896
1625
1914
1443
1937
1622
1830
1646
1838
1600
1795
1700
1912
1642
1837
1517
1740
1548
1725
1704
2088
1689
1651
1756
1793
1822
1812
1810
2045
1668
1845
1632
1918
1563
1775
1601
1651
1558
1866
1606
1907
1546
1843
1813
1867
1527
1795
1690
1914
1627
1874
1658
1857
1779
1860
1593
1785
1600
1794
1655
2046
1590
1763
1717
1855
1699
2128
1765
1864
1724
1869
1540
1929
1618
1837
1647
2037
1606
2042
1576
1763
1582
1900
1624
1720
1690
1791
1577
1915
1503
1780
1570
1921
1690
2074
1743
1879
1464
1714
1726
1815
1558
2068
1602
1710
1681
1664
1694
1892
1622
1682
1547
1856
1571
1779
1647
2063
1638
2023
1713
1920
1728
1838
1505
1882
1596
1819
1607
1935
1584
1691
1684
1889
1722
1919
1709
1871
1653
1875
1768
1701
1806
1905
1800
1891
1605
1829
1643
1845
1795
1893
1741
1811
1581
1875
1576
1701
1602
1831
1711
1932
1684
1905
1772
1804
1657
1741
1791
1895
1693
1746
1463
1899
1587
1906
1729
1767
1571
1785
1627
1733
1638
1919
1759
1891
1675
1780
1792
1824
1643
1759
1620
1835
1721
1749
1542
2035
1691
1770
1730
2045
1562
1846
1503
1881
1600
2099
1694
2022
1646
1792
1549
2131
1653
1801
1726
1827
1574
1919
1770
1915
1591
1909
1577
1863
1720
1863
1656
1749
1591
1831
1760
1677
1703
1782
1693
1924
1819
2069
1719
1926
1595
1853
1661
1879
1602
1738
1536
1885
1671
1879
1794
1699
1565
1801
1533
2044
1639
1795
1712
1871
1675
1859
1712
1816
1707
2046
1698
2023
1651
1720
1318
1597
1414
1559
1323
1915
1594
1716
1583
1732
1670
1821
1682
1710
1668
1622
1701
1687
1550
1504
1593
1468
1743
1677
1390
1552
1571
1623
1653
1511
1728
1491
1641
1636
1653
1683
1642
1573
1536
1659
1650
1663
1615
1824
1610
1585
1558
1554
1753
1714
1814
1609
1750
1626
1610
1627
1613
1597
1638
1606
1656
1555
1676
1726
1797
1668
1643
1780
1645
1485
1689
1619
1669
1545
1614
1493
1473
1797
1582
1609
1601
1703
1710
1622
1643
1652
1656
1632
1684
1441
1707
1726
1635
1756
1670
1501
1643
1518
1593
1617
1607
1691
1699
1483
1585
1546
1739
1642
1681
1592
1694
1666
1609
1431
1694
1666
1666
1680
1636
1676
1670
1507
1576
1578
1714
1514
1738
1627
1597
1647
1581
1618
1617
1547
1655
1730
1755
1512
1609
1587
1510
1494
1471
1526
1533
1562
1624
1689
1595
1662
1659
1699
1725
1601
1619
1711
1638
1643
1645
1734
1510
1417
1680
1646
1597
1495
1644
1631
1605
1515
1715
1586
1650
1428
1691
1677
1515
1672
1543
1651
1629
1658
1693
1473
1683
1633
1702
1679
1674
1721
1568
1655
1782
1770
1640
1689
1711
1594
1586
1775
1669
1600
1774
1635
1694
1593
1666
1650
1563
1512
1689
1536
1641
1675
1754
1652
1603
1675
1674
1699
1605
1550
1568
1608
1702
1705
1657
1631
1687
1492
1566
1674
1507
1623
1462
1693
1643
1526
1717
1590
1702
1591
1707
1717
1709
1430
1600
1545
1759
1452
1630
1635
1650
1677
1789
1622
1612
1690
1734
1629
1764
1621
1545
1565
1536
1576
1660
1699
1683
1594
1563
1626
1622
1670
1514
1650
1471
1644
1643
1623
1678
1662
1728
1765
1739
1542
1588
1722
1511
1644
1775
1583
1587
1715
1647
1705
1471
1579
1644
1733
1527
1555
1787
1724
1702
1561
1700
1603
1585
1708
1737
1446
1651
1699
1521
1540
1679
1602
1754
1771
1580
1657
1699
1611
1624
1554
1565
1687
1744
1505
1606
1590
1677
1530
1540
1715
1690
1635
1662
1384
1622
1537
1577
1602
1471
1573
1586
1545
1706
1521
1767
1557
1657
1583
1591
1540
1519
1671
1602
1533
1549
1539
1547
1566
1611
1547
1726
1639
1627
1472
1542
1794
1769
1580
1603
1516
1620
1547
1709
1622
1706
1662
1722
1635
1547
1777
1751
1758
1595
1671
1709
1569
1517
1752
1559
1675
1553
1474
1559
1629
1704
1644
1617
1531
1611
1586
1679
1617
1675
1723
1524
1573
1494
1551
1618
1635
1611
1621
1646
1631
1646
1634
1741
1653
1599
1737
1483
1634
1649
1514
1733
1535
1718
1631
1720
1565
1647
1581
1585
1720
1433
1530
1594
1520
1567
1530
1678
1597
1634
1558
1649
1642
1671
1564
1635
1561
1685
1670
1612
1540
1579
1609
1575
1840
1589
1628
1498
1721
1624
1658
1601
1672
1488
1469
1464
1683
1521
1572
1571
1530
1605
1781
1693
1662
1694
1708
1647
1620
1672
1567
1696
1714
1686
1617
1627
1673
1693
1498
1607
1524
1649
1561
1546
1626
1635
1593
1658
1570
1633
1537
1612
1721
1513
1497
1629
1663
1597
1709
1680
1506
1791
1694
1611
1781
1433
1395
