1027
1323
1123
1719
1191
1283
1127
1291
1147
1295
1259
1355
1119
1263
1135
1379
1015
1327
1091
1679
1147
1275
1183
1231
1283
1323
1079
1287
1119
1263
1159
1259
1179
1391
1231
1203
1091
1351
1167
1323
1075
1199
1191
1375
1227
1207
1075
1379
1051
1339
1159
1383
1215
1379
1063
1307
1207
1663
995
1351
1171
1383
1195
1367
1131
1363
1103
1347
1155
1231
1163
1691
1107
1283
1159
1223
1227
1255
1051
1235
1123
1291
1159
1323
1163
1271
1015
1727
1159
1363
1231
1151
1131
1371
1091
1355
1263
1719
979
1659
991
1343
1071
1307
963
1659
1191
1255
967
1347
1007
1299
1247
1323
1235
1671
1139
1275
1115
1323
1067
1359
1123
1731
1215
1307
1219
1683
1023
1359
1267
1359
1279
1283
1083
1243
1043
1347
1099
1331
1111
1375
1079
1367
1211
1299
1119
1375
1099
1319
1091
1359
1171
1199
1103
1387
1083
1275
1135
1379
1055
1367
1147
1315
1247
1271
1211
1659
1123
1395
1099
1219
1191
1335
1247
1691
1143
1795
1131
1667
1075
1659
1067
1707
1211
1687
1155
1223
1203
1323
1035
1355
1119
1283
1087
1383
1047
1339
1199
1279
1147
1299
1111
1347
1207
1683
1183
1235
1123
1731
1167
1171
1235
1659
1127
1375
1159
1275
1119
1395
1259
1307
1055
1283
1107
1331
1203
1379
1063
1359
1063
1195
1067
1143
1135
1291
1135
1255
1131
1775
1219
1291
1259
1315
1171
1359
1227
1735
1119
1239
1139
1311
1063
1311
1091
1383
1227
1671
1167
1207
1187
1363
899
1743
1071
1259
1147
1323
1075
1723
987
1367
1127
1727
975
1303
1095
1663
1255
1335
1063
1367
1163
1279
1183
1315
1023
1339
1115
1291
1131
1699
983
1699
1051
1723
1059
1363
1031
1267
1163
1295
1023
1291
1215
1355
1151
1303
1059
1283
1023
1395
1147
1663
1135
1331
1143
1191
1079
1663
1203
1387
1195
1699
1039
1211
1019
1359
1183
1331
1115
1279
1079
1251
1211
1387
1139
1283
1107
1347
911
1335
1107
1303
1067
1239
995
1339
1099
1375
1215
1247
1283
1115
1143
1351
1123
1335
1003
1387
1127
1319
1127
1323
1211
1307
1103
1375
1159
1295
1111
1327
1291
1343
1087
1379
1171
1355
1035
1311
1083
1271
1167
1311
1131
1755
1259
1311
1219
1251
1147
1327
1099
1303
1307
1335
1183
1287
1219
1683
1239
1287
1071
1659
1015
1699
1235
1307
1043
1335
1191
1691
1243
1283
1347
1155
1083
1259
1087
1375
1083
1395
1107
1699
1055
1375
1079
1311
1095
1671
1091
1331
1027
1295
1123
1335
1219
1271
1023
1667
1279
1355
1143
1263
1275
1687
1191
1307
1215
1395
1155
1267
1151
1255
1171
1691
1195
1139
1095
1287
1155
1283
1067
1235
1127
1203
1123
1335
1091
1383
1111
1739
1079
1331
1203
1331
871
1271
947
1243
1099
1287
1059
1803
1167
1223
1059
1371
1143
1207
1023
1275
1179
1291
1027
1663
1239
1119
1015
1055
895
1083
867
1243
1063
1375
1111
1187
1163
1315
1043
1067
1131
1167
1191
1119
1147
995
1183
1115
1227
1039
935
1183
1091
1063
1063
1015
1055
1127
1211
987
1111
1063
1107
1035
1103
1067
1255
1159
1131
1007
1267
1103
1099
1083
1251
1151
1391
1199
1071
1079
1023
1007
1099
979
927
967
1079
1071
1171
1019
1067
1179
1095
1135
1059
1215
1115
1123
975
1011
1131
1091
1047
1067
1119
1023
1075
1019
971
1063
1123
1087
1003
1095
1107
1179
1111
1095
1119
991
1119
1083
1123
1091
991
1127
1099
1271
1135
1035
1223
1043
1127
1119
1147
1167
1191
1195
1095
1239
1099
1223
1187
1079
1079
1079
1079
1079
1079
1079
1079
1079
1079
1079
1079
1079
1079
1079
1079
1079
1079
1079
1079
1079
1079
1079
1079
1079
195
1147
1187
947
1099
1119
1167
1139
1123
1115
1123
1027
1155
1163
1043
1103
1099
991
1119
1239
987
1079
1167
967
1007
1027
1075
1067
1047
1095
1183
1055
1131
951
1175
1123
1015
1131
963
1271
1007
1199
1187
1019
1043
1179
1107
1119
1171
1231
1071
1067
1115
1195
1343
1059
1195
1091
1243
1075
1243
1171
1111
1063
1139
1087
1095
1067
1211
1087
1151
1211
1207
1107
1159
1047
1019
1103
1007
1167
1035
1063
1127
1079
1383
1171
1019
1211
971
1187
1043
1191
1235
1139
1147
1047
1087
995
1051
1123
1095
1139
1219
1131
1115
1019
1175
1007
1179
1015
1179
1083
1079
1103
1275
1091
1023
1195
1223
1051
1111
999
1143
1179
979
1047
1075
1087
1143
999
1203
1227
1107
1143
1099
1011
1019
1143
1043
1143
1235
1179
1063
1047
1083
1167
1031
1043
1167
1039
1071
1103
1135
1031
967
1223
1035
979
1035
1151
1015
991
1063
1127
1275
1035
1291
1091
1211
1083
1179
1067
1199
1015
1127
1047
1287
1127
979
1159
1047
1131
1059
1091
903
1075
1131
1159
1075
1031
1131
1175
1223
1207
1143
1107
1119
1143
1307
1051
963
1039
1079
1131
1175
1119
1023
1051
1071
1099
1275
1111
899
1123
1095
1051
1103
1103
1195
1079
1107
1139
1163
1103
1075
1163
1011
1087
1079
1235
1163
1127
1251
1063
1011
983
999
1131
1023
1239
1227
1163
1111
951
1371
1075
1143
1007
975
1007
1191
1207
1219
1011
951
1251
1127
1251
1051
1027
1091
1003
963
1163
1035
1135
1203
1099
1147
1123
995
1115
1107
1219
1159
1183
1027
1227
1111
1099
1015
1083
1111
1003
1131
1191
1099
1151
1159
1111
1019
1083
1115
1055
1115
1051
1019
939
1079
1023
1191
1067
1083
999
1059
1051
1151
1251
1107
1155
1075
947
1147
1103
951
1067
1215
999
895
1127
1151
1075
1151
1075
1111
1275
1115
1187
1095
1083
1123
1063
1091
1139
1023
1147
1039
991
1127
1155
1123
1175
991
1079
1299
1107
1107
1191
1103
1011
1211
1091
999
1083
1151
1079
1055
1091
1151
999
1067
919
1295
1079
1131
1187
1075
1007
1099
1215
1099
1051
995
1063
959
1235
1139
959
299
599
647
351
935
679
