686
911
563
675
559
726
611
787
441
765
575
671
643
774
554
711
670
887
686
603
607
835
538
863
591
679
694
919
579
755
643
843
626
851
603
786
639
803
607
827
595
703
735
931
451
763
626
870
639
759
503
923
583
695
743
847
627
843
707
803
647
791
770
851
491
795
591
991
655
890
730
779
563
663
583
727
639
886
591
959
715
883
539
935
595
818
647
807
471
826
491
614
551
719
635
715
569
734
686
890
578
643
538
759
575
811
523
839
674
861
743
763
562
731
607
762
663
766
694
951
670
759
594
895
491
765
711
746
518
867
594
903
695
747
703
827
642
899
547
719
539
845
429
775
607
799
579
847
654
879
591
895
625
795
655
875
515
803
682
943
586
790
571
822
675
830
485
747
523
735
711
654
493
658
699
954
659
703
591
835
570
779
626
687
534
715
626
817
675
767
583
871
563
763
523
891
563
767
639
743
631
742
774
834
502
770
427
775
678
998
583
850
491
947
603
902
563
663
575
914
647
803
667
894
639
818
619
763
599
874
587
783
627
727
563
831
639
903
727
846
610
875
639
763
733
775
506
691
518
755
670
783
651
775
602
995
747
743
691
823
471
767
589
883
534
739
627
799
546
775
651
802
554
919
619
751
635
847
655
874
559
715
567
730
619
795
574
766
619
883
650
775
514
778
607
827
687
794
623
766
579
783
543
937
599
903
599
827
661
759
591
931
630
727
674
703
542
679
751
799
543
699
711
843
571
719
655
719
679
730
547
918
638
739
598
739
714
783
531
738
581
875
447
807
639
774
602
730
621
759
659
682
563
795
614
878
535
827
605
763
538
831
531
855
623
710
603
855
591
807
610
774
627
890
635
851
555
779
551
739
551
719
551
843
703
721
738
927
543
827
534
935
571
675
622
747
619
635
787
871
619
890
522
947
587
871
582
843
511
747
555
923
567
691
601
978
617
811
691
842
646
707
710
715
475
795
567
769
586
823
678
795
467
783
723
843
635
803
623
758
590
795
495
754
702
787
599
763
579
811
715
782
619
678
647
695
619
879
627
811
494
875
618
903
591
606
531
942
675
659
663
591
675
786
507
730
555
746
645
823
657
887
551
923
655
891
583
810
427
855
627
859
627
822
655
867
503
707
230
514
311
522
447
787
551
802
387
767
519
819
534
351
678
663
707
599
491
687
455
479
695
618
622
511
627
463
606
523
567
590
563
511
554
498
538
507
731
455
474
615
707
499
599
587
483
631
578
634
503
618
523
759
711
530
435
562
519
631
578
494
567
554
470
642
615
639
643
535
567
315
479
407
515
586
703
631
602
597
734
499
666
603
667
543
651
459
683
590
622
495
581
371
590
675
659
507
559
611
633
710
506
642
497
559
574
659
559
437
543
710
395
667
550
694
635
483
463
495
463
643
662
507
667
591
639
574
691
538
495
591
538
803
519
431
643
523
607
594
563
582
603
530
543
582
531
633
506
590
635
619
698
459
514
507
543
515
543
502
586
434
643
467
571
579
635
591
467
491
634
551
643
522
711
627
607
555
703
582
431
414
599
731
419
591
478
447
630
574
566
711
405
707
559
603
523
563
634
687
489
723
583
515
571
511
663
623
527
522
615
611
543
583
575
607
651
474
699
535
627
494
491
531
586
431
611
478
626
683
674
507
511
459
587
755
578
499
555
563
599
467
514
623
495
505
630
650
603
567
598
541
682
659
711
655
583
799
547
627
539
487
635
626
711
614
566
546
486
599
623
531
663
535
411
505
627
611
522
591
587
550
658
582
459
503
650
570
643
579
623
699
702
599
667
638
631
635
642
423
674
523
591
546
711
483
534
635
603
543
522
515
503
718
547
631
755
579
699
547
714
591
511
515
622
703
599
539
607
555
567
631
651
655
555
598
563
558
655
586
547
587
538
467
503
578
655
555
535
511
635
647
914
783
539
643
579
695
591
387
615
407
639
651
543
607
639
599
555
566
651
515
559
595
619
462
559
571
626
627
671
587
523
707
479
483
499
535
759
683
651
494
615
627
527
543
463
675
543
630
711
499
606
547
634
547
778
642
487
506
578
611
539
538
714
551
618
547
643
514
439
610
483
707
499
455
711
567
623
639
543
567
523
695
379
599
587
507
563
495
559
574
607
542
607
727
567
547
571
635
567
539
598
375
631
531
619
583
578
539
482
727
563
455
567
459
655
387
579
527
723
527
707
655
617
526
539
555
715
711
591
514
563
498
602
583
539
646
618
407
539
639
647
699
487
630
683
682
657
614
559
583
579
531
659
562
658
622
678
611
639
634
447
478
507
615
539
522
471
601
966
1074
678
159
507
1063
