1015
1207
839
1059
879
1187
835
1135
807
1163
947
1223
943
1227
983
1075
955
1234
967
1187
958
1143
935
1107
763
995
875
1154
735
1191
811
1203
862
1031
995
1175
811
1011
871
1083
755
1103
755
971
811
1219
983
1111
907
1147
927
1107
891
1171
1099
1095
879
1071
931
1059
931
1175
915
1139
1002
1175
995
1203
919
1123
767
1079
918
1147
951
1163
942
1130
1099
1242
991
1243
879
1299
851
1095
931
1155
963
1111
791
1187
1015
1155
999
1187
887
1079
1023
1271
883
1207
747
1131
939
999
927
1071
883
975
883
1059
1003
1230
963
1067
914
1095
863
1106
934
1043
870
987
895
1094
927
1103
1067
1099
1047
1143
891
1143
886
1331
914
1123
1111
1070
1051
1067
883
1142
923
1123
907
1155
919
1259
855
1075
887
1074
895
1171
923
1043
859
1015
947
1063
983
1103
767
1087
1047
1267
783
1139
783
1154
951
1211
871
1083
851
1095
963
1139
871
1151
891
1199
855
1051
895
1115
899
1131
939
1263
815
1075
943
1123
1047
1043
851
1218
907
1079
891
1135
947
1239
839
1171
767
1003
991
1115
807
1047
819
1107
903
1163
959
1111
851
1083
967
1267
883
1099
1034
1095
1031
987
907
1163
963
1123
843
1031
955
1063
979
1199
939
1103
1075
1091
1010
995
1047
1019
779
1131
870
1039
1027
1079
934
1198
767
1111
935
1231
903
1131
831
1119
935
1075
995
1107
775
1074
874
1195
871
1114
923
1207
923
999
979
1099
971
1155
823
1035
687
1155
903
1199
814
1027
987
1070
935
1055
1027
1219
859
1094
1063
1139
867
1119
987
1223
970
1155
1039
1111
751
1027
823
1131
931
1079
971
967
914
1071
863
1227
967
1143
954
1079
927
967
1079
1107
923
1142
991
1098
955
1035
987
1247
995
1226
1079
1155
899
1071
971
1119
807
1094
990
1299
779
1099
859
1167
915
1075
847
1035
927
1119
803
1123
867
999
947
1103
831
1131
911
1262
899
999
1055
1219
1051
987
1003
1239
1007
1103
983
1067
1003
1099
795
1195
991
1159
987
1299
827
935
867
1031
891
1222
943
1111
798
1155
923
1087
967
1187
875
1026
939
1227
1051
1079
931
1099
855
1111
919
1191
1035
1099
919
1143
931
1106
1015
1071
827
991
839
1058
879
991
931
1095
895
1119
931
1014
771
1187
879
1103
895
1099
867
1099
871
1143
887
1006
887
1258
918
986
943
1146
867
1031
878
1115
823
1003
995
1087
935
1103
874
1171
934
1106
943
1119
919
1106
919
1175
911
959
967
1127
923
1203
946
1175
823
1043
767
1227
955
1095
1019
1079
983
1054
875
1063
807
1046
890
1035
963
947
555
923
643
771
463
1175
786
1003
919
1219
847
1003
802
907
951
883
895
875
907
915
1019
947
827
847
695
927
783
715
794
875
855
815
791
823
878
891
795
939
878
971
863
711
919
791
898
930
915
995
951
879
911
827
823
1099
819
939
867
731
943
879
783
874
995
931
703
935
999
911
907
855
1039
867
903
823
875
795
911
883
763
923
814
987
979
999
851
911
1027
835
935
735
963
887
711
911
895
822
971
791
739
839
827
895
1007
851
715
827
930
1035
839
787
955
895
879
847
839
819
751
819
943
691
883
923
991
899
851
771
875
871
887
787
922
847
815
815
991
887
951
883
950
975
759
851
906
1011
927
1023
859
931
779
822
871
887
903
875
891
819
818
871
819
931
1039
915
1083
839
783
935
731
807
1019
883
814
831
879
803
927
787
947
899
998
731
827
931
1046
867
879
906
923
990
919
779
847
983
1039
863
902
834
1007
1027
935
787
1030
759
747
851
943
923
963
919
1051
899
871
907
739
815
931
899
787
847
923
1027
875
887
791
871
931
883
799
807
899
779
923
859
922
899
895
946
735
799
855
787
819
819
875
815
795
831
759
1007
859
823
939
951
995
914
903
991
995
951
951
871
899
891
775
735
895
879
882
907
939
851
787
823
959
783
1027
843
795
847
939
751
1051
887
919
947
819
878
735
807
855
783
887
895
891
839
1003
851
907
883
751
1018
959
890
894
859
1095
987
831
943
887
923
967
847
847
871
867
1011
855
923
939
878
851
763
871
911
843
890
1042
839
875
795
823
963
818
810
855
835
831
943
887
907
915
939
991
863
803
843
751
907
703
839
931
911
1051
839
991
907
935
1011
971
823
963
987
703
799
758
787
1031
855
847
835
951
935
911
727
835
803
1051
979
911
695
778
1038
875
895
815
863
871
807
875
751
799
842
999
795
927
1011
935
790
731
795
911
867
899
903
799
935
955
891
839
855
879
899
883
963
871
839
735
879
935
919
903
811
719
915
1055
1067
882
827
850
851
995
931
1027
794
854
991
795
835
951
783
882
871
1103
803
847
975
935
891
723
831
795
911
819
851
787
906
875
806
870
807
955
794
1058
934
931
971
966
855
931
887
899
879
887
823
843
862
943
1071
771
922
794
767
1035
647
891
803
883
963
835
766
1042
991
903
799
935
899
843
855
927
811
994
851
875
859
827
867
818
855
999
763
951
895
719
855
802
827
895
859
907
963
563
663
0
967
971
891
