891
1123
947
1131
1083
1251
1099
1155
887
1083
1247
1335
847
1343
1115
1155
987
1203
1115
1267
1043
1279
975
1167
879
1315
1003
1303
1023
1151
1091
1211
1051
1167
943
1215
895
1159
871
1219
943
1211
899
1155
1063
1119
1059
1011
995
1155
971
1203
819
1147
975
1071
955
1271
1151
1163
959
1127
955
1119
1063
1255
1071
1275
939
1311
911
1091
919
1223
987
1195
1111
1155
1115
1299
1067
1091
839
1131
975
1119
1035
1067
1091
1167
983
1043
1003
1147
1079
1163
987
1179
1023
1079
1071
1099
1119
1179
847
1179
843
1131
899
1227
935
1267
1047
1295
1027
1043
987
1083
1099
1271
1019
1119
863
1215
1179
1187
1055
1259
959
1115
1015
1183
1023
1235
1115
1239
827
1271
1127
1203
843
1283
923
1259
1051
1151
995
1279
1039
1183
1131
1295
919
1131
899
1071
987
1151
987
1211
1071
1171
1151
1307
863
1223
1019
1315
987
1083
899
1123
1019
1303
835
1131
1063
1183
1027
1263
911
1223
1031
1259
991
1219
939
1243
987
1059
927
1163
999
1287
943
1259
1135
1259
971
1183
999
1039
1007
1323
987
1351
915
1127
975
1243
1015
1187
1003
1123
1083
1191
939
1151
1011
1251
1023
1235
1003
1231
975
1283
983
1195
1091
1179
919
1235
1027
1119
971
1247
827
1115
995
1243
1027
1271
1167
1027
859
1219
943
1155
1007
1207
1099
1267
835
1107
915
1083
1019
1283
939
1231
983
1235
863
1279
1051
1219
903
1291
959
1179
1079
1191
955
1267
927
1179
1059
1211
963
1131
1087
1047
971
1335
927
1247
883
1355
1027
1291
891
1355
1023
1187
903
1167
791
1275
1027
1171
1019
1235
971
1111
1067
1223
991
1331
963
1203
1071
1295
995
1031
1087
1091
923
1051
771
1303
1063
1231
975
1259
1055
1119
851
1107
1131
1119
879
1207
979
1191
899
1171
1015
1259
1011
1271
927
1235
987
1179
987
1067
1159
1279
923
1343
1011
1171
1055
1091
1051
1259
1123
1123
871
1039
983
1151
995
1215
963
1223
1087
1223
1003
1307
867
1203
979
1091
871
1239
1027
1143
1043
1239
1059
1163
911
1135
1203
1307
1003
1179
1127
1171
879
1119
1099
1147
987
1179
923
1143
915
1239
1011
1203
927
1295
1039
1075
947
1191
975
1179
787
1023
935
1231
867
1283
847
1159
971
1035
943
1063
1071
1179
999
1103
871
1135
959
1199
1027
1219
863
1219
1163
1111
1171
1247
855
1319
883
1147
955
1271
827
1107
979
1183
1163
1231
1055
1207
939
1147
979
1375
1003
1163
1075
1247
1023
1223
1055
1171
975
1263
1031
1203
1051
1267
955
1251
931
1211
1019
1135
843
1159
1067
1055
1067
1155
927
1247
1203
1219
1027
1119
935
1203
935
1287
979
1203
907
1167
1119
907
647
955
559
1055
647
1091
987
1159
955
1155
983
1287
835
903
843
1011
923
855
1055
1083
947
991
943
1007
1079
927
899
995
927
879
951
1015
963
1039
975
899
999
979
859
883
867
935
1075
971
919
815
1039
1003
1031
843
903
1051
831
947
931
855
779
871
1079
995
1083
1079
971
1047
1055
903
1059
987
883
967
1143
983
999
907
1075
975
843
875
959
1095
1079
923
991
931
911
1087
931
999
1071
1047
1035
1119
1035
787
859
955
959
759
979
919
899
915
951
1019
995
1003
883
1027
1023
967
975
891
1043
927
1023
835
1087
1031
1127
939
931
967
1087
1003
899
871
1071
1059
987
799
955
891
991
935
1051
1059
1019
879
903
995
839
831
987
875
983
1019
955
891
923
947
931
995
983
1007
1003
899
943
987
987
1059
1023
995
1019
979
919
915
1107
959
851
847
971
1051
911
975
907
875
979
947
1099
999
995
923
911
883
987
867
931
927
1115
811
783
943
859
923
987
1047
987
979
1071
871
943
859
1011
959
1127
895
1007
979
995
1059
1023
995
979
903
927
943
967
1035
1083
1003
1023
975
859
995
1083
907
1083
1011
1015
939
1075
895
943
999
1063
863
879
951
831
919
1031
983
967
891
1127
975
1027
875
907
919
879
879
1019
927
983
1127
963
999
883
1079
835
1035
959
767
987
875
919
967
1035
995
883
1123
1099
859
1015
955
951
919
995
1023
1051
923
979
927
1039
927
911
847
907
871
895
887
967
1099
1011
879
1015
955
995
891
963
911
1107
1103
835
903
835
959
1011
967
991
915
923
883
991
863
1055
859
1119
1007
931
1007
1063
955
855
935
891
983
935
883
1035
1011
955
947
903
1051
1043
795
855
1039
963
923
1095
971
995
967
1087
951
1023
1039
911
1011
923
875
1015
891
1015
983
751
895
1043
843
987
843
1007
963
1035
943
999
919
935
931
999
899
1099
1011
987
939
1139
1023
879
1059
899
1147
1175
1135
999
971
891
871
923
879
871
971
1063
855
983
991
915
1035
891
931
1071
983
987
839
991
843
935
851
1003
951
999
951
1003
1087
935
1067
1047
891
1063
1107
895
875
1027
1003
1011
1099
867
907
943
883
1119
947
951
995
951
979
859
959
839
1095
1159
891
875
915
1027
1031
1015
923
947
1007
923
903
943
963
887
959
827
1051
903
883
887
1019
999
995
959
903
939
839
979
1019
979
903
1107
955
1067
783
1067
1035
795
1067
1031
1031
991
979
967
1075
911
1007
895
815
923
871
907
1051
979
991
851
859
947
931
987
927
863
915
971
1071
975
831
919
1031
855
1003
827
943
851
867
959
943
1611
1307
1483
139
0
1375
