519
455
327
439
203
779
463
591
207
603
239
415
375
531
415
475
343
451
283
655
387
619
339
599
327
483
459
587
359
511
391
591
411
603
551
551
407
547
403
519
367
603
439
515
279
471
379
635
363
623
355
723
379
615
467
547
291
587
219
555
359
531
439
575
447
631
423
643
451
535
539
539
367
691
363
535
347
659
315
495
535
535
247
515
415
611
423
667
403
575
343
611
491
555
451
519
351
567
367
507
343
507
423
559
579
595
563
587
495
527
339
679
351
659
255
687
479
543
419
499
487
563
355
591
339
635
307
755
279
679
379
607
359
443
463
483
403
451
267
619
359
727
519
527
323
487
295
759
399
559
451
623
395
687
303
591
479
679
411
511
439
503
427
655
527
539
427
499
323
547
423
699
479
515
347
383
431
479
427
611
515
663
387
495
299
479
323
615
459
655
399
707
407
627
291
571
435
611
371
623
195
443
355
479
319
627
363
579
547
551
315
547
427
495
299
591
451
663
363
707
335
559
415
595
379
599
387
339
427
595
451
463
235
563
371
503
271
415
415
635
335
583
383
559
339
587
275
479
215
591
351
479
331
443
343
675
231
519
519
495
431
479
287
443
359
559
379
455
423
683
391
535
371
511
411
631
507
659
439
591
359
599
459
539
455
515
279
447
419
531
307
579
403
619
391
627
355
479
335
635
419
539
367
555
379
659
263
507
403
579
467
559
439
579
343
671
507
583
483
603
375
559
391
483
295
547
319
387
387
591
499
627
243
571
439
491
411
575
383
495
419
539
467
559
275
543
323
547
559
463
491
579
427
427
383
491
383
523
443
559
379
595
479
355
343
607
507
519
391
667
427
699
339
611
467
727
363
467
403
591
279
483
515
655
279
679
359
655
479
667
395
635
443
607
403
579
395
619
395
627
491
559
431
487
459
555
259
559
527
631
307
715
427
639
563
599
423
547
495
451
383
643
343
607
403
567
387
499
279
507
495
503
511
571
299
507
435
631
299
511
427
567
403
579
567
583
431
559
383
679
363
699
471
531
423
483
455
595
327
555
375
527
359
543
375
507
407
503
263
455
347
647
311
607
391
591
331
587
395
551
439
575
483
615
427
491
267
475
435
519
399
519
263
459
383
595
435
331
111
351
51
243
247
555
367
483
363
503
247
627
195
379
347
315
383
283
343
183
379
291
311
419
247
363
463
359
323
331
255
343
399
375
363
343
403
239
227
367
391
287
415
479
531
343
343
399
415
307
343
415
279
335
495
411
491
407
247
363
371
243
399
363
239
439
515
435
371
395
403
495
331
327
259
363
495
327
427
331
291
247
347
335
391
375
379
431
351
415
487
339
339
443
443
303
311
255
271
303
279
367
299
375
459
339
459
379
395
367
335
235
291
407
387
295
375
479
419
415
351
319
339
371
143
367
291
459
279
303
351
347
415
367
435
339
427
275
339
251
355
367
375
439
459
323
355
391
555
327
507
355
451
291
447
531
271
411
523
363
319
395
495
279
379
255
391
403
431
471
543
331
267
303
399
491
439
359
399
331
375
351
267
195
351
295
335
435
415
279
359
423
295
403
247
275
339
291
303
283
435
303
255
411
399
203
419
291
339
339
311
287
475
403
383
211
327
303
371
207
235
259
391
411
243
355
359
203
179
463
471
327
231
371
423
579
251
351
315
319
283
355
359
447
363
375
351
423
235
367
379
323
355
399
499
331
351
335
439
451
431
299
515
435
207
211
379
371
355
467
303
387
403
363
267
311
383
239
399
307
339
131
311
363
387
411
267
367
435
371
503
551
239
243
411
403
475
71
335
255
387
183
503
263
363
327
459
423
291
339
391
331
359
419
323
427
339
455
507
295
335
291
447
359
415
339
231
187
287
163
327
323
331
391
379
327
315
431
331
371
407
299
391
267
175
279
339
395
291
215
319
251
503
295
287
291
287
363
307
323
371
231
443
375
283
319
267
395
379
347
307
327
415
291
395
403
347
311
315
203
243
451
499
407
431
351
215
391
491
295
331
319
299
287
271
431
407
307
331
303
355
367
443
531
431
323
359
427
327
367
275
419
463
291
327
275
375
347
223
287
359
323
267
355
327
315
371
351
287
363
391
279
291
375
435
407
243
323
311
351
467
307
323
343
351
379
403
299
459
343
271
407
259
343
427
399
431
303
339
215
411
419
375
363
479
335
235
355
311
387
331
287
343
279
519
411
327
487
343
395
267
295
335
323
439
427
215
391
419
299
215
431
339
423
351
315
375
423
451
387
407
299
275
435
275
307
367
459
459
383
443
315
315
347
395
251
363
287
303
215
511
387
551
699
7
707
