547
807
603
691
535
799
659
775
586
615
518
607
531
751
582
643
479
723
498
639
539
687
555
731
539
775
399
690
407
659
691
803
527
819
615
687
487
803
634
763
478
695
535
587
643
702
555
659
599
714
535
787
555
747
467
759
447
759
619
562
547
703
502
831
551
738
583
763
455
651
503
727
527
667
487
827
586
682
507
727
659
747
551
651
607
883
471
859
431
682
511
539
511
559
647
515
582
835
659
626
427
706
499
715
475
762
543
607
531
719
543
822
559
827
563
863
518
754
571
771
455
739
531
655
503
586
439
690
539
655
623
727
483
651
619
779
503
691
527
759
567
651
614
631
527
638
574
718
575
819
375
847
498
707
459
823
527
718
371
811
627
779
459
887
491
795
567
687
519
655
519
747
399
811
547
747
650
730
607
702
599
726
555
791
470
603
583
786
603
855
643
655
639
799
502
783
431
814
515
683
515
683
483
799
415
807
415
726
439
635
531
863
431
702
566
635
547
715
466
670
551
659
439
643
411
759
522
875
627
747
443
631
503
567
631
787
586
775
587
719
582
762
626
766
499
699
283
863
555
619
499
675
463
479
523
714
531
806
519
607
423
783
567
735
575
651
527
855
599
679
630
835
687
759
546
671
519
743
547
631
475
635
526
655
647
691
550
787
679
695
535
602
606
738
486
738
555
698
399
683
506
862
407
651
495
779
579
755
459
819
691
598
487
675
459
699
607
723
491
722
518
719
515
735
582
630
571
798
663
667
434
695
407
735
439
711
567
651
655
867
354
659
655
619
439
703
519
751
558
799
655
766
579
795
579
891
503
727
498
747
319
707
459
735
502
714
514
659
619
762
627
787
535
707
651
763
595
667
663
726
563
615
506
786
503
703
415
767
455
670
375
794
359
774
611
647
466
774
399
719
595
791
486
743
423
654
643
691
607
823
391
615
495
710
438
787
534
715
698
811
511
694
498
571
415
671
483
727
751
823
506
634
507
659
498
639
579
683
611
806
451
683
579
835
467
579
514
803
695
743
631
647
646
615
503
743
466
779
494
715
451
770
570
843
514
774
483
867
579
691
550
715
511
787
603
747
427
642
458
759
434
739
382
834
567
834
435
678
439
714
459
847
535
695
518
775
551
419
231
323
227
547
283
683
711
743
695
779
459
758
507
510
431
387
439
351
679
599
579
503
510
471
483
455
591
482
450
470
531
479
483
419
575
491
571
307
515
579
559
486
459
551
747
543
547
559
470
427
527
503
503
711
406
491
423
463
418
415
387
527
587
466
495
375
627
431
534
551
519
374
431
443
479
486
463
631
506
607
607
435
522
487
423
455
402
447
479
511
519
439
626
623
627
471
775
583
523
455
459
607
463
439
498
551
395
434
443
350
591
527
515
551
455
487
635
630
587
474
427
475
518
459
603
503
511
403
591
515
579
507
523
550
403
458
502
407
587
531
622
467
587
615
535
471
535
467
411
391
515
355
418
347
434
507
614
446
487
599
515
383
495
555
423
611
435
591
535
422
430
451
387
479
495
406
415
471
443
595
407
526
371
522
602
355
563
571
419
398
499
610
619
586
475
550
434
403
515
523
615
487
482
519
571
438
523
515
487
367
543
455
479
527
479
394
395
619
535
514
631
539
455
515
543
535
583
491
634
490
595
471
559
411
487
443
479
439
503
626
494
607
603
423
551
542
575
407
607
471
435
607
667
459
610
495
491
575
318
459
583
515
523
490
451
511
499
383
486
375
439
611
627
595
551
462
527
555
555
383
582
355
563
586
511
427
258
427
407
606
559
523
523
419
495
511
610
551
347
459
483
551
683
574
479
495
611
579
515
491
579
591
407
519
399
550
546
367
643
550
599
467
651
519
607
531
362
458
335
475
374
371
559
379
539
467
603
491
607
379
411
467
463
363
443
550
567
555
658
531
455
491
431
354
379
398
535
587
587
547
463
438
491
471
663
559
571
387
603
479
567
419
554
699
523
623
351
347
630
522
639
514
515
350
450
458
375
575
403
387
431
627
503
479
451
547
567
599
451
578
527
542
619
491
514
483
499
375
575
458
407
343
663
402
498
550
487
511
435
447
631
499
731
515
591
571
747
538
679
511
486
514
491
479
575
423
375
522
483
594
410
475
559
427
639
367
582
475
607
438
511
499
547
463
507
542
351
583
622
447
595
479
534
619
535
615
555
619
599
515
523
387
435
487
498
539
647
439
474
498
471
483
427
539
499
631
507
511
443
515
559
443
503
518
499
687
511
527
523
599
627
535
459
435
495
538
487
491
555
487
602
522
551
383
419
562
475
399
483
559
915
887
454
683
855
942
