650
766
719
799
611
747
607
863
519
658
726
803
638
815
695
666
635
838
619
806
614
855
543
807
618
814
562
839
539
714
525
855
451
775
555
683
541
782
647
810
579
722
527
715
574
923
574
747
507
834
583
807
443
747
626
738
451
871
663
910
619
730
670
847
594
779
622
831
555
766
526
839
579
855
607
767
667
742
555
707
767
879
627
754
459
742
515
751
535
834
494
827
599
771
651
963
719
815
666
795
579
819
679
931
662
815
623
795
605
835
535
847
667
887
614
950
514
801
658
830
522
743
455
673
609
719
567
755
591
799
579
943
507
785
662
891
447
699
570
818
490
783
439
831
534
678
563
851
479
806
775
931
751
869
699
839
526
767
606
755
558
807
623
683
727
751
591
819
590
774
558
822
595
731
563
911
515
803
535
643
534
842
473
787
687
654
559
731
515
787
546
858
874
691
551
723
535
731
553
755
651
746
607
779
599
819
507
811
818
795
551
755
510
743
607
823
577
715
675
827
447
757
651
907
567
942
755
907
653
755
397
715
555
791
623
809
519
615
602
875
551
799
583
903
463
762
663
803
610
695
517
817
546
847
591
838
731
743
723
955
619
842
679
691
657
779
795
742
563
871
759
811
458
899
591
995
583
891
531
743
378
815
579
763
583
802
578
879
607
719
507
767
610
1023
683
770
471
846
574
866
655
823
575
959
578
803
483
722
619
921
599
874
561
905
674
687
603
870
621
1051
575
774
559
827
539
731
755
1014
619
699
654
931
563
610
491
739
531
686
647
795
626
879
613
815
611
639
714
819
626
747
491
875
609
598
571
790
667
691
563
894
647
799
627
806
539
971
629
739
643
923
555
935
679
891
490
767
602
754
595
831
415
735
631
819
575
743
679
811
667
831
390
739
547
831
566
919
491
814
531
783
631
926
647
767
547
819
467
747
546
795
503
927
579
771
594
747
419
874
819
707
547
763
719
895
527
875
519
738
493
890
547
858
671
742
674
894
750
879
575
823
579
719
611
859
463
774
654
759
514
851
535
867
606
903
599
839
563
789
721
758
579
791
623
910
663
807
735
903
678
747
599
723
555
947
711
775
619
658
603
979
462
859
693
759
599
815
519
859
371
699
482
867
711
663
671
811
699
643
294
399
291
346
194
675
478
747
683
799
618
739
575
506
602
626
526
415
634
502
515
466
583
386
635
427
467
603
707
519
663
515
573
603
403
587
469
690
634
655
643
603
611
502
717
514
627
499
546
555
639
430
575
535
651
587
611
586
578
467
635
583
711
579
595
611
659
578
719
551
535
538
631
530
566
555
478
523
675
502
627
402
599
539
371
495
507
557
633
619
567
538
634
586
658
447
603
494
515
615
567
631
691
623
595
543
455
599
587
558
547
486
551
559
495
550
679
575
555
547
547
547
547
547
547
547
547
547
547
547
547
547
547
547
547
547
547
547
547
547
547
547
547
547
547
462
587
503
547
486
579
514
491
619
675
495
539
499
506
599
531
562
579
439
543
551
599
523
606
538
630
574
614
675
503
487
551
411
535
667
515
551
558
475
691
310
491
710
603
571
619
647
727
559
539
567
462
503
455
542
590
499
495
507
518
511
542
654
471
458
578
519
502
514
659
571
475
523
719
526
415
547
503
499
499
571
653
522
583
583
675
651
574
455
611
530
670
591
655
463
694
551
627
507
535
507
534
443
391
635
427
395
503
671
698
626
678
547
655
558
566
499
634
603
475
535
523
527
535
587
531
639
479
439
491
587
586
583
507
722
678
467
599
655
663
467
563
431
602
407
695
654
551
454
655
759
706
619
603
427
451
455
623
583
661
450
550
538
631
567
567
493
622
743
498
567
539
515
679
615
602
434
575
495
411
563
567
559
503
503
542
563
635
587
563
619
355
571
639
523
551
447
795
551
599
467
631
491
575
575
603
567
374
643
582
367
603
599
642
519
502
503
447
594
578
543
534
631
638
570
618
535
427
486
622
579
583
489
463
625
583
555
583
571
614
698
494
487
498
535
739
543
463
527
619
523
511
491
658
567
579
663
639
667
499
458
563
523
583
610
679
555
507
543
606
411
587
503
639
399
494
491
514
511
503
514
643
551
691
519
638
575
479
579
595
403
578
554
511
617
599
511
555
511
627
583
542
615
645
607
607
571
527
451
650
638
490
547
599
699
554
627
514
599
722
623
543
531
501
603
575
555
515
598
567
651
507
578
503
495
523
603
603
674
567
475
411
571
555
566
671
419
717
575
655
519
574
595
567
695
542
495
679
483
559
583
543
498
587
703
591
539
467
470
759
546
531
507
555
515
398
0
518
951
774
879
