1403
1486
1294
1395
1327
1638
1369
1495
1199
1386
1515
1467
1166
1623
1369
1571
1383
1849
1323
1455
1323
1606
1295
1415
1395
1843
1227
1547
1323
1487
1418
1839
1483
1517
1295
1499
1374
1469
1211
1631
1247
1597
1319
1527
1339
1495
1231
1507
1203
1591
1367
1519
1218
1535
1347
1591
1315
1443
1374
1539
1322
1551
1267
1551
1287
1559
1251
1547
1282
1491
1367
1499
1358
1583
1255
1411
1279
1485
1367
1819
1263
1881
1486
1503
1378
1463
1311
1565
1466
1459
1350
1371
1271
1378
1331
1647
1267
1455
1231
1530
1314
1610
1451
1567
1319
1509
1317
1563
1571
1314
1402
1631
1291
1431
1315
1819
1298
1607
1335
1603
1327
1555
1291
1843
1295
1515
1378
1823
1435
1499
1174
1542
1303
1503
1339
1538
1219
1531
1330
1598
1207
1367
1318
1603
1407
1602
1303
1599
1403
1525
1363
1515
1290
1513
1210
1594
1159
1553
1287
1491
1287
1567
1279
1439
1235
1553
1331
1550
1342
1434
1179
1395
1315
1427
1414
1531
1471
1450
1391
1645
1315
1510
1211
1367
1175
1599
1390
1463
1399
1511
1227
1483
1275
1854
1371
1527
1223
1431
1306
1619
1295
1439
1371
1511
1491
1587
1395
1442
1271
1513
1331
1595
1323
1455
1147
1563
1435
1523
1470
1635
1338
1506
1310
1378
1263
1819
1251
1591
1374
1889
1183
1423
1326
1507
1271
1603
1306
1563
1387
1569
1367
1518
1406
1539
1287
1465
1310
1574
1341
1577
1475
1387
1407
1526
1263
1495
1367
1555
1355
1503
1341
1559
1395
1579
1339
1470
1339
1526
1253
1591
1318
1599
1515
1522
1263
1595
1443
1523
1423
1455
1279
1595
1263
1587
1239
1573
1322
1598
1287
1595
1353
1647
1071
1635
1293
1587
1431
1358
1383
1599
1263
1599
1275
1551
1369
1555
1354
1591
1291
1491
1399
1507
1258
1558
1262
1315
1211
1547
1285
1567
1291
1431
1351
1562
1313
1823
1399
1378
1179
1479
1293
1547
1343
1478
1375
1511
1291
1418
1251
1467
1399
1471
1407
1530
1218
1487
1274
1391
1358
1395
1207
1523
1195
1494
1250
1503
1402
1611
1351
1499
1211
1435
1275
1531
1403
1527
1371
1826
1410
1491
1263
1811
1298
1343
1450
1539
1287
1487
1422
1358
1278
1519
1329
1611
1211
1587
1323
1615
1373
1638
1359
1502
1251
1605
1399
1579
1315
1487
1290
1549
1403
1431
1403
1487
1306
1527
1411
1521
1267
1603
1479
1503
1347
1407
1299
1439
1390
1599
1431
1526
1329
1379
1391
1502
1282
1530
1295
1507
1267
1375
1357
1487
1343
1599
1371
1498
1255
1567
1287
1595
1319
1477
1363
1442
1502
1435
1323
1614
1367
1547
1366
1639
1343
1570
1458
1559
1410
1603
1322
1402
1390
1506
1347
1519
1310
1414
1347
1510
1369
1487
1346
1486
1285
1455
1331
1434
1221
1583
1375
1491
1295
1474
1327
1511
1315
1543
1414
1535
1275
1446
1306
1641
1199
1598
1475
1574
1315
1415
1075
1143
943
1250
973
1579
1367
1419
1335
1475
1291
1447
1299
1287
1411
1299
1225
1262
1275
1335
1375
1407
1171
1318
1263
1385
1223
1278
1307
1371
1439
1251
1431
1167
1218
1319
1327
1235
1291
1283
1183
1251
1346
1259
1239
1099
1403
1439
1311
1401
1319
1387
1310
1327
1361
1167
1326
1271
1315
1326
1383
1259
1303
1211
1183
1199
1363
1323
1278
1410
1329
1190
1227
1306
1355
1290
1235
1247
1439
1147
1291
1359
1311
1238
1241
1211
1362
1295
1327
1295
1239
1303
1279
1370
1359
1427
1283
1295
1322
1159
1363
1207
1247
1355
1223
1238
1107
1311
1279
1271
1126
1307
1371
1283
1281
1318
1258
1206
1334
1379
1303
1246
1235
1265
1335
1175
1286
1354
1221
1359
1211
1382
1321
1329
1406
1243
1195
1299
1246
1375
1425
1359
1310
1275
1355
1259
1363
1231
1437
1315
1383
1287
1233
1283
1307
1315
1370
1255
1207
1339
1338
1219
1259
1355
1287
1483
1373
1215
1370
1295
1231
1339
1355
1281
1330
1526
1351
1367
1279
1251
1307
1327
1374
1319
1299
1258
1171
1383
1323
1250
1343
1309
1363
1291
1362
1303
1401
1335
1267
1226
1238
1374
1371
1287
1326
1259
1331
1230
1227
1218
1235
1186
1235
1243
1413
1130
1371
1303
1310
1206
1190
1183
1339
1227
1199
1322
1283
1263
1493
1314
1222
1207
1210
1299
1355
1187
1483
1363
1247
1243
1411
1223
1315
1319
1187
1135
1371
1195
1191
1129
1415
1439
1378
1327
1278
1251
1339
1311
1274
1103
1335
1195
1267
1102
1191
1342
1319
1211
1315
1434
1351
1351
1219
1278
1427
1331
1334
1351
1223
1278
1303
1323
1323
1234
1258
1414
1146
1293
1258
1263
1367
1199
1246
1255
1415
1323
1315
1350
1295
1371
1310
1423
1179
1266
1355
1103
1303
1227
1262
1190
1122
1247
1298
1163
1199
1245
1318
1227
1363
1298
1390
1299
1459
1149
1177
1395
1191
1242
1162
1283
1491
1286
1311
1131
1362
1375
1382
1309
1230
1274
1258
1263
1299
1370
1571
1255
1423
1319
1329
1190
1383
1257
1249
1307
1205
1275
1295
1190
1354
1267
1247
1317
1186
1159
1297
1370
1366
1346
1301
1373
1197
1211
1323
1255
1243
1283
1243
1306
1339
1370
1431
1382
1362
1423
1362
1371
1223
1175
1283
1155
1235
1247
1295
1365
1235
1366
1294
1406
1177
1203
1295
1291
1235
1125
1175
1182
1235
1131
1299
1287
1315
1322
1314
1170
1263
1167
1211
1354
1338
1291
1330
1302
1341
1195
1306
1354
1275
1351
1402
1219
1291
1306
1263
1343
1130
1170
1211
1263
1447
1303
1310
1223
1335
1209
1342
1255
1339
1367
1274
1263
1398
1263
1351
1167
1379
1342
1366
1211
1235
1219
1171
1354
1282
1349
1346
1254
1271
1183
1339
1339
1403
1447
1331
1359
1259
1393
1239
1211
1395
1335
1347
1259
1315
1263
1271
1234
1173
1327
1267
1123
1235
1351
1218
1326
1259
1218
1243
1397
1330
1306
1155
1395
1463
1287
1462
1323
1354
1335
1287
1202
1267
1291
1151
1250
1299
1475
1251
1159
1374
1327
1203
1671
1779
1278
0
1437
