1838
1843
1795
1947
1771
1919
1775
2078
1671
2087
1819
1923
1735
1907
1679
1971
1791
2127
1819
2119
1591
1943
1755
2151
1758
2063
1739
2187
1695
1951
1839
2103
1730
2051
1759
2079
1727
1971
1871
1887
1755
2059
1818
1979
1703
1919
1747
1970
1751
1847
1831
2079
1843
2046
1759
2123
1851
1894
1735
1895
1743
1967
1815
1903
1863
2111
1903
2155
1763
2043
1827
2055
1774
1943
1802
2075
1831
2107
1767
2107
1807
1883
1723
2083
1687
2091
1742
2051
1751
1915
1802
2171
1754
2087
1778
2107
1743
1971
1799
2103
1762
1943
1835
1971
1763
1927
1967
1982
1667
2183
1754
1907
1679
1974
1807
2075
1831
1891
1779
1911
1695
2063
1671
2115
1743
1919
1775
2154
1814
2102
1771
1879
1827
1891
1787
1903
1611
2051
1687
1963
1803
1891
1843
2123
1719
1963
1915
1914
1734
2115
1758
1843
1766
2143
1934
1915
1866
2055
1838
1982
1831
2122
1819
1918
1807
2135
1842
1915
1735
2099
1763
2047
1691
2155
1807
1887
1954
2159
1879
2055
1791
2055
1827
1906
1771
1938
1895
1943
1702
1954
1819
1979
1846
2234
1815
2074
1887
1879
1751
1927
1834
1851
1847
1867
1775
1903
1763
1859
1695
2107
1759
2082
1807
2047
1675
1894
1883
2094
1819
1950
1751
2059
1859
2191
1811
2059
1751
2047
1703
2043
1682
1943
1714
1899
1827
2127
1819
1923
1699
2203
1827
2047
1767
1939
1798
1967
1787
1939
1739
1819
1726
1975
1739
1887
1854
2107
1867
2103
1814
2051
1791
1939
1810
2119
1831
2123
1918
1943
1839
1899
1767
1978
1763
1971
1683
1890
1747
1923
1771
2079
1831
2159
1827
1946
1739
2054
1871
1935
1798
2095
1819
1947
1947
1967
1759
1963
1747
1971
1711
2067
1711
1951
1826
2191
1655
2175
1819
2043
1914
2179
1727
2051
1891
2043
1779
2098
1879
1915
1799
2066
1811
2155
1903
2131
1783
2123
1875
2055
1787
2078
1739
2102
1723
2227
1846
2059
1851
2115
1903
2071
1754
1947
1903
2078
1934
2095
1918
2055
1855
1939
2094
1919
1870
2047
1935
1970
1803
2079
1847
2135
1899
1947
1719
1975
1687
1847
1799
2055
1903
1787
1863
1891
1711
1879
1763
2099
1790
1979
1711
1967
1735
2066
1843
2162
1807
2138
1703
1955
1835
1955
1802
1975
1887
1907
1795
2066
1919
2147
1751
1975
1879
2047
1887
1967
1734
1906
1814
2059
1739
1967
1799
1891
1787
2062
1811
2083
1879
1971
2051
2103
1903
2071
1783
1939
1811
2055
1823
2067
1923
2107
1835
1955
1771
2111
1762
1954
1758
1923
1771
1923
1850
2091
1795
1971
1779
2187
1919
2082
1855
1979
1779
2115
1779
1978
1811
2070
1803
2231
1747
2187
1847
1967
1819
2127
1871
2055
1771
1943
1871
2123
1871
2175
1787
2162
1739
2067
1771
1902
1839
2071
1891
2058
1831
2138
1799
1839
1690
1847
1846
1911
1827
2066
1655
1878
1947
2063
1655
1827
1559
1815
1515
1823
1514
2067
1799
1919
1775
1927
1791
1899
1819
1783
1754
1859
1763
1843
1718
1738
1815
1794
1871
1735
1774
1803
1711
1707
1783
1735
1767
1851
1651
1819
1715
1819
1787
1627
1710
1758
1879
1715
1742
1839
1811
1711
1783
1810
1811
1771
1819
1791
1714
1779
1783
1675
1659
1786
1754
1699
1923
1711
1695
1747
1839
1839
1814
1795
1730
1918
1831
1591
1807
1783
1827
1682
1715
1771
1779
1715
1675
1639
1667
1799
1783
1863
1850
1691
1803
1739
1863
1619
1758
1779
1779
1815
1603
1691
1619
1699
1707
1770
1747
1747
1711
1791
1910
1859
1779
1775
1783
1799
1771
1719
1775
1843
1663
1883
1798
1778
1791
1759
1679
1775
1727
1738
1975
1811
1735
1839
1879
1679
1679
1763
1903
1739
1690
1758
1819
1703
1827
1887
1827
1722
1746
1647
1859
1795
1799
1791
1855
1715
1923
1719
1763
1795
1819
1771
1802
1667
1783
1835
1887
1759
1699
1774
1898
1831
1759
1715
1835
1651
1767
1671
1751
1847
1823
1767
1715
1739
1855
1726
1730
1706
1722
1727
1806
1723
1611
1834
1791
1739
1867
1630
1735
1779
1730
1691
1803
1655
1823
1714
1755
1735
1699
1851
1739
1655
1803
1926
1839
1915
1875
1663
1707
1823
1731
1850
1903
1738
1743
1811
1846
1747
1798
1719
1687
1831
1771
1819
1803
1611
1795
1718
1891
1811
1727
1863
1819
1847
1867
1823
1911
1803
1679
1722
1706
1806
1802
1827
1679
1723
1819
1639
1759
1694
1739
1774
1702
1827
1783
1699
1754
1783
1935
1851
1783
1666
1726
1587
1835
1787
1807
1810
1791
1898
1659
1819
1911
1899
1738
1775
1826
1711
1795
1787
1722
1799
1818
1794
1751
1807
1851
1871
1707
1634
1715
1783
1843
1687
1687
1762
1743
1759
1835
1715
1811
1666
1831
1791
1710
1799
1775
1835
1734
1867
1831
1683
1671
1642
1787
1762
1718
1727
1699
1787
1603
1762
1823
1647
1726
1723
1758
1759
1811
1751
1782
1778
1675
1779
1671
1751
1815
1819
1819
1675
1759
1787
1870
1722
1815
1631
1711
1711
1759
1847
1806
1723
1611
1750
1715
1699
1739
1759
1742
1703
1787
1751
1787
1679
1715
1859
1663
1659
1715
1806
1671
1691
1586
1787
1791
1783
1815
1651
1899
1967
1859
1670
1783
1631
1794
1651
1803
1759
1735
1735
1795
1783
1643
1830
1707
1871
1723
1755
1730
1659
1699
1759
1739
1787
1811
1762
1743
1703
1807
1675
1899
1895
1815
1770
1655
1787
1771
1678
1703
1791
1727
1627
1747
1639
1811
1815
1767
1919
1871
1779
1775
1879
1803
1783
1835
1715
1807
1771
1831
1867
1703
1795
1639
1619
1803
1682
1702
1694
1855
1683
1835
1563
1731
1743
1795
1639
1895
1791
1835
1687
1727
1683
1695
1567
1774
1843
1746
1971
1867
1687
1683
1703
1646
1923
1655
1687
1710
1747
1819
1731
1763
1795
1759
1731
1611
1687
1807
1707
1775
1731
1691
1803
1775
1671
1706
1747
1826
1723
1695
1775
1858
1711
1735
1695
1815
1723
1723
1739
1919
1750
1759
1799
1687
1719
1655
1735
1595
1818
0
1894
