866
1031
735
1147
979
1091
677
918
685
1006
879
907
762
1070
635
969
805
1031
803
911
658
1121
731
845
754
1034
930
1119
725
1014
834
990
763
1078
791
1073
609
969
830
1033
642
1014
747
1019
839
981
829
1082
763
1099
673
951
810
1067
851
981
855
1042
667
1003
863
919
775
1027
763
1129
741
1073
783
978
859
942
847
947
851
958
831
1067
789
953
918
1022
855
958
817
937
869
811
727
881
786
921
831
947
883
971
797
1103
671
1127
831
961
794
935
779
1121
815
841
717
883
659
886
747
966
787
910
739
838
791
975
793
986
775
1047
697
921
763
927
761
947
665
945
711
1071
782
905
761
1026
755
942
789
1010
729
1091
725
999
731
947
871
875
723
979
895
903
806
1063
874
1062
830
919
707
975
837
954
751
991
771
962
675
971
713
971
818
983
799
1130
789
886
879
877
746
1006
750
931
926
899
833
923
859
921
707
1079
739
1079
663
1098
695
1018
674
967
635
1049
857
991
781
918
751
962
794
1003
730
971
806
981
703
919
810
985
679
1071
891
979
831
895
769
971
775
1023
782
1181
683
933
873
973
821
1091
755
906
829
953
751
978
775
846
786
850
935
911
763
795
758
825
791
923
819
911
878
1047
787
987
842
995
879
955
675
1110
738
1005
815
1007
726
967
811
1001
891
1094
682
1103
719
941
723
939
698
1042
773
1035
927
1058
795
891
879
855
922
1081
782
879
759
1079
859
1051
671
897
727
925
783
1071
671
939
865
879
719
991
823
957
763
1075
687
797
751
1009
715
1026
746
979
923
939
855
1053
739
1091
843
994
895
1154
858
939
618
970
870
979
805
897
941
862
767
1038
781
930
857
958
775
989
767
1114
807
1102
891
939
803
1057
859
839
877
953
858
907
850
946
846
1119
727
1059
807
1019
975
919
667
997
957
999
811
913
879
975
781
1039
837
1015
801
1037
790
957
862
1001
770
1031
703
926
891
1046
839
1055
651
995
770
1043
1046
1046
699
983
853
1018
799
1063
863
1017
854
941
783
967
697
907
823
805
865
1123
679
965
773
995
721
975
859
922
938
1159
874
907
717
947
710
987
751
999
735
1090
846
866
697
923
947
1067
866
1138
681
883
694
1039
681
863
759
895
879
1002
890
969
817
1022
883
1105
801
1042
841
946
665
1090
775
911
715
1006
790
990
771
875
634
873
835
903
686
947
886
891
774
918
806
999
767
871
527
707
471
645
498
1023
851
863
759
962
754
983
830
685
845
794
723
813
729
807
778
591
718
799
849
779
723
711
578
687
891
827
839
843
659
603
794
714
759
751
739
791
777
727
787
799
770
765
837
653
863
783
586
803
863
718
835
666
719
823
737
738
691
819
625
723
695
815
769
819
870
827
786
615
727
685
726
719
826
846
809
791
695
626
663
723
750
742
837
611
551
847
693
819
803
817
867
799
781
702
631
658
742
763
622
893
771
807
671
803
771
733
761
858
830
563
843
571
774
767
601
809
585
738
719
863
714
707
686
846
799
822
882
771
759
795
733
610
815
722
722
635
719
723
787
697
823
759
718
782
654
773
699
643
697
611
787
723
750
695
745
595
755
863
738
667
695
862
739
750
703
730
738
882
755
759
902
663
746
745
886
726
782
679
743
645
577
786
761
787
789
847
842
774
775
722
655
801
715
691
791
758
775
795
734
641
726
767
882
623
815
587
846
727
763
699
681
861
595
899
769
694
729
669
767
725
731
827
751
771
923
751
719
790
818
769
850
810
935
783
730
721
978
899
786
687
798
817
807
673
702
831
775
739
765
757
831
771
950
867
798
787
859
809
694
679
718
763
751
757
843
707
683
751
882
739
795
746
749
655
783
666
734
739
755
814
751
719
795
798
799
750
830
746
619
627
690
739
815
621
811
689
857
793
663
639
663
743
821
663
651
670
771
891
730
714
743
642
694
817
714
769
683
607
654
787
839
835
863
715
726
807
859
619
709
819
914
754
763
767
683
701
762
526
815
845
695
670
826
843
771
738
750
559
771
593
623
867
931
837
698
645
641
858
838
723
745
691
659
883
866
723
811
766
782
719
690
795
667
722
799
647
725
738
757
783
675
719
794
735
707
670
739
691
915
883
795
795
898
673
649
705
693
667
726
742
751
855
785
849
793
673
847
775
854
827
769
679
754
927
839
795
923
778
755
683
703
795
675
810
775
793
779
586
738
701
722
803
631
675
759
715
766
835
671
799
879
823
834
830
795
739
863
853
823
745
763
851
739
750
797
767
666
847
877
839
867
846
807
695
903
623
754
977
751
677
777
723
763
919
767
711
803
863
739
667
723
689
691
827
801
823
838
691
743
787
879
765
703
843
806
729
706
931
699
703
621
843
731
831
723
637
711
882
690
677
699
711
722
665
1162
1319
1139
1447
0
1195
