539
806
695
787
619
923
571
758
495
811
471
631
735
815
519
727
575
575
663
791
615
683
610
775
551
794
519
815
683
866
543
783
655
903
563
667
559
647
491
827
659
979
727
867
603
807
575
643
683
703
527
819
687
639
531
803
527
875
671
691
506
863
667
831
603
863
583
795
727
715
599
687
598
943
627
775
535
807
667
771
518
791
675
803
699
723
635
815
543
755
707
643
762
831
579
815
555
763
487
703
527
755
575
730
631
719
666
811
447
734
719
767
555
775
643
739
859
791
602
899
675
715
599
899
559
875
711
835
634
675
659
731
626
639
583
770
547
811
507
823
683
803
735
787
619
799
579
815
675
803
727
798
587
783
567
691
571
842
611
771
667
779
763
727
507
883
743
727
455
779
495
747
727
715
623
747
719
763
671
767
547
799
375
871
623
835
590
747
534
799
539
818
583
807
451
667
567
755
515
731
534
795
506
827
467
763
579
683
494
887
503
899
611
863
679
799
695
783
547
735
527
863
611
907
519
807
635
739
691
779
543
854
523
743
527
915
679
711
623
815
575
735
627
847
539
779
679
791
455
799
591
695
431
803
595
846
631
683
591
819
463
735
615
819
463
919
575
807
651
795
735
839
623
759
567
747
667
839
507
655
615
743
723
807
691
723
727
815
739
783
607
807
547
979
515
739
639
787
651
851
567
875
551
847
395
755
551
727
559
827
635
879
675
699
539
831
523
859
555
747
655
839
647
879
495
767
635
943
471
731
627
915
619
883
614
851
607
879
582
823
470
671
563
703
491
699
623
831
623
803
691
763
499
831
543
759
603
731
567
854
487
887
463
703
491
883
563
695
579
791
631
843
611
927
611
943
643
694
647
751
547
867
590
683
603
735
703
907
554
931
551
563
415
691
599
819
687
939
419
987
623
831
739
863
543
763
523
743
467
735
571
839
587
699
594
871
619
835
403
787
595
831
579
911
535
759
551
763
567
739
651
863
639
859
695
723
631
891
594
827
667
779
535
791
595
839
543
851
547
835
494
879
579
707
635
787
507
791
583
871
583
699
667
931
587
751
539
579
563
839
663
759
547
779
559
823
531
811
667
883
683
830
659
815
691
619
615
811
735
787
503
835
551
775
475
690
543
794
311
527
363
527
282
743
455
635
495
803
471
723
551
531
479
679
627
679
519
719
563
427
711
523
499
695
523
507
534
671
687
547
563
671
611
691
603
703
539
691
563
467
639
550
618
543
639
567
815
587
619
587
659
467
519
558
735
531
567
575
591
583
515
479
603
623
511
499
567
571
703
615
567
623
675
526
551
631
511
483
779
499
567
666
583
538
579
563
727
515
511
603
547
563
491
679
667
598
535
563
471
535
431
559
583
603
543
715
507
479
647
495
639
551
683
651
534
503
507
423
647
527
631
527
507
619
631
555
551
498
667
699
675
455
615
423
595
547
375
539
631
519
531
571
767
631
623
523
499
699
567
567
691
583
663
519
523
531
639
575
731
511
667
599
595
643
551
491
539
587
478
507
503
667
555
647
587
435
647
651
627
679
707
626
383
515
611
627
603
723
671
491
562
579
595
619
563
559
535
423
555
631
563
579
655
435
743
527
551
663
643
591
639
511
635
803
479
618
703
519
603
466
627
535
650
587
603
571
559
451
627
627
551
519
535
507
479
583
631
487
563
671
575
651
611
583
515
391
519
555
659
743
555
631
707
598
578
442
623
655
587
607
559
619
411
515
646
643
663
547
603
567
567
587
590
599
423
527
627
479
551
683
554
543
586
527
571
523
607
559
799
519
663
418
511
499
483
583
503
427
599
435
563
563
739
519
559
574
610
511
571
631
631
531
515
447
535
702
643
559
607
591
531
503
551
555
683
599
539
555
599
539
591
418
567
578
535
582
443
487
435
506
439
591
519
495
567
459
547
595
611
347
571
431
547
615
531
591
499
643
587
486
543
627
467
547
631
543
627
547
635
495
527
471
559
655
554
419
455
495
555
559
571
583
567
487
707
551
511
583
631
411
575
563
543
563
523
599
535
567
583
511
675
515
419
543
666
503
591
571
523
619
499
427
530
563
579
679
603
555
439
451
675
647
515
607
567
567
471
703
595
747
631
515
583
599
531
475
595
575
499
515
491
495
643
563
591
519
691
447
631
702
635
443
523
390
583
539
575
667
579
523
727
639
511
551
619
407
347
487
555
535
491
643
515
415
647
515
511
607
607
503
471
567
659
539
623
499
563
615
627
483
559
527
435
647
615
567
703
503
527
595
623
523
614
587
547
423
479
579
627
619
583
530
475
495
359
459
567
539
0
767
191
679
327
1083
