439
595
411
591
387
563
267
563
331
507
339
547
367
603
427
563
451
519
367
615
395
591
423
583
335
419
351
499
503
531
375
667
335
635
415
435
519
559
479
543
415
455
407
643
291
535
527
775
423
583
359
407
427
687
327
479
335
571
343
695
279
495
323
611
311
623
415
579
447
663
451
515
443
487
383
711
367
607
427
583
335
603
443
631
343
547
339
643
311
571
391
639
363
483
407
455
415
563
427
499
375
527
383
635
383
583
327
483
463
459
487
451
399
595
399
431
387
631
275
567
415
591
359
647
303
627
295
643
291
527
515
487
275
567
415
471
475
687
423
567
379
511
455
587
383
563
503
439
443
515
375
527
351
587
263
547
299
495
387
639
363
659
491
547
499
635
423
579
383
455
531
547
283
647
335
335
367
463
339
543
351
731
375
647
375
351
371
551
347
467
439
455
335
687
363
531
575
511
483
591
367
571
295
567
467
519
363
595
387
639
339
531
335
507
427
707
299
567
451
507
383
459
475
675
327
583
483
511
499
499
327
667
399
567
387
579
319
635
451
727
395
591
411
699
315
607
371
503
311
467
319
551
403
495
299
703
395
647
511
635
403
507
279
483
419
575
479
591
387
659
479
723
295
651
463
615
415
571
339
775
359
595
287
451
339
507
355
575
555
591
391
627
303
495
367
639
339
343
387
563
427
479
387
523
383
559
327
607
303
579
359
431
395
431
379
503
375
523
175
563
487
619
327
579
447
483
379
479
471
531
335
475
403
511
447
599
563
563
271
699
483
611
347
627
347
519
583
591
539
627
291
679
407
519
459
575
355
591
415
535
495
543
383
403
327
555
415
519
303
547
395
503
423
547
283
615
387
479
383
607
327
531
471
667
551
603
387
659
483
579
319
635
363
607
455
615
267
699
291
627
415
715
395
523
347
655
507
491
303
539
371
587
339
643
355
599
399
691
411
627
363
471
547
527
511
639
415
691
431
523
443
615
459
431
363
571
439
551
523
571
411
575
307
631
419
507
387
651
511
603
319
547
415
611
447
599
355
407
443
651
403
651
383
547
411
655
315
511
407
587
503
631
387
551
323
503
403
651
439
599
511
499
295
647
331
695
343
511
283
551
539
515
243
611
363
595
339
399
99
299
0
283
99
531
431
407
447
567
491
607
303
407
391
419
307
427
375
267
267
303
247
447
355
323
283
339
311
359
571
387
459
295
411
207
243
363
479
339
247
327
423
323
375
343
439
399
511
347
375
263
275
279
443
263
343
371
403
227
407
391
319
343
251
315
399
319
215
303
307
367
339
423
311
427
391
387
327
331
451
283
319
335
267
323
303
231
359
331
307
419
275
451
347
367
439
187
323
347
311
243
359
223
367
375
331
287
407
335
451
327
275
359
395
487
303
163
375
323
443
299
247
379
247
307
327
415
347
319
443
355
415
179
479
439
287
391
355
335
295
363
499
379
343
331
499
283
375
363
351
431
407
283
455
291
371
335
359
411
303
179
407
395
191
279
263
283
303
447
479
367
303
379
395
471
463
307
487
423
375
395
339
343
451
263
559
263
339
395
315
339
335
299
391
207
343
259
331
279
287
363
463
327
327
375
451
363
259
347
375
443
275
335
343
363
399
423
503
307
267
423
415
399
247
447
335
355
259
187
271
327
231
383
387
375
403
439
319
431
355
443
299
335
499
327
375
227
339
243
399
383
339
303
411
479
327
603
371
291
343
295
183
331
307
271
283
371
299
391
395
435
455
223
419
359
395
263
451
355
275
427
311
275
415
295
383
351
351
211
251
267
351
271
323
419
375
259
327
351
259
323
303
371
335
347
351
339
351
255
355
347
347
331
327
363
323
271
463
459
259
391
375
331
511
363
271
355
303
187
347
307
207
307
383
407
383
339
323
267
379
319
387
443
411
247
347
259
363
355
339
339
355
423
315
451
379
359
259
339
403
407
455
371
423
199
327
435
467
375
355
307
343
359
479
319
491
375
259
371
323
255
367
307
447
355
355
403
347
271
359
259
387
251
279
311
347
487
295
263
295
311
399
287
315
271
327
315
355
331
515
387
403
483
407
347
375
335
347
379
351
259
519
203
343
211
523
379
367
351
339
319
291
439
307
443
347
343
299
315
371
371
355
391
271
303
351
403
459
307
467
371
447
211
399
359
267
379
243
359
291
291
391
315
223
331
319
251
363
295
311
291
467
211
507
255
339
379
347
267
335
267
295
371
279
235
355
279
343
327
355
307
327
351
427
275
443
543
323
455
359
127
363
471
187
315
311
335
211
359
407
219
159
371
279
279
455
295
391
335
323
87
627
639
407
859
