827
999
899
1027
1031
1287
862
1199
831
987
794
1054
971
1019
887
1167
899
1106
835
1046
907
1251
1027
1274
1099
1087
943
1231
891
1006
819
1094
931
1131
879
1123
1039
995
951
1139
915
1211
786
1203
939
1019
927
1015
899
1255
947
1063
847
975
903
1126
851
1154
851
1039
991
911
843
1127
983
1203
867
1203
894
1083
851
1291
915
1195
963
1243
971
1071
999
1047
839
1131
1003
987
915
987
902
1071
870
1219
823
1179
951
1115
835
1179
1046
1066
975
1195
867
1119
939
1142
855
999
755
1067
959
1090
975
1155
1023
1026
983
1015
823
1215
887
1143
767
1019
919
1275
802
1115
795
1155
1075
1194
1023
1155
1075
1167
851
1111
987
1075
883
1087
819
1087
962
1183
935
1103
862
1231
755
1063
999
1179
831
1179
971
1111
747
1138
903
1067
866
1107
1067
1018
871
1043
791
1135
947
1075
963
1083
903
1227
939
1310
915
1171
987
1023
831
1155
919
1103
991
1315
751
1147
915
1039
871
1107
935
1123
783
1043
843
999
962
1035
895
1195
963
1043
1003
1159
735
1111
835
1155
971
1175
891
1059
931
1111
915
1143
815
919
866
1062
843
1031
923
1155
891
1135
771
1059
927
1219
871
1079
923
1058
879
1039
967
1291
939
1299
823
1091
743
1107
971
1099
855
1139
875
1135
950
1123
847
1103
887
1179
887
1083
879
1090
959
1247
967
1014
907
1091
951
1131
1015
1031
903
1015
942
1215
890
1231
827
1243
994
1067
959
1202
847
1035
987
1091
1023
1079
971
1183
779
1039
875
1215
863
1103
1046
1159
775
1091
831
1043
855
1082
891
1043
979
1203
907
1027
975
1079
851
999
895
1159
791
975
955
1351
771
1107
867
1115
879
1207
891
1223
955
987
902
963
1082
1007
902
1115
1007
1163
1043
1155
879
1155
719
1082
859
1275
895
1179
787
1331
891
1179
874
1159
895
1026
875
1039
982
995
955
1134
963
1119
959
1218
847
1019
894
1102
891
955
882
1075
859
963
839
1131
943
1082
1011
1155
1007
1075
867
1267
887
1131
743
1087
954
1182
910
1183
959
1047
963
1135
822
1106
955
963
719
1147
955
979
959
1155
795
1263
1010
1171
879
1102
803
1083
847
1106
959
1131
891
1099
926
1251
959
1131
843
1099
1039
1123
947
1138
895
1154
851
1198
1091
1003
903
935
867
1191
927
1207
987
1055
847
1027
854
1143
1003
1235
919
1142
871
987
1019
1155
947
1134
1015
1147
907
1159
902
1127
859
1207
895
1187
999
1103
1011
1027
823
1059
871
1207
882
1355
1051
1059
891
1031
863
1203
771
1155
827
1055
839
926
983
1055
954
1003
627
899
615
787
611
1263
775
991
719
1019
955
1043
947
911
999
915
923
947
983
847
787
791
883
947
699
795
1039
1043
651
847
1007
771
815
911
987
971
931
843
863
851
979
779
914
819
883
807
955
795
787
779
935
822
983
851
915
815
899
935
923
1003
947
855
911
843
963
927
943
782
955
754
959
819
843
675
878
846
891
1023
851
871
867
939
875
951
863
807
923
1003
903
878
983
915
767
771
927
895
935
958
819
759
707
975
871
895
983
703
939
911
875
815
839
874
871
707
858
807
839
954
954
954
954
954
954
954
954
954
954
954
954
954
954
954
954
954
954
954
954
954
954
954
954
954
954
919
859
819
763
767
831
699
855
855
979
882
843
883
927
887
1031
943
707
787
791
855
858
887
723
915
771
722
855
719
783
807
835
822
835
1007
875
791
915
1011
811
747
799
867
890
839
819
851
887
951
959
703
903
875
911
931
875
807
794
807
743
779
979
855
979
971
743
955
990
751
995
751
871
855
867
791
958
863
891
867
867
867
903
786
903
963
903
883
979
655
867
759
963
763
723
771
967
879
895
783
751
907
835
895
695
1003
747
791
839
891
887
839
835
971
907
851
931
843
815
771
838
799
931
847
807
767
1047
1023
847
955
991
683
915
835
895
907
975
823
867
822
847
698
975
866
879
903
879
727
935
947
871
818
935
907
839
795
1019
787
887
866
935
818
1015
1007
931
794
803
799
955
779
763
782
927
827
879
815
1011
759
899
762
935
835
787
891
839
923
1071
759
863
911
919
750
1003
839
823
955
883
1027
843
847
739
903
887
967
907
831
827
815
975
791
839
899
887
851
895
831
847
891
807
879
775
791
807
891
1051
847
839
947
811
943
838
939
803
787
939
983
927
795
887
699
819
743
935
839
970
775
931
783
774
787
902
659
939
919
999
787
747
650
871
807
915
775
902
803
1015
979
822
751
935
947
1047
787
939
875
1063
911
903
823
955
723
891
831
747
795
943
867
907
811
874
1087
963
915
779
991
851
835
903
883
1007
923
851
911
911
1067
879
807
1003
874
743
859
879
927
1035
879
1019
879
971
827
963
839
715
727
835
855
895
910
851
886
795
835
1015
839
967
835
983
903
867
807
999
907
867
1011
983
743
855
959
951
903
895
923
859
843
931
839
819
834
771
1011
907
1043
883
787
771
859
863
967
783
879
987
711
931
731
907
867
851
863
759
854
1211
935
1603
587
699
1406
