473
732
578
761
563
670
681
803
596
757
458
650
549
711
542
695
485
783
546
724
411
624
555
543
643
579
493
815
476
721
458
807
659
857
323
809
423
771
575
660
558
739
548
747
453
705
503
638
533
642
444
698
627
724
589
650
483
687
586
835
592
791
577
767
613
813
586
812
689
789
517
823
523
666
515
824
526
751
475
615
571
758
491
645
406
845
456
729
572
714
421
729
442
801
561
711
559
710
573
773
617
663
524
687
511
676
456
716
511
669
509
811
534
786
600
794
455
762
535
663
495
882
475
732
441
585
596
867
715
711
594
639
536
775
519
663
678
761
534
687
435
687
484
842
499
643
555
864
434
649
509
655
522
725
529
831
489
759
417
761
541
775
497
805
519
769
464
743
535
859
555
726
393
871
559
823
483
674
615
622
489
794
514
743
386
698
489
628
469
609
647
723
617
761
511
762
573
607
523
714
591
673
596
794
607
695
590
727
482
778
573
855
531
794
546
770
446
710
507
590
552
790
608
652
595
730
571
917
463
725
601
771
362
762
512
719
593
647
678
701
742
746
610
641
648
784
458
819
586
710
383
555
581
703
451
783
619
781
611
813
538
717
500
755
459
715
588
812
475
736
671
719
669
749
423
765
619
691
490
817
426
727
469
716
473
654
557
815
551
715
419
615
449
738
474
753
555
642
595
727
483
759
603
973
562
738
489
750
459
618
608
803
490
733
621
943
602
623
574
847
561
656
694
802
607
566
662
829
577
811
497
664
487
741
616
743
571
775
563
837
506
659
642
701
455
615
556
775
583
732
601
722
598
763
688
691
543
665
355
681
381
791
416
752
523
698
436
783
482
853
623
821
411
694
516
718
531
585
490
819
423
681
547
702
708
647
573
857
570
563
523
535
452
769
441
601
582
670
515
867
526
687
545
759
638
671
394
767
621
749
499
812
705
705
523
743
504
721
648
796
522
965
449
599
683
612
584
730
454
607
623
723
522
815
487
622
536
634
597
828
631
557
520
714
533
743
538
737
533
775
605
594
607
707
523
787
342
763
647
723
585
622
568
667
521
738
510
771
500
735
587
735
449
814
671
651
552
780
629
636
481
791
402
748
611
698
606
673
514
715
590
625
614
771
595
848
466
597
270
563
275
369
423
755
503
845
567
669
610
509
469
533
467
445
552
573
377
398
287
531
534
437
562
384
497
483
426
511
588
512
558
469
625
444
500
564
360
395
577
465
475
375
530
370
497
551
655
495
573
466
507
523
517
569
429
410
431
523
548
474
593
513
586
491
421
547
642
394
610
468
494
367
594
539
544
415
594
425
531
609
626
563
661
491
470
359
473
619
547
475
518
552
563
581
371
588
518
486
381
478
457
437
530
349
563
453
471
567
650
472
535
454
639
510
369
529
529
529
529
529
529
529
529
529
529
529
529
529
529
529
529
529
529
529
529
529
529
529
529
529
529
574
499
494
581
527
639
449
462
443
554
412
488
465
561
441
517
471
506
499
446
555
709
370
631
468
575
457
558
499
611
587
549
511
522
510
591
499
518
503
495
609
550
499
501
619
481
565
653
490
585
284
551
550
453
463
471
511
565
435
601
443
611
494
652
515
533
555
572
630
490
477
422
448
522
396
571
558
463
502
555
519
670
566
505
363
510
465
627
386
613
394
293
528
579
535
568
567
378
537
553
671
430
483
578
424
655
318
514
617
548
493
551
561
526
476
463
454
489
499
457
375
468
492
522
457
319
453
609
506
500
440
560
458
550
521
558
466
495
333
572
585
604
451
414
418
451
535
727
565
447
505
526
467
518
601
611
552
520
378
537
415
388
681
531
607
563
470
598
623
370
390
407
567
541
511
331
470
476
389
499
539
635
434
518
577
519
567
502
483
434
407
543
598
435
327
419
461
525
481
457
532
448
475
478
314
442
524
658
509
491
386
551
518
534
498
525
463
609
385
626
528
543
450
555
639
606
493
513
451
393
451
416
619
591
533
530
566
675
433
579
502
540
405
633
541
581
486
535
446
571
594
566
462
443
484
540
543
563
679
547
443
542
455
515
523
522
490
543
565
487
410
638
598
483
607
581
345
513
590
522
535
633
516
575
445
578
668
457
559
446
482
643
487
508
474
759
301
499
428
590
546
547
432
491
437
551
405
564
503
415
526
425
591
351
507
543
582
480
354
510
659
599
367
518
437
443
562
491
365
573
523
458
459
538
524
597
555
559
462
606
465
606
438
637
455
474
376
619
467
485
441
665
483
605
574
611
430
545
422
558
487
427
487
374
483
478
533
570
527
515
389
382
518
473
489
461
565
1090
608
163
726
1135
583
