1758
2203
1870
2131
1842
2115
1798
2143
1851
1898
1983
1939
1911
2046
1838
2099
1954
2231
1815
1971
1810
2155
1859
1919
1799
2103
1815
2099
1882
1970
1787
2095
1939
2211
1915
2091
1935
2094
2047
2043
1947
2107
2011
1847
1879
2075
1951
2067
1851
2047
1863
2127
1899
2138
1887
2111
1814
1979
1815
2043
1907
2111
1899
2138
1943
2127
1935
2143
1743
1915
1771
2214
1759
2103
1899
2179
1871
2083
1895
2247
1763
1866
1967
2111
1907
1955
1779
2059
1811
2143
1718
2103
1823
2163
1783
2171
1814
2179
1779
2175
1787
1979
1887
1959
1926
2110
1843
1935
1767
1827
1891
1959
1875
2199
95
2247
1854
2047
1818
2139
1859
2171
1831
2087
1879
1895
1871
2139
1959
2091
1899
2071
1659
2143
1839
2142
1807
2091
1771
2127
1783
2150
1771
2163
1803
2047
1679
2067
1871
1919
1855
1951
1807
2087
1915
2191
1927
2202
1827
1979
2055
2219
1919
2099
1830
1943
1959
2187
1802
2163
1811
1942
1842
1975
1847
2119
1943
1983
1927
2130
1795
2047
1975
2155
1803
2171
1827
1971
1875
1878
1827
2155
1951
1974
1883
2174
1755
2070
1874
2139
1803
2139
1895
2186
1755
2079
1907
2083
1922
2067
1855
2127
1799
2094
1786
2147
1831
2051
1727
2111
1991
2099
1827
2111
1875
2087
1823
1947
1831
2243
1815
2079
1811
1902
1926
1955
1779
2111
1870
2059
1871
2227
1835
2135
1855
2178
1867
2063
1903
2051
1822
2046
1891
2142
1811
2255
1683
2199
1931
2155
1975
1978
1794
2054
1811
2107
1983
1963
1903
2163
1759
2123
1847
1907
1879
2195
1843
2275
1838
1975
1694
2079
1847
1979
1894
2103
1859
2063
1867
2147
1895
1931
1967
2107
1875
2151
1790
1906
1767
2043
1770
2151
1959
2255
1823
1899
2047
2295
190
2259
1875
2210
1935
2215
1883
2106
1859
2059
1871
2095
1791
2195
1767
1983
1843
2111
1767
2143
1823
2179
1891
2159
1911
2115
1895
2231
1758
2111
1827
2163
1979
1979
1719
2111
1927
1955
1947
2043
1835
1947
1903
2243
1922
2103
1975
2211
1959
1923
1910
2155
1803
2047
1811
2139
1823
2123
1858
2055
1787
2207
1919
2238
1767
1887
1871
2154
1799
2091
1891
1951
1894
2051
1886
2155
1811
2158
1755
2111
1735
1823
1891
2079
1871
2050
1939
2207
1835
2059
1914
2071
1843
2231
1874
1982
1723
1983
1835
2155
1847
2095
1955
1931
1838
2127
1899
2055
1767
2119
1819
2235
1907
2163
1851
2179
75
2183
1871
2134
1843
2055
1979
1963
2043
2259
1803
2115
1966
2071
1947
2258
1919
2178
1855
2215
1775
2058
1906
2083
1858
2131
1863
2115
1771
1943
1795
2087
1827
2214
1771
2170
1955
2139
1751
2151
1802
2127
1891
2098
1899
2191
1919
2103
1906
1963
1942
1935
1875
2171
1891
2247
1862
2359
1855
2163
1907
2106
1871
2163
1835
2207
1802
2059
1879
2067
1838
1955
1855
1951
1611
1898
1535
1835
1723
2171
1915
2235
1647
1955
1879
2063
1887
1787
1834
1835
1863
1931
1927
1871
1807
1867
1803
1919
1735
1770
1779
1939
1807
1715
1879
1947
1879
1807
1931
1906
1838
1798
1911
1835
1819
1759
1831
1786
1883
1831
1851
1802
1907
1814
1803
1887
1951
1887
1711
1763
1819
1919
1843
1887
1838
1815
1879
1795
1827
1827
1943
1778
1827
1823
1783
1723
1883
1875
1763
1847
1851
1787
1818
1835
1879
1671
1854
1859
1887
1794
1926
1851
2067
1823
1867
1811
1795
1827
1899
1867
1822
1851
1722
1811
1815
1911
1859
1786
1902
1775
2238
1902
1823
1711
1783
1875
1854
1811
1806
1943
1899
1775
1842
1715
1835
1695
1890
1831
1759
1835
1951
1859
1891
1674
1839
1883
1715
1911
1919
1787
1947
1835
1659
1878
1923
1903
1834
1843
1735
1795
1839
1839
1839
1919
1939
1759
1859
1882
1927
1795
2051
1734
1967
1742
1871
1751
1859
1815
1671
1759
1839
1859
1851
1863
1883
1891
1882
1763
1923
1771
1942
1835
1787
2047
1843
1795
1803
1786
1895
1954
1894
1899
1971
1883
2059
1719
1806
1919
1814
1831
1882
1839
1843
1807
1935
1703
1911
1755
1839
1867
1894
2043
1935
1719
1831
1859
1779
1703
1863
1927
1791
1883
1859
1823
1874
1675
1779
1822
1887
1739
1903
1778
1791
1683
1838
1807
1815
1818
1810
1851
1802
1791
1863
1799
1867
1947
1827
1747
1915
1966
1879
1763
1767
1907
1882
1863
1819
1779
1867
1723
1695
1838
1851
1803
1823
1759
1835
1679
1911
1671
1839
1835
1910
1815
1958
1875
1858
1843
1903
1771
1839
1699
1763
1799
1919
1831
1831
2083
1827
1767
1907
1791
1698
1855
1799
1851
1679
1947
1726
1839
1751
1822
1939
1903
1759
1871
1803
1871
1931
1747
1787
1935
1851
1783
1790
1871
1679
1838
1859
1863
1702
1931
1899
1811
1830
1779
1783
1887
1843
1651
1975
1831
1974
1887
1951
1815
2055
1747
1803
1722
1859
1847
1854
1835
1851
1819
1834
1795
1863
1787
1923
1795
1891
1842
1971
1822
1847
1835
1839
1746
1731
1851
1787
1771
1843
1843
1791
1811
1883
1823
1815
1722
1831
1735
1835
1815
1898
1843
1755
1790
1775
1786
1943
1879
1823
1807
1915
1851
1858
1859
1951
1715
1742
1767
1794
1878
1843
1711
1807
1875
1871
1891
1787
1907
1907
1843
1831
1790
1847
1814
1714
1879
1770
1799
1959
1814
1795
1907
1855
1791
1919
1879
1851
1830
1931
1798
1691
1855
1878
1779
1891
1974
1811
1798
1851
1803
1850
2051
1823
1839
1803
1707
1866
1758
1827
1834
1831
1791
1774
1871
1774
1791
1835
1767
1798
1947
1778
1655
1810
1795
1895
1851
1795
1767
1891
1779
1963
1930
1851
1887
1927
1747
1783
1859
1855
1827
1959
1875
2071
1859
1755
1899
1767
1843
1775
1887
1711
1758
1894
1931
1818
1895
1811
1815
1895
1851
2063
1939
1827
1839
1783
1674
1931
1839
1735
1791
1899
1827
1743
1711
1727
1875
1815
1727
1878
1866
1831
1743
1667
1767
1919
2055
1771
1643
1915
1798
1899
1515
1639
1554
