423
723
455
631
431
579
415
591
407
527
419
607
487
651
463
667
427
559
359
491
503
623
427
507
447
551
375
607
295
591
395
547
391
779
399
679
403
591
335
659
459
659
343
555
363
639
431
563
647
639
415
731
427
627
531
531
455
683
419
555
383
635
383
735
423
671
559
539
379
515
483
579
415
691
451
779
327
459
235
591
491
695
443
559
435
399
411
759
307
687
331
595
363
539
379
667
499
715
427
627
371
599
551
599
379
695
455
727
551
567
331
475
403
603
399
663
595
727
459
567
387
751
431
563
419
531
367
467
479
619
515
727
423
503
479
711
423
727
415
755
527
643
563
631
459
723
371
679
507
687
543
531
451
635
435
663
435
695
459
635
459
711
435
659
467
579
459
715
415
359
387
455
399
571
527
487
543
583
295
711
439
507
419
747
331
539
531
527
379
651
575
583
571
503
427
751
531
651
335
535
379
591
351
527
547
787
731
619
423
655
571
587
547
763
383
663
499
639
339
791
419
559
323
723
479
663
347
711
331
767
371
395
315
743
403
499
435
715
487
647
323
695
471
683
403
571
439
739
295
611
427
579
435
667
403
667
471
715
535
619
355
563
503
579
391
559
507
583
459
543
419
623
419
651
575
603
399
595
515
543
455
563
299
715
459
603
447
779
443
539
371
567
447
439
439
679
423
647
303
715
323
615
583
683
403
567
463
647
323
671
407
683
539
539
487
747
387
607
483
755
475
723
395
591
419
543
479
619
419
607
455
627
391
655
403
623
579
691
467
643
543
663
415
551
375
803
451
655
539
507
379
671
647
515
367
667
507
607
511
651
495
651
411
607
411
631
415
671
431
635
363
579
403
627
415
671
375
671
403
631
355
539
411
579
467
631
471
651
435
739
507
667
415
503
331
475
467
631
415
655
495
723
471
619
507
583
471
655
503
715
391
759
427
671
347
631
407
615
463
555
463
523
495
579
371
671
571
739
527
599
407
767
407
587
491
739
511
523
339
635
431
511
455
655
291
631
435
583
543
615
403
627
371
659
459
527
435
611
471
603
335
571
511
651
423
719
479
663
443
523
343
651
415
675
355
563
375
643
315
727
495
663
447
663
479
611
555
603
475
539
399
691
451
643
479
723
447
487
131
379
51
379
159
643
359
459
415
491
579
535
491
467
387
491
311
315
443
271
283
495
407
343
483
451
327
447
371
355
379
323
439
459
331
415
387
435
471
483
339
483
387
303
391
375
371
443
371
339
395
319
463
355
555
475
403
251
523
307
511
519
511
399
511
331
667
391
427
439
295
319
447
335
407
467
495
363
539
379
503
487
355
391
483
331
327
443
519
551
315
403
331
347
363
315
451
275
595
423
335
427
399
319
499
519
339
455
471
443
555
495
379
343
475
491
411
427
471
467
475
395
487
263
399
351
463
359
543
547
499
379
415
371
407
287
547
479
503
459
375
335
419
327
431
423
279
547
459
535
451
531
407
487
415
435
447
395
415
495
371
499
387
535
415
611
647
343
351
339
383
391
451
255
503
335
315
483
467
423
359
423
403
539
403
443
415
527
463
439
375
431
383
375
531
211
375
375
359
427
383
323
363
475
455
587
415
331
395
419
375
407
355
443
311
363
447
435
363
395
503
487
423
431
451
395
411
535
323
447
511
419
531
503
395
315
439
395
323
467
367
551
455
479
303
347
339
383
335
415
475
331
539
583
415
375
267
335
363
355
339
379
543
471
323
455
463
243
479
527
451
327
343
383
351
343
383
319
295
483
387
367
415
343
443
463
631
359
411
391
499
351
579
415
359
339
435
279
267
283
379
423
519
291
399
387
483
315
347
411
299
451
299
487
407
451
503
507
435
567
395
503
271
399
307
447
383
375
527
439
315
439
343
331
371
455
399
423
459
351
367
371
403
375
251
311
359
351
359
499
455
419
399
359
403
415
523
395
435
499
247
547
443
403
631
551
455
347
387
371
435
403
435
339
359
439
291
423
399
287
543
551
403
415
463
419
515
367
479
335
335
531
427
399
231
403
399
463
499
367
399
435
531
475
335
351
427
347
487
315
455
479
395
387
491
583
563
407
427
435
491
351
527
323
371
359
423
507
423
355
495
395
519
431
335
499
435
283
515
283
371
367
523
323
343
479
279
487
531
299
327
391
499
415
395
463
471
503
407
403
463
243
327
423
635
363
367
371
391
363
543
423
391
359
427
311
471
391
491
355
279
323
359
363
395
475
431
275
295
503
451
351
399
299
331
327
415
295
331
359
443
427
431
279
327
447
391
359
479
343
503
435
327
327
223
435
423
443
439
335
63
387
231
0
767
463
