1715
2003
1799
2043
1715
1975
1663
2031
1823
2043
1723
1967
1774
2007
1843
1939
1675
1943
1703
1914
1627
1919
1691
2003
1818
2115
1698
2039
1691
2015
1779
2067
1847
2035
1755
1991
1615
1983
1619
1930
1723
2083
1827
1995
1631
1907
1867
2055
1867
1982
1735
2023
1843
1946
1766
2027
1683
2079
1743
1987
1663
1923
1858
2023
1807
1803
1875
2007
1731
1983
1747
1935
1803
2031
1735
1963
1735
1975
1775
2083
1855
2063
1683
1998
1799
2067
1723
2007
1878
1927
1810
2039
1719
1899
1862
1967
1983
1906
1651
2087
1855
2026
1683
2147
1639
1951
1723
2026
1707
1971
1771
2038
1887
1907
1735
1930
1811
1899
1722
1895
1783
2039
1731
2078
1575
1790
1751
2235
1763
2047
1715
2066
1827
1915
1787
2110
1651
1967
1751
1967
1774
2095
1695
2099
1707
2022
1687
2066
1623
1991
1895
1951
1783
1703
1911
1947
1691
1839
1635
2022
1606
1874
1622
1915
1787
1930
1858
1910
1807
1854
1806
1951
1655
1875
1871
2043
1771
1907
1803
2073
1831
1827
1667
1950
1559
2039
1723
2067
1659
2015
1923
1903
1787
1971
1827
1998
1586
1879
1591
1975
1731
1875
1762
1946
1663
2071
1594
2034
1779
1863
1719
2099
1639
1847
1919
1983
1734
1911
1707
1831
1795
1862
1651
1967
1742
1783
1851
2003
1734
2030
1551
2043
1738
1947
1762
1955
1714
1903
1807
2023
1758
1943
1629
1851
1659
1835
1807
2111
1806
1767
1863
1907
1934
1921
1926
2078
1777
1955
1739
2035
1675
1890
1707
1766
1674
1982
1715
2015
1662
1955
1930
1979
1643
1911
1799
2030
1743
1987
1775
1966
1891
1967
1702
1899
1711
1910
1767
2078
1707
1875
1827
1971
1815
2155
1875
1975
1827
1979
1651
2031
1731
1954
1759
2066
1723
2074
1683
1875
1698
2015
1735
1831
1806
1903
1683
2030
1611
1887
1687
2029
1799
2106
1858
1987
1571
1831
1842
1927
1674
2095
1718
1823
1791
1775
1811
2003
1738
1799
1655
1965
1683
1890
1763
2091
1753
2051
1819
2027
1839
1947
1611
1999
1703
1931
1719
2047
1691
1807
1791
1995
1835
2035
1819
1983
1763
1987
1875
1814
1919
2011
1907
2003
1718
1943
1759
1951
1905
2010
1858
1923
1689
1987
1687
1818
1718
1939
1823
2043
1795
2011
1879
1918
1770
1854
1899
2003
1803
1862
1571
2015
1699
2023
1835
1879
1686
1901
1742
1849
1755
2031
1871
2003
1791
1891
1903
1935
1751
1871
1731
1943
1831
1863
1657
2067
1799
1887
1846
2074
1679
1962
1611
1991
1707
2131
1811
2054
1758
1899
1662
2159
1770
1918
1842
1935
1691
2035
1887
2031
1703
2026
1683
1975
1827
1975
1763
1866
1703
1943
1867
1791
1819
1898
1803
2035
1931
2095
1835
2043
1707
1966
1771
1987
1719
1854
1649
1998
1783
1995
1910
1814
1679
1914
1639
2071
1751
1903
1823
1987
1791
1971
1827
1927
1819
2074
1815
2055
1763
1835
1434
1707
1530
1671
1435
2027
1710
1823
1695
1839
1786
1938
1798
1823
1779
1738
1811
1799
1667
1615
1706
1579
1855
1787
1503
1663
1687
1731
1765
1627
1839
1607
1747
1747
1770
1795
1758
1690
1643
1771
1759
1771
1731
1935
1727
1698
1671
1670
1863
1825
1931
1719
1866
1743
1726
1743
1715
1709
1755
1723
1763
1663
1783
1842
1903
1775
1759
1891
1755
1594
1799
1727
1782
1655
1730
1599
1586
1906
1698
1723
1711
1815
1827
1738
1751
1763
1763
1739
1795
1553
1822
1839
1751
1867
1787
1615
1755
1634
1702
1723
1723
1807
1811
1595
1695
1662
1847
1753
1791
1699
1810
1782
1719
1539
1810
1782
1782
1791
1743
1783
1786
1615
1683
1694
1830
1630
1854
1739
1714
1763
1695
1735
1734
1655
1771
1847
1867
1623
1719
1699
1626
1607
1583
1635
1650
1678
1735
1797
1711
1779
1771
1815
1835
1707
1731
1827
1754
1759
1763
1850
1627
1530
1787
1755
1709
1607
1751
1743
1711
1631
1831
1702
1763
1539
1803
1783
1627
1779
1655
1763
1747
1771
1806
1583
1795
1743
1814
1787
1790
1831
1679
1771
1899
1887
1747
1802
1827
1711
1702
1891
1779
1711
1891
1743
1811
1706
1775
1766
1675
1619
1799
1643
1758
1790
1871
1762
1719
1787
1790
1811
1718
1667
1679
1723
1815
1819
1774
1739
1799
1599
1679
1783
1619
1739
1575
1799
1755
1643
1825
1707
1818
1699
1819
1823
1819
1547
1715
1662
1871
1559
1746
1751
1759
1783
1895
1738
1723
1806
1850
1739
1875
1727
1662
1678
1647
1687
1771
1815
1795
1707
1679
1742
1739
1787
1627
1766
1587
1755
1759
1735
1795
1778
1843
1881
1855
1651
1699
1839
1622
1751
1887
1699
1703
1830
1763
1815
1587
1687
1755
1843
1639
1671
1903
1835
1819
1667
1818
1719
1691
1819
1850
1559
1763
1815
1637
1647
1795
1719
1870
1887
1691
1770
1815
1727
1731
1670
1682
1799
1851
1622
1723
1703
1793
1646
1651
1830
1802
1743
1778
1497
1738
1650
1689
1719
1579
1683
1702
1662
1819
1627
1879
1669
1770
1695
1703
1651
1627
1779
1718
1647
1655
1654
1655
1679
1723
1663
1842
1751
1735
1583
1651
1911
1875
1691
1711
1627
1727
1663
1823
1738
1823
1771
1838
1743
1663
1894
1859
1869
1707
1783
1826
1682
1623
1859
1670
1787
1667
1590
1675
1735
1811
1755
1727
1643
1723
1702
1795
1733
1791
1835
1631
1683
1610
1659
1734
1747
1727
1731
1758
1747
1762
1750
1850
1763
1715
1839
1595
1751
1759
1630
1850
1650
1834
1746
1827
1675
1759
1698
1699
1831
1545
1646
1710
1631
1683
1647
1794
1710
1747
1669
1758
1758
1787
1671
1747
1678
1787
1786
1719
1647
1687
1715
1687
1947
1703
1735
1607
1827
1743
1775
1718
1787
1599
1579
1571
1795
1635
1679
1683
1647
1719
1890
1810
1778
1806
1815
1759
1727
1783
1679
1807
1831
1802
1727
1743
1783
1803
1615
1723
1635
1766
1670
1662
1739
1745
1701
1775
1686
1746
1647
1723
1834
1630
1610
1742
1779
1703
1817
1791
1615
1807
1747
1731
1823
1654
1683
