371
667
399
583
379
527
365
541
354
481
363
559
435
597
407
623
374
517
313
443
447
567
375
454
394
503
323
559
243
541
346
498
338
727
353
629
347
542
293
611
407
609
290
503
311
587
378
514
595
591
365
679
377
577
479
478
406
631
365
498
331
579
330
685
369
623
507
489
327
465
430
523
363
643
398
725
271
411
185
539
441
639
391
511
386
343
358
706
259
631
278
543
307
487
326
615
453
666
371
573
322
547
495
547
327
643
402
679
501
514
279
425
349
551
350
619
541
675
409
511
339
698
382
517
367
479
317
414
427
569
466
671
374
447
427
659
377
674
363
703
477
587
511
578
406
671
321
626
457
637
491
475
395
587
387
613
383
641
403
583
409
659
382
606
411
530
406
662
363
306
334
407
343
523
471
438
490
530
247
663
389
455
363
695
279
490
478
481
323
598
525
531
519
453
371
702
475
598
282
482
327
539
301
471
497
733
677
567
375
606
523
534
491
707
327
615
446
591
287
741
369
510
267
671
423
613
297
659
282
715
321
339
263
693
350
446
383
659
431
599
275
643
415
631
351
515
386
686
245
561
379
530
382
611
351
611
418
659
482
569
305
511
453
535
338
513
457
531
409
487
366
571
370
601
523
555
346
539
466
494
403
511
247
666
411
550
395
737
387
489
322
515
391
389
387
627
370
603
251
659
273
567
527
630
355
515
411
595
275
619
355
630
489
483
438
691
331
557
430
703
425
673
345
538
366
491
423
566
363
555
403
575
339
603
353
571
531
639
419
593
487
613
369
497
319
751
402
609
493
455
327
615
594
463
314
615
457
551
462
599
439
603
369
557
358
579
359
615
383
579
315
523
357
574
362
629
319
623
349
579
303
497
359
527
415
578
418
595
382
686
451
615
363
447
289
425
419
578
367
598
442
670
421
567
458
531
419
610
451
661
339
709
377
617
301
575
355
565
410
503
415
471
443
527
325
617
523
691
471
551
365
719
354
535
441
687
455
475
287
583
379
458
399
602
239
579
381
533
491
563
350
571
323
607
413
475
383
563
419
547
285
519
459
594
370
662
429
613
389
477
294
598
363
623
311
511
325
597
262
674
443
606
397
619
426
561
503
550
426
486
350
639
398
590
423
667
391
434
75
326
0
330
107
587
303
403
363
438
526
482
438
411
339
439
259
265
389
225
230
449
351
293
433
398
278
391
319
303
323
267
386
403
279
363
331
383
419
431
283
427
338
255
339
329
318
391
321
283
345
267
411
303
503
423
351
198
471
259
463
467
459
343
455
279
615
335
377
386
246
263
399
283
357
417
446
310
487
323
455
435
307
335
430
281
281
390
467
494
265
351
282
294
307
261
401
223
542
371
285
377
346
267
447
470
283
402
422
391
502
443
331
291
423
439
355
373
418
415
422
341
435
211
351
298
413
303
494
494
447
327
359
319
353
235
501
430
453
406
322
283
367
275
382
373
231
497
403
485
399
479
355
437
365
383
401
339
365
446
322
447
334
485
366
561
591
297
295
290
335
339
403
203
454
283
259
427
417
377
317
371
349
483
354
395
365
479
411
386
322
383
335
325
478
155
325
319
306
375
331
270
311
423
405
535
363
281
349
362
323
351
303
394
259
313
401
379
317
346
453
435
373
382
398
343
355
485
271
397
462
363
479
455
345
265
387
343
270
414
315
499
407
426
247
291
283
329
283
369
429
277
487
533
363
322
217
289
311
303
289
323
493
421
270
401
410
193
429
479
395
277
291
331
303
295
331
267
251
430
341
317
363
287
391
410
575
307
362
341
447
295
523
362
310
290
382
227
211
230
331
371
469
239
347
338
429
263
294
363
246
403
250
435
354
395
447
459
385
514
339
453
215
353
254
394
327
333
478
383
266
387
293
278
318
403
347
371
409
303
315
321
351
322
201
258
307
298
303
449
407
369
343
307
347
366
477
343
386
450
197
497
395
351
578
499
403
295
337
319
379
355
387
289
310
387
234
374
346
235
487
505
353
363
417
370
466
311
430
285
285
482
377
347
189
351
347
414
450
318
351
382
482
426
281
297
375
291
435
263
402
426
342
333
442
531
510
354
378
382
438
301
477
271
317
313
373
459
370
302
439
345
470
385
283
447
386
229
459
233
323
315
470
274
290
426
229
435
481
247
283
343
450
366
342
411
422
451
359
353
413
189
274
363
582
311
311
323
338
311
494
373
343
310
375
269
419
335
438
305
226
271
305
311
343
429
379
226
241
461
395
295
347
247
279
273
359
239
278
313
387
375
379
223
271
391
338
309
427
297
450
382
275
275
171
387
371
393
383
285
99
338
243
86
559
457
