495
723
375
487
371
535
423
599
251
579
387
483
455
587
363
523
475
699
499
415
419
655
347
679
403
487
507
731
395
567
451
655
435
663
415
599
451
615
419
639
403
511
551
743
263
575
435
683
451
575
315
739
395
507
555
655
439
655
519
615
459
603
579
659
303
607
403
807
467
695
539
595
375
475
399
543
447
699
403
775
527
699
351
747
403
631
467
623
279
635
307
423
363
531
447
527
379
547
495
703
387
451
347
571
391
627
331
655
483
675
555
579
371
547
423
575
475
575
499
759
483
575
403
707
303
579
519
559
327
679
399
715
503
559
515
635
455
715
355
527
347
655
239
591
415
607
391
659
463
691
403
707
435
611
467
687
327
615
491
759
399
599
379
635
491
643
299
559
335
551
519
463
303
471
511
767
471
523
399
651
383
595
435
503
343
527
435
631
495
583
395
683
371
579
335
707
371
583
451
555
443
555
583
647
311
583
243
595
487
807
395
659
303
759
415
711
375
479
387
735
459
619
483
707
459
631
439
575
411
683
399
603
439
543
375
643
451
715
539
655
423
687
451
579
543
595
315
507
327
567
483
599
463
587
415
811
563
555
503
639
283
583
399
695
343
551
439
615
351
587
463
615
367
735
435
563
447
659
471
687
371
531
379
539
431
603
383
579
431
691
463
587
323
591
419
643
503
603
435
575
391
595
355
751
407
715
411
639
471
571
403
747
439
535
483
519
355
491
567
611
355
511
523
655
383
531
467
531
491
543
355
731
447
547
407
555
527
599
339
547
391
687
259
619
451
587
411
543
431
571
471
491
375
607
423
687
343
639
415
571
347
643
343
667
435
519
419
667
403
623
419
587
439
703
455
663
367
591
363
551
363
535
363
659
515
527
547
739
359
639
343
747
383
487
431
559
431
451
603
683
439
699
331
763
399
683
391
655
327
563
367
735
379
507
411
791
431
623
503
651
455
519
523
527
287
607
383
579
395
639
487
607
283
595
535
655
451
615
435
571
399
607
307
567
515
599
411
571
391
627
527
591
431
487
459
511
431
687
443
627
303
687
431
719
407
419
343
755
491
471
479
403
487
599
327
539
367
559
455
635
467
699
359
735
471
707
395
623
235
667
443
675
439
631
471
679
315
523
43
323
123
339
259
603
359
615
199
583
331
631
343
163
487
475
519
407
299
499
267
291
503
423
431
323
439
275
415
339
379
399
375
323
363
311
347
319
547
267
283
431
519
315
411
395
295
443
387
443
315
427
339
571
527
343
247
375
331
443
387
307
379
367
279
451
427
451
455
347
375
131
291
219
323
395
519
439
411
407
543
307
479
411
479
355
463
267
495
403
431
307
391
183
399
487
471
319
371
427
443
519
319
451
307
371
387
471
371
247
355
523
207
483
359
499
447
299
275
307
275
455
475
323
479
403
451
383
503
343
307
403
351
615
331
243
455
335
419
403
375
395
415
343
359
395
343
443
315
403
447
427
507
271
323
319
355
327
351
311
395
243
455
279
383
391
447
407
283
303
443
367
455
331
523
439
419
371
515
391
243
223
411
543
231
403
287
259
439
379
375
523
215
519
371
415
335
371
443
499
299
535
395
327
387
323
475
435
335
331
427
423
359
395
387
419
467
287
511
343
439
307
303
343
395
243
423
287
439
495
487
319
323
267
399
571
387
315
367
375
411
279
323
435
307
311
439
459
415
379
407
351
491
471
519
467
399
611
363
439
351
299
451
439
519
423
371
359
295
407
435
347
475
347
223
319
435
423
331
399
399
363
467
391
271
315
463
379
455
391
435
515
511
411
483
447
443
447
455
235
483
335
403
359
527
295
347
451
415
355
331
331
311
531
359
443
571
391
511
363
519
403
323
327
431
519
411
351
419
371
379
443
463
467
367
407
371
367
471
395
359
399
351
283
311
387
467
367
351
323
451
459
727
599
347
459
391
507
399
199
427
219
451
463
355
419
451
415
363
375
467
327
371
407
431
271
371
383
435
443
483
399
335
519
287
299
311
347
575
495
463
299
431
439
339
355
275
487
355
443
527
311
419
359
443
359
591
451
299
315
387
423
351
347
523
363
427
359
455
323
251
419
291
519
311
271
523
387
435
447
355
379
335
511
191
411
399
319
379
307
371
387
423
347
419
539
379
359
379
447
379
347
407
187
443
339
427
395
387
351
295
539
375
267
379
271
467
199
387
339
535
339
519
471
427
339
351
367
527
523
403
319
375
307
411
399
351
455
431
223
351
451
459
515
299
439
495
491
467
423
371
395
391
343
471
375
471
431
487
423
455
447
263
287
323
423
351
335
283
411
663
667
455
127
367
835
