439
531
459
467
387
727
419
603
407
535
487
611
335
595
395
551
455
563
475
631
347
626
399
539
427
511
335
635
455
579
399
711
395
647
419
499
331
439
303
483
359
463
299
615
527
559
419
675
471
591
499
567
391
583
375
659
535
623
375
646
327
555
291
627
474
471
331
559
579
543
222
590
395
763
319
555
407
619
287
695
455
647
463
659
555
695
511
667
347
575
243
627
387
499
474
643
371
639
339
515
355
599
347
439
315
779
335
543
350
531
319
619
411
531
403
531
255
495
423
563
311
583
315
539
375
579
355
651
479
619
455
663
511
751
475
667
367
571
375
571
507
567
451
707
311
667
379
719
379
651
407
463
319
567
447
575
487
543
539
771
367
635
387
367
595
539
383
647
371
607
459
539
439
535
587
623
439
535
283
535
355
483
419
555
419
579
407
675
587
399
371
755
427
555
323
611
527
715
391
535
319
671
591
439
419
535
466
631
403
499
487
543
387
639
451
511
403
603
387
611
327
679
411
559
323
531
499
663
507
667
426
479
355
571
355
595
671
539
427
567
395
459
395
735
271
523
287
575
499
679
463
818
315
543
447
639
443
619
435
707
423
607
311
771
219
515
419
571
447
675
439
603
483
699
443
523
427
599
471
491
431
595
467
559
539
659
399
587
535
487
443
711
443
599
387
483
483
551
359
563
391
691
463
779
415
547
427
723
387
603
391
607
431
619
411
487
447
551
387
703
407
695
475
583
491
707
371
527
395
551
351
575
491
615
467
435
543
695
435
591
427
699
227
699
407
643
339
579
411
535
395
635
414
659
463
635
299
507
363
791
455
579
519
655
459
475
391
519
435
627
459
699
399
731
551
591
383
603
351
779
271
675
471
595
563
699
411
635
515
675
451
535
375
551
311
511
494
547
407
639
415
487
407
555
339
623
335
527
227
535
447
647
419
631
539
563
551
639
467
635
459
639
403
467
375
643
399
439
459
599
395
695
339
559
374
535
407
615
479
647
447
527
255
643
462
607
399
483
447
579
423
707
371
666
359
631
503
611
363
543
415
599
447
567
455
675
471
671
323
539
519
535
511
695
407
743
411
631
422
707
447
727
491
715
418
711
375
599
475
555
423
723
439
511
487
651
367
503
75
351
199
343
39
523
431
579
387
519
371
643
359
239
463
367
363
371
383
255
343
343
439
371
463
339
327
579
427
534
379
447
307
458
495
515
375
371
187
415
319
255
387
379
463
363
439
483
363
379
363
359
363
383
259
283
335
415
383
527
299
367
419
311
419
335
351
359
467
191
279
275
371
407
431
227
523
459
467
359
306
475
307
507
359
367
391
447
455
271
335
271
403
343
303
447
311
478
435
335
271
227
431
395
247
463
435
351
227
399
507
463
347
363
443
419
487
447
379
311
275
391
495
443
407
423
243
455
339
387
439
279
363
407
363
291
415
371
335
287
507
319
427
527
435
355
347
291
315
395
319
427
403
383
211
319
355
295
359
303
403
499
423
395
399
419
446
263
331
375
370
367
523
355
343
339
507
451
207
383
407
171
339
347
427
283
222
303
295
451
303
427
311
399
355
315
471
359
251
191
383
335
559
399
283
371
367
419
563
399
507
411
367
451
331
247
491
395
295
423
327
415
323
251
427
467
498
291
387
346
211
431
427
323
311
371
443
319
407
379
355
366
351
395
555
419
415
267
259
463
483
291
391
555
515
311
271
403
415
395
379
259
503
375
399
455
355
455
255
434
462
347
387
351
279
275
511
247
351
407
299
419
451
459
435
402
415
435
415
295
343
387
295
391
299
359
439
331
443
343
363
407
519
367
363
343
351
343
335
371
459
307
307
395
439
387
383
411
435
267
351
371
406
415
331
235
327
335
379
331
343
307
355
227
407
423
195
407
399
447
391
399
267
375
483
323
534
367
267
335
331
323
387
459
354
411
375
411
315
235
383
431
311
283
303
319
499
299
359
363
259
391
291
379
411
371
451
471
339
439
350
507
363
343
467
355
387
411
287
255
375
307
315
351
403
395
307
371
427
319
463
323
407
427
467
319
470
475
483
419
455
199
351
459
463
471
447
391
295
527
411
279
271
343
355
379
367
291
459
315
443
419
443
275
319
295
343
311
351
427
439
423
383
387
383
363
383
307
463
419
515
363
467
303
443
227
259
239
399
475
223
451
431
479
351
335
287
363
335
351
511
379
363
351
379
503
467
327
467
463
383
335
367
415
347
499
275
279
475
267
307
207
423
411
339
415
283
299
335
419
471
243
511
347
243
379
363
343
271
387
415
555
203
247
251
359
287
447
379
515
515
123
463
203
583
319
