1124
1163
829
2062
931
2008
1235
2019
1164
2801
1035
2099
740
1239
934
1894
1272
1807
1259
968
1143
2001
1310
1248
1069
857
1195
2022
1040
2030
1038
2044
1101
2071
1162
1507
1062
2847
1337
1128
1036
1928
1165
1238
955
1532
1149
2034
934
1819
723
2349
1119
1125
1221
1223
1053
1409
1411
1291
1035
1419
850
2055
1299
1997
1020
1234
977
1256
1187
2026
944
1199
1055
1377
450
2016
975
1477
939
1144
1298
2014
917
1947
1047
1159
1259
1293
860
1155
1301
1109
1248
1351
955
1331
1509
2015
1246
1256
1027
2033
1088
1107
1105
1984
1401
2139
1149
1390
1248
1346
1110
1071
1134
2986
1058
2011
1144
1202
1075
1223
1058
2029
1083
1135
1323
2913
1026
1990
1277
1473
380
1133
1113
2161
854
2231
1140
1111
1431
2035
907
1605
640
1292
1097
1313
1124
1161
1007
1965
1372
1789
1107
1292
673
2908
847
962
847
1174
986
2065
952
2044
1275
1373
1266
987
1317
1375
924
1412
1151
649
1279
2040
1020
1353
2177
1485
1074
3151
1393
1362
1088
1123
1018
1985
1291
1015
862
2014
1353
2203
1104
2025
1325
859
1182
1965
1323
2104
1155
1960
1155
1399
1163
1314
933
2172
970
2018
928
1179
1109
1522
772
1343
1199
2007
1091
990
1231
1305
963
1039
858
1265
1183
1145
1319
1239
1284
2013
966
1807
1236
2032
1200
1931
871
2142
654
1030
1176
2231
962
990
1095
1088
851
2033
1206
948
1390
2014
1271
1461
1252
1459
1079
1198
1206
2031
1203
982
1411
1044
1044
1968
1107
1231
1084
1527
962
2045
798
2002
1046
1206
1317
898
812
2001
984
1139
1075
2050
1335
1997
572
1992
1296
1483
891
2335
952
1344
1414
1425
861
2038
1015
2029
831
2103
1205
1166
1125
2106
1167
2101
1144
1536
1035
1929
1295
1034
1352
1522
1011
2022
1007
2047
710
1753
1063
1926
967
841
833
1389
1197
1348
1162
1181
774
1382
1111
2917
1020
1432
1038
2044
1223
1033
756
882
1244
1321
1611
1084
429
2115
1012
1036
1193
1983
1288
2029
1716
2057
1248
1180
1180
1841
1037
1095
781
1326
803
1416
613
2120
1018
2010
989
2210
1146
1480
1709
1752
932
2212
1620
1567
1135
983
1520
981
1682
739
1149
1150
948
2001
1294
2026
1142
1128
802
1994
1264
1232
1321
1360
1053
1715
1519
2041
1336
1639
1232
2075
1328
1156
1307
656
987
1530
930
488
1286
2315
34
940
1090
2059
1053
1058
1397
805
1549
1974
1903
1987
1388
1448
1030
1260
601
1056
1249
1273
893
2117
618
1100
1411
1140
356
1299
1321
2072
1247
2251
1408
1221
1168
1507
845
2349
1328
1851
1241
2019
1402
1681
918
421
1884
440
999
1096
986
376
867
690
953
2194
925
1868
793
1075
1146
2132
670
1301
1409
2261
467
1399
136
1339
545
1086
1044
1054
774
2019
877
2012
1403
2525
1979
2110
1541
927
958
1252
1334
1034
1391
1014
1600
1409
870
753
1387
1527
1140
1540
2932
1309
1369
1548
828
1384
992
1131
854
326
568
1107
1441
716
1501
976
778
589
1413
1106
1604
794
1241
884
661
1077
754
1762
974
657
1722
1066
0
1136
1620
1729
1481
1054
1186
932
1432
1601
1515
948
840
1821
961
1069
384
1103
923
707
1043
855
1289
1034
1427
1060
949
248
835
465
833
1226
1032
1210
826
591
1051
995
1438
1025
1022
1173
1131
827
1011
1017
1064
1286
1742
1318
1693
1581
764
2056
2099
1155
1371
1329
1329
1329
1329
1329
1329
1329
1329
1329
1329
1329
1329
1329
1329
1329
1329
1329
1329
1329
1329
1329
1329
1329
1329
1329
1725
721
315
1463
1345
1174
691
719
1246
516
1610
660
864
1718
1756
733
1147
1192
971
1016
1128
57
1199
2082
266
863
979
1346
665
844
436
901
997
1140
1233
1223
1853
1705
1056
415
325
574
1850
1931
1041
465
1238
624
888
1289
1365
1102
494
1106
1771
957
1215
1096
1977
0
1100
1048
819
1162
1164
147
1251
168
1273
1684
1318
850
1340
1179
770
570
1126
1585
495
1115
1364
877
1184
1086
745
632
805
1418
1037
1742
740
884
958
756
833
1760
1205
1327
1258
1567
797
852
1052
1237
86
731
1117
956
1151
1178
1633
1833
1465
380
1625
917
1167
1084
857
1409
952
1296
1107
456
910
1061
659
655
1279
1455
779
1307
1421
717
910
1335
129
1115
1184
610
1274
1349
156
1636
1610
1273
1279
1038
1290
997
1008
590
1327
1565
694
639
960
682
981
1185
1217
1261
1079
912
1130
964
1033
813
1397
1063
1216
1158
1478
1052
1149
1162
1508
1240
1113
944
1183
938
1222
799
788
837
672
688
672
741
963
1391
902
990
782
861
741
1565
897
1199
1177
1073
1154
998
1327
391
1011
1132
1283
782
1062
928
1015
818
1016
770
905
913
1369
559
951
753
1063
1001
1660
905
1024
1277
1327
1533
1059
904
780
1838
979
1274
1094
1395
1000
696
1025
982
1097
1071
1091
612
910
1062
995
1071
1036
1118
880
1379
961
1335
1290
1263
957
1189
1198
1040
964
1121
1428
1047
1049
1078
1081
995
1315
1014
1046
680
1209
1242
896
717
837
823
1077
1108
1057
763
1333
1359
762
1177
738
996
1026
896
983
1201
1016
981
998
1198
808
903
1195
1079
1267
908
925
1285
867
948
1062
918
545
1478
940
879
972
1153
1181
1355
959
1039
1443
816
823
1364
1091
1171
997
988
850
1197
585
944
1020
649
1037
1249
865
1160
1005
1150
1311
1495
947
1785
1319
1302
1052
1343
891
1072
849
1040
1058
593
1069
1089
1158
962
936
1201
780
814
1197
1141
1050
1243
1186
1055
887
1026
815
879
591
1389
1160
1479
1071
914
1235
1342
2318
2166
2341
2032
