515
683
587
715
719
971
547
887
515
675
475
735
663
703
575
851
583
787
527
727
595
939
707
955
783
763
631
915
575
691
499
775
619
819
567
811
727
683
631
823
599
895
467
891
623
707
615
703
587
943
635
751
535
655
587
811
539
839
539
727
679
595
531
815
667
891
555
887
575
771
535
979
599
883
651
923
663
759
687
735
531
815
691
671
595
671
583
759
551
907
507
863
639
803
519
867
731
755
663
883
555
807
627
827
543
687
439
755
647
767
663
843
711
707
671
703
511
903
579
827
455
707
607
967
487
803
479
835
755
875
707
843
767
851
539
799
675
767
575
771
503
775
647
871
623
787
551
923
439
751
687
867
519
867
663
799
435
819
591
755
551
791
751
703
559
727
471
823
635
763
651
771
591
915
627
995
603
855
675
707
515
843
603
791
679
999
435
831
595
727
559
795
619
811
471
731
527
683
647
723
579
879
651
731
687
847
423
799
523
843
655
863
579
743
619
799
603
831
499
603
555
747
531
719
611
839
579
823
459
743
615
907
559
767
615
743
567
719
655
975
627
987
511
779
431
795
659
783
543
827
559
823
631
811
539
783
575
867
571
771
567
771
647
935
659
699
591
779
639
819
703
715
591
699
627
899
571
919
511
931
679
755
643
883
535
723
675
775
711
763
659
871
463
727
563
903
547
783
731
843
463
775
515
727
539
767
575
735
667
891
595
715
663
763
539
687
583
847
479
663
643
1035
455
795
555
799
567
887
579
911
643
671
591
651
771
695
583
803
695
843
727
843
567
843
407
759
543
967
583
863
471
1019
579
863
555
847
583
707
563
719
667
675
643
827
647
799
639
895
539
707
579
779
575
639
567
759
547
655
527
815
631
763
699
843
687
759
555
951
571
819
431
775
635
863
595
871
647
735
643
819
503
791
643
651
403
831
643
671
647
839
483
947
695
859
567
791
491
767
531
783
647
819
579
783
611
939
651
811
531
783
727
811
635
819
579
839
531
891
779
683
591
627
559
875
615
895
671
743
535
719
539
827
691
919
607
823
559
675
699
839
635
815
703
831
595
843
587
815
543
895
583
871
679
779
691
711
515
747
559
891
567
1039
739
743
575
715
551
891
459
839
511
747
527
611
671
739
631
687
311
587
303
471
299
947
463
671
403
703
643
731
631
599
687
603
607
635
667
539
471
479
571
627
387
479
731
727
335
531
695
459
499
603
671
659
615
531
551
539
667
463
599
511
571
491
643
483
471
467
623
503
667
539
603
495
587
623
611
687
635
543
599
531
647
615
627
463
643
435
647
503
527
363
559
523
575
707
539
559
555
623
563
639
551
491
607
691
591
559
671
599
455
455
611
583
615
639
507
447
395
663
555
583
671
391
623
599
563
503
523
563
563
395
539
495
527
635
635
635
635
635
635
635
635
635
635
635
635
635
635
635
635
635
635
635
635
635
635
635
635
635
635
603
543
503
447
451
515
391
543
539
659
567
531
567
611
575
711
631
387
475
475
547
543
571
403
607
455
403
543
399
467
487
519
503
519
687
559
479
607
699
499
431
491
559
571
527
503
535
571
639
643
387
591
563
595
619
559
491
479
491
431
467
663
543
663
655
431
639
671
439
683
439
555
539
551
479
639
547
575
555
555
551
591
471
591
651
591
567
659
343
555
443
651
451
411
459
655
567
583
467
439
591
519
579
379
687
435
475
531
575
575
523
523
659
591
539
619
531
499
463
519
483
619
531
495
451
735
707
535
643
679
367
603
523
583
595
663
503
555
503
531
387
663
547
567
587
567
411
623
635
563
503
623
595
527
475
703
475
575
547
627
511
703
695
615
475
487
487
643
467
447
463
615
515
567
499
695
447
587
443
623
519
475
579
527
611
759
447
551
599
607
435
687
527
511
643
571
711
531
535
427
591
571
647
595
519
515
503
663
479
527
587
571
535
583
515
531
583
499
559
467
475
487
579
739
535
527
635
499
631
527
623
487
475
627
667
615
483
575
387
511
431
627
523
655
463
619
475
455
471
583
343
627
607
683
479
431
335
559
499
603
463
579
495
699
667
503
439
619
635
735
475
627
559
751
591
591
511
643
415
583
515
435
483
631
555
595
495
559
775
651
599
467
679
535
523
587
567
691
611
535
603
599
751
567
491
687
551
427
535
563
615
723
567
703
563
655
511
651
527
403
415
523
543
583
595
539
567
487
523
699
523
655
527
671
591
555
495
683
591
555
695
671
431
543
639
639
587
583
611
547
531
623
519
503
519
459
695
599
731
571
475
455
547
547
655
471
563
667
395
619
419
591
559
535
551
447
535
767
567
967
351
439
991
