456829835
456829611
456829626
456829599
456829603
456829519
456829603
456829695
456829571
456829598
456829603
456829603
456829598
456829607
456829867
456829567
456829590
456829658
456829583
456829619
456828899
456829607
456829598
456829647
456829607
456829630
456829595
456829770
456829054
456829591
456829662
456829595
456829642
456829595
456829607
456828909
456829615
456829603
456829599
456829639
456829731
456828835
456830027
456829599
456829610
456829579
456829671
456829674
456828899
456829683
456829607
456829599
456829602
456829615
456829559
456829599
456829603
456829598
456829703
456829595
456828891
456829599
456829613
456829605
456829603
456829603
456829599
456829647
456829583
456829603
456829571
456829603
456828899
456829723
456828891
456829591
456829614
456829603
456829603
456829663
456829551
456829631
456829687
456832666
456829813
456830863
456829690
456829607
456829583
456829603
456829511
456829599
456829607
456829379
456829223
456829603
456829647
456829603
456829607
456829641
456829595
456829039
456829695
456829599
456829539
456829295
456829834
456829827
456829643
456829603
456829619
456829335
456829646
456829731
456829207
456828899
456829599
456829599
456829611
456828903
456829607
456829599
456829613
456829599
456829403
456829603
456829599
456829643
456829599
456829595
456829615
456829599
456829595
456829615
456829571
456829603
456829611
456829595
456829562
456829599
456828938
456829655
456829607
456828898
456829595
456829603
456829839
456829643
456829603
456829783
456829607
456829607
456829667
456829618
456829611
456829599
456828907
456829611
456829603
456829630
456829663
456829575
456829599
456829859
456829867
456829627
456829619
456829011
456829599
456829627
456829503
456829615
456829667
456829635
456829383
456829639
456829603
456829371
456829603
456829611
456829623
456829607
456829610
456829575
456829659
456830179
456829599
456829774
456829607
456829618
456829598
456828891
456829619
456829599
456829447
456829599
456829619
456829655
456831711
456829707
456830867
456829723
456829567
456828903
456829607
456829643
456829595
456829611
456829603
456829155
456829674
456829611
456829631
456829591
456829599
456829610
456828895
456829339
456829607
456829615
456828887
456829643
456829807
456829627
456829607
456829595
456829590
456828899
456829827
456829039
456829638
456829703
456829607
456829675
456829599
456829594
456829603
456829603
456829651
456828919
456829691
456829611
456829663
456829611
456828895
456829595
456829735
456829575
456829603
456829547
456829731
456829595
456829599
456829595
456829599
456829887
456829603
456829711
456830031
456829719
456829595
456829599
456829646
456829603
456829602
456829894
456829587
456829707
456829599
456829595
456829598
456829599
456829598
456829327
456829599
456829655
456829598
456829595
456829626
456829607
456829627
456829595
456829607
456829058
456829451
456829599
456829599
456830507
456829575
456829807
456829043
456829103
0
456829599
456829679
456829603
456830091
456829223
456829603
456830003
456828899
456829839
456828895
456829599
456829646
456828899
456829455
456828895
456829750
456829614
456829611
456829607
456829511
456829595
456828891
456829775
456829603
456829683
456829659
456829595
456829595
456829679
456829607
456829599
456829563
456829463
456829599
456829339
456828887
456829679
456829663
456829546
456828902
456829603
456829619
456829659
456829599
456828931
456829603
456829595
456829583
456829603
456828906
456829599
456829615
456829611
456829603
456829603
456829715
456829847
456829310
456829619
456829599
456829603
456829607
456828879
456829595
456828899
456829623
456829611
456829591
456829615
456830863
456829967
456829603
456829659
456829674
456829599
456829563
456829887
456829674
456829807
456829603
456829659
456829611
456829595
456829419
456829599
456830007
456829607
456829635
456829563
456829639
456829723
456828851
456829558
456829603
456829599
456829627
456829595
456829287
456829583
456829671
456829599
456829606
456829507
456829651
456829619
456829599
456828903
456829627
456829503
456829611
456828903
456829603
456829591
456829878
456829599
456829606
456829599
456829626
456829603
456829607
456829311
456829599
456828903
456829599
456829470
456829599
456829607
456828891
456829607
456829598
456829611
456829515
456829611
456829635
456829603
456829611
456829527
456829595
456829659
456829603
456829603
456829595
456829643
456829563
456829611
456829603
456829523
456829607
456829603
456829614
456829018
456829603
456829603
456829598
456829607
456829563
456829707
456829567
456829838
456829619
456829623
456829599
456829331
456829635
456829611
456829603
456829570
456829635
456829619
456829599
456829599
456829603
456829647
456829599
456829595
456829615
456829599
456829614
456829599
456829619
456829598
456829607
456829607
456829351
456829607
456829811
456829599
456829599
456829606
456829511
456829594
456829631
456829599
456829603
456829599
456829395
456829595
456829607
456829599
456828902
456829639
456829603
456829595
456829598
456829603
456829595
456828934
456829575
456828903
456829635
456829607
456829599
456829595
456829599
456829319
456829599
456829589
456829599
456829587
456829602
456829599
456829611
456829615
456829618
456829599
456829599
456829611
456829599
456829190
456829675
456829655
456829595
456829615
456829615
456829599
456829607
456829627
456829655
456829687
456829603
456829607
456829619
456829603
456829555
456829603
456829614
456829634
456829415
456829599
456829987
456829639
456829579
456829666
456829407
456829607
456829643
456829607
456829771
456829655
456829466
456829563
456829603
456829607
456829511
456829527
456829507
456829603
456829603
456829695
456829523
456829591
456829607
456829703
456829599
456829646
456829659
456829530
456828915
456829737
456829607
456829631
456829602
456829663
456829607
456829603
456829566
456829646
456829547
456829679
456829659
456829587
456829627
456829623
456829667
456829675
456829407
456829599
456829627
456829603
456829775
456829617
456829615
456829599
456829283
456829547
456829599
456829606
456829598
456829734
456829610
456829607
456829591
456829607
456829697
456829755
456829599
456829498
456829547
456829631
456829598
456829602
456830855
456829607
456829607
456829607
456829607
456829607
456829607
456829607
456829607
456829607
456829607
456829607
456829607
456829607
456829607
456829607
456829607
456829607
456829607
456829607
456829607
456829607
456829607
456829607
456829607
456829607
456829111
456829599
456829595
456829599
456829691
456829467
456829582
456829543
456829619
456829759
456829671
456829803
456829610
456829595
456829563
456829123
456829742
456829591
456829690
456829607
456829615
456829031
456829595
456829739
456829659
456829574
456829583
456828947
456829747
456829591
456829599
456829539
456829663
456829682
456829667
456829747
456829602
456829591
456829606
456828899
456829662
456829595
456828967
456829683
456829711
456829619
456829643
456829598
456828871
456829579
456829823
456829703
456829610
456829635
456829675
456829599
456829539
456829495
456829703
456829486
456829643
456829523
456829601
456829683
456829571
456829591
456828911
456829595
456829615
456828903
456829615
456829603
456829663
456829639
456829618
456829603
456829599
456829603
456829603
456829609
456829599
456829467
456829667
456829627
456829703
456829635
456829603
456829607
456829630
456829635
456829622
456829698
456829599
456829587
456829599
456829591
456829598
456829615
456829595
456829603
456828903
456829614
456829638
456829615
456829607
456829646
456829603
456829581
456829639
456829623
456829587
456828899
456829627
456829607
456828927
456828839
456829655
456829603
456829295
456829275
456829574
456829587
456829603
456829591
456829599
456829603
456829583
456829479
456829610
456829583
456829630
456829607
456829599
456830863
456829710
456828895
456829515
456829598
456829619
456828903
456829607
456829563
456829599
456829602
456829603
456829606
456829598
456829599
456829615
456829615
456829607
456829579
456829574
456829583
456829603
456828899
456829595
456829603
456829630
456829603
456829595
456829883
456829647
456829615
456829659
456829591
456829599
456829767
456829607
456829591
456829595
456829599
456829603
456829531
456829611
456829598
456829671
456829603
456829551
456829623
456829599
456829599
456829631
456829579
456829527
456829599
456829535
456829631
456829587
456829610
456829603
456829599
456829611
456829655
456829607
456829595
456829603
456829599
456829583
456829591
456830875
456829466
456829589
456829603
456829583
456829599
456829607
456829591
456828914
456829615
456829595
456829602
456828923
456829599
456829567
456829555
456829667
456829571
456829619
456829603
456829498
456829594
456829603
456829574
456829595
456829615
456829615
456829111
456829531
456829599
456829567
456829627
456829759
456829643
456828966
456829595
456829555
456828902
456829679
456829591
456828899
456829650
456829587
456829507
456829511
456829554
456829511
456829474
456829611
456829607
456829534
456829555
456829675
456829611
456829442
456829615
456829491
456829595
456829599
456829599
456828899
456829643
456829603
456829611
456829607
456829571
456829483
456829706
456829651
456829471
456829503
456829611
456829379
456829069
456829078
456829079
456829071
456829067
456829078
456829086
456829071
456829067
456829067
456829067
456829078
456829098
456829071
456829071
456829067
456829423
456829071
456829067
456829071
456829071
456829110
456829071
456829067
456829070
456828895
456828926
456829595
456829603
456829615
456829767
456829607
456829659
456829595
456829462
456829615
456829579
456829443
456829411
456829651
456829611
456829339
456830811
456829603
456830087
456829767
456829762
456829623
456829487
456828895
456829511
456829535
456829531
456829599
456828886
456829707
456829611
456829603
456829487
456829567
456829602
456828899
456829631
456829599
456829511
456829598
456829623
456829583
456829607
456829602
456828907
456829603
456828902
456829599
456829546
456829507
456829603
456829599
456829579
456829595
456829547
456829639
456829603
456829659
456829591
456830763
456829603
456829598
456829615
456829619
456829271
456829599
456829843
456828895
456838731
456829511
456829547
456829595
456829539
456829678
456829611
456829703
456829527
456830859
456829607
456829599
456829291
456828899
456829607
456829599
456829603
