675
814
811
807
583
847
671
875
563
959
867
715
642
955
627
803
543
771
703
819
559
943
659
795
623
779
671
895
687
967
651
815
535
863
843
799
635
1015
727
847
611
822
643
834
531
855
503
983
571
799
675
831
675
759
639
962
623
759
547
775
803
831
803
839
643
771
731
915
719
895
719
795
699
747
663
919
687
783
607
767
507
835
659
851
683
827
751
927
663
787
723
931
467
870
655
847
567
831
743
931
671
835
535
847
771
767
599
863
719
895
675
867
671
819
651
963
591
955
619
1055
683
835
695
975
718
819
715
815
775
967
711
847
731
791
603
839
626
855
795
959
690
946
707
847
691
771
651
930
807
867
619
751
790
751
523
711
459
871
679
815
775
799
723
947
671
783
523
907
567
967
739
815
683
834
627
839
734
863
582
867
547
879
695
815
731
967
666
843
667
747
647
911
679
847
719
847
654
819
607
942
603
851
787
803
567
783
651
819
715
939
679
991
627
899
651
671
699
947
783
755
666
846
679
763
635
823
739
915
655
807
751
834
631
743
659
847
542
971
618
907
691
695
799
827
743
967
451
963
507
699
659
759
775
695
615
899
791
875
719
827
846
811
679
847
631
815
807
879
743
787
743
1014
547
799
723
823
619
939
743
879
631
719
559
883
595
899
571
894
699
847
678
787
779
811
719
795
603
879
719
791
531
859
731
1031
603
883
663
863
630
939
691
951
682
711
659
1042
631
867
631
1026
727
687
579
851
670
783
699
731
787
911
635
783
639
919
835
891
675
759
631
815
671
911
783
843
747
735
679
863
619
823
771
874
623
959
707
907
679
895
391
926
631
771
679
990
683
815
615
915
735
871
699
919
815
907
647
770
595
795
727
775
807
795
715
887
731
847
767
971
651
967
711
943
775
818
683
954
683
811
643
935
703
883
767
803
679
903
827
875
730
811
635
771
639
715
775
791
607
783
539
851
719
839
691
927
607
843
767
923
763
851
866
903
559
871
566
859
707
807
695
947
571
955
770
855
639
727
602
955
590
947
767
935
691
915
642
866
686
879
675
827
847
783
530
822
535
822
751
919
447
839
751
903
775
863
719
847
539
891
671
915
682
803
683
799
503
822
663
987
683
827
679
743
507
879
731
935
711
611
375
647
295
507
471
859
667
831
751
815
707
771
687
463
635
595
799
599
699
570
587
699
695
539
603
487
731
791
675
663
763
655
599
575
583
711
683
571
603
683
803
699
507
679
739
647
635
627
663
619
670
691
675
583
727
679
679
539
479
535
595
719
555
559
679
611
599
562
603
667
643
678
579
703
651
567
499
595
615
495
719
543
703
559
667
503
559
619
559
659
679
631
627
667
506
599
815
607
718
503
531
583
738
747
703
667
679
706
667
599
590
735
603
687
555
571
599
579
579
579
579
579
579
579
579
579
579
579
579
579
579
579
579
579
579
579
579
579
579
579
579
579
579
723
603
486
639
739
695
455
603
759
751
579
647
719
607
691
727
647
595
602
731
615
714
723
747
611
631
618
667
626
683
631
810
711
623
675
735
431
742
638
635
439
591
707
567
815
502
723
639
543
667
647
654
595
571
671
623
591
635
487
646
447
771
595
827
631
607
563
655
719
547
607
683
631
739
719
663
591
718
743
847
527
527
518
779
674
695
671
539
487
699
651
671
723
607
703
727
747
634
646
611
627
619
599
603
671
655
679
531
691
679
663
583
671
599
671
759
631
615
611
579
539
523
507
683
675
547
658
627
799
691
735
578
667
694
571
607
571
443
563
639
554
659
686
639
695
719
547
647
723
559
547
695
667
603
607
611
755
651
534
703
583
727
655
615
631
527
611
467
699
543
635
678
635
687
623
643
603
707
627
683
718
751
611
747
623
583
643
627
579
642
627
670
631
739
611
619
519
699
799
555
531
603
663
819
495
755
551
763
603
763
587
683
667
707
598
731
523
759
787
723
683
715
595
643
667
795
651
599
667
647
671
755
587
670
739
639
675
735
579
731
543
643
575
515
634
739
443
515
559
699
555
591
543
479
738
603
611
694
635
711
619
751
739
447
771
707
643
655
587
607
747
691
635
662
691
575
627
683
659
599
690
674
715
719
567
695
715
658
623
747
602
559
707
543
723
651
679
710
639
739
571
659
671
651
654
619
599
595
731
738
723
571
443
555
595
599
739
635
567
663
675
587
623
735
743
602
491
591
655
623
503
579
575
559
707
691
611
727
695
715
635
719
647
791
647
743
635
611
811
683
639
603
562
663
495
667
727
535
387
759
667
587
535
599
603
607
791
663
499
575
495
543
559
638
635
723
499
395
383
259
343
595
631
