1735
1191
2049
2021
995
1933
1558
2011
2042
2029
1346
2023
1275
2425
989
2025
2011
2783
1335
2010
1797
2005
1468
2036
1244
2022
1335
2035
777
2026
2041
2006
591
2020
1463
2006
2006
1814
2029
2019
1179
2023
1195
2105
1157
2000
372
2019
1389
2012
1999
2064
2021
1938
1569
2019
1351
2020
2020
2017
1013
2050
1153
2024
1990
2018
2044
2026
2025
2031
1408
2023
2085
2026
2011
2030
1847
2143
1986
2014
2025
2039
1399
2001
1211
2011
2015
2000
1005
1988
2269
2027
1222
2019
1922
2018
1155
2018
2176
2021
2075
13714
1659
2012
2211
2053
2104
2023
1193
1136
1258
1995
1072
2011
1464
2010
973
2003
1982
2020
1986
2273
1176
2028
2084
2914
2087
2011
2002
2015
2269
2022
2006
2002
1947
2003
2223
2026
2907
2015
1899
2016
2033
2011
2280
2002
2166
2017
991
2027
2114
2011
1998
2023
1085
2008
1289
2009
457
2038
2166
2070
1610
2019
1252
2018
2720
2030
2002
2012
2562
2009
2032
2136
2039
2039
2672
2040
993
2009
2042
2038
1184
2029
2009
2009
1283
2011
1325
2015
1272
2033
1323
2014
2023
2018
1975
2034
2057
2024
1158
1632
2006
2016
1771
1610
2273
2023
1455
2014
1991
2004
996
2022
2035
2016
1245
2022
2362
1993
1325
2033
1017
2023
2037
2020
902
2031
2001
2022
1405
2011
1929
2043
1409
2036
1190
2021
2020
2025
2012
2093
2010
1998
934
1991
1394
2024
1007
2036
1468
2021
1991
2016
1131
2149
1392
2035
2001
2017
1141
2014
2028
2017
2035
2021
1485
2008
2156
2021
2042
2018
1183
2033
2007
2010
1298
2034
1520
2019
2047
2025
962
2021
2154
2021
2003
2018
1979
2019
2063
2026
1977
2041
2047
1145
1986
2062
2030
2031
2046
2018
2208
2031
2029
2361
2009
1994
2049
2016
2039
2034
1168
2024
1721
2023
1145
2011
2051
2033
1961
2014
2031
2018
1218
2023
1286
2021
2005
2010
2028
2007
1998
2022
1283
2021
2020
2033
1366
2022
1094
2038
2013
2020
1173
2022
1390
2029
2024
2021
2007
2025
1223
2025
2091
2029
1216
2015
2010
2010
2020
2029
1171
2014
2068
2037
2011
2026
1175
2026
2128
1999
1990
2016
2021
1994
2034
2017
2023
2018
1565
2008
2752
2007
2683
2020
1609
2917
2024
2006
2003
5029
1342
2014
2012
2013
2031
2019
2028
2010
670
2036
1123
2025
1483
2029
1228
2021
1245
2010
1821
2020
1358
2021
2025
2018
1190
2012
699
2010
2029
2010
1037
2022
2343
2030
1815
2018
1033
2011
2013
2000
1105
2021
1248
2021
2009
2033
1173
2032
1285
2029
2017
2029
2497
1882
1180
2024
1130
2028
2006
2000
1929
2019
1431
2018
2022
2026
2053
2038
2196
2025
2118
2009
2441
2020
2002
2019
1086
2042
2033
2033
2039
2018
2022
2023
1895
2015
1266
2022
819
2027
2025
2117
2038
2009
1718
2021
1993
2038
2034
2015
2439
2011
1234
2021
2017
2033
1021
2023
752
1235
1040
2019
1995
2000
1207
2022
2186
2017
2011
1230
1395
2030
2017
1817
2014
2052
2049
1111
1282
989
2024
1251
1318
2015
2019
1669
2487
974
1868
1148
1036
2035
2021
1996
1183
1141
1035
1527
1303
2407
2047
2027
2024
1975
1216
1353
1113
2920
2035
2324
1825
1421
2901
2853
2021
958
1045
1078
988
1037
1105
2236
1266
2172
2047
1136
2032
2028
1110
2031
2018
1391
2039
2020
2014
495
1244
1291
2037
2019
2031
1075
2080
970
1554
2445
1342
1070
2010
2008
2005
1227
1082
2559
1998
2092
1169
2320
1099
1006
1679
2153
1123
2004
954
1361
1540
1251
2036
2027
2073
1247
1276
2925
1214
1299
1118
1078
1322
2302
1056
2038
1366
2225
1754
2006
1999
2016
1493
1418
1189
1171
1322
1096
1118
527
1372
2036
1976
1921
2023
2028
2009
2028
2020
1397
1242
2019
1118
614
2134
1111
1345
2051
968
1223
376
2034
2007
2031
1209
987
1278
1254
1130
2023
1937
2038
2404
2019
2006
1163
1401
1321
1043
2023
2005
1011
524
1250
1244
1095
1266
2159
1423
1431
2011
2135
2016
1377
2038
2007
1131
1345
1118
1335
1150
2369
2018
2043
2711
2735
2035
2123
2018
1331
2023
2025
731
2025
1348
2925
427
2032
2014
1251
1363
1140
2044
2113
626
1146
2033
1023
1239
1546
1135
1034
1086
401
2042
1364
2044
1144
1266
1073
2031
2005
1427
1355
1993
333
1155
1497
1034
1096
2012
2028
1068
2259
2954
1133
2027
2021
2019
2017
1098
986
1259
2838
988
1173
2032
1058
2023
883
1211
1255
2045
1099
1999
2023
2017
1434
2012
2003
1349
996
1303
1274
2008
2021
2007
1956
1201
1994
2027
2023
1348
2091
2023
1103
2218
1666
1520
2035
2298
880
2025
2000
1122
1260
1228
2022
2024
2029
1088
2022
2002
1203
694
2007
2034
2378
2291
2025
2879
2067
1256
2004
2033
922
1962
1229
1215
1229
1907
1087
2037
1238
2135
2223
1306
892
1352
1373
1049
1038
1033
1188
1168
1141
1346
2046
1333
2032
2025
2044
2048
1044
1988
2018
1296
659
1996
2099
2049
1374
2027
1987
2024
1110
1215
2066
2015
1289
1235
1289
2003
996
1946
1268
1135
1283
2009
2036
2030
2013
1159
1142
1092
1296
1296
1992
1008
1217
1935
2078
1276
2015
1249
1413
1166
1370
2017
1024
2019
1190
1281
2036
1239
2004
1443
1169
1389
2023
2021
959
1145
994
1238
346
2037
1770
1989
1291
1416
960
1118
1234
1092
2029
1222
1277
2022
736
418
2813
1454
1967
2018
2034
2036
785
1251
1274
1987
1199
2672
1104
1264
1878
2060
2007
1106
1180
1412
864
1477
2057
1287
2008
1266
1194
2023
2921
1555
1960
1374
2049
2029
1171
1906
2007
2010
1433
2034
1201
1754
1250
2014
1221
1037
1108
1043
1255
2096
1378
2037
2183
1363
2010
1135
1224
1458
1989
2007
2021
1240
2011
1409
2003
2004
1304
2024
2041
395
989
1080
1291
1471
1148
1335
2035
2054
2026
1998
1672
990
1327
2022
1210
606
1828
1952
891
1003
618
212
893
852
1441
