1255
1311
1399
2135
1191
2187
1479
2099
1267
1655
1335
1347
1315
2215
1483
2163
1447
2175
1643
2183
1459
2175
1347
1495
1427
2163
1331
1631
1463
1411
1311
2159
967
2151
1231
2171
1391
1419
1663
2175
1279
2223
1254
2171
1267
1659
1279
619
1699
1691
1446
1379
1239
2187
1171
1275
1203
2567
1515
2187
1139
2115
1323
2171
1366
2191
1455
2183
1203
2219
1303
2159
1547
1339
1419
2207
1523
2191
1239
2175
1491
2267
1247
1387
1091
2179
2159
2163
1367
1443
1563
2179
1483
1503
1171
2203
1135
1470
1131
1807
1515
2155
1391
1555
1183
1222
1163
2195
1047
2163
1323
1395
1103
2183
1383
1619
867
2175
1291
1531
1359
2167
630
2187
1895
2171
1287
2191
1311
2258
1383
2182
1675
2182
1427
2191
1391
2178
1275
2179
1047
2179
1643
2215
1307
2159
1203
2187
1287
1603
1647
2183
1311
2063
1415
2231
1679
2163
1351
2183
1159
2175
1731
2163
1555
2183
1195
2183
1507
2179
1667
2183
1715
1771
1483
2091
1247
855
1627
2155
1303
2163
1530
2143
1451
2179
1395
2191
1399
1423
1107
2067
567
1379
1227
2303
1398
2195
1387
1743
1231
2119
1259
2363
2139
2194
1123
3107
1651
1747
1143
2175
1211
2239
1123
1687
2239
1303
1131
1831
763
1475
1674
2175
1487
2211
1499
2171
1223
2183
1435
1227
1415
2171
1387
2155
1159
2447
1635
2183
1747
2071
1343
2235
1307
2171
1627
2207
1147
2211
1594
2327
1375
2339
1179
2195
1467
2159
1175
2179
1071
1371
1399
1539
891
1515
1555
2119
1559
3083
1075
2175
1475
2171
1687
2195
1646
2151
1110
2111
1319
2183
1271
2147
1419
1711
1539
2187
1599
2515
1395
2203
1219
2202
1691
2171
1363
2207
1406
1615
2194
1543
1271
1575
1347
2227
1155
2211
623
2210
1027
2187
1451
2171
1335
1751
1731
2194
1147
2143
1399
2195
2151
2187
1347
2175
1451
2275
1547
2167
995
2163
811
2119
1443
2159
1551
1687
1035
2191
2551
2307
1663
1423
1107
2239
971
2163
1751
2219
1383
2187
1483
2495
971
1231
1099
2190
1339
2195
1210
2203
1399
2223
1247
783
1387
1459
1487
3099
979
2178
1383
2263
1107
2167
1343
1603
1163
1663
1243
1835
1143
1667
1619
1507
1410
2211
1083
1763
1723
2235
1383
2199
1106
3079
1075
2231
1483
2203
1215
1587
1619
2219
1135
2222
1335
1575
1707
2215
2051
1659
1643
1707
1514
2283
1191
2711
1803
2179
1371
2179
1479
2159
879
2255
1187
3115
899
1803
1466
2179
1083
2803
1583
1979
1547
2179
1275
1779
1423
2311
1479
1607
699
2039
1435
1091
1735
3123
1511
2195
1343
1615
1371
2175
1827
1831
1479
2047
1707
1551
1111
2187
1831
2299
1895
2163
1687
1579
1403
2231
1431
2119
1203
2163
1055
1395
1363
2107
1671
2099
1151
927
1563
3231
1611
1651
983
2171
1831
2203
1367
1359
1263
2039
1559
1623
1219
1215
1023
1411
1250
1839
1299
2195
1151
1115
1363
1939
1431
1323
0
1239
1195
331
223
1455
855
1459
1563
1339
1378
1155
1035
1683
1227
2071
1263
1575
1538
1099
1659
1147
999
1827
2063
1807
771
987
811
1518
1155
1799
1503
855
655
1371
1107
1291
851
1219
2483
1027
1195
2055
2083
383
1247
1075
1819
1423
1691
1035
1503
1275
1067
1070
2003
2475
1103
1051
1615
1038
1247
1227
1659
1651
1963
1147
1095
1887
863
1203
1655
1419
1307
1463
1363
1015
1299
235
1175
891
1131
1543
975
2687
979
1411
1543
1191
1167
1211
1094
591
1139
511
1427
855
1599
1355
1419
1479
1955
1843
1695
771
1095
1263
1239
1063
1103
1039
1003
1075
1115
1063
1139
1279
1239
1359
1387
1235
1339
1311
1167
1119
979
867
1043
835
1023
1395
1223
1199
1111
1275
1002
967
1347
1551
1427
679
1215
1327
2195
1439
1423
1479
1202
1447
719
1627
551
1795
595
1599
1555
1495
759
2007
1466
1247
1231
1795
1587
1399
775
1515
1027
1103
863
951
963
1483
827
183
1203
2491
783
1419
791
619
923
2055
1759
1563
983
794
1175
903
1439
1195
1403
1371
1547
1243
1079
1590
875
1487
1094
1599
1443
1919
1067
1443
831
1819
1027
1351
975
1159
1639
1147
979
1555
1411
1303
1751
227
1059
1459
879
967
858
1759
1047
1015
1891
1467
1279
1047
1783
2447
1243
1275
1387
1303
679
1435
1643
783
1126
1607
570
1263
1351
1371
819
691
1607
1911
1179
963
1155
1295
1247
1455
1003
1879
1055
1155
1299
2234
1087
1791
975
1083
1278
807
1323
1991
1547
1163
1343
1503
1059
1527
711
1215
915
871
1495
1315
1231
1419
1731
1155
1403
1547
1855
1023
1503
1471
1255
1111
1211
1431
1631
827
995
1379
1619
1331
1887
827
1467
1363
1459
987
799
1343
1459
739
1207
1271
943
1415
935
1159
967
1151
987
1359
1519
1511
1819
1643
1259
1410
1215
1555
1659
1219
1243
1395
2059
1615
951
1771
1259
871
1527
1495
687
1471
1043
1222
1395
1191
1763
1459
1175
1083
1175
1131
1039
1479
1483
1327
1267
1103
1459
1595
1287
1011
1311
1259
1135
1539
1119
1115
1447
1363
1675
1091
1259
1599
1399
1331
1183
931
1443
1323
1647
1683
1343
1467
1447
1615
1851
1487
1243
1647
1175
1587
1311
1427
1419
1511
1015
1363
1387
1343
1151
1779
1267
1151
1183
779
1311
1279
1747
1195
1763
1083
1275
1551
1531
1562
1115
1491
1427
1339
1035
1082
1283
891
1499
1451
1163
1427
1359
1090
1211
1399
1215
1467
1674
1323
1139
1459
1095
1239
1263
1715
1403
1639
1063
1559
1135
1327
1263
1139
1323
1451
1159
1391
1459
1447
1043
1211
1323
1175
1459
1371
1335
1275
1495
1251
1499
1255
1307
1311
1111
1351
927
1535
1139
1455
1723
1539
1639
1007
1399
1151
1563
999
1519
1339
1099
1127
1623
1231
1459
1467
1519
1083
943
1078
1015
1471
1339
1375
1019
1311
1471
1039
1331
995
1707
2211
