370
627
427
515
359
623
483
599
406
439
338
426
361
575
410
471
302
553
326
463
363
511
385
555
358
598
229
513
235
487
517
627
355
633
445
511
302
627
450
587
302
519
359
411
467
526
383
483
423
539
358
610
386
566
291
578
277
583
443
385
377
523
326
655
375
558
407
583
277
474
327
557
353
491
311
651
413
509
331
550
482
571
375
475
431
702
299
683
258
510
339
367
335
383
471
338
407
659
486
453
251
530
322
539
299
583
373
437
357
543
367
647
378
650
383
687
341
578
395
590
278
563
357
483
327
409
263
510
362
481
450
547
311
475
438
607
327
510
351
578
393
475
439
458
351
462
398
538
399
643
195
667
322
531
289
654
357
533
195
635
457
603
279
711
318
619
397
511
343
479
343
573
218
635
371
571
474
553
433
521
423
549
382
614
293
434
407
610
427
686
466
479
466
618
327
607
255
634
343
513
345
505
310
623
239
635
243
553
263
459
355
686
261
526
393
461
371
541
291
490
371
479
259
467
235
583
350
695
453
571
267
457
327
397
455
611
413
598
413
545
405
585
450
589
327
527
107
687
385
442
323
499
287
309
358
534
361
626
343
431
247
607
397
563
399
479
357
679
423
503
454
655
511
583
369
495
346
569
375
455
299
458
354
481
471
519
371
611
507
521
365
425
426
562
313
554
379
522
229
510
322
682
235
475
319
598
398
579
282
643
515
423
317
505
285
514
437
550
315
545
341
543
339
562
406
450
395
619
490
491
258
509
231
563
263
539
391
470
475
691
178
483
479
449
267
522
343
581
385
623
478
590
403
615
409
715
327
551
318
566
143
537
286
557
329
538
330
483
443
581
451
611
354
525
475
587
419
491
483
547
387
445
326
605
327
527
239
586
279
495
199
621
187
593
435
473
293
594
219
543
419
615
313
571
247
478
467
515
431
647
214
439
319
533
266
611
361
545
522
635
334
514
327
395
239
490
307
551
575
643
334
458
330
483
322
467
405
511
437
629
270
509
399
659
297
409
333
627
519
566
455
473
466
445
331
567
285
598
317
538
281
594
395
663
334
601
307
691
403
515
374
539
329
611
433
571
253
462
285
581
259
565
201
661
391
654
262
498
263
538
285
671
359
523
341
594
375
238
55
149
51
377
107
513
534
571
519
603
279
585
331
338
255
211
270
177
507
427
403
327
338
295
307
275
415
305
273
290
355
307
306
243
399
315
395
131
339
403
386
309
283
381
571
367
371
383
294
251
351
331
327
535
227
315
247
293
243
238
213
351
413
291
319
199
451
250
358
375
343
198
257
273
303
311
287
455
329
431
431
259
347
317
247
279
222
273
303
335
343
269
453
443
453
295
599
413
347
282
286
431
282
265
321
379
221
254
267
169
417
351
339
375
281
307
459
450
407
298
251
298
341
283
426
327
341
226
415
334
409
327
347
370
227
278
329
231
417
361
442
295
413
439
359
295
359
291
235
215
335
179
242
171
254
335
430
266
313
423
339
202
321
378
247
435
265
415
359
245
257
275
209
309
319
227
239
294
267
415
231
346
195
349
426
179
387
390
249
219
329
430
443
402
299
374
258
233
345
347
439
317
301
349
395
261
353
341
311
191
367
274
303
357
305
214
219
439
359
330
457
363
279
343
371
365
401
315
454
309
415
295
389
238
311
269
305
269
327
447
317
433
427
247
375
362
399
237
429
295
259
426
491
289
434
315
315
406
143
289
407
339
353
314
270
335
323
202
306
199
265
431
451
419
375
286
347
386
379
211
401
179
387
407
341
255
78
251
237
430
383
353
346
243
325
335
439
375
177
283
307
375
513
393
309
319
439
401
339
315
403
415
231
345
222
377
366
197
467
366
423
293
475
343
437
355
187
282
165
301
190
201
385
203
363
291
426
321
431
203
235
287
287
190
267
377
391
379
478
355
274
315
257
179
205
218
350
417
411
366
293
263
315
295
487
383
395
215
427
302
397
243
374
519
353
447
179
171
451
343
469
343
339
175
270
278
203
394
233
211
255
453
333
303
278
371
387
419
279
398
354
366
447
315
335
307
325
201
399
277
231
169
487
227
314
373
311
341
263
271
455
323
550
339
419
399
571
359
507
331
310
334
315
309
402
247
199
346
307
419
231
299
379
251
467
191
409
299
431
266
334
323
371
287
331
366
177
407
445
267
419
307
354
443
354
435
381
443
423
339
347
209
263
311
319
370
474
254
295
318
291
307
251
363
323
461
331
330
267
335
389
269
327
342
323
511
339
351
347
423
451
365
283
259
325
358
317
315
379
311
422
338
379
207
243
390
294
223
307
383
629
535
319
479
553
675
