530
659
367
575
391
635
395
515
355
671
458
679
407
727
363
707
343
539
347
691
395
619
526
763
443
707
555
823
455
655
375
771
471
803
635
691
503
735
487
627
451
531
511
711
399
687
367
791
383
479
443
611
350
683
535
602
519
631
515
683
491
739
531
679
482
735
363
663
531
699
323
671
519
779
535
639
439
719
455
647
443
627
375
591
495
631
395
747
499
675
451
687
471
651
486
679
387
711
507
803
363
643
575
687
495
551
511
719
559
707
387
743
443
635
595
763
443
579
439
727
415
710
479
702
499
635
359
655
451
695
483
695
499
759
451
599
607
603
402
627
443
687
531
715
495
675
547
819
435
691
403
771
415
587
427
598
567
655
467
683
363
703
627
675
467
659
379
743
427
675
539
655
535
583
511
719
463
755
563
519
523
911
462
651
551
643
599
543
451
775
487
735
474
591
630
771
391
839
494
675
479
507
503
767
455
567
415
731
379
639
491
634
343
719
314
603
467
614
495
607
451
615
531
766
479
719
543
783
463
779
343
679
347
551
395
895
603
715
487
775
534
655
451
683
507
678
543
631
486
675
350
575
415
627
647
631
455
639
463
730
523
743
379
675
499
615
535
618
627
626
519
751
523
671
418
751
390
603
483
627
479
595
471
647
527
599
435
647
427
507
511
643
519
715
387
643
347
646
451
679
475
683
507
683
491
591
551
663
519
639
535
535
343
647
355
739
331
499
563
667
491
567
467
675
563
691
363
655
447
594
450
735
522
715
395
551
335
595
499
806
591
563
331
767
351
647
399
527
327
546
351
766
615
699
499
567
471
627
519
559
407
690
403
739
347
671
507
739
603
663
583
603
519
795
431
623
371
618
419
563
543
622
519
675
587
763
375
783
383
599
583
595
499
435
323
563
467
795
418
843
355
591
403
695
615
707
519
723
419
707
455
615
383
627
487
731
439
539
279
719
471
683
363
635
299
647
435
715
427
759
347
699
431
619
475
631
331
699
507
651
639
667
447
555
607
751
423
695
603
651
335
687
539
695
299
707
391
619
503
803
447
779
447
583
367
670
523
587
511
594
455
583
503
630
587
755
643
695
535
599
479
655
451
623
503
551
359
607
619
662
443
663
463
675
363
691
611
471
0
395
215
355
187
643
463
679
391
559
287
607
407
271
507
547
474
367
494
495
435
359
587
515
311
559
243
367
547
423
383
547
503
399
447
355
451
323
523
539
483
307
427
451
383
367
479
471
495
431
515
459
463
503
499
419
371
487
531
479
419
395
459
491
411
451
515
559
455
383
358
307
363
387
310
439
487
434
567
379
527
419
467
383
347
371
539
331
431
507
494
423
551
303
486
339
403
519
314
359
383
395
499
463
395
399
558
347
399
331
531
367
518
443
403
442
391
503
383
203
471
478
439
367
607
254
603
323
470
287
579
475
571
431
455
347
439
431
338
399
411
475
319
471
607
355
343
507
347
375
555
342
363
535
471
507
391
331
499
375
547
495
471
311
543
507
487
483
443
367
418
639
435
319
475
471
371
335
339
363
447
439
399
539
415
338
499
342
271
403
355
451
474
487
555
487
427
331
295
359
290
499
451
499
470
367
467
315
423
515
435
483
475
435
527
411
303
255
591
491
395
523
503
335
427
443
507
359
375
347
387
367
503
327
611
351
219
219
375
319
439
575
439
335
403
446
331
383
371
447
491
427
519
531
431
407
502
435
559
419
543
259
619
318
363
423
355
395
391
419
607
319
443
335
623
451
542
551
331
371
431
391
427
459
407
287
447
523
335
371
423
499
323
371
363
499
399
543
379
311
563
519
327
515
386
431
411
519
483
499
571
323
455
251
507
331
459
363
451
471
403
331
455
302
311
475
511
539
311
511
503
503
415
431
619
379
439
387
615
475
483
287
471
319
507
355
483
499
547
435
467
479
427
439
527
567
455
303
459
431
219
415
643
310
338
547
455
463
543
427
439
303
399
355
427
319
423
411
491
431
567
379
591
415
370
319
291
303
475
379
519
331
391
399
563
387
599
439
511
591
447
439
379
531
587
407
419
491
431
411
547
415
511
447
447
511
507
375
419
407
447
519
419
475
435
450
487
470
443
539
615
351
519
407
422
407
551
471
319
351
526
279
447
435
387
399
631
567
395
375
479
567
439
467
339
403
422
411
355
446
391
463
511
507
479
335
447
443
458
275
447
467
451
347
395
359
507
215
455
467
307
451
431
439
367
531
319
411
458
391
395
407
447
403
427
487
494
426
279
379
587
471
459
387
379
595
423
455
551
427
555
459
355
391
391
347
471
370
327
491
779
575
807
691
530
1031
