2171
683
357
1664
1037
1106
669
885
527
1087
753
1053
262
1051
254
611
643
1137
443
1027
722
824
607
609
701
1082
1141
1281
795
722
931
708
942
1158
614
931
474
1185
906
930
448
755
691
898
829
779
763
1059
525
1067
551
844
348
735
825
823
1083
766
575
1050
747
1048
362
1046
650
938
490
654
577
511
946
706
911
564
993
745
667
1093
486
595
581
862
896
671
521
675
807
807
581
729
781
1169
688
858
741
1029
687
1102
563
1385
1109
722
759
901
674
878
673
655
673
358
625
794
547
571
591
810
482
546
535
787
872
946
767
899
407
719
813
758
877
878
335
851
735
927
449
800
543
962
675
832
387
995
671
813
670
1021
458
756
689
733
620
869
855
751
531
1209
958
1126
895
873
789
546
798
888
557
859
676
834
597
817
666
706
687
846
329
1679
489
755
764
787
763
1005
481
653
753
851
671
735
853
849
790
977
601
957
447
926
495
944
523
1024
610
932
685
1025
783
799
523
1075
507
701
571
803
733
1080
231
930
546
903
527
921
740
731
779
595
623
1026
737
876
790
1699
638
649
758
819
805
813
487
797
683
619
799
1013
727
822
564
675
1017
864
671
441
570
469
793
1051
633
719
633
1015
794
747
838
1106
747
596
503
995
481
885
562
893
655
981
627
947
915
966
629
947
643
893
631
612
401
870
535
841
914
1039
515
1011
831
869
715
938
653
768
519
1021
873
905
492
764
1029
565
779
1059
699
931
842
962
401
731
762
774
539
486
399
753
908
810
694
927
403
628
1036
631
953
774
675
1192
417
873
512
1690
479
866
199
631
720
882
779
647
787
605
523
647
426
710
582
775
586
589
689
1203
679
909
769
912
590
1197
821
622
880
654
839
721
826
1110
807
1765
566
923
845
645
850
778
155
859
950
1095
758
734
631
805
679
1049
637
851
756
850
826
810
1029
951
646
702
767
983
794
897
463
1062
621
944
439
869
840
1110
638
909
550
625
733
817
855
769
638
829
518
847
551
799
822
693
667
1444
591
885
649
666
346
1165
485
688
818
1664
841
1039
417
686
500
905
617
1093
643
896
926
590
579
744
753
768
843
2079
757
801
779
833
502
743
669
744
982
967
751
991
718
599
563
1281
705
853
707
1084
835
1007
662
764
723
937
495
1155
487
631
637
672
751
785
643
729
773
936
766
876
636
730
645
669
543
553
359
542
396
930
895
775
523
757
463
773
583
366
983
659
677
659
449
690
647
642
618
571
782
514
464
516
410
466
686
600
621
744
574
677
453
622
515
542
463
623
695
491
901
697
732
730
657
316
681
439
460
835
887
779
802
649
900
502
662
568
463
675
551
531
571
823
379
451
603
523
907
490
532
427
598
858
662
710
739
687
673
215
374
391
642
559
687
353
326
841
599
827
550
747
779
650
582
652
530
601
836
355
287
985
568
583
618
790
733
511
582
746
600
294
447
452
661
744
428
588
495
527
627
669
387
543
556
653
850
721
918
575
791
578
593
643
495
652
542
629
674
573
577
527
659
726
679
633
493
862
607
461
353
651
586
662
639
707
478
586
729
1014
478
471
723
491
529
850
521
613
632
865
487
711
770
499
581
601
817
615
740
522
602
427
462
623
599
439
651
383
772
519
710
707
603
620
606
542
627
518
730
606
591
439
591
579
629
621
1098
650
792
835
663
558
495
887
615
815
663
442
487
367
723
630
455
586
515
341
667
527
586
745
723
798
715
771
873
646
549
775
709
755
802
847
475
627
477
356
730
695
562
751
808
423
718
751
693
570
714
512
759
310
463
579
429
573
540
669
745
755
351
598
846
579
454
757
598
633
599
436
733
818
746
878
538
369
641
775
867
491
471
689
403
204
521
803
691
385
775
629
707
394
452
517
642
823
951
574
701
525
645
1111
607
797
574
610
566
762
483
691
558
315
419
299
695
1041
758
475
551
531
779
383
693
618
766
659
694
369
618
502
222
445
723
812
347
555
683
592
525
479
638
521
786
471
309
914
849
773
415
664
538
677
521
831
659
821
520
766
653
743
636
407
827
596
534
695
430
651
705
458
451
491
466
514
574
872
459
703
637
593
515
390
769
613
498
587
629
562
387
447
406
606
701
395
630
694
568
695
567
513
533
403
610
704
502
617
646
675
396
481
773
602
719
425
563
855
594
870
507
497
634
514
365
585
791
551
338
190
553
653
498
843
669
694
598
756
577
561
599
639
931
869
841
511
672
515
590
498
538
796
505
819
852
611
745
841
687
451
897
623
503
798
695
558
605
552
463
878
550
422
654
671
379
561
421
777
386
432
567
733
550
503
924
531
509
854
612
585
819
616
390
865
673
863
476
830
216
654
721
335
471
697
555
395
724
473
890
603
944
735
1037
1203
1110
2412
