456829207
456829431
456829595
456829679
456829599
456829595
456829599
456829558
456829690
456829367
456829599
456829591
456828891
456829615
456829635
456829595
456829331
456829346
456829603
456829574
456829578
456829647
456830074
456829607
456829647
456829642
456829599
456829463
456829595
456829603
456829659
456829575
456829561
456829555
456829551
456829770
456829930
456829603
456829415
456828895
456829571
456829611
456829683
456829599
456829939
456829863
456829439
456829595
456828903
456829695
456829667
456829675
456829603
456829606
456829387
456829607
456829603
456829535
456829603
456829411
456829598
456829666
456829607
456829531
456829667
456829611
456829674
456828895
456829662
456829615
456829614
456829567
456828895
456829631
456829603
456829599
456829022
456829630
456829599
456829815
456828891
456829407
456829603
456829675
456829507
456829603
456830867
456829603
456829599
456829595
456829591
456829530
456829599
456831219
456829587
456829599
456829379
456829599
456829594
456829595
456828907
456829603
456829602
456829599
456829599
456829611
456829591
456829603
456829599
456829686
456829659
456829606
456829635
456828899
456829683
456829603
456829599
456829191
456828855
456829611
456829495
456829507
456829599
456829635
456829599
456829147
456829599
456829595
456829503
456829603
456829555
456829603
456829519
456829659
456829551
456829611
456831019
456829603
456829595
456829598
456829555
456829631
456829450
456829347
456828911
457781319
456829718
456829622
456829603
456828974
456829603
456829583
456829599
456829595
456828895
456829655
456829411
456829611
456829603
456829607
456830823
456829543
456829387
456829679
456829595
456829607
456829599
456829603
456829591
456829599
456829603
456828895
456829603
456829599
456829627
456829959
456829607
456829711
456829567
456829607
456829637
456829607
456829595
456829595
456829603
456829609
456828871
456829627
456829603
456829295
456829319
456829603
456828903
456829686
456829531
456829599
456829599
456828991
456829703
456829603
456829659
456829142
456829603
456829603
456828914
456829599
456829611
456829611
456829603
456829741
456829623
456829751
456829359
456829631
456829523
456829599
456829587
456829083
456829559
456829507
456829661
456829347
456829599
456829599
456829527
456829726
456829563
456828899
456829599
456829578
456829574
456829599
456829615
456829615
456829627
456830862
456829599
456829507
456829599
456829639
456829843
456829503
456829827
456829607
456829579
456829595
456829599
456829587
456828831
456829395
456829879
456829607
456829378
456829679
456829603
456829603
456829607
456831251
456829603
456829055
456829595
456829777
456828891
456829719
456829583
456829603
456829547
456829607
456828899
456829423
456829654
456829027
456829603
456829587
456829611
456829631
456829603
456829623
456829587
456828914
456829679
456829638
456829611
456829631
456829595
456829595
456829602
456829579
456829619
456829599
456829605
456829486
456829575
456829595
456829026
456829946
456829999
456829639
456829647
456828999
456829607
456829422
456829599
456828887
456829751
456829719
456829599
456829419
456829595
456829603
456829619
456829839
456829298
456829603
456829027
456828891
456829606
456828895
456829563
456828895
456829683
456829659
456829615
456829654
456828903
456829599
456829803
456829751
456829607
456829666
456829610
456829735
456829479
456829783
456829607
456829603
456829535
456829603
456829603
456829679
456829603
456828899
456829598
456829655
456829671
456829602
456828895
456829599
456829578
456829671
456829361
456829619
456829621
456829659
456829451
456829659
456829523
456829626
456829523
456829654
456829607
456829603
456829599
456829727
456829634
456829622
456829883
456829603
456829595
456829599
456829606
456829627
456830863
456829603
456829626
456829607
456828899
456829535
456829599
456829531
456829791
456829599
456829559
456828899
456829603
456828927
456829679
456829615
456829607
456829315
456829551
456829615
456829599
456829603
456829554
456829635
456828899
456829707
456829051
456829599
456829643
456829731
456829531
456829599
456829607
456830895
456829659
456830007
456829626
456829607
456829610
456828903
456829591
456829694
456829603
456829487
456829939
456829643
456829010
456829591
456829607
456829607
456829598
456829603
456829615
456829595
456829619
456829797
456829627
456829626
456829599
456830871
456829571
456829607
456829603
456828867
456829467
456829655
456828891
456829607
456829598
456829673
456830867
456829607
456829607
456829599
456828911
456829623
456829603
456829634
456829587
456829595
456829611
456829607
456828895
456829623
456829659
456829607
456828903
456828951
456829563
456829603
456829633
456829599
456829355
456829599
456829603
456828399
456829675
456829815
456829603
456829639
456829595
456829603
456829611
456829339
456829623
456829795
456829583
456829627
456829607
456829662
456829619
456828895
456829690
456829801
456828903
456829259
456828894
456829614
456829719
456829603
456829591
456829567
456829811
456829615
456829901
456829743
456829595
456828903
456829615
456829599
456829474
456829675
456829607
456828898
456829211
456829599
456829803
456829355
456829371
456829519
456828903
456829647
456829603
456829602
456829507
456829635
456829607
456829135
456829595
456829607
456829631
456829695
456829599
456829635
456829603
456829627
456829615
456829599
456829202
456829687
456829599
456829599
456828926
456829611
456829599
456829231
456829551
456829094
456829614
456829695
456829611
456829622
456829547
456829595
456829631
456829947
456829895
456829591
456829559
456829439
456829663
456829603
456829519
456829606
456829723
456829599
456829602
456829335
456829599
456829619
456828899
456829603
456829607
456829623
456829607
456829598
456829687
456829611
456829603
456829651
456829645
456829603
456829598
456829603
456829555
456829599
456829603
456829679
456828899
456829762
456829659
456829399
456829607
456829427
456828919
456829603
456829627
456829603
456828899
456829587
456828819
456829587
456828895
456829599
456829563
456829827
456829599
456829563
456753158
456829603
456829611
456829771
456829463
456829779
456829599
456829599
456828859
456829603
456829609
456829594
456829603
456829607
456829711
456829607
456829651
456829603
456829347
456829831
456829603
456829677
456829603
456829579
456829459
456829675
456829663
456829599
456828903
456829570
456829595
456829611
456829659
456828907
456829603
456829603
456828895
456829603
456829599
456829479
456829603
456829503
456829635
456829599
456829605
456829603
456829615
456829586
456829719
456829283
456829623
456829599
456828895
456829614
456829595
456829595
456829599
456829599
456828903
456829594
456829603
456829607
456829599
456829739
456829346
456829755
456829599
456829607
456829563
456829607
456829611
456829091
456829603
456829623
456829595
456829679
456829731
456829607
456829650
456829607
456829647
456829607
456829602
456829627
456829599
456829603
456829603
456829611
456829599
456829455
456829591
456829614
456829673
456829659
456829579
456829599
456829667
456829735
456829607
456829667
456829707
456829603
456829611
456829655
456828895
456829607
456829635
456829499
456828947
456829611
456829634
456829587
456829607
456829679
456829603
456829595
456829715
456829587
456829614
456828899
456829595
456830867
456829646
456829598
456829599
456829415
456829591
456829607
456829599
456829483
456828899
456829850
456828910
456829711
456829623
456829626
456828899
456829494
456829603
456829663
456829595
456828907
456829595
456829603
456829659
456829691
456829235
456828663
456829883
456829603
456829599
456828903
456829679
456829803
456829595
456829603
456829601
456829747
456829755
456829426
456829619
456829607
456830175
456828929
456829611
456829599
456829599
456829599
456829803
456829531
456829555
456829443
456829605
456829627
456829607
456829603
456829603
456829599
456829683
456829578
456829671
456829603
456829731
456829811
456829715
456829931
456829943
456834271
456829603
456829659
456829635
456828827
456829611
456829595
456829531
456828899
456829602
456829615
456829739
456829599
456829943
456829635
456829539
456829670
456829567
456829543
456829595
456829559
456829599
456829495
456829383
456829603
456829603
456828899
456829631
456829603
456828899
456829542
456829631
456829603
456828899
456829634
456829715
456829563
456829619
456851578
456829571
456829603
456829607
456829714
456829603
456829783
456829607
456829599
456829843
456829591
456829599
456829611
456829607
456830847
456829515
456829871
456829603
456829578
456829331
456829862
456829646
456829655
456829603
456829611
456829610
456829579
456828959
456829611
456829610
456828906
456829587
456829610
456829787
456829615
456829603
456829599
456829595
456829603
456829593
456829610
456829602
456829607
456829519
456829471
456829603
456829619
456829551
456829463
456829475
456828895
456829650
456829619
456829623
456829591
456829607
456829647
456829603
456829607
456829399
456829603
456828895
456829595
456829591
456829583
456829962
456830015
456829595
456829607
456829435
456829607
456829927
456829607
456829663
456829767
456829595
456829666
456829307
456829599
456829770
456828899
456829591
456829643
456829567
456829655
456829563
456829595
456829427
456829615
456829207
456829687
456829603
456829631
456830059
456829599
456829602
456829599
456829615
456829599
456828895
456829602
456829595
456829591
456829595
456829675
456829619
456829603
456829599
456829599
456829607
456829623
456829603
456829627
456829243
456829643
456828899
456829599
456829595
456828934
456829591
456829543
456829603
456829595
456828899
456829590
456829498
456829363
456829603
456829599
456829639
456829599
456829606
456829751
456829515
456829655
456830871
456829638
456829443
456829686
456829603
456829707
456829635
456829591
456828899
456829595
456829550
456829613
456829570
456829619
456829611
456829571
456829599
456829614
456829599
456829603
456829547
456829599
456829627
456829603
456829579
456829599
456829551
456829175
456829599
456831837
456828899
456829603
456829603
456830867
456829599
456829603
456830867
456830090
456829603
456829783
456829603
456829943
456828899
456829567
456830867
456829655
456829603
456829643
456829587
456829575
456829599
456829599
456829602
456829547
456829603
456828903
456829603
456829319
456829719
456829739
456829599
456829575
456829727
456829603
