1913
1911
1863
2011
1835
1987
1843
2085
1741
2095
1887
1995
1803
1981
1742
2042
1859
2135
1887
2123
1659
2011
1823
2155
1834
2071
1811
2195
1759
2019
1913
2111
1801
2063
1827
2083
1799
2038
1938
1950
1827
2067
1887
2043
1771
1983
1815
2042
1822
1915
1898
2083
1911
2058
1823
2131
1919
1966
1799
1966
1807
2035
1890
1967
1927
2123
1975
2162
1829
2051
1895
2059
1845
2011
1870
2079
1899
2115
1835
2115
1874
1947
1795
2087
1759
2099
1817
2059
1826
1987
1870
2179
1823
2091
1846
2115
1810
2043
1867
2111
1834
2007
1903
2039
1827
1995
2035
2053
1739
2191
1830
1971
1746
2046
1875
2089
1899
1959
1847
1979
1759
2071
1737
2119
1811
1986
1843
2158
1883
2109
1839
1946
1894
1959
1861
1970
1685
2059
1759
2031
1877
1962
1911
2127
1787
2031
1983
1987
1809
2123
1830
1911
1834
2155
2003
1983
1931
2066
1906
2051
1898
2130
1887
1983
1871
2143
1913
1982
1803
2107
1827
2055
1755
2163
1874
1955
2029
2163
1950
2063
1862
2063
1895
1974
1839
2009
1963
2007
1767
2022
1883
2047
1918
2246
1879
2082
1955
1949
1822
1998
1903
1919
1911
1935
1843
1967
1830
1930
1763
2111
1827
2086
1875
2051
1739
1970
1958
2101
1889
2025
1819
2067
1927
2199
1875
2063
1822
2055
1774
2051
1749
2007
1786
1967
1891
2135
1883
1991
1763
2217
1894
2054
1835
2007
1874
2037
1855
2007
1809
1891
1791
2049
1807
1959
1926
2115
1931
2115
1882
2059
1857
2003
1882
2127
1903
2131
1989
2007
1909
1963
1838
2050
1831
2042
1757
1966
1815
1998
1843
2087
1898
2167
1895
2019
1803
2062
1939
2006
1867
2103
1887
2017
2015
2039
1826
2031
1815
2039
1779
2071
1775
2022
1895
2199
1723
2183
1887
2055
1989
2189
1799
2054
1959
2047
1843
2107
1942
1979
1867
2074
1875
2159
1977
2139
1847
2131
1947
2069
1855
2086
1803
2106
1795
2235
1918
2071
1915
2122
1971
2078
1829
2021
1971
2086
2002
2103
1990
2059
1922
2007
2102
1987
1942
2059
2003
2039
1871
2087
1911
2143
1967
2015
1786
2046
1758
1915
1867
2062
1970
1855
1934
1959
1783
1947
1826
2107
1861
2043
1783
2031
1807
2075
1911
2167
1875
2145
1771
2023
1903
2029
1877
2047
1951
1975
1863
2074
1987
2155
1815
2039
1947
2059
1961
2042
1802
1978
1882
2067
1807
2035
1867
1963
1855
2070
1879
2087
1947
2039
2059
2117
1971
2079
1851
2007
1882
2059
1894
2075
1997
2119
1903
2022
1845
2119
1834
2027
1834
1998
1839
1987
1922
2099
1863
2046
1857
2190
1987
2094
1923
2050
1843
2123
1855
2050
1879
2075
1871
2246
1815
2191
1921
2035
1891
2131
1943
2062
1839
2015
1949
2131
1939
2183
1855
2167
1810
2071
1845
1977
1911
2079
1959
2063
1895
2146
1863
1907
1762
1919
1914
1985
1894
2073
1723
1943
2015
2074
1719
1895
1630
1883
1579
1894
1586
2075
1873
1990
1838
1991
1859
1967
1893
1851
1823
1927
1838
1911
1789
1806
1886
1870
1943
1803
1846
1875
1778
1771
1847
1809
1835
1923
1719
1886
1778
1883
1854
1690
1778
1830
1943
1783
1813
1907
1879
1779
1855
1886
1874
1839
1886
1855
1785
1847
1851
1743
1726
1862
1821
1767
1990
1783
1767
1811
1903
1911
1889
1859
1798
1990
1894
1659
1875
1851
1891
1751
1778
1839
1847
1779
1743
1703
1731
1867
1851
1926
1918
1763
1867
1802
1931
1691
1834
1843
1843
1883
1671
1763
1683
1765
1778
1842
1821
1815
1778
1865
1978
1927
1847
1843
1847
1863
1843
1786
1839
1910
1731
1947
1867
1847
1859
1823
1747
1839
1799
1810
2043
1882
1813
1909
1950
1750
1747
1827
1963
1806
1763
1822
1895
1777
1897
1959
1890
1791
1815
1718
1927
1863
1863
1859
1919
1782
1998
1782
1830
1863
1895
1839
1866
1735
1855
1903
1959
1827
1766
1843
1965
1899
1827
1781
1910
1723
1831
1747
1819
1915
1887
1834
1782
1811
1923
1798
1799
1774
1795
1799
1873
1795
1674
1905
1859
1806
1935
1703
1807
1847
1794
1759
1871
1719
1885
1787
1823
1803
1767
1914
1807
1719
1875
1999
1907
1978
1943
1730
1771
1897
1795
1917
1971
1805
1815
1874
1914
1815
1863
1782
1751
1895
1839
1891
1871
1678
1866
1787
1955
1879
1795
1927
1883
1915
1935
1891
1979
1866
1751
1797
1779
1879
1870
1895
1753
1793
1887
1702
1827
1761
1803
1845
1771
1898
1851
1770
1825
1847
1999
1921
1847
1734
1798
1661
1899
1851
1875
1886
1863
1974
1727
1883
1983
1974
1810
1843
1894
1779
1867
1862
1794
1867
1886
1863
1815
1875
1919
1939
1779
1703
1787
1851
1915
1759
1755
1835
1807
1833
1899
1787
1883
1739
1899
1855
1781
1871
1843
1898
1802
1935
1895
1751
1743
1710
1858
1827
1783
1791
1771
1851
1673
1831
1894
1715
1791
1785
1827
1827
1882
1819
1849
1846
1743
1847
1735
1815
1882
1883
1889
1742
1827
1855
1935
1791
1883
1703
1779
1779
1823
1915
1875
1791
1679
1822
1786
1767
1807
1833
1817
1771
1855
1823
1855
1747
1783
1927
1734
1727
1783
1875
1735
1759
1654
1851
1862
1851
1886
1719
1963
2035
1923
1735
1850
1695
1869
1723
1871
1823
1810
1799
1863
1847
1713
1901
1779
1935
1787
1823
1797
1727
1767
1831
1803
1859
1879
1831
1807
1767
1875
1739
1971
1963
1883
1839
1722
1851
1842
1743
1770
1858
1795
1695
1815
1707
1875
1891
1839
1983
1935
1851
1838
1947
1870
1847
1906
1783
1875
1835
1898
1935
1771
1863
1703
1683
1871
1754
1771
1766
1923
1747
1903
1630
1799
1811
1862
1707
1966
1858
1899
1755
1795
1751
1762
1631
1841
1907
1814
2035
1939
1755
1751
1770
1718
1990
1727
1754
1778
1811
1883
1799
1827
1863
1831
1799
1683
1759
1871
1774
1839
1799
1761
1871
1843
1735
1779
1815
1898
1790
1762
1847
1927
1779
1799
1763
1883
1786
1795
1811
1987
1819
1830
1863
1751
1786
1771
1815
1727
1823
0
1794
