370
627
375
707
299
671
535
591
459
615
502
598
447
706
586
659
315
599
431
499
419
647
330
530
339
667
363
635
482
623
514
527
335
643
471
730
511
543
491
570
603
691
579
693
347
622
351
779
471
631
391
711
367
559
507
759
454
631
451
607
555
679
683
731
515
586
443
682
447
562
479
575
434
647
418
734
463
826
467
615
641
639
318
654
463
699
467
739
471
659
487
663
486
615
483
707
575
598
567
555
375
607
363
494
367
599
482
621
358
647
499
591
527
475
311
578
483
539
499
547
382
638
418
667
498
670
435
531
539
590
539
595
459
535
419
723
371
714
407
619
475
627
402
615
535
507
514
539
574
567
487
547
331
743
359
678
405
523
482
583
554
699
531
570
226
738
363
607
498
547
447
651
397
674
523
651
431
527
454
643
490
599
550
471
379
670
463
670
279
531
479
671
522
671
375
511
543
631
302
690
451
603
419
563
535
651
415
675
371
739
455
595
447
691
362
607
363
535
391
699
407
574
495
551
379
542
502
563
391
498
370
703
478
643
435
615
411
702
457
675
439
499
290
651
491
503
515
490
435
619
359
667
367
583
407
555
519
622
378
530
395
759
519
527
491
563
414
602
551
643
459
786
451
647
451
615
474
479
315
575
431
591
335
667
418
587
383
655
407
755
515
643
355
702
407
575
270
499
311
703
439
647
481
651
350
651
419
702
307
591
527
707
419
571
393
527
611
575
427
615
618
602
479
611
454
671
423
627
326
667
383
603
443
711
550
799
387
595
439
710
463
587
409
571
507
559
462
511
362
683
499
739
515
523
454
750
298
554
335
695
507
567
407
619
295
503
430
606
383
678
635
595
467
551
406
715
567
523
527
643
443
703
707
587
566
539
431
794
395
519
218
649
411
486
383
555
354
767
627
739
263
659
431
695
455
606
495
491
357
615
419
509
411
554
475
623
339
543
395
606
599
475
511
594
535
599
486
643
502
595
466
687
311
611
413
663
382
571
467
553
386
531
474
483
219
623
582
551
611
551
463
691
547
554
291
707
598
623
355
695
366
579
387
671
395
683
455
611
463
679
411
743
431
547
486
487
495
643
407
767
339
599
510
707
479
575
407
615
386
723
263
679
339
607
346
559
299
359
138
415
87
359
91
539
247
562
371
583
491
511
451
383
579
382
411
327
439
471
423
439
327
407
355
367
245
343
442
423
435
526
483
422
398
390
395
251
331
391
418
383
459
362
623
375
379
419
506
254
319
347
427
445
445
467
350
471
539
299
423
315
531
543
494
363
410
355
299
331
390
243
367
289
306
371
387
371
338
514
461
395
539
483
311
419
398
435
379
281
414
535
366
355
354
503
271
462
359
410
410
255
447
330
382
298
411
459
339
351
415
523
459
387
419
422
375
398
383
347
519
250
423
327
481
342
439
423
479
462
403
542
175
331
379
511
391
275
363
403
419
395
419
467
374
363
455
283
554
370
454
306
434
322
395
434
434
306
415
343
450
351
503
267
479
314
515
347
443
443
495
311
531
270
515
483
434
483
435
143
387
307
507
443
375
471
358
554
371
379
471
303
299
247
374
371
539
250
439
362
471
166
331
419
511
362
366
427
555
423
371
507
391
403
387
327
358
430
451
451
386
423
471
235
474
327
467
378
346
458
534
419
319
307
327
335
335
287
343
363
443
423
446
518
659
395
315
387
299
263
447
383
455
419
546
499
526
426
343
215
411
443
495
191
471
291
327
311
319
267
417
543
502
423
463
262
347
459
409
279
427
351
379
409
342
315
519
362
331
459
351
503
358
399
435
482
479
359
327
523
327
411
351
363
455
395
226
499
467
402
546
423
323
331
371
423
215
399
279
499
367
415
263
331
235
595
435
447
527
443
294
411
303
390
427
471
369
403
371
267
338
259
495
511
366
411
535
462
374
327
495
315
515
375
570
370
511
307
353
383
430
387
487
363
519
382
411
442
502
427
299
437
479
370
398
362
347
603
443
395
378
486
367
499
495
351
366
391
223
315
355
477
427
487
446
327
478
359
483
439
415
435
567
367
450
295
379
371
315
318
251
353
438
282
419
479
339
359
339
358
383
427
419
451
275
367
371
387
511
299
339
398
367
283
394
363
494
426
343
378
371
391
423
271
387
311
462
359
435
319
342
443
407
479
459
431
439
359
430
379
274
327
423
339
443
446
495
594
347
314
419
514
459
459
371
431
422
227
486
427
499
539
499
394
423
391
431
427
419
310
271
503
395
407
451
543
495
435
319
351
394
346
379
451
367
283
529
603
295
398
479
451
319
387
403
479
243
363
371
226
0
207
555
87
95
647
