459
575
527
607
419
555
415
671
327
467
535
611
451
623
503
475
443
647
427
611
423
663
351
619
427
619
371
647
347
523
331
663
263
583
363
491
347
587
459
615
383
531
335
523
387
731
383
555
315
639
391
615
255
555
443
547
259
679
471
727
427
539
479
651
395
583
427
639
363
571
335
655
387
663
415
575
475
551
363
515
575
695
435
563
267
551
323
559
343
635
303
631
403
579
459
775
527
619
479
603
387
627
487
735
467
623
431
603
415
643
343
655
475
703
419
755
323
607
463
631
331
551
263
479
415
527
375
563
399
607
387
751
315
595
479
699
255
507
375
627
299
591
247
639
347
487
371
659
287
615
583
739
559
679
507
651
335
575
411
563
371
619
431
491
535
559
399
627
403
587
367
627
407
539
371
719
323
611
343
451
343
647
283
595
495
463
367
539
323
595
355
667
683
499
359
535
343
539
363
563
459
551
415
587
407
627
315
619
627
603
359
563
319
551
415
631
379
519
483
635
255
563
463
715
375
747
567
711
459
559
207
523
363
599
431
619
331
419
407
683
359
607
395
711
271
571
471
611
419
503
323
627
355
655
399
655
539
551
527
763
427
647
483
499
467
583
599
551
371
679
567
619
267
707
399
803
391
699
339
551
187
623
387
571
391
611
387
687
415
523
315
571
423
831
491
579
279
647
379
671
463
631
383
767
391
611
291
527
427
727
407
679
367
715
475
495
411
679
427
859
383
583
367
635
347
539
563
827
427
507
459
743
371
419
303
547
335
499
455
603
431
683
419
623
419
447
523
623
435
555
299
683
415
407
379
591
475
499
371
703
455
607
435
611
347
779
435
543
451
731
363
739
487
703
299
571
411
559
403
639
223
543
439
627
383
551
487
615
475
639
203
547
359
639
371
727
299
615
339
591
439
743
455
571
355
623
275
555
359
603
315
735
387
579
399
555
231
683
627
515
355
571
527
703
335
683
327
547
299
695
355
671
479
551
487
707
555
691
383
631
387
527
419
667
271
583
471
567
331
655
343
675
411
711
407
647
371
599
527
563
387
599
431
719
471
615
543
707
487
555
407
531
363
755
519
579
427
467
411
787
267
667
511
571
411
623
327
667
179
507
291
679
519
471
479
623
507
451
103
207
99
155
0
483
291
555
491
607
431
547
383
311
407
435
335
223
443
315
323
275
387
195
443
235
275
411
511
327
471
327
379
411
211
395
275
499
439
459
451
411
423
307
523
319
435
307
359
363
451
243
387
343
455
395
419
395
383
275
443
391
519
391
403
419
463
391
527
359
343
343
439
343
375
359
287
331
483
307
431
211
407
347
179
303
311
359
443
431
379
347
435
395
475
259
411
299
319
423
375
435
499
431
403
351
259
411
395
371
355
299
367
371
307
359
487
383
371
355
255
219
459
339
283
387
499
359
379
295
527
331
503
535
535
275
483
303
231
267
395
371
383
467
419
267
395
311
355
291
391
323
303
431
479
303
347
311
319
407
335
367
391
247
351
359
407
331
415
347
435
383
415
487
311
295
363
219
339
471
323
359
363
283
503
119
299
519
415
379
427
451
535
367
347
375
267
311
267
347
395
303
303
319
323
319
347
467
279
263
387
323
307
323
467
375
287
331
527
335
223
351
307
311
307
379
459
327
391
391
479
459
383
263
419
343
475
403
471
271
499
359
435
315
343
315
351
251
199
443
235
203
311
479
507
435
483
355
463
371
379
307
447
415
283
343
331
335
343
395
339
447
287
247
299
395
399
391
315
531
487
275
407
463
471
279
371
239
407
215
503
463
359
263
463
567
515
431
411
235
267
259
431
391
467
263
355
347
439
375
379
299
435
551
307
379
347
323
487
423
407
239
387
303
215
371
383
363
311
311
351
371
443
395
371
427
163
379
447
331
359
251
603
355
407
275
439
299
383
383
411
375
191
451
391
175
411
407
451
327
311
311
255
399
387
351
343
439
443
375
423
343
235
295
427
387
391
295
267
435
391
363
391
379
419
507
303
295
311
339
543
351
271
335
427
331
319
303
463
375
383
471
447
475
307
263
371
335
391
415
487
363
315
351
419
215
391
315
447
207
299
299
327
319
315
323
451
359
499
327
443
383
291
387
403
215
383
363
319
423
407
319
363
319
435
391
343
423
451
415
415
375
335
259
455
443
307
355
407
507
367
435
327
403
527
431
351
339
307
411
383
363
323
403
375
459
315
387
311
303
327
411
411
491
375
283
219
379
363
375
479
227
523
383
463
327
383
403
375
503
347
303
483
291
367
399
351
303
395
511
399
347
279
275
567
355
339
315
363
323
323
31
359
603
531
727
