1750
1994
1858
2102
1802
1823
1643
1929
1767
2006
1671
1975
1779
2003
1831
1875
1842
1955
1811
2067
1619
2007
1730
2061
1839
1875
1731
2102
1767
2014
1843
2131
1683
1971
1791
1955
1683
1947
1794
2059
1787
1919
1658
1931
1627
1947
1798
1907
1710
2069
1703
1971
1755
1935
1703
1987
1819
1947
1723
1919
1591
2075
1815
2019
1711
1845
1703
2006
1771
1882
1775
2134
1775
1907
1854
1907
1775
1831
1779
2031
1695
2030
1915
2079
1831
1843
1703
2179
1647
1979
1683
2019
1791
1887
1763
2059
1718
2010
1717
1899
1794
2038
1938
2078
1903
2006
1667
1946
1974
1915
1791
2047
1835
1999
1727
1879
1703
1939
1742
1947
1779
2018
1810
1991
1631
1979
1623
1895
1747
2066
1771
1986
1746
1955
1603
2035
1887
1902
1707
2107
1742
1875
1778
1827
1909
1950
1855
1959
1755
2003
1751
1947
1798
2019
1779
1914
1731
1959
1759
1923
1859
2042
1943
1910
1747
2079
1759
2151
1779
1978
1791
1955
1735
1851
1803
2113
1811
2018
1945
1978
1727
2002
1742
1906
1699
1911
1739
1955
1818
2011
1846
1975
1831
1938
1637
1991
1719
1966
1863
1903
1687
1951
1802
1903
1866
1819
1847
2003
1778
1982
1811
2018
1799
1941
1831
1859
1739
2059
1771
1939
1803
2019
1843
1899
1631
1918
1927
1951
1646
1994
1777
1899
1723
1886
1735
1959
1667
1975
1830
1987
1823
1971
1755
1910
1759
2041
1783
1970
1575
1899
1783
2079
1815
1787
1855
1935
1647
1735
1779
1762
1731
1907
1795
1967
1810
1879
1807
2083
1806
1919
1815
1939
1643
2066
1863
2003
1758
1997
1799
1947
1726
1810
1723
1859
1791
1963
1719
1919
1766
1867
1851
2094
1715
1838
1931
1986
1707
1871
1785
1939
1575
1998
1915
1817
1659
1998
1707
1911
1735
2019
1779
1942
1807
1883
1727
1906
1699
1775
1691
1951
1734
2043
1887
1951
1726
1950
1799
1930
1722
1959
1687
1959
1875
1843
1823
2075
1727
2103
1731
1990
1779
1915
1827
1934
1731
1875
1790
2091
1739
1923
1654
1885
1875
1947
1810
2071
1571
1982
1659
1990
1782
1855
1831
2035
1759
2047
1718
1951
1783
1929
1791
1895
1790
1903
1810
1963
1887
1875
1723
2027
1599
1879
1771
2035
1867
1971
1839
2030
1751
1915
1771
2042
1635
1971
1747
1923
1726
2098
1891
1906
1650
1994
1931
2099
1775
2023
1826
2054
1895
1934
1807
1991
1719
1834
1758
1922
1775
1903
1710
2011
1651
1958
1879
1955
1727
2035
1711
1987
1739
2083
1670
2011
1791
2006
1783
1819
1683
2091
1795
2078
1667
1931
1826
2019
1817
1923
1699
1987
1738
1927
1771
2026
1790
1899
1735
1854
1699
1727
1651
1967
1927
1994
1763
1938
1807
1898
1759
2031
1735
1909
1703
1870
1758
1911
1891
2159
1775
1855
1947
1999
1667
2027
1899
1991
1739
1999
1763
1999
1735
1962
1815
2046
1727
1883
1835
1939
1769
1775
1475
1758
1479
1627
1363
2047
1763
2059
1747
1831
1595
1931
1890
1811
1699
1635
1799
1923
1870
1762
1482
1607
1639
1691
1811
1706
1747
1727
1842
1795
1742
1635
1779
1647
1651
1571
1759
1695
1887
1603
1671
1806
1714
1827
1742
1691
1815
1683
1787
1587
1723
1642
1831
1747
1822
1779
1635
1646
1755
1843
1695
1699
1723
1782
1563
1835
1831
1739
1635
1791
1751
1694
1710
1643
1803
1614
1675
1535
1739
1834
1771
1695
1686
1778
1826
1691
1583
1683
1743
1735
1782
1851
1778
1663
1682
1699
1626
1687
1627
1751
1691
1738
1895
1750
1771
1659
1794
1835
1859
1615
1735
1855
1690
1899
1890
1647
1658
1723
1723
1723
1723
1723
1723
1723
1723
1723
1723
1723
1723
1723
1723
1723
1723
1723
1723
1723
1723
1723
1723
1723
1723
1723
1723
1787
1651
1615
1862
1546
1866
1691
1673
1727
1687
1663
1819
1791
1721
1887
1811
1855
1790
1735
1694
1755
1723
1654
1731
1751
1699
1631
1723
1735
1707
1858
1879
1767
1791
1763
1787
1663
1639
1682
1799
1786
1835
1743
1671
1718
1759
1739
1695
1619
1639
1647
1601
1755
1723
1703
1823
1733
1675
1587
1750
1699
1727
1647
1835
1823
1903
1815
1775
1639
1807
1795
1639
1807
1723
1767
1779
1722
1678
1695
1694
1679
1935
1765
1683
1863
1735
1642
1699
1747
1727
1687
1802
1747
1839
1683
1695
1891
1695
1667
1719
1603
1659
1875
1887
1599
1623
1646
1806
1555
1607
1779
1791
1658
1747
1867
1823
1671
1819
1611
1687
1705
1763
1667
1723
1675
1715
1699
1691
1806
1667
1555
1843
1770
1715
1662
1734
1675
1682
1659
1739
1707
1791
1802
1819
1847
1795
1743
1643
1842
1607
1827
1671
1715
1667
1551
1739
1730
1795
1743
1895
1687
1691
1783
1783
1775
1681
1607
1875
1783
1594
1711
1766
1703
1659
1607
1770
1771
1867
1610
1891
1838
1651
1735
1795
1734
1778
1671
1695
1735
1606
1735
1815
1803
1678
1630
1719
1761
1795
1859
1767
1847
1783
1643
1839
1923
1606
1759
1702
1691
1843
1690
1943
1707
1679
1674
1831
1755
1743
1687
1643
1675
1857
1659
1807
1791
1762
1699
1839
1791
1735
1735
1635
1598
1703
1763
1771
1711
1823
1851
1855
1814
1715
1679
1739
1783
1643
1675
1683
1635
1775
1743
1779
1626
1799
1706
1771
1695
1826
1611
1771
1779
1731
1766
1879
1734
1707
1870
1814
1635
1790
1782
1683
1663
1791
1663
1830
1699
1843
1623
1670
1727
1699
1726
1743
1734
1815
1862
1671
1831
1783
1727
1731
1698
1727
1811
1639
1597
1698
1751
1575
1619
1703
1807
1829
1831
1747
1755
1623
1702
1689
1774
1830
1675
1711
1774
1663
1583
1835
1655
1786
1746
1906
1775
1691
1807
1787
1723
1623
1587
1766
1719
1794
1799
1711
1619
1827
1791
1810
1738
1882
1791
1663
1691
1651
1703
1735
1851
1771
1759
1731
1835
1775
1815
1778
1791
1671
1774
1771
1611
1819
1819
1667
1586
1859
1714
1663
1626
1783
1727
1778
1787
1707
1690
1647
1739
1827
1667
1514
1554
1739
1619
0
1646
