2375
2654
527
1874
643
1851
735
1887
487
1783
1423
1887
447
1887
2587
2823
703
1999
2599
1563
2103
3331
2351
851
535
2071
2439
3426
2727
758
943
1895
611
1999
555
1455
2103
2763
2286
735
1763
955
1639
923
707
747
2031
839
871
1851
2479
743
1799
959
739
1955
2491
1471
1783
667
675
819
487
1899
2675
3487
2531
3355
2427
1410
519
754
411
1879
2167
859
1867
647
843
1419
1587
1003
439
631
519
1810
671
1903
2539
895
535
1995
611
1907
2522
623
1871
2755
2363
579
719
1843
2619
2739
499
1663
519
622
1867
3395
527
1403
1919
1887
579
679
739
1847
2679
3415
2199
819
1695
1043
2027
2651
2623
2747
695
1631
731
1919
639
3430
2582
1478
191
1871
2675
2747
2467
1431
1967
1547
1755
2427
2627
1419
1539
643
647
1955
2579
663
1743
607
507
723
683
839
1939
2530
2735
1615
1803
682
443
1467
1795
587
2083
2675
2499
3343
2243
731
2042
2763
2571
3451
2395
3415
619
1847
2415
3139
2507
3747
2563
2551
631
2038
2355
1559
1859
3439
2767
3431
2611
2811
694
547
2011
3383
2551
3479
2435
2603
2271
2747
2659
739
1995
2463
2655
759
663
807
1955
1631
747
1151
799
1399
1743
1411
1751
2739
2527
2535
1243
1407
1767
2459
455
1439
1987
815
1899
3279
2555
3411
2731
2619
2435
2767
2299
807
663
1663
2551
1159
1839
2787
2355
2567
583
1883
739
1879
2383
1039
1823
1403
599
1787
527
1415
2039
2803
571
899
1871
2763
2395
731
803
1251
483
1935
2671
2559
435
1695
650
2355
2291
3414
2535
3431
2335
3431
2483
707
1787
2663
407
1435
1638
815
815
1919
2603
2611
611
1483
759
1611
1855
1571
651
1867
559
675
1915
2451
2351
2531
2247
1495
554
823
1859
2931
2531
2643
2531
759
1787
775
2007
3263
995
1771
423
779
587
1891
2439
3451
2415
3427
539
723
775
579
1871
1555
1871
1575
1695
999
511
1975
695
1891
619
623
1923
2434
2379
727
715
1919
1163
1487
1919
3607
2631
3431
2227
3439
2534
2707
411
1843
2371
2671
2515
1427
1959
2731
683
2046
3266
2055
1919
2439
735
979
403
1879
2443
2623
495
703
431
815
355
1863
2619
2855
379
1411
1739
670
1899
2963
550
2251
2327
715
1963
3403
2295
1399
1858
2699
607
587
403
1990
2607
642
1942
2687
2411
2507
2443
782
1883
1467
1195
2375
2631
479
1903
3315
2307
3134
2639
2526
2247
1407
211
2087
2462
791
1914
3719
2662
1783
2047
2599
543
1887
567
1843
571
1447
623
1867
2559
2683
2367
3235
2523
1403
543
1903
2415
3439
2407
1479
663
643
383
815
779
663
1990
2606
2323
1486
2603
3423
1359
691
1907
3251
1134
1427
1891
2715
2415
675
611
1995
2234
695
79
2115
2207
659
667
679
562
1967
623
1411
2027
671
1807
659
2043
451
719
586
519
2007
531
2115
647
1914
2323
2575
2483
2523
459
523
2003
2639
2451
527
659
527
375
411
467
1662
871
1851
407
539
547
679
1939
2219
2531
2571
2455
2435
2466
2155
295
1923
2631
2223
2535
2563
2495
651
607
487
651
1879
591
679
1851
595
583
2039
2683
607
2039
2235
578
611
1875
2471
439
555
1979
623
1855
2487
2539
555
1795
2470
2603
2279
2299
627
579
1827
459
451
1711
578
511
1947
611
1979
2351
627
1843
2475
2403
447
1774
651
1703
2299
623
639
875
531
391
1839
711
523
1903
2299
2623
2539
2566
2239
2419
2307
2663
2451
791
1899
558
551
435
1843
2491
2415
663
567
643
1871
2287
2427
587
539
1855
659
1867
2599
2463
2439
451
611
487
607
1899
623
2019
2499
2367
543
1979
2367
2218
2235
2474
2679
2495
2431
2375
2319
2595
2399
2735
579
1891
2483
611
519
654
1907
414
2055
2719
311
1935
559
1807
2479
2451
2467
2338
651
819
543
1815
423
663
1951
2691
563
639
339
655
1795
2283
2383
463
1859
2571
2423
2439
2287
2591
2471
594
1931
2387
607
651
443
578
683
1915
2371
2562
2327
2315
2583
827
431
1747
551
1895
467
647
1787
643
1875
723
431
1922
387
467
659
1903
2355
2527
2459
695
763
1899
2467
2394
2635
2411
646
695
435
551
1998
2447
591
663
643
495
723
678
1983
2483
2467
2311
511
711
1826
2491
427
547
595
727
1919
2543
551
547
1862
507
1907
2339
699
590
507
2099
523
635
523
1822
2515
2687
2687
2175
543
1847
595
1923
2555
2403
2543
2491
267
1839
419
1747
2003
603
683
1775
663
1919
2383
2315
2279
2203
435
1879
2387
2731
2427
2323
462
1807
563
574
1922
2423
2603
2495
2531
2607
2503
2391
2535
2467
423
1955
623
431
2027
2379
2390
611
1899
2471
2391
467
1923
2463
331
538
1867
2487
447
663
1715
491
1835
607
1795
599
527
735
519
1962
2571
799
659
1779
551
1787
815
943
2007
2403
2503
2247
2511
2523
2487
2411
2443
2591
511
699
1767
431
555
1839
2475
687
1963
2539
2298
2651
2435
2275
567
731
1915
2315
2591
671
559
567
1779
2643
2451
655
1939
375
535
1863
571
1839
2523
639
519
1883
391
1903
2371
483
1923
2359
527
2019
2155
2530
2627
743
1863
2551
2439
683
1711
563
1958
2439
487
483
2171
507
543
367
719
1895
791
1863
2311
510
2103
2471
2503
2471
615
1891
2375
415
755
1811
387
1955
2115
2451
435
1775
2595
2387
2535
2575
2427
2427
607
699
1907
2395
499
1923
343
1902
2247
659
1783
611
475
535
527
2075
2259
527
1907
2351
2523
543
1831
587
2091
2391
2507
467
1871
2431
2339
2451
2367
463
1759
2239
614
1007
1935
1051
1447
