727
1682
862
1651
847
991
603
1703
861
450
598
1713
926
2319
1135
1684
1071
1663
815
942
2449
1699
987
3189
607
1068
1022
3187
1134
1673
901
1632
1066
1655
825
1678
881
1673
737
1679
1149
1686
730
1657
2359
1370
923
1692
1718
1674
730
1677
931
1673
951
1675
795
1506
869
1667
657
1679
935
1654
734
2434
809
1685
837
1664
833
1691
1006
1675
1185
1707
903
1780
676
1669
983
1607
628
1670
867
1968
1088
1681
781
1677
851
1570
843
1657
893
1681
881
1240
1085
1059
1058
1211
1125
1668
991
1702
889
1859
2046
1282
1179
3191
1062
1675
711
1687
1749
1690
486
1671
618
1708
770
1688
647
1719
1059
1689
1661
3169
973
1701
703
1679
997
1699
881
1696
957
1669
833
1579
642
1697
891
1682
883
1667
972
1683
689
1671
542
1047
2499
1735
869
1649
1029
1883
843
1679
936
1685
597
2479
1044
1699
1053
1075
1031
1395
629
1697
1289
1598
1102
1683
1672
1645
1099
1691
959
1677
595
1687
640
1691
949
1680
842
1679
1662
1679
1698
1047
915
1690
1074
1034
1005
1687
1007
1701
778
1687
1071
1684
1695
1688
1133
1704
1256
1805
1711
1666
1610
1134
2373
1605
699
1678
2498
1687
795
1733
669
1665
938
1552
753
1722
974
1682
706
1676
655
1582
773
1694
751
1715
516
1100
846
837
747
1281
1734
3586
1081
885
818
1043
1106
1643
696
2083
1018
1690
1062
1609
1043
2319
830
456
895
1683
949
3736
958
1236
711
1697
799
1706
743
1250
902
1677
433
1667
850
791
878
2266
903
1690
1003
1699
650
887
1318
1902
982
1708
942
1918
887
1690
948
1692
1055
1659
764
1687
1071
2141
728
1681
913
1678
846
2421
694
632
789
1707
802
1647
2282
1667
970
901
1030
1675
939
1675
792
1757
602
1642
647
1651
962
1746
562
1261
1152
1679
848
1627
869
1698
950
1561
615
1710
823
1654
1079
1675
944
987
1027
1650
1691
1644
676
3207
807
1895
2385
1516
1058
1358
694
1681
985
1699
761
1675
1085
1674
1691
1677
1330
1657
863
1954
493
1723
950
1715
978
1671
690
1661
1081
1693
1163
1645
812
1206
686
1650
365
1662
2182
489
1117
407
967
1783
982
572
1144
1045
979
1937
1159
1775
906
2157
1054
1610
997
1679
961
1670
936
2309
414
1616
551
2281
1106
1769
713
1823
803
2551
415
1698
990
1735
1132
1625
790
1739
875
678
1069
1685
782
655
393
1667
1712
1735
1691
1676
847
1713
978
1466
999
1555
833
2036
1227
1730
707
1569
1223
1642
690
3222
1065
1701
1760
1762
786
1748
892
1635
665
414
1049
1784
151
1663
1206
1722
1306
1854
1645
1755
2332
1759
766
1647
590
1615
903
1805
867
1082
931
422
490
922
259
2397
919
2911
1058
789
553
1715
687
158
875
1071
1014
1142
1287
279
587
1168
250
1659
1027
1043
961
906
622
894
687
1047
721
765
935
895
953
827
742
2171
993
894
1283
1243
1218
927
1185
2595
1091
739
1277
523
795
674
1709
1286
823
665
749
738
811
815
1271
1769
965
995
1403
871
1147
615
1198
254
2987
2355
1209
1099
892
882
795
1503
982
928
1829
847
1633
1453
811
882
739
1053
985
279
501
1683
597
597
915
1302
1033
379
1352
481
817
0
1190
2098
1111
854
2341
553
969
1367
1995
1939
1189
1197
526
1913
1913
1913
1913
1913
1913
1913
1913
1913
1913
1913
1913
1913
1913
1913
1913
1913
1913
1913
1913
1913
1913
1913
1913
1913
590
550
678
661
799
1591
344
480
1869
1879
1917
638
711
1321
945
2095
803
1503
1514
2125
862
1299
415
1254
2219
1388
563
1654
1001
1012
702
587
1113
727
879
1310
752
1831
742
807
971
1087
1104
250
1175
539
674
1971
1121
1111
767
1342
1519
1819
1046
1199
673
2095
570
775
902
920
1113
1037
1551
422
866
723
424
1781
1291
1265
747
693
1243
278
1353
1387
1082
1120
1751
1057
815
1555
1371
1170
2335
1666
1585
762
541
597
823
1152
1433
1167
810
989
1042
622
475
919
1860
2138
683
342
975
942
1782
712
917
1043
1027
979
2175
952
662
893
475
455
1094
1009
1073
1386
646
910
589
989
1063
1273
763
729
873
976
866
715
589
544
705
789
865
559
707
1146
791
898
987
827
1167
1266
701
1370
934
849
743
253
804
592
535
1150
997
1289
669
978
671
1046
562
543
779
816
1056
930
750
903
877
837
915
627
951
1135
1075
815
679
455
550
706
647
1114
666
775
1072
1056
467
1153
951
935
648
835
826
1090
597
786
1331
671
2049
837
687
1122
667
570
1230
558
683
893
1074
1211
684
491
1047
678
761
651
704
654
911
738
905
833
809
1071
1127
1670
1005
1684
975
313
779
994
1527
1013
950
1083
1135
1092
665
1131
1338
747
1025
1209
738
869
446
1126
704
1073
781
1744
799
768
991
796
877
869
737
913
623
730
1166
1739
428
691
755
802
1105
863
943
833
566
638
1040
1115
933
439
1226
477
783
226
1510
960
835
778
2124
1212
987
691
923
880
799
581
1187
575
1202
1096
827
943
1108
703
839
811
1015
986
853
785
1026
985
606
698
866
1686
783
630
699
763
814
1916
1466
831
519
1105
1126
390
1039
1145
1123
790
1698
1227
858
939
850
1070
994
737
558
783
351
588
1095
960
865
1119
840
725
910
758
1690
841
779
657
999
731
827
677
1129
1176
591
574
1005
595
801
818
1013
905
999
1007
1049
949
448
551
341
406
786
414
