1031
1003
1123
2183
1539
1579
1603
1319
1419
2247
1319
1627
1663
2087
1139
2251
1043
2383
1271
2027
1675
2943
1211
2151
1871
2187
1347
2143
1155
2171
1459
2183
1631
1439
1527
1651
1587
1435
1423
2203
1555
2190
1271
1463
875
1723
1111
1607
1439
1115
1395
2147
1255
1155
1106
2175
1363
1367
1151
1351
1311
1862
1399
2175
1447
2155
1447
1507
1567
1419
2059
3079
1383
1607
1279
2215
1271
2231
1747
1283
1378
1271
1523
2195
1607
1310
1202
1271
1231
2815
1227
1703
879
1443
1423
2231
1399
1579
1375
2727
1323
2839
1063
979
1519
2175
999
2167
1243
1403
1179
1895
1555
2163
1335
1859
1659
671
1323
1499
1303
1323
1275
1943
1399
2163
1207
2187
1527
2179
1319
1439
1607
2215
1507
2187
1523
2171
1359
1067
1427
1415
927
2183
1347
1699
1495
2179
1459
1343
1463
1503
1259
1527
1507
2171
1683
1379
1287
2175
1339
2199
1279
1487
1339
1394
1395
2195
1455
2203
1415
2167
1523
2083
1579
1307
1083
2343
1615
2439
1451
2179
1410
3115
1359
1615
1247
2147
1443
1315
1415
1315
1555
1219
1791
3099
1531
2167
1399
1595
1535
2287
1559
2171
1235
2163
1523
2187
1051
1418
1283
2771
1319
1687
1435
1555
1619
2907
1507
1347
983
1347
1515
2187
1459
1495
1339
2171
1159
2203
1363
1623
747
1107
1495
2183
1431
2339
1235
1639
1495
2191
1383
2163
1323
2179
1175
963
1543
1371
1583
1182
1655
2179
1075
1459
1423
927
1399
2183
1523
1727
1375
2079
1491
2358
1279
1331
1191
2103
1131
2187
1187
2183
1423
1383
1283
2203
1375
2183
1271
1419
1443
2559
1419
2051
1255
2151
1307
2175
1447
2151
1619
1391
1483
1411
1203
2171
1167
2167
1003
2159
1343
1551
1423
2171
1463
2187
1331
2055
1363
2151
1323
1951
1211
1171
1123
1199
1571
2143
1159
2195
1395
1383
1251
1619
1475
1707
1315
2199
1455
1487
1379
1491
1455
2211
1095
2191
1355
2167
1347
1535
1247
2151
1239
2195
1519
2443
1683
2191
1699
2211
1823
1811
979
2206
1151
1527
1367
2163
1527
2187
1343
2174
1291
2143
1195
3114
1303
1319
1623
2183
1183
2175
1519
2471
1411
1647
1163
2171
1367
2171
1547
1410
2239
2171
1279
2199
1095
2215
1387
2171
1083
1575
1423
3103
1127
2195
1619
2163
1407
2158
1259
1367
1351
2147
1631
2175
1131
2187
1251
2183
1079
1567
1307
2127
1463
2183
1019
1795
1303
1371
1343
1763
1291
2207
1399
2175
1459
1631
1451
1539
1395
2183
1479
1467
1483
2179
1315
2167
975
1515
1343
1423
1571
2175
1139
2175
1379
2175
1395
1403
1150
2195
1379
2171
1171
1483
1323
1583
1371
2179
1395
2059
1571
1423
1299
2171
1407
2190
1207
2255
1379
2027
1291
2163
1127
1415
1483
2195
1327
2187
1231
1291
1407
1667
1226
1387
1247
2235
1239
2187
1359
3063
1483
1463
1339
1439
1255
1259
894
1343
1035
2195
1319
2163
1291
1515
1455
2695
1339
1235
1327
1734
1370
1179
1435
1251
1107
1319
1355
1339
1211
1511
1531
1175
1379
1423
1591
1367
1643
1243
1503
991
1403
1455
1539
1151
1427
1347
1139
1363
1475
1211
1387
1334
1319
1471
1435
1098
1483
1423
1691
1267
1315
1267
1055
1295
1455
1559
1439
1491
1203
1311
1391
1351
1339
1343
1251
1651
1403
1339
1323
1346
1411
1351
1439
1183
1439
1351
1351
1423
1275
1207
1083
1346
1111
1199
1399
1335
1339
1263
1399
1375
1267
1635
1079
1259
1279
1179
1027
1331
999
1183
1399
1399
1295
1371
1255
1095
1383
1527
1187
1247
1259
1099
1219
1259
1371
1283
1187
1191
1374
967
2247
1163
1427
1511
1491
1379
1067
1883
1411
1467
1347
1215
1311
1411
1091
1403
1575
1423
1367
1415
1319
1119
1223
1435
1351
1195
1199
1299
1614
1479
1355
1523
1135
1207
1403
1207
1451
1335
1299
1295
1375
1411
1319
1395
1422
1471
1355
1451
1027
1255
1191
1255
1174
1419
1055
1215
1439
1207
1155
1211
1335
1343
1423
1287
1267
863
1343
1027
1231
1471
1311
1131
1263
839
1371
1151
1439
1134
1203
1031
1371
1435
1226
1355
1091
1238
1199
1142
1427
1303
1459
1031
1427
1247
1299
1387
1523
1227
1454
1239
1371
1511
1475
1206
1082
1127
1367
1179
1455
1359
1083
1455
1579
1450
1067
1578
1139
1271
1295
1055
1286
1319
1411
1099
1159
1415
2299
1475
1379
1595
1390
1239
1531
1351
1175
1295
1362
1319
1115
1627
1071
1063
1015
1423
2191
1291
1115
1255
1398
1179
1207
1255
1247
1411
1319
1343
1491
1455
1431
1598
1307
1027
1147
1391
1283
1271
1259
1227
1431
1283
2687
1702
1331
1327
1499
1187
1591
1499
1327
1215
1307
1335
1191
1519
1355
1282
1543
1371
1395
1187
1187
1295
1355
1187
1199
1379
1371
1283
1055
1327
1195
1335
1435
1323
1319
1318
1307
1339
1591
1379
1331
1319
1355
1211
1607
1687
1527
1567
1475
1523
1127
1191
1059
1259
1311
1347
975
1418
1359
1295
1123
1691
1247
1083
1347
1575
1631
1459
919
1307
1443
1339
1223
1471
1299
1319
1183
1163
1259
1355
1603
1295
1343
1399
1359
1511
1467
1175
1355
1323
1155
1147
1011
1235
1303
1227
1035
1411
1207
1047
1379
1471
1399
1175
1399
1215
1307
1415
1475
1439
1103
1143
1239
1335
1267
1343
1303
1574
1215
1383
1651
1307
1067
1287
1311
1135
1279
1495
1419
1395
1411
1299
1655
1191
1503
1435
1327
1547
1375
1475
1355
1459
1579
1378
1171
1311
1283
1255
1387
1415
1202
1603
1235
1503
1351
1115
1495
1231
1259
1191
1159
1327
1211
1386
1415
1139
1259
1123
1179
1291
1327
1579
1399
1331
1435
875
1115
1471
1315
1431
1435
1323
1431
1443
1311
1131
1103
1283
1122
1471
1079
1571
1519
1391
1063
1227
1427
1499
1227
1167
1431
1275
1107
1215
1475
1231
1087
1059
1151
1486
1235
1419
1015
1307
1287
1143
1375
998
1339
1219
1115
1307
1303
1275
1199
1939
1395
1303
1123
1415
