359
627
515
611
443
747
395
579
315
639
291
451
559
639
339
551
403
399
490
611
443
507
431
599
375
615
343
635
503
687
359
603
475
723
383
491
383
471
314
651
483
799
547
691
427
631
395
467
507
523
351
643
507
463
355
619
350
699
491
515
327
679
487
655
427
683
407
619
547
535
423
503
419
763
451
599
359
631
491
595
339
619
495
623
526
547
459
635
363
579
531
467
583
655
399
635
375
583
307
531
347
583
399
551
455
543
487
635
271
555
539
587
375
595
467
563
683
615
423
719
499
535
419
719
383
695
531
655
455
495
483
555
447
459
407
591
375
631
327
647
507
627
559
607
443
619
399
639
495
623
550
619
411
607
391
511
399
663
431
595
487
603
587
551
331
703
567
551
278
603
315
567
547
538
443
570
539
587
495
591
367
623
195
687
447
659
411
571
355
619
362
639
407
627
275
487
387
579
335
551
355
618
327
647
291
591
399
507
315
707
327
719
435
687
499
623
519
611
367
555
351
687
431
727
339
627
463
563
515
599
367
675
343
571
351
739
503
535
447
635
399
555
451
671
359
599
503
607
275
619
415
523
251
623
415
667
455
503
411
643
291
559
438
643
287
739
399
627
475
615
555
659
447
579
395
571
491
659
331
479
435
563
543
627
511
547
547
635
559
599
427
631
367
803
343
559
463
607
475
671
387
691
371
671
219
579
371
551
383
651
463
699
495
527
363
655
343
675
379
575
479
659
467
695
319
587
459
763
295
555
447
739
439
707
435
675
427
703
403
647
291
491
387
523
311
519
447
647
443
627
511
583
319
659
363
579
423
555
391
679
315
710
290
527
315
711
383
519
399
614
451
659
435
755
435
763
467
515
471
579
371
687
411
503
423
559
527
731
375
751
374
379
235
511
423
643
511
759
243
810
443
655
567
691
367
579
347
567
287
555
399
655
411
527
415
691
439
655
227
607
415
655
399
731
355
579
374
583
387
559
475
683
459
679
519
551
455
711
415
647
487
603
359
611
419
663
367
675
371
659
315
703
403
527
455
611
331
615
403
691
403
519
487
751
407
579
362
399
387
659
487
579
371
603
383
647
351
631
491
703
506
651
483
635
515
443
439
635
555
607
323
659
375
595
295
511
367
615
135
347
187
351
103
571
279
459
315
623
295
543
375
355
299
499
447
499
339
539
383
251
531
347
323
515
347
331
355
491
507
371
387
495
435
511
431
527
359
515
383
291
463
371
439
367
459
387
643
407
443
407
479
287
343
379
555
351
391
403
419
415
339
299
427
447
335
319
387
395
523
435
387
443
499
347
371
455
339
307
607
319
395
487
407
359
403
383
551
335
335
423
375
383
319
499
495
419
355
387
291
359
251
379
407
427
363
539
331
299
471
323
463
371
503
471
355
323
331
247
467
355
455
351
331
447
451
378
375
319
491
523
495
279
431
243
415
371
194
359
451
339
355
391
587
459
443
343
327
523
391
395
511
403
487
343
347
355
459
399
555
335
487
423
411
463
371
315
363
407
299
335
327
487
379
466
407
259
471
475
451
499
530
447
207
339
435
451
423
543
495
315
383
399
419
435
391
382
355
247
379
455
383
399
475
255
563
347
379
483
463
411
463
335
459
627
303
439
527
343
423
287
451
355
471
414
423
391
383
275
455
451
375
343
355
327
303
407
455
307
382
487
395
474
431
411
335
215
347
375
482
567
379
455
531
419
399
263
443
479
407
427
387
443
231
339
467
463
483
363
431
387
391
407
411
419
243
347
447
299
371
507
375
363
407
351
395
347
427
379
619
339
487
239
334
323
303
411
323
255
423
255
387
383
563
339
387
395
431
331
391
455
455
355
343
271
362
523
463
383
431
411
355
327
375
379
507
423
363
375
422
363
414
239
387
399
359
403
267
307
255
327
259
411
339
327
391
283
371
415
431
171
391
255
367
435
351
419
323
463
410
307
363
451
291
371
451
367
447
367
455
315
347
295
379
475
375
243
279
319
379
383
391
411
391
311
531
379
339
407
451
235
399
387
367
387
347
419
359
391
407
335
495
335
243
367
487
323
415
391
343
443
319
251
351
383
403
503
427
379
259
271
495
467
339
430
391
390
291
523
419
567
451
339
403
418
351
295
415
399
323
339
315
315
463
387
415
343
511
275
455
523
459
267
347
211
407
363
399
491
403
343
551
459
335
371
439
231
175
307
375
355
315
467
335
239
471
339
339
435
431
323
291
391
475
363
443
319
383
435
451
307
387
347
259
467
431
383
527
327
351
419
447
347
435
411
371
242
299
399
455
439
403
351
299
319
183
283
391
359
0
479
131
439
266
759
