1799
1883
1691
1791
1727
2035
1767
1891
1599
1783
1915
1867
1563
2019
1767
1967
1779
2091
1715
1851
1727
2003
1691
1811
1795
2083
1627
1947
1723
1887
1815
2083
1875
1915
1695
1899
1771
1867
1611
2031
1639
1995
1719
1919
1739
1887
1627
1903
1599
1983
1767
1919
1611
1935
1747
1983
1711
1839
1771
1939
1719
1947
1663
1951
1683
1955
1643
1947
1675
1891
1759
1899
1755
1983
1655
1811
1675
1887
1763
2063
1659
2119
1883
1899
1775
1859
1711
1963
1863
1859
1747
1771
1667
1771
1731
2043
1659
1847
1627
1927
1711
2003
1851
1963
1719
1911
1715
1959
1963
1711
1799
2027
1691
1831
1715
2067
1691
2003
1727
2003
1723
1951
1691
2087
1691
1915
1775
2067
1827
1895
1567
1939
1699
1903
1731
1935
1619
1931
1727
1995
1607
1763
1715
1999
1803
2003
1703
1999
1799
1923
1763
1911
1687
1911
1607
1991
1555
1951
1679
1891
1687
1967
1671
1839
1635
1951
1727
1947
1739
1827
1579
1791
1715
1827
1807
1927
1867
1847
1791
2043
1715
1907
1607
1763
1571
1995
1787
1863
1799
1907
1627
1879
1667
2095
1763
1923
1623
1831
1699
2015
1695
1839
1767
1911
1887
1979
1795
1839
1663
1911
1727
1987
1723
1855
1543
1963
1835
1923
1867
2035
1735
1903
1707
1775
1663
2063
1651
1987
1771
2131
1583
1819
1723
1903
1671
2003
1703
1963
1783
1967
1763
1919
1803
1935
1683
1863
1707
1971
1739
1975
1879
1787
1807
1923
1663
1895
1763
1951
1755
1899
1739
1955
1795
1979
1739
1871
1735
1923
1651
1983
1715
1995
1915
1919
1655
1991
1839
1923
1819
1855
1675
1991
1659
1979
1631
1971
1719
1995
1687
1995
1747
2047
1471
2031
1691
1983
1827
1755
1779
1995
1663
1991
1675
1951
1767
1955
1751
1991
1683
1887
1791
1903
1655
1955
1655
1715
1607
1939
1679
1963
1687
1827
1743
1963
1711
2067
1799
1775
1575
1879
1691
1947
1743
1875
1775
1911
1683
1815
1651
1863
1799
1871
1799
1923
1615
1883
1671
1791
1755
1795
1607
1919
1591
1891
1647
1895
1799
2011
1743
1891
1603
1835
1671
1927
1803
1927
1767
2067
1807
1887
1663
2055
1695
1743
1847
1935
1687
1883
1819
1747
1671
1915
1727
2007
1611
1979
1723
2011
1775
2035
1755
1895
1647
2003
1795
1979
1715
1883
1687
1947
1803
1831
1799
1887
1703
1923
1811
1919
1663
1995
1871
1899
1743
1807
1695
1839
1787
1995
1827
1927
1727
1779
1791
1899
1679
1927
1691
1907
1663
1767
1755
1887
1739
1991
1767
1891
1647
1963
1687
1991
1711
1875
1759
1835
1899
1831
1715
2011
1767
1939
1763
2035
1743
1967
1855
1959
1807
1995
1719
1799
1787
1907
1743
1919
1707
1811
1743
1911
1767
1883
1739
1883
1683
1855
1727
1831
1619
1983
1771
1887
1695
1871
1723
1907
1711
1943
1811
1931
1671
1843
1703
2039
1595
1995
1875
1971
1715
1811
1475
1535
1343
1647
1371
1975
1767
1815
1739
1875
1691
1847
1699
1687
1811
1695
1623
1659
1675
1735
1775
1799
1571
1719
1659
1783
1623
1671
1707
1771
1835
1651
1831
1567
1615
1711
1727
1635
1691
1679
1579
1651
1743
1659
1635
1499
1803
1839
1707
1799
1711
1787
1707
1723
1759
1563
1723
1671
1711
1719
1783
1655
1707
1603
1579
1591
1763
1719
1675
1807
1727
1587
1623
1703
1755
1687
1635
1647
1831
1547
1687
1751
1711
1627
1639
1611
1759
1691
1719
1695
1635
1699
1675
1767
1755
1827
1683
1691
1719
1555
1763
1599
1647
1751
1615
1631
1503
1703
1671
1671
1523
1707
1775
1679
1679
1715
1655
1603
1731
1779
1699
1643
1635
1659
1731
1575
1683
1751
1619
1755
1607
1779
1719
1727
1803
1639
1591
1703
1647
1767
1823
1755
1707
1671
1751
1659
1759
1635
1835
1715
1787
1687
1631
1679
1699
1707
1767
1647
1607
1735
1739
1611
1655
1751
1687
1883
1771
1607
1767
1691
1631
1739
1755
1679
1727
1923
1751
1771
1679
1651
1711
1727
1767
1719
1695
1651
1563
1775
1715
1647
1739
1707
1759
1683
1759
1699
1799
1727
1659
1623
1635
1771
1771
1687
1723
1651
1723
1627
1627
1615
1635
1579
1635
1643
1811
1523
1771
1699
1707
1603
1587
1579
1735
1627
1595
1723
1675
1663
1891
1707
1615
1603
1607
1699
1751
1579
1883
1759
1647
1643
1811
1615
1715
1723
1591
1531
1771
1595
1587
1527
1815
1835
1775
1727
1675
1651
1735
1711
1671
1499
1735
1595
1667
1499
1587
1743
1719
1611
1715
1831
1751
1747
1619
1675
1831
1727
1723
1751
1619
1671
1699
1723
1719
1631
1663
1811
1543
1691
1655
1663
1763
1599
1643
1655
1815
1723
1715
1751
1691
1775
1703
1815
1579
1667
1755
1495
1703
1623
1655
1587
1519
1643
1695
1555
1595
1639
1715
1623
1755
1699
1787
1695
1855
1547
1575
1791
1587
1635
1559
1679
1887
1683
1703
1523
1755
1771
1775
1707
1627
1671
1655
1663
1691
1771
1971
1651
1815
1715
1727
1587
1775
1655
1647
1703
1603
1675
1695
1587
1751
1667
1643
1715
1587
1555
1695
1767
1759
1743
1699
1771
1595
1603
1723
1651
1635
1679
1635
1703
1731
1763
1827
1779
1759
1819
1759
1771
1623
1575
1675
1547
1635
1647
1691
1763
1635
1763
1691
1803
1575
1599
1691
1691
1635
1523
1567
1583
1627
1527
1695
1683
1715
1719
1711
1563
1659
1563
1607
1751
1735
1691
1727
1699
1739
1591
1703
1751
1675
1751
1795
1607
1691
1703
1651
1735
1523
1567
1607
1659
1847
1695
1707
1623
1731
1611
1735
1655
1731
1767
1671
1663
1795
1663
1751
1559
1775
1739
1763
1611
1635
1615
1571
1751
1679
1747
1743
1651
1667
1583
1739
1739
1803
1843
1727
1759
1659
1791
1639
1607
1791
1735
1743
1655
1715
1655
1663
1631
1571
1723
1667
1523
1635
1743
1615
1723
1651
1611
1643
1799
1731
1703
1555
1795
1859
1687
1859
1719
1751
1735
1687
1599
1663
1687
1543
1643
1687
1871
1647
1559
1771
1723
1675
1943
2027
1707
0
1671
