466
407
279
387
157
726
415
539
159
550
190
369
326
481
367
423
299
399
234
602
341
573
294
549
277
429
411
537
311
463
343
543
358
555
499
503
358
501
354
469
322
551
387
470
229
423
334
591
311
571
310
675
333
567
414
502
243
537
167
507
307
483
387
527
399
581
371
591
403
489
486
491
319
639
311
483
299
609
263
446
483
487
195
462
367
562
375
623
355
530
295
565
443
503
399
474
299
517
321
455
295
458
374
513
531
547
513
529
449
481
294
625
306
609
210
642
426
495
373
450
439
515
303
541
287
590
259
703
227
627
333
559
307
395
415
426
351
405
221
571
313
677
467
474
271
439
250
709
349
507
403
570
343
634
251
539
431
630
363
459
391
455
379
599
478
490
379
442
277
497
371
655
429
467
301
338
383
426
375
559
463
610
339
449
254
429
275
562
407
603
350
655
361
579
247
525
383
559
326
575
147
398
303
433
271
574
317
531
499
506
267
495
379
449
253
539
403
615
318
657
287
511
362
543
331
542
335
294
379
542
405
415
187
515
326
455
222
370
369
587
289
534
337
511
291
541
231
429
169
539
299
429
283
393
295
626
183
465
471
443
382
430
235
394
313
509
329
406
375
631
341
483
322
466
355
583
457
609
382
543
302
550
411
483
403
467
233
399
373
481
262
533
351
567
343
579
307
427
290
587
369
487
322
502
331
606
217
453
355
527
411
510
394
527
291
619
459
535
437
555
329
511
339
431
247
499
267
335
334
543
447
581
195
522
387
443
365
525
335
446
367
486
414
511
229
495
277
498
507
409
443
531
375
375
331
441
333
471
395
511
334
542
427
305
291
563
459
467
339
617
375
649
294
559
415
679
314
419
353
541
234
430
465
601
233
630
311
602
427
614
347
585
390
555
351
525
343
570
343
578
441
511
383
438
407
503
211
507
475
583
254
667
378
591
514
550
373
499
445
402
334
598
298
554
350
519
335
449
227
458
447
451
463
523
254
455
385
582
246
459
379
521
355
527
519
535
383
510
335
627
311
647
422
479
378
431
406
547
279
507
329
482
317
495
330
458
359
455
215
403
295
591
259
559
342
539
279
535
347
503
391
523
431
569
382
439
215
423
382
467
347
471
215
410
337
550
385
283
62
303
0
191
195
509
321
433
311
454
202
579
143
331
302
263
331
238
291
131
331
242
263
371
199
315
410
307
275
283
203
294
346
330
317
297
351
193
178
318
343
235
366
430
478
295
297
349
367
258
298
367
227
289
442
363
438
357
194
311
322
191
353
311
187
391
466
383
319
342
347
443
283
278
211
315
442
281
379
283
246
202
302
293
339
331
334
383
302
363
439
289
293
387
391
261
270
209
218
251
230
319
254
325
409
291
411
331
347
315
283
185
239
362
339
251
329
423
367
365
307
271
293
327
97
315
239
411
227
247
307
302
367
327
378
291
375
221
291
201
311
318
323
394
418
275
303
338
505
285
459
307
407
243
395
483
219
363
477
321
271
345
439
227
327
207
345
355
379
415
491
285
213
251
351
443
391
307
349
286
325
305
218
149
305
250
283
387
367
226
311
367
242
355
201
225
287
243
250
238
387
258
202
357
350
155
366
246
291
295
266
234
425
353
331
165
279
250
318
155
187
207
342
359
191
309
313
151
131
414
419
275
183
326
375
530
205
307
270
271
238
306
306
398
317
323
307
375
185
319
327
271
310
347
446
286
306
287
391
405
379
253
467
383
165
158
334
325
310
422
257
345
355
321
221
259
331
195
351
265
294
81
270
311
342
358
221
325
387
325
450
502
191
191
363
351
425
23
290
209
338
134
451
215
313
278
407
377
246
291
345
285
311
365
274
381
291
402
459
249
290
245
394
314
367
295
185
135
243
114
275
271
281
343
331
282
269
379
279
325
355
253
343
219
129
233
293
347
239
167
274
206
455
243
242
243
239
317
259
274
323
181
390
331
231
273
222
349
334
295
262
281
363
243
345
351
299
266
267
155
194
399
446
359
383
305
165
339
442
249
287
271
251
239
221
382
359
262
286
250
303
318
390
481
378
274
311
379
279
314
230
366
417
242
278
227
326
299
171
243
314
277
221
302
279
265
326
303
235
311
342
229
243
327
386
355
198
282
259
309
417
259
271
290
301
326
353
251
409
297
225
355
213
295
379
353
379
250
291
165
358
374
326
314
430
285
187
309
266
338
283
241
293
231
471
359
279
434
291
345
218
247
283
273
389
381
167
342
369
250
166
383
287
371
306
263
331
375
401
338
359
251
223
387
223
258
315
407
406
335
395
259
269
299
343
197
315
239
251
161
375
339
439
511
111
607
