1755
3407
1943
1407
1775
1435
1911
1439
1894
3399
3442
1427
1619
1459
635
1455
1843
3434
559
1891
2719
3431
763
1919
2771
1383
575
1898
583
1915
2323
1475
727
1507
2499
2774
1979
3259
2775
3423
2511
2883
2658
1407
1811
866
1319
1551
1903
3419
2723
1391
1759
1483
1983
3399
3391
3419
2407
1507
735
1882
2702
1407
1931
3423
2642
3443
2615
3403
755
1447
2055
3447
2695
1598
2051
1891
2603
3414
2171
1431
1915
3427
2607
1411
2055
2863
2643
3439
2607
911
863
1903
2591
3407
3219
3435
2479
1451
1915
1395
1851
3423
2355
1475
1667
1407
431
1911
2619
3415
3390
1403
1867
3351
2735
3439
855
1455
407
1875
2607
1439
1879
3423
2046
3427
2211
3442
3207
3443
3395
3427
2622
3583
2263
1439
1915
3399
2639
3431
2411
1467
1903
3447
1939
1642
1815
1439
1783
3427
2627
2839
727
1875
2663
1415
1711
1391
1851
3423
2463
3407
3163
1722
2875
1390
1979
1411
1951
1423
687
1435
1911
3423
2655
3423
2559
3430
2607
1423
1779
1395
2019
1407
454
1491
795
1711
1887
1475
1883
3454
2379
3435
2499
3435
1407
2178
618
1619
1734
3439
2707
3435
2095
755
955
1899
2695
2951
3147
3211
2595
1447
2019
3435
2663
1887
3327
3467
2703
1743
1715
3423
2943
1715
1130
1903
2199
3411
2359
1843
683
1907
2411
1519
2015
3311
1863
1947
1851
3399
2631
3423
3291
3419
1739
1715
1323
1431
575
1923
2679
1483
2459
3435
2095
931
1935
1423
2079
3419
2183
1443
1707
1555
1870
3131
2395
3427
2727
1459
2046
3419
2747
1415
1987
3419
2511
3411
2587
1471
615
1895
2411
3423
1943
1586
1699
1399
1839
1395
1795
1479
1723
3423
2439
3418
2771
3379
2155
3431
2639
3147
2403
1447
619
1526
1943
3431
2547
3435
2635
3423
559
539
1859
3343
2567
3431
2771
3431
2591
2783
2571
3335
2459
3435
779
1891
2687
1559
871
1887
447
1915
2607
3447
2555
1407
1867
3411
2611
2895
1307
1887
2367
3443
2215
1271
1983
1990
2603
3391
2674
3395
795
1495
911
1911
2639
3407
855
1903
2547
3427
2727
3447
543
1563
1851
3411
615
1883
2535
3431
2447
3419
2607
1723
1755
3435
2607
1415
2439
3411
2295
3395
1906
1447
1938
3403
1383
1890
779
1483
1886
3419
2239
2007
1686
1459
1595
1735
2022
3455
2571
3447
2542
3435
599
1499
1443
1571
715
1415
1187
1927
2639
1463
2011
1595
2019
1643
1767
1631
542
1875
559
1663
1727
1867
1755
1571
1527
2791
2263
1519
2159
3447
2663
3415
1487
1979
2083
3495
2635
1591
1959
3403
2359
1783
699
1699
883
867
1851
1447
782
1979
655
1499
546
2111
2535
3279
2039
3267
175
1942
1883
3471
2691
3435
203
1983
2287
2523
963
1475
2111
3351
1019
1651
719
1875
2667
2803
2359
3403
2719
1471
659
1883
2787
2706
631
1311
1947
2447
587
598
1107
1771
2039
2875
1499
1547
743
807
771
2147
2511
819
2559
2811
1435
2139
307
755
659
2231
2514
2643
1899
1131
2303
2131
655
1642
619
647
967
1723
2427
615
1147
2619
815
1083
1423
1055
1815
819
926
855
1914
3034
539
2007
1231
1835
2083
2471
586
815
1535
631
1571
2426
2227
1071
866
1051
1810
1050
659
895
1271
875
2039
659
575
2407
3015
639
2223
583
1867
727
647
707
1899
2423
615
2354
2615
2455
803
1851
2991
2899
435
0
2163
894
1967
2803
775
2271
2171
603
499
1619
1651
2075
2375
2375
1787
1275
1686
2566
1279
695
695
695
695
695
695
695
695
695
695
695
695
695
695
695
695
695
695
695
695
695
695
695
695
695
1087
2031
2451
2347
1683
2515
2731
2851
2731
1903
1235
1826
851
2547
2575
2267
943
203
255
1819
715
2555
2623
663
839
2063
2315
2467
2335
507
827
655
2367
2159
1047
1219
3
1907
2519
1739
1755
1907
2875
2490
1146
2155
727
3086
2671
1831
2647
1927
791
1855
3207
219
1667
839
1339
2483
951
1851
531
2126
2091
1403
1010
618
2495
2303
347
1891
1947
1747
835
567
1859
603
1583
783
919
1711
2839
2691
1775
1683
1019
547
1630
479
2155
2831
2343
1987
1943
911
651
755
1747
2655
990
383
1291
731
1399
695
2339
2883
927
791
1770
2482
1367
867
1303
2623
763
1003
2562
1799
1195
687
1747
2575
658
1018
1575
2451
2683
2759
2399
2651
1195
1882
643
2255
2471
2551
2715
1219
2695
2707
807
1871
879
951
667
1119
1115
895
623
1963
2707
2743
2411
2707
2671
215
2083
2687
451
1859
2447
195
1939
1199
1451
647
1939
2495
859
759
1155
1607
815
2235
1527
1771
831
639
1071
755
1039
2203
2479
2411
739
2054
2783
802
2027
2603
2331
1362
1851
2483
2334
835
1607
583
1687
2571
2603
2751
2678
2831
723
1931
2419
947
1907
807
1679
895
959
863
2019
2419
2547
2383
811
859
2042
2827
651
711
791
699
1798
883
571
2243
3343
635
615
1811
719
858
1771
3419
1115
1167
2055
2795
3231
2135
2699
587
490
602
1883
763
1379
1895
459
1907
687
1947
2643
2587
2371
2611
739
558
2091
2615
711
2107
583
1987
2555
719
2206
1427
1539
927
883
1571
1899
1975
2226
835
2147
2579
2519
2343
2591
2631
699
1891
551
1867
643
654
1735
747
927
1879
790
643
1863
2519
667
1983
2610
507
1799
2555
639
1823
647
2087
2683
2595
2331
2655
794
991
683
2003
899
1771
947
2251
2579
3007
839
1763
787
1767
739
623
767
571
1979
2431
727
699
1883
2779
2559
815
1791
2691
3343
2543
2887
2907
2558
2247
2575
2515
651
1783
802
595
1775
767
839
2059
2423
2375
3307
2487
2607
2567
599
1583
631
742
1879
2219
2387
2583
2423
3335
2471
491
343
1595
2227
2223
2383
3307
