1066
1067
1067
1075
1066
1065
1071
1071
1063
1067
1067
1070
1075
1066
1066
1071
1059
1067
1069
1075
1075
1074
1066
1071
1070
1071
1065
1066
1079
1075
1062
1066
1061
1067
1074
1066
1070
1066
1067
1071
1062
1065
1075
1067
1071
1066
1061
1066
1075
1078
1071
1071
1070
1075
1067
1070
1075
1071
1075
1066
1067
1071
1059
1075
1075
1071
1066
1067
1071
1065
1066
1075
1070
1067
1071
1070
1071
1065
1066
1062
1067
1075
1066
1067
1071
1067
1079
1073
1063
1063
1071
1061
1065
1071
1067
1067
1063
1066
1065
1070
1062
1066
1063
1067
1073
1065
1071
1079
1061
1069
1063
1071
1065
1071
1071
1065
1070
1061
1061
1071
1066
1066
1062
1071
1065
1069
1075
1065
1065
1071
1059
1075
1074
1071
1070
1071
1070
1075
1067
1071
1065
1063
1063
1071
1065
1061
1070
1070
1065
1075
1069
1066
1065
1071
1075
1075
1071
1067
1065
1071
1069
1061
1062
1065
1075
1069
1075
1065
1071
1079
1062
1066
1066
1070
1062
1063
1071
1075
1061
1079
1066
1070
1065
1067
1066
1079
1063
1069
1079
1075
1071
1066
1074
1079
1071
1075
1067
1071
1067
1071
1075
1067
1061
1070
1066
1066
1073
1078
1065
1059
1071
1065
1071
1071
1071
1065
1071
1071
1077
1065
1075
1071
1073
1066
1075
1067
1071
1071
1075
1066
1075
1066
1067
1070
1062
1071
1070
1067
1066
1065
1069
1066
1071
1067
1065
1071
1066
1075
1065
1071
1065
1065
1062
1071
1069
1071
1075
1066
1075
1075
1067
1075
1063
1066
1065
1065
1075
1075
1061
1071
1070
1065
1065
1071
1071
1071
1066
1066
1071
1066
1067
1071
1067
1065
1075
1067
1063
1063
1070
1071
1071
1071
1069
1063
1075
1075
1071
1065
1066
1063
1063
1065
1071
1067
1061
1074
1075
1067
1065
1066
1071
1075
1066
1065
1065
1077
1070
1067
1079
1074
1075
1075
1075
1075
1063
1067
1071
1067
1067
1065
1062
1069
1065
1070
1065
1075
1070
1071
1070
1063
1065
1066
1075
1075
1066
1065
1065
1069
1063
1067
1075
1061
1069
1061
1065
1065
1074
1066
1066
1071
1065
1066
1067
1067
1075
1062
1070
1067
1067
1071
1063
1067
1070
1070
1075
1065
1078
1065
1071
1070
1067
1075
1075
1073
1075
1061
1066
1071
1071
1066
1066
1070
1075
1075
1063
1071
1070
1071
1071
1066
1071
1063
1065
1078
1070
1075
1065
1075
1071
1070
1066
1066
1067
1071
1067
1067
1069
1070
1075
1061
1065
1066
1069
1067
1066
1075
1066
1065
1061
1071
1062
1066
1071
1071
1062
1071
1073
1069
1075
1065
1061
1071
1075
1065
1069
1066
1065
1067
1075
1071
1075
1065
1065
1063
1075
1071
1069
1075
1071
1075
1061
1070
1066
1071
1067
1066
1071
1065
1074
1066
1069
1071
1079
1066
1075
1065
1067
1066
1065
1062
1063
1067
1067
1067
1071
1071
1067
1069
1071
1067
1075
1071
1075
1063
1075
1066
1067
1075
1070
1066
1075
1073
1069
1071
1065
1067
1071
1071
1069
1071
1063
1071
1065
1071
1075
1066
1067
1071
1071
1071
1067
1061
1065
1067
1066
1066
1063
1075
1067
1065
1071
1066
1065
1070
1065
1071
1074
1067
1065
1075
1071
1071
1069
1067
1066
1066
1063
1065
1071
1061
1075
1071
1077
1070
1071
1066
1067
1070
1065
1065
1075
1065
1063
1066
1075
1075
1065
1066
1063
1071
1070
1071
1071
1066
1071
1062
1063
1063
1062
1067
1069
1071
1066
1067
1075
1067
1066
1066
1065
1073
1065
1071
1065
1074
1066
1074
1067
1071
1065
1065
1067
1065
1063
1067
1070
1071
1067
1059
1070
1071
1067
1073
1063
1059
1075
1071
1071
1067
1066
1071
1069
1075
1075
1067
1075
1062
1070
1059
1071
1071
1065
1065
1075
1067
1070
1079
1069
1062
1070
1069
1071
1065
1071
1070
1066
1065
1065
1069
1075
1071
1065
1067
1065
1071
1067
1066
1062
1065
1063
1065
1067
1071
1071
1071
1065
1067
1075
1071
1063
1070
1066
1065
1071
1067
1075
1079
1067
1061
1071
1061
1075
1075
1066
1070
1065
1071
1066
1061
1065
1075
1067
1066
1065
1067
1073
1075
1066
1071
1065
1067
1071
1066
1071
1071
1075
1070
1067
1065
1070
1070
1075
1075
1071
1067
1071
1070
1075
1067
1067
1069
1071
1077
1066
1071
1067
1065
1066
1070
1069
1066
1069
1066
1067
1075
1066
1074
1070
1071
1071
1066
1065
1067
1067
1059
1066
1066
1075
1075
1065
1067
1065
1067
1062
1066
1071
1065
1073
1070
1067
1075
1071
1070
1063
1065
1059
1070
1065
1075
1079
1071
1066
1065
1071
1069
1062
1067
1065
1071
1070
1065
1065
1061
1071
1071
1066
1065
1071
1071
1071
1079
1066
1071
1070
1067
1071
1075
1071
1071
1066
1071
1066
1066
1067
1071
1070
1065
1066
1066
1066
1070
1065
1067
1067
1067
1066
1067
1067
1071
1059
1071
1071
1075
1066
1067
1075
1067
1067
1075
1075
1075
1075
1071
1071
1063
1067
1063
1075
1065
1071
1071
1069
1079
1071
1065
1071
1071
1075
1067
1075
1075
1063
1071
1062
1071
1071
1062
1067
1075
1066
1075
1069
1075
1075
1067
1075
1074
1066
1065
1075
1069
1075
1075
1066
1065
1075
1071
1065
1071
1067
1067
1071
1075
1066
1077
1075
1070
1071
1066
1075
1059
1071
1071
1066
1069
1066
1069
1075
1067
1075
1065
1066
1071
1067
1071
1065
1066
1067
1065
1063
1066
1075
1061
1063
1075
1065
1067
1071
1065
1071
1065
1062
1066
1071
1066
1071
1071
1071
1075
1071
1071
1067
1071
1073
1069
1067
1071
1075
1075
1075
1070
1075
1059
1067
1067
1075
1075
1074
1066
1066
1063
1065
1071
1066
1071
1075
1075
1065
1071
1069
1069
1061
1071
1069
1067
1069
1073
1071
1071
1071
1071
1067
1075
1063
1066
1066
1067
1071
1070
1067
1059
1075
1063
1065
1077
1067
1066
1067
1073
1067
1070
1075
1071
1066
1061
1075
1065
1069
1065
1071
1070
1071
1066
1071
1065
1067
1065
1065
1066
1071
1067
1066
1066
1071
1071
1071
1065
1066
1063
1747
2131
1258
119
739
1287
