1009
1012
1012
1009
1018
1011
1015
1008
1011
1018
1013
1012
1010
1012
1011
1010
1018
1016
1017
1010
1013
1012
1011
1012
1014
1012
1014
1009
1012
1012
1009
1008
1012
1009
1011
1018
1019
1015
1014
1011
1018
1008
1012
1015
1012
1011
1013
1019
1010
1013
1014
1020
1014
1015
1015
1006
1013
1020
1013
1015
1012
1006
1009
1018
1015
1010
1019
1013
1008
1013
1015
1009
1008
1008
1012
1016
1009
1011
1014
1015
1011
1015
1013
1008
1018
1011
1015
1008
1009
1021
1010
1014
1016
1015
1006
1008
1012
1012
1009
1023
1009
1014
1012
1008
1019
1014
1012
1011
1010
1012
1015
1012
1013
1012
1013
1019
1010
1014
1011
1009
1013
1009
1009
1009
1015
1006
1011
1011
1011
1013
1010
1015
1011
1005
1016
1016
1014
1011
1012
1019
1019
1020
1014
1013
1017
1010
1009
1015
1011
1013
1009
1008
1013
1013
1015
1013
1014
1014
1006
1010
1008
1011
1019
1016
1015
1008
1020
1019
1014
1016
1006
1013
1014
1010
1012
1009
1013
1014
1014
1010
1010
1015
1014
1005
1010
1015
1012
1014
1008
1011
1013
1016
1015
1006
1013
1009
1009
1014
1008
1013
1013
1010
1009
1015
1015
1015
1014
1014
1012
1010
1016
1012
1010
1012
1012
1010
1007
1014
1013
1010
1014
1020
1011
1014
1009
1009
1014
1019
1019
1011
1015
1013
1010
1015
1020
1016
1010
1015
1019
1012
1016
1011
1016
1010
1013
1008
1018
1009
1013
1008
1015
1013
1013
1009
1010
1011
1014
1012
1008
1016
1014
1010
1010
1011
1010
1006
1015
1006
1015
1009
1006
1010
1009
1009
1018
1014
1019
1011
1017
1015
1012
1009
1008
1009
1013
1020
1008
1011
1009
1006
1019
1017
1014
1015
1014
1011
1014
1008
1019
1012
1010
1010
1015
1019
1014
1010
1014
1019
1011
1011
1014
1006
1010
1014
1019
1019
1009
1013
1015
1013
1016
1011
1013
1009
1014
1008
1011
1014
1010
1011
1013
1016
1011
1010
1012
1014
1009
1010
1013
1014
1012
1013
1010
1012
1011
1012
1009
1008
1009
1013
1010
1009
1014
1015
1009
1008
1013
1010
1014
1012
1019
1010
1014
1015
1015
1019
1010
1019
1010
1009
1014
1006
1010
1019
1015
1008
1010
1012
1011
1015
1019
1008
1012
1008
1014
1013
1010
1015
1012
1010
1010
1009
1010
1011
1012
1011
1018
1006
1010
1005
1013
1008
1014
1023
1016
1009
1016
1015
1006
1009
1018
1007
1010
1014
1008
1011
1013
1011
1018
1006
1013
1010
1012
1014
1012
1009
1013
1006
1009
1014
1014
1009
1014
1009
1010
1014
1014
1010
1012
1006
1012
1016
1015
1009
1015
1015
1009
1014
1020
1016
1009
1014
1019
1012
1012
1019
1015
1013
1014
1008
1009
1013
1008
1009
1008
1019
1014
1014
1019
1009
1014
1012
1014
1015
1015
1016
1013
1008
1010
1011
1013
1008
1014
1009
1015
1019
1015
1014
1009
1006
1009
1011
1010
1009
1013
1013
1014
1012
1016
1012
1010
1015
1013
1015
1017
1014
1009
1014
1014
1009
1013
1014
1012
1008
1012
1012
1008
1012
1011
1016
1013
1014
1016
1011
1008
1014
1013
1012
1013
1013
1011
1019
1009
1008
1014
1013
1012
1015
1010
1018
1014
1012
1012
1018
1012
1007
1020
1014
1010
1012
1008
1013
1016
1012
1010
1009
1013
1015
1014
1019
1016
1009
1010
1019
1016
1009
1010
1015
1013
1012
1014
1011
1008
1008
1015
1019
1019
1016
1014
1007
1014
1011
1015
1013
1015
1013
1008
1014
1018
1012
1014
1011
1018
1012
1013
1012
1008
1016
1011
1020
1006
1007
1010
1016
1009
1009
1010
1007
1015
1016
1014
1009
1013
1012
1012
1009
1009
1010
1006
1022
1015
1019
1011
1015
1009
1013
1014
1009
1010
1015
1014
1014
1010
1008
1014
1015
1009
1013
1010
1012
1016
1012
1013
1018
1013
1013
1019
1013
1015
1018
1012
1013
1009
1014
1016
1013
1006
1015
1020
1017
1008
1016
1013
1013
1006
1014
1015
1009
1012
1015
1016
1014
1015
1010
1014
1017
1013
1018
1015
1013
1010
1015
1011
1014
1010
1015
1009
1008
1016
1009
1012
1009
1013
1009
1019
1013
1014
1011
1015
1015
1013
1013
1007
1012
1008
1010
1018
1006
1013
1012
1010
1014
1015
1011
1014
1008
1010
1015
1009
1012
1019
1011
1012
1018
1014
1009
1014
1014
1019
1011
1010
1019
1009
1013
1013
1016
1010
1009
1006
1013
1009
1013
1012
1015
1010
1017
1019
1006
1013
1009
1010
1013
1014
1012
1007
1012
1009
1013
1009
1009
1019
1013
1013
1016
1011
1009
1012
1009
1015
1013
1016
1010
1012
1011
1009
1009
1014
1007
1009
1010
1012
1014
1012
1013
1009
1010
1006
1010
1013
1012
1019
1017
1014
1015
1013
1015
1008
1018
1015
1012
1019
1009
1010
1009
1017
1012
1012
1009
1009
1015
1010
1013
1017
1015
1018
1012
1013
1014
1015
1008
1014
1014
1014
1018
1015
1013
1015
1010
1008
1014
1014
1007
1006
1012
1015
1012
1011
1014
1013
1015
1011
1013
1009
1023
1016
1011
1016
1007
1013
1013
1009
1015
1013
1013
1009
1019
1013
1011
1013
1012
1009
1014
1015
1010
1013
1014
1010
1011
1013
1014
1009
1015
1011
1013
1008
1015
1016
1015
1019
1015
1014
1018
1013
1016
1013
1017
1019
1019
1015
1016
1016
1014
1014
1011
1011
1008
1014
1010
1017
1016
1011
1013
1013
1018
1012
1014
1015
1013
1009
1014
1014
1015
1013
1009
1016
1019
1019
1014
1013
1014
1013
1013
1017
1014
1020
1013
1013
1013
1015
1010
1009
1018
1012
1010
1011
1012
1007
1014
1013
1010
1016
1014
1012
1015
1016
1014
1015
1016
1010
1012
1020
1010
1015
1013
1020
1016
1014
1014
1014
1013
1011
1015
1015
1008
1008
1010
1018
1006
1008
1009
1012
1014
1013
1010
1014
1016
1015
1014
1020
1014
1006
1010
1005
1014
1013
1009
1010
1012
1019
1016
1019
1010
1015
1013
1009
1009
1016
1017
1015
1011
1020
1012
1012
1016
1016
1010
1013
1012
1015
1014
1009
1008
1013
1015
1020
1010
1014
1006
0
1730
339
1471
375
1903
