862
851
863
863
863
862
862
851
867
855
855
862
855
851
863
851
863
854
862
855
867
863
851
867
862
855
863
863
867
859
855
859
859
855
867
867
866
863
847
859
859
862
867
854
855
862
863
855
851
862
847
858
855
862
855
859
866
859
863
867
855
843
859
863
855
851
863
851
855
859
867
851
855
859
863
862
862
855
855
855
855
863
863
862
854
867
851
855
855
863
863
858
862
859
862
847
847
847
867
851
855
863
858
855
847
855
859
859
863
862
851
851
863
859
863
859
862
863
859
855
867
863
847
855
867
859
859
858
855
862
855
863
867
851
859
854
855
862
858
859
863
862
855
851
859
863
855
862
863
851
862
862
855
854
863
867
866
847
867
859
855
867
867
855
847
862
855
867
862
847
855
863
855
855
847
863
851
863
847
851
862
863
863
862
866
855
851
855
847
867
859
859
862
851
862
867
858
858
851
863
867
855
855
858
858
854
867
867
859
851
859
859
855
863
859
855
862
863
855
851
863
862
851
863
851
855
862
863
859
862
859
863
851
858
847
855
851
855
851
851
863
855
863
863
862
859
847
862
863
851
863
863
851
855
863
855
851
855
862
851
863
855
863
851
867
851
859
859
859
863
866
855
851
855
855
863
851
855
851
862
851
851
863
863
863
855
867
863
855
858
859
855
855
863
851
859
863
863
859
851
863
851
863
851
863
862
859
862
867
863
859
855
862
855
855
855
851
847
855
867
847
863
863
847
863
867
859
847
855
859
855
863
867
851
855
851
866
862
851
867
863
859
862
859
855
863
851
866
859
862
862
863
847
859
855
863
863
862
862
867
851
847
859
859
859
858
863
855
859
859
863
863
855
855
855
867
862
855
862
859
867
863
862
847
862
863
863
855
862
847
851
855
851
863
855
863
859
855
867
862
859
855
855
855
858
851
867
859
862
851
862
867
863
855
863
855
847
851
855
847
855
858
862
855
863
863
859
863
867
863
863
863
866
855
855
859
859
863
851
855
859
867
855
847
847
858
859
847
862
851
851
862
855
851
862
863
863
855
855
855
862
863
862
862
863
859
855
863
859
851
862
863
863
851
851
863
862
862
867
855
855
855
855
862
862
858
847
863
855
867
855
863
862
859
859
867
862
867
855
855
863
851
854
847
855
851
862
855
863
863
867
851
858
862
863
855
863
867
851
863
867
851
851
855
851
851
851
855
867
855
862
851
867
862
867
866
863
855
847
862
855
867
859
862
859
862
863
847
858
862
851
851
851
851
862
851
867
862
851
851
862
866
862
855
867
866
851
855
855
858
851
863
867
863
862
855
851
863
855
855
858
863
867
859
867
851
855
859
862
859
863
851
863
859
855
858
850
851
859
851
863
867
855
859
863
851
859
851
855
862
855
858
859
863
855
531
558
739
639
515
611
446
522
546
555
530
615
531
602
326
543
702
650
511
555
555
623
462
519
570
115
854
851
859
863
866
862
863
855
863
859
859
851
862
855
854
855
859
855
863
851
858
855
859
855
863
863
859
858
859
859
859
867
862
859
859
859
859
862
862
851
855
850
855
851
859
863
851
859
862
855
859
851
858
859
862
862
851
863
859
851
847
862
863
855
855
862
862
859
862
847
854
847
863
855
867
855
851
854
851
866
859
859
863
851
867
862
859
859
851
851
862
855
855
863
866
851
851
855
866
847
859
855
867
862
858
859
867
851
855
851
867
851
851
855
863
859
847
855
851
855
859
867
851
855
859
855
851
866
859
863
859
855
847
851
854
867
851
858
851
859
855
867
862
851
855
867
866
858
855
862
862
858
863
863
855
863
855
855
866
855
851
867
867
866
862
867
867
855
855
855
851
859
863
858
867
855
862
866
851
863
862
863
855
851
858
867
851
855
863
859
855
858
858
859
862
851
855
859
866
862
855
862
851
859
859
847
855
867
855
851
859
855
851
855
862
855
867
859
855
859
862
862
866
847
862
851
851
855
867
862
863
858
862
855
863
855
858
863
867
851
862
867
851
862
862
866
851
859
866
859
855
851
866
851
862
863
851
866
851
851
867
867
859
851
859
862
866
867
847
862
867
855
866
859
855
866
855
862
851
863
851
859
859
862
867
855
851
863
851
859
855
855
862
863
851
855
867
863
859
863
862
855
863
851
855
855
855
863
855
859
859
862
862
862
867
858
862
863
863
851
867
851
859
863
855
862
863
867
862
851
855
847
859
851
867
855
851
855
851
851
855
862
859
859
867
867
847
855
862
863
855
863
863
855
851
866
851
855
863
855
847
863
851
867
851
847
859
851
851
866
855
855
859
858
855
867
855
855
1735
1355
346
783
1607
