2123
1146
1143
1150
1149
1150
1147
1147
1156
1148
1145
1149
1148
1148
1150
1147
1143
1151
1154
1145
1147
1147
1145
1143
1149
1155
1148
1153
1151
1152
1148
1151
1150
1147
1159
1155
1147
1154
1148
1151
1148
1148
1154
1149
1150
1155
1151
1147
1145
1145
1151
1146
1149
1145
1153
1155
1155
1147
1149
1152
1145
1145
1150
1159
1149
1151
1151
1147
1154
1148
1153
1149
1154
1149
1159
1148
1149
1150
1155
1150
1149
1149
1145
1148
1152
1148
1151
1150
1155
1155
1152
1150
1146
1146
1154
1144
1151
1158
1150
1150
1155
1151
1147
1153
1159
1147
1147
1155
1150
1147
1146
1148
1150
1149
1153
1151
1145
1148
1150
1149
1154
1147
1154
1154
1155
1159
1145
1145
1159
1146
1155
1148
1149
1151
1149
1159
1151
1148
1159
1149
1155
1149
1159
1145
1149
1145
1150
1153
1153
1146
1153
1154
1146
1156
1151
1150
1147
1147
1149
1145
1149
1154
1146
1152
1148
1145
1153
1148
1153
1150
1155
1150
1151
1150
1154
1147
1152
1149
1146
1155
1149
1147
1148
1155
1151
1145
1151
1146
1145
1150
1159
1154
1153
1147
1152
1144
1153
1149
1149
1153
1149
1151
1152
1146
1155
1147
1158
1147
1149
1145
1149
1155
1148
1154
1150
1146
1149
1147
1152
1146
1150
1150
1158
1151
1151
1151
1154
1149
1147
1159
1163
1155
1155
1152
1155
1146
1150
1155
1147
1151
1148
1151
1158
1149
1149
1153
1154
1150
1154
1151
1148
1151
1157
1149
1145
1150
1148
1149
1154
1150
1155
1150
1150
1146
1150
1149
1147
1154
1146
1149
1147
1150
1159
1155
1150
1149
1149
1149
1148
1155
1159
1154
1148
1147
1155
1146
1155
1148
1150
1163
1146
1147
1148
1148
1147
1159
1153
1145
1146
1150
1150
1155
1159
1146
1155
1155
1153
1145
1155
1151
1150
1150
1155
1150
1145
1145
1154
1151
1159
1147
1149
1151
1149
1155
1150
1148
1144
1155
1150
1150
1147
1151
1151
1148
1147
1150
1147
1148
1147
1148
1155
1155
1155
1147
1158
1149
1148
1147
1159
1147
1148
1150
1150
1149
1145
1148
1153
1151
1150
1155
1154
1145
1147
1147
1147
1146
1149
1149
1149
1145
1158
1146
1154
1147
1146
1146
1154
1155
1155
1150
1145
1154
1145
1151
1151
1148
1155
1155
1147
1151
1145
1155
1157
1157
1149
1150
1146
1147
1153
1155
1146
1150
1150
1149
1149
1149
1140
1148
1159
1151
1148
1149
1150
1148
1145
1151
1148
1147
1155
1150
1151
1155
1149
1151
1147
1145
1159
1151
1155
1150
1155
1146
1159
1147
1149
1152
1149
1147
1155
1154
1151
1155
1154
1149
1145
1145
1149
1155
1155
1149
1151
1150
1148
1149
1155
1148
1151
1149
1155
1146
1149
1155
1146
1148
1151
1155
1152
1149
1159
1155
1155
1151
1151
1147
1155
1148
1151
1155
1152
1148
1149
1149
1157
1151
1148
1155
1159
1155
1148
1150
1148
1148
1148
1149
1148
1148
1145
1146
1158
1150
1146
1150
1147
1146
1146
1146
1153
1148
1147
1153
1148
1151
1155
1148
1158
1155
1155
1151
1147
1155
1147
1145
1155
1145
1147
1154
1148
1150
1146
1150
1155
1150
1149
1154
1149
1145
1163
1158
1149
1150
1151
1153
1150
1150
1148
1155
1151
1150
1145
1147
1148
1146
1151
1148
1149
1149
1154
1146
1153
1147
1151
1149
1147
1158
1154
1150
1147
1153
1149
1145
1149
1150
1153
1147
1148
1149
1147
1148
1147
1150
1153
1147
1151
1158
1147
1147
1155
1150
1146
1146
1155
1146
1145
1151
1155
1150
1155
1145
1146
1148
1149
1153
1148
1148
1145
1150
1150
1154
1149
1155
1151
1148
1149
1159
1146
1147
1145
1150
1147
1156
1149
1149
1159
1153
1149
1146
1147
1152
1153
1148
1148
1150
1159
1145
1159
1149
1151
1149
1149
1159
1150
1145
1156
1155
1155
1159
1151
1148
1148
1155
1149
1148
1155
1150
1149
1157
1148
1153
1155
1147
1158
1154
1147
1155
1145
1149
1151
1149
1154
1149
1148
1151
1149
1153
1148
1154
1148
1155
1147
1155
1149
1155
1154
1155
1155
1148
1147
1154
1155
1146
1147
1148
1154
1148
1154
1146
1159
1153
1150
1149
1163
1153
1147
1155
1148
1159
1148
1145
1146
1154
1149
1159
1154
1155
1151
1151
1149
1149
1147
1149
1147
1155
1155
1157
1145
1154
1154
1150
1155
1153
1151
1152
1149
1155
1147
1149
1154
1159
1148
1147
1149
1150
1148
1154
1148
1159
1154
1155
1147
1149
1149
1149
1151
1155
1145
1155
1151
1154
1147
1146
1150
1151
1148
1149
1148
1146
1155
1151
1155
1158
1154
1149
1149
1163
1154
1150
1151
1150
1154
1147
1149
1155
1154
1148
1149
1150
1150
1148
1145
1148
1147
1149
1149
1145
1149
1159
1150
1151
1155
1155
1154
1148
1150
1151
1153
1150
1151
1155
1147
1149
1159
1145
1149
1148
1145
1149
1149
1147
1145
1155
1153
1150
1149
1150
1153
1154
1153
1148
1148
1146
1150
1146
1155
1154
1147
1148
1150
1149
1146
1155
1148
1147
1150
1152
1154
1147
1147
1146
1150
1147
1149
1150
1150
1151
1150
1146
1155
1155
1148
1147
1155
1148
1149
1146
1152
1158
1150
1146
1147
1149
1146
1155
1149
1150
1149
1142
1146
1148
1145
1149
1150
1147
1151
1153
1146
1163
1149
1150
1159
1147
1153
1145
1155
1145
1150
1163
1148
1154
1151
1147
1152
1163
1146
1148
1154
1150
1151
1155
1152
1155
1149
1154
1151
1145
1147
1155
1147
1145
1158
1153
1146
1147
1154
1151
1149
1149
1141
1151
1159
1154
1149
1149
1148
1158
1147
1154
1145
1163
1145
1155
1148
1150
1145
1150
1145
1155
1147
1148
1155
1149
1149
1158
1155
1151
1145
1149
1149
1147
1155
1146
1147
1152
1151
1150
1146
1149
1150
1154
1150
1146
1148
1155
1159
1155
1147
1153
1146
1146
1155
1157
1149
1146
1145
1148
1155
1151
1150
1145
1151
1145
1147
1150
1154
1159
1149
1155
1150
1145
1148
1150
1147
1159
1145
1149
1151
1159
1154
1146
1149
1155
1159
1148
1149
1151
1162
1153
1145
1146
1871
2050
1803
2285
2225
2094
