931
939
939
927
927
927
935
771
939
775
935
935
931
939
931
939
943
779
939
771
943
939
935
935
939
775
935
935
927
927
935
931
935
935
935
775
931
927
931
935
943
927
935
775
935
931
927
771
935
771
931
775
935
771
939
931
931
931
931
935
943
939
931
771
931
931
939
771
923
931
931
927
931
779
939
771
939
935
927
779
931
935
931
931
935
927
927
935
930
939
931
935
939
779
935
771
939
935
939
771
927
779
935
779
931
775
931
927
927
931
931
927
935
935
927
931
935
930
931
927
931
771
939
939
927
771
935
771
927
935
927
775
931
935
939
931
939
935
939
779
935
931
939
927
931
927
927
771
927
779
931
779
939
779
935
775
931
775
931
771
939
771
931
783
927
775
931
935
931
771
935
939
935
775
939
931
935
931
931
935
931
935
938
935
935
935
927
779
939
775
931
771
935
935
935
927
939
775
935
779
927
775
935
947
935
927
930
934
935
931
935
771
931
935
931
779
935
783
935
927
931
935
939
927
947
931
935
771
938
775
939
779
943
939
935
927
927
939
939
775
927
931
939
779
931
783
935
775
939
935
931
927
943
931
931
931
927
931
931
779
931
935
939
771
927
931
927
935
923
931
935
771
931
935
927
931
927
775
931
775
927
927
935
931
935
771
935
927
939
939
935
779
927
935
935
771
939
935
931
931
927
935
931
775
935
931
931
927
935
783
931
931
927
931
939
935
931
927
935
779
930
927
927
771
931
935
927
787
935
927
931
935
927
927
935
783
935
775
935
935
931
931
935
927
931
935
931
775
935
931
927
771
927
774
931
927
927
939
939
931
935
931
931
931
931
935
927
771
935
935
931
935
935
939
927
771
931
935
931
934
927
779
935
779
935
935
935
935
927
943
943
931
931
927
939
939
935
943
935
775
927
939
939
927
935
931
939
779
935
775
935
939
931
935
935
775
927
775
935
771
939
771
935
783
939
931
939
935
935
939
939
935
939
775
935
775
927
775
935
771
939
775
939
779
939
771
923
779
935
939
935
775
931
931
935
935
927
943
939
935
931
927
934
771
931
931
931
771
931
775
931
775
927
935
927
779
939
939
931
935
935
767
939
927
931
935
927
935
939
931
927
935
927
779
927
927
935
935
931
935
943
935
931
771
939
927
927
931
931
775
931
927
931
931
935
935
935
939
927
939
931
927
930
927
935
943
931
935
927
927
935
931
935
935
935
931
931
931
930
931
939
927
935
939
931
939
939
935
927
927
927
939
927
935
927
935
931
927
935
931
927
927
927
927
927
931
935
927
935
939
927
927
923
931
931
927
931
931
927
939
935
939
927
931
931
927
939
931
927
927
927
935
939
927
939
939
939
931
934
927
927
927
935
935
931
927
935
927
939
935
935
931
931
935
931
947
939
935
815
787
867
943
678
807
919
850
943
879
763
847
898
831
815
890
930
779
783
986
899
851
938
750
850
939
931
935
931
943
939
931
927
931
943
931
931
931
931
927
931
943
931
927
935
935
939
927
927
939
939
935
935
931
927
939
935
931
931
935
927
927
927
927
927
939
927
943
927
927
927
931
931
935
927
935
927
927
931
939
935
939
927
931
935
927
931
931
935
939
935
927
931
927
935
927
939
935
935
935
935
927
931
927
927
935
939
939
927
927
923
935
927
931
927
935
931
931
931
943
935
931
930
931
935
939
931
927
927
935
931
935
931
931
931
927
935
927
931
943
935
931
935
935
927
927
931
930
931
939
927
935
931
927
939
939
931
935
931
927
927
939
927
931
927
935
931
927
927
935
927
931
939
934
927
931
939
931
927
931
927
939
931
927
935
931
939
943
935
935
927
939
931
927
931
935
935
931
931
931
935
927
927
943
934
931
931
939
931
927
927
943
939
939
935
927
935
943
935
923
939
927
931
927
923
931
927
935
939
931
931
927
935
927
939
931
935
931
927
935
939
939
935
931
935
939
935
927
931
927
935
931
939
931
931
943
935
935
935
939
931
927
939
927
931
939
939
939
935
943
935
931
931
931
935
927
927
943
935
931
927
939
927
935
927
935
935
935
935
935
935
935
935
934
931
935
927
935
935
931
931
939
939
935
939
931
943
931
939
931
931
939
939
927
943
935
939
931
931
931
935
939
935
939
931
931
935
927
935
931
935
934
931
931
931
935
939
931
939
939
935
931
926
939
931
935
930
935
931
939
935
927
935
927
931
927
935
927
934
931
935
931
935
939
935
939
927
934
939
939
927
935
935
935
935
939
935
935
935
935
935
931
935
931
935
935
931
931
934
927
931
931
935
935
931
931
927
931
931
935
1371
171
0
1083
1275
503
