755
755
751
755
755
751
751
763
755
763
751
759
747
759
755
759
759
751
755
754
758
751
754
759
751
751
763
759
758
762
755
759
758
758
755
762
759
755
759
751
759
763
759
755
753
759
751
759
758
751
755
755
755
759
753
758
755
759
755
751
751
755
751
755
755
759
758
754
759
751
759
758
758
755
759
758
759
758
751
758
755
754
759
755
759
754
759
751
758
755
759
763
759
758
755
763
759
759
755
755
758
751
759
751
759
751
755
754
755
759
755
750
758
758
755
758
754
751
759
755
751
754
753
751
758
763
759
755
759
758
751
758
758
753
751
751
755
755
751
747
758
759
759
759
751
755
759
759
755
755
751
751
758
754
758
759
754
755
751
758
747
759
754
759
755
747
759
747
751
750
759
759
755
758
759
751
755
759
751
754
758
755
755
755
763
759
759
751
758
751
759
755
759
755
754
763
755
751
759
758
757
763
751
754
759
758
759
759
759
754
751
755
758
759
755
755
759
759
759
758
759
759
751
751
755
759
758
751
763
751
759
763
759
754
759
751
759
751
755
755
758
758
758
758
750
755
759
759
755
759
758
755
754
751
755
751
759
759
759
759
759
758
759
758
758
755
762
751
759
759
759
753
758
759
759
750
762
758
755
758
763
751
759
759
759
759
758
759
755
759
758
759
759
755
759
759
763
755
759
753
759
758
755
758
755
758
763
759
753
763
751
762
754
751
759
751
759
759
758
755
758
758
758
758
751
751
759
751
755
759
751
751
758
751
759
751
759
751
757
759
759
755
755
759
763
759
759
759
758
759
759
755
759
755
759
759
763
763
759
755
759
755
755
757
759
758
759
751
755
758
755
759
759
759
759
759
754
759
758
758
759
751
755
759
759
758
758
759
758
757
758
759
754
757
755
759
759
759
759
759
755
759
751
747
763
758
755
759
759
755
763
754
751
755
755
763
758
758
759
758
759
759
763
755
759
758
759
759
757
758
758
755
755
755
758
747
759
759
755
747
755
751
755
753
759
759
757
751
759
758
758
755
759
759
758
759
755
755
755
758
751
754
753
763
759
758
755
751
755
759
751
755
755
759
759
759
755
759
759
759
758
751
759
755
759
758
759
759
759
755
753
751
759
751
755
759
755
759
751
755
751
755
759
753
759
759
754
751
758
755
755
758
753
759
755
751
751
759
759
753
759
755
755
754
758
758
755
759
755
763
755
751
759
751
758
751
751
758
758
758
759
763
759
759
755
755
758
759
762
759
754
758
755
762
759
759
759
755
758
755
759
751
755
755
754
759
759
759
758
759
754
751
761
759
758
758
755
757
751
751
758
755
755
758
763
759
755
759
759
758
751
754
755
751
758
758
759
755
759
762
755
759
755
758
759
751
759
759
759
758
754
759
759
759
755
762
755
758
758
758
758
755
755
755
758
755
751
759
753
759
759
750
758
759
751
751
759
758
759
755
755
759
751
755
755
755
755
758
759
754
757
758
759
759
758
759
759
751
759
758
754
751
755
759
759
755
759
751
754
755
759
751
754
758
755
762
763
755
759
759
754
759
759
751
755
758
755
759
755
757
759
759
753
755
758
763
755
762
754
759
755
759
759
758
751
751
759
755
759
759
759
755
759
755
755
754
759
755
755
759
759
755
755
759
759
754
759
755
754
759
751
755
759
751
755
759
755
759
759
759
759
755
758
755
758
751
754
759
758
759
759
758
758
758
755
753
759
759
759
758
753
758
758
758
763
754
762
749
758
755
759
759
763
758
759
758
751
759
759
755
759
759
759
755
753
758
758
758
766
758
757
762
763
755
759
758
759
754
759
751
762
751
759
755
759
751
759
759
758
763
759
754
759
759
755
759
751
758
759
759
755
758
758
754
753
759
755
751
755
763
758
751
758
755
763
758
758
755
755
757
755
757
759
763
755
755
755
759
759
755
751
751
759
755
759
755
757
759
758
755
759
755
751
755
755
759
751
755
754
759
758
755
759
747
759
759
759
751
759
759
759
758
763
758
759
754
751
751
759
753
762
755
758
758
758
754
759
758
754
755
759
759
759
758
759
759
751
754
759
751
763
751
758
754
755
759
759
755
759
759
759
758
754
759
759
758
759
747
754
758
755
759
759
759
759
755
757
758
755
751
759
759
759
751
759
758
763
759
762
755
762
765
759
754
762
754
759
763
754
759
755
751
757
753
755
755
759
755
759
759
755
759
759
755
759
759
755
759
758
759
758
759
763
758
758
758
759
759
755
751
751
759
755
759
759
755
747
759
755
755
759
755
763
751
758
751
759
755
759
755
759
751
758
759
759
754
759
751
839
1291
83
0
715
251
