1141
918
1136
1142
1145
1143
1137
1141
1141
1136
1141
1135
1143
1142
1142
1135
1142
1141
1136
1135
1142
911
1139
1142
1143
1142
1142
1141
1139
917
1141
1142
1131
1137
1141
1142
1142
912
1143
1141
1141
915
1141
1141
1142
1141
1143
908
1138
1143
1132
1143
1140
916
1135
1141
1147
1135
1141
913
1147
1143
1143
918
1136
1137
1143
918
1136
918
1136
907
1142
1141
1142
915
1135
1139
1139
915
1135
1142
1147
918
1132
1140
1139
1142
1141
919
1137
1139
1143
1146
1142
911
1141
923
1135
1131
1139
1131
1142
918
1131
917
1141
1142
1140
1143
1142
907
1143
1135
1140
919
1136
918
1142
918
1135
1140
1139
1141
1130
1141
1143
914
1142
1141
1142
913
1137
908
1142
1141
1142
1136
1135
1140
1137
1143
1141
909
1142
1142
1142
1142
1141
1135
1141
899
1137
1137
1141
1142
1135
1142
1142
913
1141
908
1131
903
1131
1137
1142
908
1128
1135
1140
1136
1150
1141
1142
911
1135
912
1139
918
1135
914
1142
1142
1141
917
1141
911
1142
923
1138
907
1131
919
1142
1142
1141
1141
1142
1137
1137
907
1143
1142
1142
911
1141
1137
1143
916
1135
907
1139
911
1137
917
1133
1137
1141
908
1141
1131
1142
919
1140
1131
1143
917
1139
1135
1135
912
1142
1143
1141
919
1147
911
1138
912
1142
1131
1135
1142
1143
1133
1129
916
1142
1142
1142
1122
1140
1141
1134
918
1136
907
1132
1135
1147
1141
1131
1137
1142
1137
1141
918
1142
912
1143
1131
1142
917
1141
918
1143
1138
1142
917
1137
917
1142
1143
1140
1128
1143
1143
1141
912
1142
1138
1143
1144
1142
918
1142
1139
1143
1138
1140
913
1142
918
1143
912
1142
919
1141
911
1143
909
1136
1140
1143
1143
1137
1139
1131
1147
1139
1142
1127
1136
1143
1137
1132
1142
1135
1141
1136
1137
1142
924
1136
1141
1141
1141
1137
918
1142
912
1135
919
1143
908
1132
918
1137
1141
1131
1142
1142
1131
1142
1135
1143
1133
1141
912
1143
1142
1131
1139
1140
917
1142
917
1131
1136
1137
913
1141
1141
1147
918
1142
1136
1142
1137
1142
1139
1135
1143
1141
912
1141
1137
1141
918
1142
1142
1143
1141
1140
917
1142
913
1141
1142
1143
1143
1135
1147
1141
1141
1136
1135
1142
1142
1142
1135
1136
1137
1136
910
1142
915
1141
1142
1147
1137
1143
919
1137
1136
1142
1142
1141
911
1142
1139
1142
913
1139
912
1141
1143
1147
1139
1141
1131
1142
917
1137
1141
1141
908
1142
1143
1137
916
1142
913
1135
913
1147
1135
1142
1142
1143
917
1143
1135
1142
914
1139
1142
1147
912
1142
907
1138
1131
1142
911
1139
1141
1142
918
1142
919
1140
911
1137
913
1143
1143
1136
1136
1140
915
1141
1143
1142
918
1141
1135
1139
1142
1143
1142
1143
1137
1141
1143
1141
1139
1139
1136
1147
1147
1142
1143
1141
1135
1136
1137
1147
1141
1141
1139
1142
1140
1134
1142
1147
1136
1138
1141
1136
1142
1141
1141
1142
1135
1142
1142
1130
1148
1143
1141
1131
1141
1141
1135
1136
1136
1135
1137
1139
1143
1142
1142
1143
1137
1137
1141
1127
1136
1140
1131
1143
1142
1141
1140
1142
1135
1142
1136
1127
1139
1141
1127
1135
1141
1138
1138
1139
1143
1143
1143
1141
1136
1140
1131
1143
1139
1131
1141
1137
1135
1142
1141
1135
1139
1143
1139
1140
1135
1142
1143
1135
1147
1141
1142
1141
1147
1139
1135
1136
1136
1138
1137
1139
1147
1070
1242
1233
1160
1198
1145
1160
1113
1124
1221
1140
1280
1064
1100
972
1058
1204
1065
1204
1162
1166
1174
1002
1032
835
1136
1139
1139
1135
1135
1130
1137
1130
1141
1135
1136
1139
1130
1134
1135
1138
1141
1141
1139
1142
1141
1142
1141
1142
1135
1136
1130
1126
1139
1141
1138
1142
1135
1142
1140
1142
1127
1137
1131
1136
1142
1141
1143
1139
1141
1143
1138
1151
1127
1135
1138
1136
1140
1136
1141
1141
1138
1131
1142
1142
1137
1141
1139
1136
1136
1131
1142
1131
1135
1141
1139
1127
1132
1142
1135
1142
1138
1143
1140
1141
1141
1140
1139
1135
1137
1141
1141
916
1142
1141
1141
1136
1137
1134
1135
1142
1143
1119
1138
1142
1132
1136
1142
1141
1143
1142
1141
1139
1142
1137
1141
1141
1137
1131
1142
1135
1135
1141
1143
1141
1139
1136
1137
1141
1141
1142
1141
1140
1131
1142
1142
1141
1142
1136
1135
1141
1135
1142
1136
1141
1143
1135
1141
1135
1141
1141
1143
1137
1141
1142
1137
1141
1141
1142
1139
1141
1139
1140
1135
1138
1136
1135
1139
1135
1143
1137
1142
1139
1138
1141
1139
1138
1137
1143
1142
1135
1132
1141
1142
1143
1135
1142
1138
1141
1139
1142
1140
1141
1141
1138
1135
1142
1142
1145
1142
1142
1141
1139
1141
1142
1139
1127
1139
1141
1137
1141
1135
1141
1142
1135
1142
1142
1151
1142
1136
1143
1141
1143
1135
1141
1141
1142
1135
1141
1139
1135
1142
1142
1142
1141
1139
1137
917
1140
1139
1136
1142
1143
1141
1141
1139
1138
1135
1142
1139
1143
1143
1131
1141
1145
1141
1147
1139
1132
1143
1135
1141
1141
1131
1140
1135
1141
1143
1142
1141
1138
1143
1139
1142
1141
1141
1138
1143
1142
1138
1141
1142
1127
1127
1136
1127
1140
1141
1144
1141
1133
1141
1146
1147
1141
1134
1143
1139
1146
1135
1131
1139
1141
1141
1143
1142
1141
1131
1131
1139
1140
1142
1141
1131
1139
1140
1139
1135
1142
1145
1141
1142
1131
1135
1142
1141
1131
1142
1142
1138
1143
1141
1141
1139
1137
1142
1137
1134
1139
1139
1139
1141
1135
1140
1137
1141
1140
1131
1141
1140
1137
1143
1141
1141
1134
1139
1142
1140
1141
1141
1141
1142
1135
1139
1137
1131
1141
1136
1142
1142
1138
1141
1137
1131
1136
1136
1143
1142
1142
1141
1123
1138
415
0
485
13
1422
439
