1075
1075
1075
1071
1083
1071
1071
1087
1071
1079
1067
1079
1075
1087
1083
1087
1075
1087
1083
1083
1087
1079
1083
1083
1087
1079
1071
1083
1083
1071
1083
1083
1087
1075
1083
1071
1083
1087
1079
1071
1071
1082
1071
1083
1071
1071
1083
1079
1071
1079
1083
1083
1083
1079
1079
1083
1087
1083
1087
1083
1075
1079
1071
1087
1075
1079
1079
1079
1078
1071
1079
1079
1075
1075
1083
1075
1075
1083
1083
1087
1083
1071
1087
1083
1075
1071
1083
1071
1075
1075
1071
1075
1083
1079
1083
1083
1083
1075
1071
1079
1075
1079
1079
1087
1087
1083
1079
1079
1083
1083
1079
1087
1083
1071
1079
1079
1083
1075
1083
1083
1083
1079
1083
1075
1071
1079
1075
1083
1083
1083
1071
1083
1079
1083
1083
1079
1083
1079
1079
1079
1083
1087
1071
1075
1083
1083
1083
1079
1083
1075
1078
1087
1079
1071
1071
1083
1079
1087
1075
1067
1075
1083
1075
1079
1083
1075
1075
1087
1083
1079
1083
1083
1075
1087
1079
1083
1083
1083
1083
1074
1075
1079
1075
1083
1079
1083
1079
1075
1075
1079
1083
1083
1075
1075
1083
1075
1079
1083
1083
1087
1083
1071
1071
1075
1083
1079
1079
1083
1071
1075
1075
1083
1083
1075
1079
1079
1071
1071
1083
1071
1075
1075
1071
1079
1087
1083
1083
1074
1083
1067
1075
1075
1075
1083
1075
1087
1071
1087
1074
1071
1079
1083
1075
1075
1075
1083
1071
1087
1075
1079
1083
1083
1071
1083
1083
1079
1079
1079
1083
1075
1078
1079
1083
1087
1083
1083
1075
1075
1083
1071
1087
1079
1075
1079
1083
1075
1087
1087
1079
1079
1079
1079
1075
1075
1075
1074
1075
1079
1083
1083
1075
1083
1079
1075
1083
1071
1087
1075
1083
1087
1083
1083
1083
1075
1079
1087
1075
1083
1083
1083
1071
1079
1075
1071
1075
1083
1079
1083
1079
1079
1079
1075
1083
1079
1083
1079
1078
1071
1075
1087
1071
1079
1083
1079
1079
1087
1079
1087
1083
1079
1071
1079
1079
1075
1083
1083
1075
1087
1083
1079
1075
1078
1075
1087
1083
1087
1083
1075
1087
1075
1083
1083
1075
1083
1087
1079
1079
1083
1075
1079
1083
1075
1087
1083
1075
1078
1087
1071
1082
1083
1087
1079
1083
1079
1075
1079
1075
1079
1087
1083
1083
1083
1079
1075
1079
1075
1071
1075
1087
1083
1071
1083
1075
1083
1079
1083
1083
1079
1079
1071
1083
1083
1071
1075
1083
1087
1083
1071
1079
1079
1079
1079
1075
1091
1087
1071
1075
1082
1083
1087
1083
1079
1075
1083
1083
1079
1079
1075
1078
1075
1083
1075
1079
1083
1075
1083
1075
1079
1075
1083
1079
1075
1083
1087
1083
1083
1083
1087
1083
1087
1079
1083
1087
1087
1075
1083
1075
1083
1075
1079
1083
1083
1079
1083
1087
1087
1079
1075
1079
1079
1075
1083
1083
1079
1083
1079
1075
1071
1071
1083
1087
1075
1083
1083
1079
1079
1079
1075
1079
1083
1079
1079
1083
1083
1087
1079
1083
1071
1075
1079
1071
1071
1079
1075
1075
1087
1075
1083
1083
1087
1071
1075
1078
1083
1075
1083
1075
1075
1079
1079
1087
1079
1079
1079
1083
1075
1079
1083
1079
1075
1071
1079
1074
1079
1071
1087
1079
1087
1075
1075
1083
1087
1075
1079
1079
1071
1083
1087
1075
1083
1071
1075
1083
1071
1079
1079
1075
1079
1079
1071
1083
1087
1082
1079
1075
1083
1079
1075
1087
1071
1083
1075
1071
1083
1079
1083
1083
1083
1079
1083
1083
1075
1083
1079
1079
1079
1075
1075
1075
1079
1071
1075
1087
1075
1083
1079
1079
1083
1079
1071
1083
1083
1083
1087
1083
1075
1062
1058
1083
983
1079
1066
1058
1103
1051
951
1011
1026
1103
1087
1086
915
1179
1127
1002
1059
1047
1055
1126
994
1082
1915
1075
1087
1075
1083
1079
1075
1075
1087
1079
1079
1083
1083
1075
1071
1083
1087
1071
1083
1071
1079
1075
1075
1075
1075
1079
1075
1079
1079
1083
1083
1075
1083
1075
1075
1079
1087
1071
1087
1079
1075
1071
1083
1075
1083
1075
1078
1075
1075
1075
1071
1079
1079
1071
1079
1079
1075
1075
1083
1075
1083
1083
1079
1075
1083
1075
1079
1079
1075
1079
1071
1082
1079
1075
1079
1083
1082
1083
1079
1078
1083
1074
1075
1079
1083
1083
1071
1075
1075
1075
1083
1075
1079
1083
1083
1087
1083
1079
1071
1079
1087
1079
1087
1079
1079
1079
1079
1083
1075
1075
1083
1079
1071
1079
1079
1079
1079
1071
1087
1079
1083
1075
1083
1071
1079
1087
1075
1071
1071
1079
1075
1075
1079
1079
1074
1079
1075
1087
1083
1079
1075
1071
1083
1075
1075
1083
1083
1083
1075
1083
1075
1083
1079
1075
1071
1083
1071
1071
1075
1079
1083
1079
1071
1083
1083
1083
1087
1079
1079
1071
1079
1083
1083
1078
1087
1087
1079
1079
1075
1083
1083
1087
1071
1075
1075
1083
1087
1079
1082
1075
1083
1083
1079
1083
1087
1083
1074
1079
1071
1075
1083
1079
1087
1079
1071
1071
1083
1079
1075
1083
1087
1087
1083
1078
1087
1075
1083
1075
1079
1079
1083
1083
1083
1083
1083
1079
1079
1075
1087
1071
1079
1079
1083
1087
1083
1083
1071
1083
1075
1083
1079
1075
1071
1083
1075
1075
1079
1083
1075
1083
1071
1083
1075
1083
1083
1079
1083
1087
1083
1079
1083
1075
1083
1083
1083
1075
1071
1079
1075
1083
1075
1083
1079
1083
1087
1075
1083
1075
1083
1075
1083
1075
1083
1083
1075
1079
1079
1075
1083
1071
1070
1079
1083
1079
1083
1083
1079
1083
1083
1083
1075
1082
1079
1083
1075
1083
1075
1079
1083
1083
1083
1075
1083
1083
1087
1083
1079
1079
1079
1075
1087
1083
1083
1075
1079
1083
1075
1087
1079
1075
1083
1071
1083
1083
1083
1071
1079
1083
1083
1086
1075
1079
1075
1075
1083
1071
1083
1087
1083
1071
1071
1075
1083
1074
1079
1079
1075
1075
1075
1079
1083
1087
1079
1071
1087
1082
1071
1083
1083
1083
1075
1083
1078
1071
1075
1071
1075
2167
1359
167
1715
2175
655
