2231
1059
1063
1071
1071
1071
1067
1067
1055
1067
1063
1071
1071
1063
1067
1071
1067
1063
1063
1059
1071
1063
1071
1071
1059
1071
1059
1067
1071
1071
1063
1071
1071
1071
1067
1071
1071
1071
1071
1075
1071
1055
1071
1071
1071
1059
1071
1063
1071
1063
1071
1067
1067
1059
1063
1071
1059
1067
1059
1067
1067
1071
1071
1071
1071
1067
1071
1059
1063
1063
1075
1059
1071
1059
1067
1071
1063
1063
1059
1067
1071
1055
1063
1071
1055
1071
1067
1059
1059
1059
1071
1071
1059
1067
1067
1059
1071
1071
1059
1067
1059
1067
1055
1059
1063
1059
1059
1071
1071
1067
1071
1063
1063
1055
1071
1067
1063
1071
1055
1055
1071
1063
1055
1063
1063
1071
1059
1059
1059
1067
1071
1063
1067
1071
1063
1059
1055
1071
1067
1059
1071
1067
1071
1067
1071
1067
1055
1071
1071
1067
1055
1059
1071
1059
1067
1055
1063
1059
1063
1071
1071
1059
1071
1067
1059
1067
1063
1071
1067
1071
1063
1071
1059
1071
1067
1059
1055
1067
1067
1063
1071
1067
1071
1063
1067
1059
1075
1063
1067
1063
1063
1071
1063
1059
1067
1063
1063
1055
1063
1063
1071
1063
1063
1071
1071
1071
1071
1067
1055
1067
1067
1059
1071
1067
1071
1071
1059
1071
1059
1067
1067
1055
1059
1063
1055
1063
1071
1071
1067
1055
1067
1071
1067
1071
1071
1071
1067
1063
1067
1059
1067
1063
1059
1063
1063
1067
1067
1071
1063
1067
1059
1071
1071
1055
1059
1067
1071
1067
1063
1071
1071
1059
1071
1059
1071
1055
1071
1055
1059
1055
1055
1071
1059
1055
1059
1063
1059
1063
1063
1067
1063
1063
1067
1067
1067
1063
1059
1075
1067
1067
1067
1055
1071
1063
1059
1063
1071
1067
1071
1063
1071
1071
1063
1071
1059
1067
1071
1063
1067
1075
1071
1063
1059
1071
1059
1055
1059
1055
1059
1055
1071
1067
1063
1067
1067
1055
1055
1063
1071
1071
1063
1063
1063
1067
1059
1071
1067
1071
1071
1063
1059
1067
1059
1063
1059
1071
1055
1067
1071
1059
1059
1063
1075
1071
1067
1067
1071
1055
1071
1063
1059
1063
1071
1071
1055
1063
1067
1067
1059
1071
1063
1067
1063
1063
1071
1059
1071
1063
1071
1067
1067
1071
1071
1071
1071
1067
1067
1059
1067
1071
1055
1059
1067
1067
1055
1071
1067
1059
1071
1071
1067
1067
1063
1071
1067
1067
1071
1067
1059
1071
1059
1055
1071
1059
1067
1059
1059
1059
1059
1067
1071
1059
1067
1067
1055
1063
1067
1063
1067
1055
1071
1067
1059
1067
1059
1063
1071
1055
1063
1071
1059
1071
1071
1071
1071
1071
1067
1059
1067
1055
1063
1063
1071
1063
1067
1063
1055
1059
1071
1063
1067
1071
1071
1067
1071
1063
1067
1059
1059
1071
1067
1067
1071
1071
1071
1075
1071
1055
1071
1055
1063
1071
1055
1059
1055
1055
1071
1071
1071
1059
1063
1067
1059
1071
1063
1071
1063
1067
1055
1067
1059
1063
1055
1063
1071
1063
1071
1063
1059
1071
1055
1063
1067
1055
1071
1071
1071
1067
1067
1071
1063
1055
1071
1067
1067
1055
1063
1063
1067
1055
1063
1071
1059
1063
1067
1063
1059
1059
1063
1055
1059
1067
1067
1071
1067
1071
1059
1067
1067
1063
1059
1071
1071
1055
1071
1067
1067
1071
1067
1067
1071
1071
1067
1063
1067
1063
1059
1071
1071
1063
1055
1063
1059
1071
1063
1063
1067
1071
1059
1059
1071
1071
1059
1063
1067
1063
1059
1055
1063
1063
1063
1067
1063
1071
1063
1071
1059
1059
1075
1067
1067
1067
1059
1063
1063
1067
1067
1067
1059
1063
1059
1055
1067
1063
1071
947
1239
1075
1151
1119
1155
1063
1035
1203
1059
1139
1031
1123
1115
951
1243
1067
1031
1035
1035
1031
1131
1107
1255
1043
1539
1055
1059
1067
1059
1059
1055
1055
1055
1063
1063
1059
1067
1055
1067
1063
1063
1071
1063
1071
1055
1067
1067
1059
1055
1063
1067
1055
1055
1067
1063
1051
1067
1071
1063
1067
1067
1071
1071
1063
1067
1067
1067
1071
1063
1055
1059
1071
1059
1071
1067
1059
1063
1055
1071
1067
1071
1063
1063
1055
1067
1059
1063
1067
1063
1067
1067
1067
1063
1067
1071
1071
1063
1059
1059
1059
1063
1055
1067
1067
1059
1063
1071
1063
1071
1067
1055
1067
1071
1071
1059
1067
1071
1071
1071
1067
1067
1059
1055
1071
1063
1059
1067
1059
1055
1071
1055
1059
1067
1063
1063
1055
1063
1067
1063
1059
1063
1071
1071
1059
1063
1071
1075
1059
1063
1059
1063
1063
1055
1071
1071
1067
1067
1063
1071
1067
1055
1071
1055
1067
1067
1063
1067
1071
1055
1067
1059
1063
1063
1063
1059
1063
1067
1067
1059
1071
1071
1067
1063
1063
1063
1071
1071
1055
1055
1071
1067
1059
1071
1067
1055
1063
1067
1067
1075
1067
1063
1063
1071
1067
1067
1071
1059
1063
1071
1059
1071
1063
1071
1055
1071
1063
1071
1063
1059
1059
1067
1071
1071
1071
1067
1063
1071
1071
1059
1067
1059
1055
1059
1059
1059
1071
1067
1071
1055
1075
1067
1067
1071
1067
1063
1071
1071
1071
1063
1059
1051
1059
1071
1059
1071
1071
1067
1071
1071
1063
1075
1067
1059
1071
1055
1063
1067
1067
1071
1051
1063
1063
1063
1059
1067
1071
1075
1067
1063
1071
1059
1067
1063
1067
1071
1071
1059
1067
1071
1063
1071
1071
1055
1063
1071
1067
1063
1067
1055
1071
1063
1059
1071
1067
1067
1055
1071
1063
1071
1059
1059
1071
1059
1063
1063
1067
1063
1059
1071
1059
1059
1071
1071
1059
1059
1071
1059
1059
1059
1067
1063
1063
1071
1071
1063
1071
1071
1055
1071
1055
1063
1063
1071
1071
1067
1071
1071
1071
1071
1071
1067
1059
1071
1059
1055
1071
1059
1059
1059
1071
1071
1071
1067
1059
1071
1063
1059
1071
1067
1067
1071
1063
1063
1059
1071
1055
1063
1063
1071
1067
1071
1063
1063
1071
1059
1055
1067
1075
1071
1055
1071
1067
1063
1063
1063
1067
1067
1055
1063
1067
1063
1059
2047
2227
319
499
483
2063
