341
2276
350
2203
350
2187
346
2215
343
350
347
344
341
285
346
2172
350
2304
343
340
346
2228
345
343
350
2175
354
2171
359
353
345
2168
344
2284
343
2163
344
2165
332
345
344
2180
348
345
341
2149
341
176
347
290
350
2201
350
2210
344
2183
355
351
344
290
351
2183
344
2210
351
2201
346
2217
355
345
344
2286
349
2177
344
2251
345
2156
351
2320
340
346
344
2185
345
343
340
232
344
2217
350
2176
345
2234
351
2244
350
2253
343
2249
345
347
345
344
346
2183
340
344
350
347
343
345
345
2272
375
2305
350
299
346
2212
345
2243
344
2159
344
355
341
2211
380
2165
343
172
341
2216
341
2214
354
2164
352
2198
351
2222
355
2236
351
294
346
176
351
344
341
347
350
2160
345
2262
352
2274
349
340
237
2300
346
2173
355
345
351
2258
346
2235
350
354
350
349
353
2193
344
354
351
2203
344
299
351
2226
344
2244
341
340
341
346
343
2228
354
354
343
2246
346
182
346
2210
344
2212
359
2257
347
2154
344
2155
354
176
345
2199
350
2165
347
2222
343
232
344
2183
360
2170
355
2185
344
2159
359
351
344
2317
355
2151
351
345
351
351
341
2185
350
238
343
2301
345
2207
351
2251
345
243
345
231
341
290
355
2214
344
2327
350
2272
354
2228
341
354
346
243
349
2180
350
341
344
2238
345
2197
341
349
352
2267
345
2347
350
353
342
2151
344
349
346
2176
355
175
344
2221
346
351
354
2179
345
2223
346
350
344
288
350
2223
355
2327
344
341
295
2370
406
2355
345
2282
463
2287
343
2179
347
232
343
2167
344
2269
341
345
345
2185
345
2218
345
2253
354
2230
347
2188
344
2304
346
2183
345
2235
351
346
346
2183
355
345
350
290
347
350
350
2315
349
2177
343
2283
344
344
351
2229
352
288
350
2212
345
2195
350
231
342
2281
349
2309
355
350
360
2227
344
2164
356
349
350
232
350
2228
345
2230
350
2183
342
355
344
2153
345
238
341
2279
347
233
350
183
347
2306
359
346
343
350
341
2229
341
2168
351
347
347
2201
343
234
348
2194
344
2309
352
2235
344
2251
357
2216
345
2206
341
232
349
341
295
2331
343
2189
350
177
343
2330
350
2250
349
2287
350
234
345
2155
350
2205
350
2187
345
344
345
2159
348
2287
350
2243
354
2213
341
2225
351
2199
343
2170
347
2263
355
2177
355
344
354
354
342
2244
345
2319
355
2430
351
2236
355
2178
345
2236
359
2281
346
229
344
183
346
343
345
343
350
355
341
347
355
2246
344
2306
355
345
348
243
343
341
350
351
354
345
345
345
359
345
345
344
351
355
344
344
343
344
350
351
343
355
345
351
350
355
351
351
344
345
344
347
355
358
347
355
355
345
345
344
345
345
345
345
341
341
345
339
351
351
355
350
344
341
348
349
350
344
345
355
355
351
355
351
344
354
350
343
350
342
346
344
345
345
351
348
178
355
345
351
343
346
343
345
351
347
342
349
345
344
345
346
346
344
2310
346
344
341
358
351
351
355
355
345
341
344
351
341
344
347
350
345
347
350
345
350
349
350
350
349
345
350
346
345
349
345
345
351
354
344
355
346
346
354
341
354
345
344
344
355
348
349
347
345
234
347
343
346
350
351
355
346
352
341
359
345
341
345
341
341
346
344
347
350
350
343
342
288
359
350
345
355
341
351
351
345
344
344
235
345
350
344
350
344
350
344
351
348
344
344
341
350
347
347
345
288
355
347
344
345
349
341
344
345
359
344
352
344
351
341
345
342
349
355
344
346
350
352
359
355
359
355
351
344
345
344
344
355
340
351
346
351
344
354
355
352
344
351
346
355
344
343
345
351
351
346
345
355
351
354
349
346
348
352
344
350
355
350
350
344
351
350
344
344
355
351
343
345
351
345
359
2156
341
350
343
341
347
351
348
345
341
343
347
345
345
351
340
347
349
351
345
344
344
342
355
344
345
344
350
341
342
347
351
346
346
344
351
347
350
341
349
344
363
355
344
343
355
344
348
346
233
345
344
346
345
341
355
345
355
347
347
352
359
354
340
342
354
350
344
354
340
340
349
351
345
342
350
341
342
341
343
343
344
344
344
350
343
344
343
343
351
340
341
350
347
350
358
344
344
341
355
347
359
340
339
355
351
341
350
346
351
345
345
359
344
347
344
343
349
344
348
345
350
350
347
344
351
359
355
345
350
349
344
350
341
350
346
350
350
350
351
340
355
355
345
349
344
350
359
359
351
234
343
344
351
355
346
341
344
350
347
359
350
345
345
343
345
340
355
359
355
341
359
354
345
345
356
344
340
355
341
346
344
341
350
344
343
350
346
350
343
344
181
343
344
341
340
355
350
349
354
355
350
344
350
347
355
344
343
344
176
347
354
340
345
342
345
355
341
345
342
349
346
346
349
342
355
356
350
350
344
344
359
350
343
238
348
351
658
437
727
0
1906
1060
