1763
1043
1043
1035
1038
1050
1043
1043
1039
1035
1047
1046
1043
1043
1047
1043
1043
1046
1042
1039
1043
1038
1039
1046
1043
1043
1043
1039
1039
1043
1039
1039
1039
1043
1043
1035
1043
1043
1043
1042
1043
1043
1043
1031
1043
1039
1043
1034
1043
1038
1039
1039
1039
1038
1030
1043
1043
1038
1031
1046
1043
1043
1039
1042
1043
1031
1047
1043
1038
1043
1035
1046
1039
1035
1043
1034
1039
1046
1043
1043
1039
1046
1043
1046
1038
1035
1043
1043
1043
1039
1035
1043
1043
1043
1043
1035
1042
1043
1043
1043
1039
1046
1043
1043
1043
1031
1043
1043
1043
1043
1043
1043
1039
1039
1043
1047
1043
1043
1043
1043
1047
1042
1051
1043
1047
1043
1043
1043
1043
1042
1043
1047
1042
1043
1047
1047
1043
1047
1035
1043
1039
1043
1043
1043
1031
1046
1038
1031
1047
1043
1039
1043
1043
1043
1043
1047
1043
1043
1043
1043
1043
1035
1043
1043
1039
1039
1043
1042
1039
1031
1047
1047
1043
1031
1035
1043
1035
1043
1047
1042
1043
1042
1035
1038
1043
1038
1038
1043
1042
1038
1043
1039
1042
1043
1043
1043
1042
1043
1043
1039
1047
1043
1042
1043
1047
1043
1043
1043
1038
1043
1038
1047
1043
1039
1031
1035
1039
1043
1043
1035
1043
1043
1043
1043
1039
1043
1043
1039
1035
1047
1043
1039
1043
1047
1043
1039
1031
1039
1039
1043
1043
1031
1043
1043
1043
1043
1043
1043
1043
1039
1035
1047
1043
1035
1043
1039
1039
1043
1043
1043
1043
1043
1039
1031
1043
1035
1047
1038
1031
1046
1043
1046
1035
1035
1043
1039
1043
1043
1031
1043
1042
1035
1043
1043
1043
1042
1039
1039
1038
1047
1043
1035
1043
1043
1043
1046
1039
1035
1043
1043
1043
1043
1043
1038
1047
1035
1043
1046
1035
1043
1042
1043
1043
1043
1047
1043
1043
1043
1043
1043
1043
1047
1043
1047
1043
1043
1051
1046
1043
1043
1039
1043
1043
1035
1042
1043
1035
1043
1035
1046
1047
1043
1042
1043
1042
1043
1039
1043
1043
1043
1043
1047
1039
1031
1031
1043
1031
1046
1034
1043
1043
1043
1043
1046
1043
1035
1043
1047
1043
1042
1043
1039
1043
1043
1051
1035
1038
1047
1043
1038
1039
1046
1043
1043
1035
1035
1043
1043
1031
1031
1043
1038
1043
1046
1039
1035
1038
1039
1043
1043
1043
1047
1038
1039
1035
1047
1047
1039
1043
1043
1043
1043
1035
1047
1047
1039
1043
1043
1043
1035
1035
1035
1043
1039
1035
1039
1042
1047
1043
1043
1047
1043
1043
1043
1046
1043
1043
1042
1038
1046
1047
1043
1043
1047
1047
1043
1043
1043
1043
1039
1039
1035
1043
1043
1042
1034
1043
1039
1043
1046
1043
1039
1039
1043
1039
1038
1047
1035
1039
1035
1046
1043
1043
1051
1039
1035
1043
1043
1042
1039
1039
1046
1035
1038
1043
1043
1043
1038
1043
1039
1043
1039
1043
1043
1039
1035
1039
1038
1039
1043
1031
1031
1039
1039
1043
1043
1043
1043
1043
1035
1043
1043
1043
1046
1039
1043
1035
1039
1039
1043
1043
1047
1035
1043
1042
1043
1038
1043
1043
1039
1043
1043
1043
1043
1043
1043
1043
1035
1043
1046
1043
1043
1043
1039
1039
1039
1042
1043
1043
1043
1043
1043
1043
1043
1043
1043
1031
1043
1043
1039
1043
1043
1043
1039
1043
1043
1043
1034
1047
1038
1046
1043
1043
1043
1043
1043
1030
1035
1043
1043
1030
1043
1042
1043
1046
1031
1050
1035
1043
1043
1035
1043
1043
1038
1043
1039
1043
1034
1039
1043
1042
1043
1042
1039
1043
1031
1035
1039
1038
1039
1043
1039
1039
1031
1043
1047
1043
1043
1038
1047
1043
1035
1043
1043
1043
1043
1043
1043
1039
1043
1039
1035
1047
1043
1034
1043
1038
1043
1043
1043
1043
1034
1042
1043
1043
1038
1043
1039
1031
1043
1043
1043
1043
1043
1043
1043
1043
1043
1043
1043
1043
1043
1043
1043
1043
1043
1043
1046
1043
1043
1043
1043
1043
1043
1039
1043
1043
1035
1043
1035
1042
1043
1042
1043
1046
1043
1042
1043
1043
1043
1047
1043
1042
1043
1043
1043
1039
1046
1034
1039
1039
1050
1039
1042
1043
1043
1039
1039
1047
1047
1043
1046
1043
1043
1043
1042
1043
1047
1047
1043
1043
1043
1043
1034
1043
1047
1043
1043
1043
1043
1043
1043
1043
1043
1043
1043
1051
1039
1042
1042
1043
1035
1042
1043
1042
1034
1034
1043
1043
1043
1043
1046
1043
1043
1043
1042
1034
1043
1047
1047
1047
1051
1043
1043
1043
1042
1039
1043
1043
1043
1042
1042
1038
1043
1043
1043
1043
1043
1047
1043
1043
1043
1043
1043
1042
1043
1043
1039
1043
1047
1035
1038
1043
1043
1043
1031
1043
1042
1042
1043
1043
1043
1038
1046
1042
1043
1043
1043
1047
1043
1038
1043
1042
1039
1043
1039
1047
1043
1043
1043
1039
1034
1043
1043
1027
1035
1043
1043
1039
1043
1042
1043
1034
1043
1042
1043
1038
1043
1043
1043
1043
1042
1043
1043
1043
1043
1043
1047
1043
1043
1039
1043
1038
1043
1038
1043
1039
1043
1043
1042
1043
1043
1035
1043
1039
1043
1043
1047
1043
1042
1043
1042
1047
1043
1035
1047
1043
1043
1047
1043
1043
1039
1042
1047
1043
1043
1038
1035
1043
1043
1038
1047
1043
1039
1042
1047
1034
1043
1039
1050
1047
1043
1046
1039
1043
1043
1043
1043
1043
1031
1042
1043
1043
1035
1043
1047
1039
1039
1043
1035
1043
1043
1043
1043
1043
1039
1038
1039
1043
1034
1039
1043
1043
1039
1043
1043
1043
1039
1043
1043
1043
1043
1043
1043
1047
1043
1046
1039
1043
1035
1039
1047
1043
1043
1043
1038
1042
1043
1043
1043
1043
1043
1043
1043
1038
1047
1039
1043
1043
1035
1035
1047
1043
1043
1043
1039
1043
1043
1043
1043
1035
1035
1031
1043
1043
1043
1043
1035
1043
1043
1043
1034
1043
1043
1043
1043
1043
1034
1046
1043
1043
1035
1043
1038
1043
1043
1043
1047
1039
1043
1043
1035
1042
1043
1042
1043
1043
1043
2095
1887
2023
891
1411
2179
