1085
1087
1091
1085
1083
1087
1086
1091
1083
1088
1086
1082
1087
1089
1086
1082
1086
1084
1086
1082
1085
1086
1087
1078
1085
1085
1086
1088
1088
1087
1086
1083
1086
1083
1093
1085
1081
1086
1085
1081
1083
1084
1087
1087
1087
1086
1085
1085
1085
1084
1084
1082
1082
1088
1087
1087
1085
1088
1085
1083
1090
1082
1082
1086
1085
1088
1087
1083
1084
1083
1089
1085
1091
1087
1084
1083
1083
1082
1086
1084
1084
1085
1083
1090
1087
1087
1087
1084
1085
1088
1083
1083
1085
1085
1087
1090
1081
1087
1083
1083
1085
1088
1083
1083
1087
1085
1084
1087
1081
1086
1087
1084
1094
1090
1081
1086
1085
1084
1090
1086
1087
1084
1078
1088
1083
1085
1082
1082
1082
1089
1087
1083
1087
1082
1087
1091
1085
1089
1084
1091
1084
1089
1085
1083
1085
1087
1082
1084
1085
1089
1090
1085
1087
1082
1089
1089
1088
1087
1085
1084
1089
1083
1088
1086
1082
1085
1085
1090
1085
1084
1082
1086
1084
1088
1086
1087
1087
1087
1085
1087
1085
1088
1083
1084
1082
1087
1085
1085
1085
1082
1082
1085
1081
1084
1086
1083
1083
1089
1086
1085
1086
1086
1084
1087
1084
1083
1087
1082
1088
1082
1087
1085
1091
1085
1085
1083
1086
1086
1083
1086
1082
1084
1087
1085
1087
1090
1086
1082
1085
1087
1085
1084
1086
1086
1083
1086
1087
1085
1088
1084
1085
1081
1084
1085
1085
1087
1094
1085
1083
1087
1084
1078
1087
1084
1078
1087
1087
1085
1087
1085
1087
1085
1087
1088
1082
1090
1087
1085
1079
1085
1078
1084
1083
1084
1086
1087
1086
1087
1082
1088
1091
1083
1083
1087
1086
1082
1085
1085
1078
1086
1085
1084
1089
1087
1086
1085
1088
1085
1082
1083
1088
1091
1087
1083
1087
1084
1087
1085
1084
1090
1085
1087
1085
1084
1087
1084
1091
1085
1083
1084
1081
1078
1087
1085
1088
1086
1079
1078
1086
1083
1083
1083
1082
1086
1086
1087
1087
1083
1084
1088
1085
1087
1085
1085
1087
1091
1091
1083
1085
1089
1087
1084
1085
1089
1087
1085
1085
1085
1088
1091
1084
1083
1086
1084
1085
1082
1090
1086
1085
1094
1084
1085
1091
1086
1088
1084
1088
1085
1085
1083
1087
1082
1085
1084
1085
1085
1084
1088
1085
1087
1087
1086
1083
1087
1084
1084
1085
1091
1088
1085
1088
1083
1086
1086
1081
1087
1084
1087
1088
1082
1085
1087
1084
1085
1088
1091
1086
1083
1087
1088
1091
1083
1087
1086
1096
1091
1088
1085
1085
1090
1085
1095
1088
1085
1086
1081
1088
1085
1086
1087
1083
1090
1085
1082
1087
1079
1085
1085
1087
1085
1084
1085
1087
1087
1088
1083
1087
1083
1087
1091
1087
1083
1083
1083
1085
1084
1082
1088
1085
1078
1085
1090
1087
1089
1078
1085
1086
1083
1084
1086
1084
1087
1085
1088
1087
1081
1087
1099
1086
1090
1087
1083
1086
1086
1086
1082
1090
1087
1087
1090
1091
1089
1090
1088
1082
1089
1086
1076
1085
1083
1086
1087
1086
1085
1085
1094
1084
1089
1086
1084
1082
1094
1086
1085
1081
1086
1085
1089
1091
1086
1084
1085
1085
1085
1083
1087
1087
1082
1083
1089
1078
1078
1083
1081
1077
1084
1088
1084
1084
1083
1084
1089
1084
1084
1088
1090
1087
1091
1089
1083
1085
1088
1085
1081
1087
1088
1084
1090
1083
1083
1089
1087
1083
1085
1083
1086
1087
1084
1086
1083
1079
1091
1083
1090
1090
1082
1084
1086
1081
1091
1083
1079
1084
1087
1088
1079
1083
1085
1087
1084
1087
1086
1085
1095
1085
1091
1094
1085
1085
1087
1087
1082
1087
1091
1090
1082
1244
1128
1229
1209
1049
1145
1078
1173
1062
1112
1100
1117
1224
1002
1060
1192
1109
1042
1234
1200
1109
1208
1197
1108
1284
1081
1095
1085
1087
1087
1087
1088
1086
1086
1082
1087
1087
1087
1085
1089
1087
1087
1083
1085
1082
1086
1085
1086
1087
1083
1083
1087
1084
1081
1086
1090
1083
1085
1084
1094
1089
1081
1087
1082
1085
1090
1083
1087
1082
1082
1085
1088
1089
1085
1087
1087
1081
1085
1087
1083
1082
1078
1087
1086
1085
1090
1083
1084
1086
1088
1082
1084
1082
1086
1083
1091
1084
1084
1089
1078
1084
1086
1088
1087
1085
1083
1085
1085
1079
1084
1073
1078
1081
1088
1079
1083
1086
1082
1087
1088
1084
1082
1087
1085
1087
1084
1091
1086
1088
1083
1087
1082
1077
1087
1086
1086
1082
1082
1088
1087
1081
1084
1087
1082
1087
1084
1090
1079
1084
1087
1085
1088
1086
1085
1079
1085
1085
1083
1083
1087
1084
1084
1083
1086
1087
1087
1085
1084
1077
1087
1087
1090
1083
1082
1083
1091
1083
1084
1088
1086
1087
1087
1084
1083
1087
1087
1082
1087
1091
1086
1083
1085
1085
1082
1085
1087
1089
1083
1082
1083
1085
1085
1085
1087
1086
1087
1084
1086
1085
1086
1091
1090
1079
1084
1088
1085
1084
1085
1089
1088
1085
1085
1085
1082
1098
1086
1085
1089
1083
1083
1088
1087
1083
1090
1085
1087
1086
1085
1082
1084
1078
1090
1089
1085
1085
1083
1086
1085
1086
1086
1086
1090
1091
1083
1095
1083
1085
1085
1084
1088
1085
1082
1081
1082
1087
1089
1087
1084
1085
1089
1084
1085
1085
1085
1090
1087
1089
1089
1085
1089
1085
1086
1087
1087
1090
1083
1087
1077
1089
1087
1090
1083
1082
1083
1082
1087
1085
1085
1088
1086
1087
1086
1083
1082
1088
1086
1087
1087
1088
1083
1083
1086
1085
1086
1085
1085
1089
1082
1085
1083
1084
1082
1091
1087
1083
1084
1085
1090
1078
1087
1085
1085
1086
1089
1087
1088
1088
1085
1089
1085
1091
1082
1086
1090
1084
1086
1089
1088
1087
1086
1082
1087
1087
1087
1082
1086
1083
1085
1086
1086
1083
1090
1086
1085
1089
1091
1084
1085
1082
1083
1081
1089
1084
1089
1091
1083
1081
1085
1087
1085
1082
1084
1091
1087
1083
1086
1085
1082
1087
1091
1084
1091
1087
1090
1082
1088
1087
1085
1088
1082
1083
1085
317
700
0
378
1224
297
