1039
1043
1039
775
1043
1031
1043
1047
1039
1035
1042
1042
1046
1039
1043
1043
1039
1043
1043
783
1039
1043
1046
1039
1031
1050
1043
1039
1043
1039
1043
1043
1031
1043
1043
1043
1031
1035
1027
1039
1039
1046
1043
1031
1043
1031
1043
1043
1035
1039
1046
1039
1043
1039
1031
1034
1035
775
1043
1043
1046
1043
1043
1046
1038
1043
1043
1031
1031
1043
1046
779
1027
1031
1043
1031
1043
1043
1043
1043
1042
1031
1046
1043
1031
1043
1050
783
1043
1042
1039
1039
1039
1035
1039
1038
1035
786
1027
775
1035
1043
1043
1035
1043
786
1043
1039
1043
1043
1043
1043
1043
1043
1043
778
1039
1046
1042
1039
1046
1039
1043
774
1046
1043
1039
782
1047
1043
1043
1046
1043
1035
1031
1043
1039
1047
1046
1039
1039
1043
1039
1039
1042
1035
1046
1035
1043
1043
1035
1031
1043
1039
1046
1043
1035
1043
1039
1047
1043
1046
1043
1043
1039
1043
1035
783
1039
1046
1043
1038
1027
1027
1039
783
1043
779
1035
787
1031
783
1039
787
1043
783
1027
1035
1046
1043
1043
1039
1043
1043
1046
1031
1043
1034
1043
1046
1031
1047
1046
1043
1043
779
1043
1031
1039
783
1039
1039
1039
783
1043
1042
1039
1043
1047
1043
1046
1039
1035
1043
1035
1035
1039
1043
1042
1043
1047
1047
1039
1035
1039
1043
1034
1035
1043
775
1031
1031
1043
1043
1046
1039
1046
771
1035
1035
1031
1035
1039
1031
1039
1035
1047
783
1043
1043
1043
1046
1043
783
1039
1031
1043
1039
1043
783
1043
1046
1046
779
1035
1043
1035
779
1035
1035
1043
1039
1046
1043
1043
1046
1039
1039
1043
1039
1046
783
1046
783
1043
783
1031
1046
1027
1046
1046
1043
1031
1043
1035
1035
1039
1043
1042
1039
1047
1035
1043
775
1039
1043
1043
1039
1043
779
1043
1039
1043
783
1039
1039
1043
1031
1031
1039
1039
1043
1039
1046
1046
1038
1050
1047
1046
1043
1042
1046
1039
1038
1039
1031
1043
1047
1046
1035
1031
1027
1039
1039
1035
1043
1031
1046
1043
1043
1039
1035
1031
1035
1047
1039
1042
1043
1039
1038
1046
1043
1047
1031
1046
1039
1035
1043
1039
1035
1047
1035
1039
1039
1039
779
1039
1039
1046
1047
1039
1039
1039
1050
1035
1043
1043
1043
1031
771
1046
1043
1043
783
1043
783
1039
1035
1043
1043
1027
783
1035
1043
1031
1039
1039
1039
1039
1043
1039
1047
1043
779
1046
1042
1047
1039
1039
783
1039
1039
1043
1046
1050
1039
1047
1035
1030
779
1039
1042
1043
1031
1043
779
1046
1031
1035
1039
1047
1046
1039
1031
1043
787
1050
1039
1046
1043
1042
1031
1039
1047
1043
1047
1039
1039
1039
1031
1038
775
1031
1047
1046
1039
1047
1031
1043
1043
1039
1043
1047
787
1043
1046
1031
1043
1039
1031
1043
1043
1039
1039
1043
783
1031
1039
1039
1047
1047
1043
1047
1035
1042
1034
1039
1034
1035
1043
1046
1039
1043
1043
1043
1035
1047
1042
1043
1039
1043
1039
1039
1043
1042
1030
1031
1035
1035
1043
1043
1043
1046
1039
1039
1035
1035
1039
1039
1043
1043
1030
1039
1039
1043
1047
1031
1039
1043
1027
1039
1043
1035
1043
1039
1042
1035
1043
1039
1038
1039
1027
1034
1043
1035
1039
1035
1038
1039
1046
1039
1039
1035
1042
1039
1043
1042
1043
1039
1042
1043
1043
1035
1039
1035
1047
1050
1035
1027
1043
1031
1043
1035
1043
1031
1043
1043
1047
1039
1043
1038
1039
1031
1035
1039
1043
1039
1042
1043
1047
1035
1035
1043
1043
1038
542
858
710
738
671
655
583
842
610
490
655
610
547
770
655
518
639
635
635
610
623
763
699
686
658
1638
1035
1035
1039
1043
1039
1042
1035
1035
1039
1043
1043
1043
1043
1035
1035
1043
1035
1039
1034
1043
1035
1039
1043
1031
1039
1035
1039
1039
1046
1043
1035
1043
1039
1039
1034
1039
1031
1035
1043
1039
1031
1043
1039
1043
1039
1039
1035
1043
1039
1043
1042
1039
1043
1035
1038
1047
1043
1035
1043
1039
1039
1046
1042
1046
1034
1039
1039
1043
1039
1046
1043
1042
1039
1043
1043
1039
1043
1046
1039
1039
1043
1043
1035
1038
1043
1047
1027
1043
1046
1039
1030
1039
1039
1043
1046
1035
1043
1043
1035
1039
1043
1047
1043
1046
1047
1047
1042
1043
1043
1039
1039
1039
1039
1043
1047
1035
1043
1039
1047
1046
1043
1031
1043
1043
1035
1043
1042
1039
1043
1031
1039
1043
1035
1046
1038
1047
1039
1035
1047
1043
1035
1039
1035
1035
1043
1043
1042
1046
1031
1039
1039
1027
1038
1047
1043
1046
1034
1043
1039
1034
1043
1043
1039
1035
1046
1043
1043
1043
1043
1043
1035
1039
1039
1042
1043
1043
1039
1027
1047
1039
1043
1047
1039
1043
1039
1046
1038
1043
1043
1035
1039
1047
1043
1043
1043
1043
1043
1042
1043
1050
1046
1039
1039
1043
1043
1031
1043
1039
1043
1039
1039
1047
1043
1039
1039
1027
1039
1039
1035
1038
1046
1043
1035
1043
1043
1031
1043
1035
1043
1035
1031
1043
1039
1035
1046
1043
1043
1038
1046
1039
1035
1039
1043
1042
1042
1031
1031
1027
1031
1047
1038
1035
1035
1043
1046
1039
1043
1039
1031
1043
1047
1043
1039
1035
1035
1031
1034
1035
1043
1043
1035
1043
1043
1043
1043
1046
1046
1039
1043
1035
1043
1035
1043
1039
1043
1039
1043
1039
1039
1043
1039
1043
1046
1043
1043
1035
1047
1031
1039
1034
1039
1031
1043
1043
1043
1046
1046
1042
1043
1046
1035
1039
1031
1046
1047
1042
1035
1046
1039
1043
1039
1046
1039
1043
1046
1043
1043
1035
1043
1035
1034
1039
1042
1043
1039
1043
1043
1038
1043
1043
1034
1043
1039
1046
1030
1043
1035
1043
1039
1043
1042
1043
1039
1035
1039
1039
1043
1042
1043
1039
1047
1046
1031
1043
1043
1035
1030
1043
1039
1039
1042
1039
1047
1039
1043
1035
1034
0
195
39
991
1907
347
