1092
1094
1096
1101
1088
1095
1096
1101
1092
1097
1095
1096
1090
1095
1088
1096
1096
1094
1095
1090
1087
1091
1091
1087
1091
1090
1092
1097
1088
1098
1095
1097
1088
1095
1091
1095
1090
1092
1095
1091
1090
1102
1093
1092
1097
1090
1101
1096
1091
1092
1096
1096
1093
1090
1096
1094
1094
1090
1102
1098
1095
1096
1097
1091
1097
1090
1095
1097
1101
1094
1100
1098
1095
1096
1092
1097
1095
1091
1100
1093
1088
1091
1096
1093
1093
1097
1094
1091
1097
1090
1091
1092
1092
1096
1096
1090
1094
1090
1088
1092
1093
1096
1091
1097
1088
1095
1096
1097
1087
1101
1098
1100
1090
1098
1101
1088
1092
1094
1093
1095
1094
1097
1091
1090
1096
1093
1100
1092
1090
1096
1094
1091
1102
1091
1097
1097
1096
1093
1090
1095
1090
1097
1094
1093
1094
1095
1091
1096
1097
1098
1097
1090
1092
1087
1093
1089
1095
1088
1091
1090
1094
1101
1092
1095
1096
1094
1089
1090
1090
1091
1097
1093
1098
1098
1094
1097
1096
1091
1098
1095
1094
1095
1091
1091
1093
1089
1095
1091
1100
1095
1094
1103
1090
1101
1098
1094
1095
1093
1087
1101
1095
1090
1091
1090
1091
1091
1094
1096
1096
1091
1095
1090
1095
1095
1094
1095
1094
1088
1091
1093
1096
1100
1089
1100
1090
1090
1094
1096
1093
1100
1092
1091
1088
1091
1092
1094
1095
1096
1101
1092
1087
1095
1095
1091
1100
1092
1090
1093
1095
1090
1090
1089
1093
1095
1090
1094
1089
1096
1096
1091
1097
1092
1094
1091
1097
1091
1094
1092
1096
1094
1093
1096
1090
1095
1091
1087
1091
1096
1088
1094
1097
1097
1093
1090
1101
1096
1097
1091
1090
1090
1090
1087
1097
1094
1091
1095
1102
1096
1097
1092
1092
1097
1090
1100
1100
1099
1090
1102
1094
1095
1093
1095
1096
1097
1096
1095
1094
1096
1095
1090
1101
1093
1097
1095
1095
1097
1092
1089
1094
1097
1095
1092
1097
1095
1086
1090
1091
1097
1095
1087
1094
1096
1093
1096
1092
1095
1095
1091
1096
1097
1092
1098
1090
1097
1098
1095
1095
1095
1093
1097
1089
1097
1096
1091
1098
1091
1090
1099
1093
1092
1100
1092
1096
1092
1091
1094
1094
1094
1092
1095
1095
1092
1096
1090
1094
1091
1102
1101
1090
1091
1091
1092
1093
1093
1091
1097
1092
1095
1087
1094
1092
1087
1091
1098
1095
1101
1095
1090
1097
1090
1100
1101
1096
1093
1097
1096
1097
1094
1101
1097
1087
1096
1088
1097
1093
1094
1101
1088
1096
1101
1100
1089
1094
1097
1094
1089
1094
1094
1094
1097
1087
1094
1092
1097
1093
1095
1090
1093
1097
1098
1098
1096
1091
1101
1090
1091
1096
1101
1091
1095
1091
1102
1093
1096
1094
1091
1094
1096
1097
1087
1101
1092
1092
1087
1095
1097
1092
1093
1088
1096
1095
1096
1096
1098
1091
1097
1094
1090
1096
1097
1097
1088
1097
1096
1088
1095
1091
1097
1095
1097
1088
1096
1096
1088
1095
1093
1096
1093
1094
1091
1087
1093
1100
1087
1093
1088
1097
1095
1090
1099
1097
1090
1092
1095
1096
1094
1094
1095
1102
1097
1093
1096
1090
1087
1090
1086
1092
1094
1095
1096
1098
1094
1096
1093
1094
1089
1096
1092
1095
1087
1090
1091
1097
1101
1097
1093
1090
1097
1090
1090
1091
1091
1092
1091
1090
1090
1094
1098
1095
1091
1091
1091
1099
1095
1092
1093
1092
1100
1097
1093
1095
1090
1098
1093
1096
1091
1089
1094
1093
1091
1084
1090
1096
1095
1095
1092
1095
1090
1096
1097
1092
1087
1092
1097
1097
1087
1089
1091
1097
1090
1093
1097
1095
1091
1093
1095
1087
1092
1016
1230
1236
1082
1148
1116
1094
1150
1158
1056
1084
1160
1066
1144
1168
1016
1141
1169
1104
1154
1104
1042
1266
1062
1273
1087
1086
1092
1086
1093
1092
1090
1088
1090
1095
1087
1099
1094
1096
1097
1086
1089
1100
1089
1094
1100
1086
1088
1092
1090
1092
1092
1100
1097
1091
1096
1097
1094
1092
1087
1097
1089
1089
1096
1090
1085
1095
1095
1095
1093
1090
1100
1094
1096
1093
1093
1092
1091
1099
1093
1094
1094
1095
1087
1090
1092
1089
1089
1093
1097
1092
1100
1090
1092
1087
1091
1095
1093
1096
1087
1095
1100
1091
1095
1092
1097
1090
1095
1092
1091
1097
1094
1094
1097
1092
1092
1092
1091
1100
1093
1091
1101
1090
1095
1097
1088
1090
1093
1097
1092
1094
1096
1094
1092
1097
1090
1098
1089
1097
1096
1087
1089
1090
1095
1094
1088
1090
1089
1092
1092
1097
1092
1091
1090
1092
1095
1092
1090
1094
1097
1093
1083
1089
1087
1088
1086
1092
1090
1089
1091
1094
1083
1097
1094
1091
1095
1095
1087
1099
1096
1090
1100
1090
1096
1099
1094
1089
1094
1091
1091
1092
1090
1099
1095
1097
1090
1094
1098
1096
1090
1089
1091
1092
1090
1092
1096
1094
1091
1094
1095
1091
1095
1091
1095
1093
1088
1090
1087
1092
1101
1096
1093
1087
1097
1093
1091
1095
1094
1091
1089
1096
1091
1092
1097
1090
1096
1097
1095
1090
1094
1100
1091
1090
1096
1094
1092
1090
1097
1090
1089
1095
1091
1094
1096
1090
1092
1090
1094
1097
1094
1090
1094
1094
1096
1091
1092
1099
1090
1093
1096
1097
1094
1098
1101
1097
1096
1097
1099
1083
1092
1095
1095
1097
1088
1097
1100
1091
1094
1094
1087
1087
1096
1091
1100
1099
1087
1096
1087
1093
1096
1092
1095
1096
1091
1096
1094
1097
1098
1089
1092
1090
1096
1094
1090
1097
1096
1087
1093
1092
1097
1094
1092
1093
1102
1094
1093
1091
1094
1090
1095
1091
1095
1091
1096
1090
1093
1097
1096
1090
1092
1090
1087
1096
1093
1096
1094
1093
1091
1088
1095
1090
1100
1093
1097
1096
1090
1094
1094
1094
1094
1089
1096
1100
1087
1092
1089
1084
1097
1090
1089
1094
1099
1096
1087
1097
1094
1094
1091
1090
1089
1090
1088
1094
1090
1094
1091
1092
1094
1093
1093
1100
1094
1090
1095
1096
1090
1097
1094
1090
1087
1637
227
705
0
1609
1252
