579
582
579
303
587
571
583
579
579
579
575
575
574
587
575
579
582
575
575
483
574
587
579
491
587
574
587
303
579
582
583
2150
582
582
579
571
575
571
583
499
579
587
579
571
571
570
579
571
579
494
574
571
579
579
571
574
590
582
582
587
575
391
574
575
579
579
579
582
575
586
575
2151
586
586
582
575
574
579
582
571
571
579
582
391
571
578
579
2199
582
587
587
579
583
571
578
487
578
579
579
571
575
582
578
402
579
582
571
582
582
587
571
583
579
571
571
571
571
571
579
571
587
579
586
579
575
575
575
575
579
494
579
579
579
587
579
575
575
579
583
305
579
571
579
582
582
571
575
571
571
586
583
583
582
571
571
578
579
579
571
575
575
579
571
574
582
395
575
2171
575
582
575
575
582
571
583
210
583
579
571
579
579
582
579
581
571
571
587
571
586
586
579
579
579
582
575
579
587
579
582
579
571
575
582
583
582
579
587
579
590
582
587
583
586
579
575
579
571
483
579
579
578
575
579
571
583
575
571
575
579
579
571
575
571
582
583
575
575
579
575
575
579
591
575
575
579
575
575
582
579
587
575
399
586
571
571
583
579
579
575
583
575
571
571
582
579
575
571
391
579
586
571
575
575
494
579
579
579
586
575
575
578
579
571
571
579
571
587
578
575
579
582
303
579
579
575
579
567
582
579
575
571
579
571
579
579
579
578
571
571
579
579
579
571
583
579
578
571
579
579
582
582
578
575
586
579
579
579
579
575
582
582
583
575
590
579
402
579
299
579
583
575
582
575
586
586
579
583
303
582
579
579
575
571
579
579
391
571
582
571
587
587
582
571
591
583
586
579
575
575
579
571
583
579
583
582
579
571
571
575
575
579
582
579
583
571
567
583
582
579
571
575
571
583
583
575
579
579
306
575
579
579
586
583
303
582
579
582
494
582
590
571
582
571
579
579
575
583
575
579
575
571
582
582
587
571
575
579
579
571
407
579
571
575
582
590
587
579
406
582
406
574
582
582
575
579
579
571
582
582
570
579
579
579
575
571
582
571
571
579
571
583
587
579
579
587
579
579
571
582
579
579
575
579
575
575
2174
590
582
571
575
571
575
579
567
587
587
582
579
582
579
579
579
571
575
587
582
579
579
575
582
583
579
583
579
571
494
579
571
590
583
579
583
571
579
575
582
581
579
579
579
583
583
579
575
579
574
575
571
587
570
583
579
587
575
587
583
582
570
591
579
581
586
582
586
579
586
575
575
586
579
571
586
581
579
582
586
571
571
574
575
570
590
579
579
575
586
575
579
579
579
579
579
590
579
571
582
571
582
586
575
582
582
586
575
579
575
578
570
579
575
575
571
579
575
575
579
575
583
575
579
587
575
587
567
582
582
583
582
571
575
575
582
578
575
583
574
633
471
697
455
521
415
651
627
707
489
723
647
571
507
603
579
575
419
739
535
709
537
657
557
561
575
583
579
579
583
579
570
575
579
583
575
571
571
579
574
575
579
583
579
579
571
575
578
571
583
583
571
575
575
583
582
575
579
579
579
582
571
571
575
575
579
575
578
574
579
574
574
579
579
571
579
579
571
571
575
578
578
574
575
583
575
575
575
579
571
575
575
579
579
579
579
579
575
574
575
579
579
579
574
579
579
575
582
579
579
575
579
579
575
579
579
579
579
578
570
575
583
579
579
575
570
571
575
575
571
571
579
582
578
574
579
575
579
575
574
571
571
575
567
586
579
579
571
567
575
582
575
579
579
586
571
575
582
571
579
579
582
579
575
575
570
579
579
583
575
571
575
586
582
590
571
586
579
578
575
575
579
575
571
574
570
575
583
579
574
579
571
571
578
575
571
579
579
574
570
579
574
579
579
575
575
571
583
575
579
581
579
579
574
579
586
575
582
575
579
571
579
579
579
583
571
582
579
586
582
575
574
575
582
578
579
579
579
579
579
582
579
579
582
579
575
575
578
571
582
579
579
575
571
571
579
575
579
587
575
586
571
590
579
575
579
591
586
575
582
582
586
578
575
575
583
575
579
579
579
579
571
582
575
579
575
575
578
582
590
578
582
579
575
582
579
586
579
579
578
579
575
582
579
579
575
582
579
571
579
583
579
583
575
575
574
579
575
579
579
586
575
582
575
586
571
582
582
575
579
579
575
579
579
575
579
582
574
582
579
579
579
586
579
579
582
579
579
579
579
582
579
575
590
579
575
579
579
582
586
579
586
579
579
579
583
571
579
575
575
582
579
583
579
579
575
571
575
579
586
575
579
583
579
571
579
571
579
575
575
579
579
579
587
579
575
575
575
579
579
579
574
0
191
607
167
1238
1631
