2037
359
359
354
358
364
355
2154
361
2163
357
359
360
360
354
362
361
2204
363
2194
364
358
363
2227
361
242
365
2264
358
363
360
2181
361
240
354
2154
364
358
358
354
360
244
357
355
360
351
355
361
362
363
358
2154
359
297
350
2199
358
361
351
361
359
355
361
353
355
2189
362
2230
357
303
359
238
357
359
358
2150
359
2185
359
2185
358
351
363
2158
361
2169
361
243
362
360
357
2248
358
2163
358
2183
358
362
358
2180
361
350
363
355
351
359
360
357
361
2259
361
351
355
361
360
2153
360
358
355
358
351
239
357
2191
364
358
355
2230
357
2178
359
357
358
358
356
356
366
242
364
358
360
361
356
2198
360
363
358
362
361
2191
362
364
357
2220
362
352
352
241
357
357
358
2198
358
357
355
2213
357
358
358
2175
355
299
355
2231
357
355
361
2235
361
244
361
241
363
357
360
361
359
353
357
358
353
363
361
2309
351
2149
356
361
361
361
357
356
351
362
359
350
358
360
363
2182
358
2158
360
298
351
361
362
2169
360
360
363
243
364
2268
355
239
362
301
362
300
362
351
362
354
354
2205
351
360
351
2281
357
297
358
364
361
364
355
359
359
362
357
359
360
361
361
2184
354
2181
357
243
358
354
357
2196
361
2199
353
359
360
354
361
357
359
362
362
361
359
362
361
2156
358
2235
361
365
351
242
359
361
356
2172
357
361
363
355
358
355
360
363
355
175
350
362
357
2268
361
2252
358
301
362
2254
359
238
355
291
350
2174
354
355
357
181
355
2230
362
2208
351
2200
357
241
363
2154
350
2178
357
2303
362
248
350
2190
359
2146
361
365
359
2154
358
2171
361
235
358
363
2170
355
360
303
359
352
359
2157
355
2212
355
360
358
362
361
360
358
241
358
360
361
364
360
359
354
2174
357
354
356
355
361
240
363
2238
359
2213
355
358
360
364
361
365
358
359
359
181
360
2223
351
354
356
300
361
361
353
362
358
239
359
358
356
361
358
242
359
2159
359
363
243
2185
360
2148
358
358
361
238
360
183
360
2185
360
359
361
2187
361
360
362
364
360
354
361
2167
359
362
365
2262
355
2156
359
361
354
2193
365
362
360
2145
358
2308
355
2262
360
360
365
2203
357
242
356
359
366
2201
364
2252
359
2237
362
179
357
361
361
2148
360
237
355
2213
354
359
362
360
357
361
357
181
355
357
357
244
355
362
362
355
356
361
361
180
356
362
354
351
364
356
360
360
356
356
360
359
362
358
365
362
360
361
364
361
357
355
354
362
359
361
365
358
355
351
363
351
358
361
351
360
358
357
363
355
355
361
354
356
358
351
361
355
365
355
357
361
358
364
356
361
357
349
355
362
362
353
359
362
355
360
356
358
355
360
351
361
360
352
356
351
351
356
359
355
358
357
355
351
363
361
362
351
354
359
355
365
351
359
361
356
360
355
358
362
358
364
355
358
354
355
356
355
345
359
358
353
357
355
363
359
363
355
358
362
363
359
362
361
366
365
356
357
355
352
362
354
364
360
362
359
353
358
362
360
359
368
356
361
358
359
360
350
358
357
364
354
353
363
363
357
360
361
356
360
353
353
359
355
361
361
351
364
355
355
350
353
354
365
358
357
361
358
361
357
356
355
354
357
359
354
358
361
361
360
349
360
355
351
354
361
364
360
364
354
356
354
359
361
359
350
358
355
355
361
355
357
359
358
356
354
358
359
354
354
351
353
359
361
363
354
358
357
350
359
360
351
354
356
363
359
359
353
357
362
357
361
358
355
360
361
363
353
363
357
350
361
357
362
358
362
358
351
353
362
354
358
362
363
356
354
359
361
360
361
359
355
361
361
361
358
356
354
360
361
361
363
357
361
351
355
359
363
356
358
356
359
361
359
361
361
351
361
350
360
361
361
357
354
357
359
359
350
357
359
351
364
361
358
361
360
357
351
359
354
361
357
361
364
357
355
357
363
361
359
357
356
364
364
351
351
358
351
361
358
360
354
356
357
357
355
355
360
355
359
356
355
363
355
361
361
360
359
360
363
363
360
359
357
359
356
362
355
363
357
351
365
357
355
360
358
356
354
350
355
355
358
358
350
364
359
363
351
365
351
358
354
361
361
357
350
355
364
358
355
358
359
351
361
359
360
351
351
359
351
356
363
355
357
358
355
364
357
358
357
359
360
355
363
354
359
361
351
351
360
353
354
357
350
362
357
358
355
357
354
355
359
350
354
355
360
353
361
364
351
359
358
354
363
358
355
360
357
350
364
359
360
358
354
357
350
358
351
361
360
356
358
362
354
357
354
357
351
351
359
354
355
356
360
363
361
354
354
354
360
365
356
358
351
357
354
361
358
354
359
351
355
355
363
351
354
356
365
355
358
358
354
351
358
41
279
0
723
727
1301
