927
923
931
923
927
927
927
927
935
927
935
934
923
927
931
919
931
771
923
927
935
931
923
927
935
771
927
931
927
931
923
775
919
923
934
931
923
926
919
927
919
931
927
919
931
923
923
927
927
919
935
931
919
935
919
919
927
923
926
931
927
927
927
931
927
927
923
927
923
927
923
927
927
923
931
931
923
923
927
775
919
763
927
927
926
927
927
927
927
931
923
927
927
923
931
927
919
923
923
923
919
919
927
923
927
931
927
919
919
931
923
923
931
935
935
775
927
919
923
927
923
923
927
771
923
931
931
767
923
927
923
923
919
931
923
923
935
931
927
927
931
919
923
923
923
931
927
927
931
926
927
931
927
931
923
923
923
931
923
927
927
935
923
923
931
927
927
927
927
931
927
923
927
927
927
927
927
931
927
927
931
931
927
923
919
927
927
931
927
927
927
923
923
771
927
923
927
927
923
927
931
927
923
923
927
927
923
927
919
927
919
919
927
931
923
923
927
935
927
923
927
923
927
927
927
767
923
923
926
767
931
927
931
923
927
927
923
927
923
927
927
927
927
927
927
927
927
923
927
931
939
931
927
927
923
927
927
927
927
931
927
919
931
923
927
923
927
927
931
923
927
923
931
923
923
919
931
923
927
935
919
927
931
927
923
927
927
927
931
927
927
935
934
919
927
927
923
927
927
927
927
919
927
927
931
923
927
927
919
919
923
931
931
927
923
927
927
919
926
931
923
927
919
923
930
775
935
923
927
931
927
931
927
923
927
935
923
931
931
927
931
927
915
919
923
923
931
931
930
927
931
923
923
927
931
919
927
927
923
923
919
927
923
927
927
927
923
775
927
927
931
771
927
927
927
927
935
923
919
926
919
923
923
923
931
919
927
919
931
931
927
923
923
931
923
931
927
927
927
927
931
927
923
931
923
931
927
931
931
919
927
927
927
923
919
934
927
927
931
927
931
934
931
927
927
927
931
927
927
919
927
935
927
919
927
923
919
923
931
927
919
927
927
919
927
927
919
927
927
927
927
927
934
919
923
931
931
919
923
923
927
927
923
927
931
923
927
927
927
927
923
927
931
935
923
919
931
923
919
930
927
923
919
923
931
927
927
923
923
927
927
927
931
923
927
927
927
927
927
919
923
927
931
927
927
927
935
927
931
935
923
923
927
923
931
927
927
931
931
919
931
927
927
931
931
927
927
931
927
927
923
931
931
923
931
931
923
927
927
923
931
923
927
927
935
935
927
927
919
935
923
927
927
927
927
927
927
923
931
927
931
919
927
927
927
927
927
927
927
931
927
923
927
931
927
927
919
923
923
927
927
923
923
931
923
927
923
923
923
923
927
927
923
927
923
927
927
930
931
919
931
923
919
923
923
923
923
923
927
931
935
923
931
927
927
927
931
919
923
926
927
923
919
923
927
927
931
927
915
931
931
931
927
927
923
935
927
923
930
927
927
927
923
931
927
935
927
927
931
927
931
931
919
919
927
927
931
923
927
923
923
919
931
927
927
919
923
927
923
931
927
931
931
919
931
935
935
935
935
935
930
927
927
919
919
919
919
927
923
931
923
923
923
927
931
923
923
927
923
927
923
927
927
919
919
927
923
927
931
923
927
931
927
923
927
927
926
927
931
930
923
927
923
923
923
927
927
923
927
927
923
935
927
919
927
923
923
927
931
923
935
939
939
931
931
931
927
927
931
927
931
935
927
927
923
935
927
927
931
931
923
927
927
927
927
931
931
927
919
923
923
927
935
927
927
927
927
919
919
930
927
927
931
927
919
927
923
923
915
935
931
927
923
931
931
927
923
935
927
919
927
927
927
923
923
927
919
931
927
923
927
919
923
926
927
927
923
927
923
927
923
931
927
927
927
919
931
927
927
930
923
923
927
923
919
931
927
931
931
927
919
923
931
923
923
923
927
927
919
927
931
927
927
931
927
923
927
927
927
927
931
919
927
927
919
927
927
931
927
923
927
923
923
923
919
927
915
923
923
931
931
927
927
935
923
931
919
919
931
927
927
927
931
931
923
927
931
927
927
931
923
923
919
923
919
927
927
927
931
927
927
923
927
927
927
927
927
931
923
927
931
927
927
927
931
927
927
923
923
927
923
919
919
931
927
927
927
915
927
927
919
931
919
931
919
931
926
931
931
931
923
923
923
923
927
931
927
927
923
927
927
931
931
931
927
927
935
934
923
931
923
923
927
931
931
927
927
931
919
923
927
919
923
931
931
923
934
927
927
923
927
927
919
931
927
927
927
931
923
927
923
931
923
923
919
931
927
923
927
927
927
919
919
923
927
927
919
927
483
1691
1875
783
1191
1963
