971
967
971
971
971
967
967
967
966
979
967
959
971
963
967
963
967
962
971
966
975
967
958
954
955
962
971
963
959
962
967
962
967
971
971
970
974
971
963
963
959
967
962
971
962
958
967
970
971
963
963
971
971
962
967
966
971
963
971
975
967
967
967
971
967
967
963
967
955
967
963
971
967
971
971
951
971
975
967
975
971
963
971
967
959
971
963
974
963
971
967
967
967
971
963
971
963
962
971
971
970
971
975
959
967
971
971
967
967
959
967
967
967
959
971
971
967
974
975
966
967
967
970
966
963
962
963
963
962
962
963
967
971
967
971
971
971
967
971
970
967
971
963
967
971
963
959
971
966
971
967
967
967
966
971
971
967
966
971
971
966
967
967
966
971
967
958
970
967
967
967
967
967
967
970
962
970
967
967
967
963
967
966
966
970
971
963
963
958
971
967
967
967
971
971
967
967
967
963
975
967
967
971
963
967
967
971
970
971
962
962
967
971
959
967
967
971
967
967
966
962
962
967
971
967
967
966
966
971
967
978
963
967
970
971
959
967
962
971
962
971
971
971
967
971
967
970
963
967
971
967
971
962
967
967
963
967
967
967
978
971
963
967
971
975
959
967
970
971
967
967
967
971
963
967
967
962
971
971
967
966
967
966
962
971
971
970
970
963
963
971
967
963
963
959
971
967
962
963
966
974
974
966
959
967
959
966
971
970
967
971
970
971
967
967
967
967
962
971
967
967
967
966
967
967
967
971
963
974
967
963
967
963
967
963
971
959
967
967
962
967
971
967
963
974
958
963
962
970
967
967
978
967
967
958
971
971
962
971
963
963
959
974
967
967
962
959
959
963
967
963
958
963
967
962
959
967
971
970
967
967
955
963
975
963
963
967
971
967
963
971
963
959
958
963
971
971
971
963
967
955
962
967
971
967
967
971
971
974
967
970
962
963
967
971
966
971
966
967
958
967
966
974
966
966
971
971
963
971
966
963
967
971
963
967
963
963
967
967
962
967
967
971
962
970
974
963
967
967
967
966
967
967
963
971
962
970
963
963
967
970
962
970
967
971
962
970
962
967
971
963
967
963
954
967
967
967
971
967
967
958
962
974
962
967
967
971
967
971
967
959
966
974
963
971
966
959
967
955
971
971
967
967
962
967
962
967
958
967
974
967
971
974
975
967
967
967
971
963
971
967
962
967
959
966
966
967
967
963
967
967
971
967
971
963
971
971
967
974
963
958
967
967
966
963
971
966
967
967
959
963
971
970
967
971
963
971
967
971
971
967
978
962
971
963
962
970
962
971
963
966
971
958
954
966
967
963
971
967
967
967
971
971
967
967
967
967
967
967
970
970
967
966
971
959
954
963
967
967
962
963
963
971
971
963
959
966
963
963
963
971
970
959
962
971
963
1111
782
947
806
951
963
878
971
886
854
879
922
971
959
1031
975
914
1003
850
911
1055
894
866
819
1002
1723
955
967
963
966
963
971
971
967
967
963
967
963
963
971
962
971
963
967
967
971
963
971
962
971
967
963
967
967
967
963
967
959
967
967
971
971
967
967
971
963
971
971
959
971
963
963
967
966
970
963
971
971
962
967
963
962
958
963
971
967
967
967
971
967
967
962
955
971
966
967
967
963
967
967
963
971
963
967
967
967
971
967
970
967
967
959
963
971
971
963
966
967
971
967
974
967
975
966
971
963
966
963
966
963
967
967
970
963
967
962
971
971
967
971
970
971
966
967
963
967
971
967
967
967
971
967
967
971
971
967
971
971
967
970
967
963
971
962
967
959
963
958
971
966
970
967
967
967
963
966
967
967
967
963
967
971
971
963
971
967
971
974
963
962
971
967
970
971
963
967
959
971
963
967
967
971
963
955
967
967
967
967
970
967
971
970
967
967
967
966
963
962
971
971
971
963
971
970
963
971
967
966
971
967
967
971
966
967
967
967
963
954
971
967
963
963
971
963
967
967
967
971
962
971
967
974
971
967
967
963
962
971
970
970
967
971
967
967
967
967
962
967
966
967
974
971
962
967
963
963
967
971
963
967
963
959
967
971
967
971
958
971
967
963
962
971
967
971
967
967
967
963
967
963
967
971
963
971
971
963
967
974
967
974
967
967
963
967
971
967
971
967
962
967
967
963
963
971
967
966
967
967
967
967
963
962
963
959
966
967
967
967
971
967
970
967
967
967
967
963
971
974
971
963
967
959
971
971
967
967
971
967
967
967
971
971
967
963
971
963
971
971
963
963
967
967
971
967
967
971
971
962
967
962
971
967
978
971
967
967
967
967
967
967
967
967
959
967
971
963
963
967
963
967
971
955
1747
1295
2247
515
639
1579
