1082
1087
1085
1089
1087
1086
1092
1088
1087
1080
1092
1080
1086
1088
1085
1082
1083
1087
1087
1080
1083
1082
1082
1087
1083
1081
1089
1088
1086
1083
1089
1089
1086
1082
1089
1091
1085
1082
1084
1091
1089
1088
1082
1078
1088
1082
1082
1077
1087
1085
1089
1091
1083
1086
1082
1089
1086
1087
1088
1076
1082
1083
1081
1083
1079
1081
1087
1085
1088
1084
1082
1087
1088
1085
1087
1088
1089
1085
1090
1089
1086
1082
1086
1082
1093
1083
1091
1081
1081
1078
1091
1087
1091
1086
1088
1086
1086
1087
1088
1089
1082
1091
1081
1087
1086
1085
1082
1082
1085
1085
1088
1091
1086
1081
1093
1087
1087
1088
1092
1084
1084
1082
1089
1087
1089
1086
1082
1087
1088
1081
1077
1078
1089
1087
1085
1087
1092
1081
1089
1089
1085
1095
1087
1083
1087
1082
1095
1081
1087
1082
1078
1087
1083
1082
1081
1092
1083
1083
1086
1081
1088
1088
1092
1086
1085
1080
1092
1090
1090
1091
1080
1087
1087
1078
1088
1077
1088
1082
1084
1081
1092
1087
1089
1091
1087
1086
1086
1092
1087
1083
1088
1083
1087
1094
1085
1081
1084
1084
1089
1084
1088
1084
1089
1082
1081
1086
1084
1088
1082
1085
1082
1083
1085
1087
1086
1088
1082
1086
1089
1089
1090
1089
1091
1085
1083
1082
1084
1086
1083
1082
1084
1082
1092
1089
1086
1091
1081
1081
1089
1088
1093
1084
1087
1081
1089
1089
1085
1088
1088
1085
1087
1087
1082
1092
1085
1082
1083
1087
1089
1085
1091
1083
1082
1092
1086
1082
1084
1086
1084
1092
1086
1078
1085
1089
1084
1081
1093
1087
1087
1089
1087
1092
1089
1087
1089
1087
1086
1082
1088
1092
1087
1082
1087
1091
1082
1084
1088
1082
1092
1088
1089
1086
1085
1087
1089
1082
1089
1090
1087
1083
1085
1087
1088
1088
1088
1087
1084
1087
1089
1087
1092
1081
1083
1082
1086
1089
1087
1088
1082
1090
1089
1081
1088
1092
1089
1086
1088
1086
1089
1082
1089
1088
1088
1085
1088
1081
1086
1081
1087
1078
1088
1083
1085
1087
1081
1088
1086
1087
1089
1086
1092
1093
1087
1077
1091
1082
1087
1088
1083
1087
1088
1088
1083
1089
1087
1091
1086
1087
1088
1088
1086
1088
1084
1084
1082
1082
1089
1086
1086
1091
1083
1081
1088
1091
1088
1088
1095
1083
1085
1088
1082
1083
1085
1086
1088
1093
1093
1086
1089
1082
1089
1081
1089
1082
1088
1082
1088
1082
1089
1083
1084
1094
1085
1084
1089
1082
1087
1083
1089
1088
1082
1084
1089
1086
1092
1087
1086
1087
1088
1089
1086
1085
1088
1082
1087
1078
1089
1089
1080
1089
1087
1088
1088
1081
1091
1083
1087
1085
1088
1088
1088
1088
1082
1088
1087
1092
1088
1086
1088
1082
1089
1082
1082
1087
1079
1083
1090
1089
1082
1091
1090
1087
1082
1088
1083
1087
1090
1086
1088
1082
1083
1087
1084
1081
1088
1083
1089
1082
1088
1082
1083
1082
1089
1083
1087
1086
1090
1089
1085
1082
1082
1082
1087
1078
1082
1086
1088
1086
1089
1091
1087
1085
1087
1086
1087
1088
1082
1088
1082
1082
1086
1088
1091
1091
1086
1086
1082
1087
1088
1087
1092
1092
1089
1093
1085
1086
1082
1085
1083
1085
1086
1085
1092
1089
1085
1088
1087
1087
1082
1085
1089
1085
1091
1083
1083
1088
1089
1089
1086
1091
1082
1088
1088
1092
1084
1089
1086
1086
1089
1091
1089
1086
1088
1093
1092
1088
1090
1088
1090
1085
1089
1089
1089
1088
1087
1089
1083
1086
1084
1092
1085
1090
1083
1089
1091
1089
1094
1082
1089
1092
1083
1084
1088
1090
1088
1090
1086
1088
1088
1088
1091
1091
1082
1091
1081
1092
1087
1081
1086
1089
1093
1092
1092
1092
1092
1089
1083
1087
1082
1088
1091
1096
1085
1078
1092
1088
1089
1089
1090
1088
1084
1088
1093
1090
1087
1081
1087
1092
1091
1092
1089
1082
1082
1087
1096
1088
1087
1092
1082
1089
1087
1088
1085
1087
1089
1092
1092
1088
1094
1088
1092
1086
1090
1087
1082
1089
1089
1085
1085
1082
1092
1092
1086
1086
1093
1087
1086
1086
1081
1091
1087
1091
1089
1093
1081
1087
1092
1088
1087
1082
1083
1087
1092
1083
1088
1090
1093
1085
1092
1092
1086
1087
1092
1087
1089
1087
1090
1092
1083
1089
1087
1088
1086
1088
1088
1085
1089
1087
1092
1082
1092
1088
1088
1090
1085
1085
1088
1088
1087
1078
1083
1097
1092
1092
1082
1093
1086
1090
1088
1086
1083
1083
1085
1089
1086
1090
1089
1087
1085
1092
1092
1088
1090
1093
1087
1085
1085
1090
1083
1086
1089
1082
1095
1089
1087
1083
1087
1086
1085
1081
1087
1078
1084
1090
1096
1083
1084
1089
1087
1084
1089
1090
1091
1087
1087
1091
1092
1082
1092
1084
1087
1092
1083
1085
1086
1094
1086
1089
1087
1084
1090
1088
1089
1089
1087
1086
1088
1090
1093
1090
1086
1082
1087
1085
1085
1088
1083
1087
1088
1083
1083
1088
1093
1083
1083
1092
1088
1083
1084
1088
1079
1090
1087
1083
1092
1084
1088
1087
1086
1089
1086
1082
1092
1078
1086
1086
1087
1088
1093
1085
1090
1085
1086
1085
1087
1082
1086
1091
1083
1092
1083
1091
1085
1085
1088
1089
1088
1082
1082
1088
1085
1086
1092
1083
1088
1090
1085
1089
1085
1089
1082
1087
1093
1090
1086
1089
1087
1088
1087
1083
1087
1088
1085
1087
1086
1083
1089
1083
1083
1083
1083
1079
1088
1087
1083
1089
1081
1084
1087
1088
1089
1081
1087
1086
1087
1088
1090
1087
1087
1077
1081
1083
1086
1086
1087
1082
1087
1091
1087
1089
1088
1082
1092
1089
1092
1088
1085
1090
1086
1086
1092
1091
1088
1089
1087
1093
1093
1089
1088
1087
1092
1087
1091
1081
1088
1083
1087
1092
1089
1087
1083
1087
1085
1089
1087
1082
1092
1083
1089
1090
1081
1088
1085
1087
1084
1086
1093
1089
1088
1081
1089
1087
1087
1078
1089
1082
1085
1086
1092
1088
1088
1083
1084
1083
1091
1085
1084
1087
549
1955
1476
2192
562
929
