758
767
759
759
767
759
763
767
759
763
763
766
759
754
763
763
771
767
759
759
767
763
766
766
771
767
767
770
770
771
759
759
763
759
765
767
763
763
766
766
767
775
766
771
759
758
770
771
771
762
766
778
770
758
770
770
767
759
759
769
767
766
759
762
759
763
759
759
763
771
769
771
759
758
771
767
767
758
759
759
770
758
767
771
763
759
759
759
759
759
763
758
771
771
771
771
759
767
763
773
759
771
763
758
767
769
767
763
759
759
766
759
763
758
762
770
763
771
771
763
774
763
767
774
763
763
759
759
767
759
762
759
763
771
759
767
759
773
763
763
770
771
771
763
771
775
766
774
759
759
763
767
766
771
763
767
767
770
765
763
767
763
763
762
759
766
774
771
763
767
763
759
763
763
766
763
763
767
770
766
759
771
771
759
759
770
763
763
770
766
769
775
759
758
759
767
767
766
774
759
769
771
758
763
771
762
759
759
767
771
759
759
762
759
759
759
765
767
759
759
763
767
763
771
770
763
759
759
774
770
759
758
759
759
766
758
767
758
767
758
759
759
758
763
759
765
773
762
763
767
767
770
763
767
759
769
763
763
759
771
767
759
759
759
763
763
767
758
763
771
773
766
766
765
767
763
771
767
774
759
770
757
767
763
759
762
770
758
758
766
769
762
759
763
759
759
767
766
759
771
763
771
759
767
769
758
766
763
763
771
762
759
758
770
759
763
759
758
774
763
770
759
759
762
770
771
767
766
770
766
763
773
767
759
763
759
767
766
770
767
766
773
767
759
759
766
763
759
766
758
771
759
767
762
770
773
763
759
763
759
767
762
770
763
767
767
766
770
774
759
771
773
767
759
759
771
759
765
767
759
762
771
770
766
763
763
767
767
767
758
759
766
763
770
778
759
770
758
759
771
763
762
763
771
762
767
771
758
766
767
767
759
767
759
767
759
775
770
770
767
774
771
759
766
770
759
766
763
770
763
769
759
758
771
759
759
773
769
762
771
763
762
770
763
763
763
763
758
759
771
775
767
767
771
759
767
759
763
767
763
767
759
759
759
759
759
759
767
770
763
771
770
759
763
767
774
763
766
769
767
771
767
770
769
769
759
759
767
758
759
763
771
763
759
762
762
759
771
759
767
751
763
758
759
765
767
771
763
759
759
759
758
763
763
771
767
759
759
767
775
759
763
763
759
763
759
771
763
759
759
771
774
759
770
763
763
762
759
767
759
771
759
766
767
759
762
766
759
763
763
759
763
769
767
767
763
763
762
758
770
759
763
761
774
777
767
763
767
770
763
763
759
767
767
767
771
763
759
774
763
767
767
763
766
767
759
762
763
770
770
765
770
767
759
767
763
767
767
759
770
763
763
763
767
763
763
763
759
771
763
767
759
771
770
771
767
762
755
767
770
759
765
763
773
773
767
767
774
755
759
755
763
770
767
763
762
775
763
770
763
761
761
767
759
758
766
755
761
759
763
758
770
767
767
774
762
762
759
762
762
767
766
759
763
770
758
767
771
771
759
763
767
763
765
759
759
767
763
759
759
762
763
763
771
761
767
762
763
759
767
759
767
771
758
767
766
763
769
759
769
767
767
759
759
759
759
759
759
767
771
767
765
765
759
759
767
758
767
759
763
767
763
759
759
767
762
763
758
767
759
763
758
767
763
767
767
777
758
763
763
759
759
767
763
759
770
769
763
763
769
759
758
759
759
763
762
759
766
767
759
762
766
774
759
763
763
759
759
762
763
767
766
762
759
765
759
767
759
767
767
759
759
771
762
759
759
759
759
766
759
767
763
763
771
767
759
767
767
770
762
767
758
770
763
759
763
759
763
759
766
755
767
771
763
767
763
763
767
767
763
766
759
759
769
767
769
759
762
763
770
759
759
767
769
759
759
763
767
771
763
771
767
759
759
763
759
759
767
767
758
758
767
763
759
763
766
759
759
770
767
767
773
769
763
766
766
767
769
767
759
759
763
758
770
763
759
774
771
766
769
767
767
771
759
759
759
767
767
767
763
762
774
767
774
759
759
762
767
759
763
771
759
770
763
767
759
762
759
767
770
758
759
771
759
770
759
766
763
765
759
774
767
759
770
758
767
766
769
763
759
770
762
766
767
763
771
758
763
767
767
767
763
758
759
766
759
767
759
767
759
767
766
762
759
767
759
763
767
763
759
767
759
767
759
769
763
763
759
763
766
770
763
759
766
763
766
759
774
763
766
759
767
763
766
759
759
770
767
767
759
759
767
759
763
762
769
758
774
758
759
770
774
759
759
769
767
767
763
758
767
767
771
759
759
758
763
763
762
679
227
1435
1523
815
1271
