1065
1062
1064
1060
1059
1059
1059
1054
1059
1060
1059
1059
1057
1065
1060
1062
1065
1058
1059
1056
1061
1064
1058
1059
1062
1058
1053
1052
1061
1054
1054
1058
1058
1059
1054
1055
1052
1060
1063
1051
1059
1059
1059
1058
1058
1065
1058
1061
1050
1065
1050
1065
1059
1055
1051
1063
1052
1059
1058
1052
1060
1050
1051
1054
1051
1059
1055
1065
1055
1058
1051
1055
1058
1055
1058
1051
1055
1060
1055
1065
1059
1052
1057
1060
1047
1063
1055
1056
1055
1051
1065
1058
1055
1054
1061
1058
1055
1050
1065
1065
1056
1054
1058
1063
1055
1051
1058
1062
1060
1060
1065
1060
1063
1062
1052
1054
1057
1055
1062
1051
1064
1066
1054
1057
1058
1059
1056
1062
1061
1056
1055
1056
1059
1056
1062
1059
1061
1065
1055
1062
1055
1058
1061
1057
1055
1059
1058
1058
1051
1058
1065
1055
1065
1051
1062
1054
1058
1051
1063
1058
1064
1058
1063
1062
1053
1058
1062
1056
1051
1062
1056
1056
1055
1051
1062
1058
1051
1059
1066
1060
1055
1063
1062
1058
1065
1059
1057
1059
1059
1055
1061
1056
1058
1052
1065
1056
1051
1055
1050
1059
1051
1056
1055
1059
1061
1057
1050
1056
1059
1059
1058
1061
1062
1055
1061
1051
1062
1055
1063
1066
1056
1055
1058
1055
1059
1056
1051
1059
1054
1056
1055
1061
1061
1052
1058
1055
1055
1058
1057
1055
1058
1056
1062
1062
1050
1059
1057
1059
1061
1062
1058
1057
1055
1051
1065
1059
1051
1059
1065
1054
1059
1059
1051
1052
1050
1061
1050
1065
1052
1065
1066
1052
1055
1064
1058
1052
1055
1060
1065
1057
1066
1057
1057
1058
1051
1059
1065
1056
1051
1059
1051
1055
1056
1065
1059
1061
1063
1059
1054
1057
1065
1059
1055
1059
1065
1055
1060
1054
1059
1065
1058
1063
1055
1056
1058
1051
1058
1055
1055
1051
1064
1057
1054
1055
1055
1060
1055
1063
1063
1055
1062
1059
1059
1055
1065
1062
1053
1058
1061
1058
1055
1061
1058
1057
1061
1051
1060
1065
1058
1055
1055
1062
1057
1052
1058
1063
1059
1065
1065
1051
1059
1051
1055
1057
1058
1064
1055
1054
1059
1066
1061
1053
1055
1059
1062
1061
1055
1061
1054
1059
1059
1058
1047
1055
1058
1051
1065
1058
1051
1051
1059
1061
1057
1059
1055
1064
1054
1057
1051
1062
1062
1051
1064
1058
1060
1059
1065
1051
1059
1059
1065
1060
1061
1057
1057
1059
1056
1055
1055
1062
1065
1060
1059
1055
1055
1065
1057
1059
1060
1059
1062
1055
1058
1061
1052
1062
1061
1066
1057
1063
1064
1059
1059
1057
1064
1062
1061
1057
1056
1057
1059
1060
1065
1062
1051
1058
1061
1060
1057
1061
1058
1051
1065
1059
1055
1061
1059
1055
1059
1050
1063
1059
1061
1058
1066
1056
1061
1064
1058
1058
1056
1058
1063
1055
1057
1065
1051
1055
1059
1057
1058
1060
1058
1059
1065
1059
1055
1059
1065
1054
1065
1051
1050
1059
1051
1063
1059
1056
1054
1059
1063
1054
1059
1055
1055
1065
1061
1065
1065
1051
1060
1058
1059
1061
1055
1061
1060
1054
1052
1063
1052
1051
1052
1061
1062
1054
1054
1061
1056
1058
1058
1052
1054
1060
1061
1051
1055
1057
1065
1065
1061
1057
1061
1063
1057
1051
1060
1057
1056
1058
1058
1055
1056
1058
1055
1062
1056
1056
1063
1065
1056
1058
1063
1065
1055
1058
1061
1058
1059
1055
1058
1057
1055
1051
1063
1059
1058
1059
1055
1062
1062
1060
1057
1058
1051
1062
1056
1058
1051
1058
1055
1061
1050
1061
1058
1050
1064
1065
1057
1067
1054
1065
1058
1055
1059
1055
1061
1053
889
809
1074
844
940
1062
928
841
873
856
1046
828
917
840
1021
682
780
828
972
828
1064
904
856
1006
968
1067
1059
1053
1055
1055
1055
1057
1055
1053
1061
1063
1057
1054
1061
1059
1055
1056
1064
1057
1052
1051
1057
1055
1058
1056
1064
1056
1056
1065
1055
1059
1066
1061
1061
1062
1055
1054
1063
1057
1047
1055
1063
1054
1061
1057
1059
1059
1052
1055
1059
1059
1058
1063
1051
1061
1058
1054
1065
1058
1054
1057
1051
1056
1061
1062
1054
1055
1055
1065
1059
1064
1057
1055
1057
1055
1058
1055
1064
1062
1065
1051
1061
1057
1057
1065
1054
1057
1059
1059
1051
1065
1059
1059
1059
1051
1055
1055
1065
1063
1057
1047
1057
1058
1063
1050
1051
1065
1058
1057
1060
1065
1055
1055
1062
1060
1064
1058
1054
1065
1058
1058
1060
1063
1066
1064
1057
1056
1059
1059
1062
1062
1054
1062
1056
1062
1059
1057
1060
1055
1054
1060
1061
1060
1055
1055
1051
1051
1059
1061
1061
1065
1053
1054
1051
1065
1062
1055
1055
1059
1051
1057
1065
1059
1055
1065
1062
1050
1053
1051
1050
1061
1057
1059
1065
1053
1056
1065
1058
1051
1055
1067
1056
1056
1055
1058
1055
1058
1063
1053
1059
1053
1057
1055
1059
1060
1050
1050
1058
1057
1055
1060
1060
1055
1052
1055
1062
1059
1059
1059
1058
1055
1060
1059
1058
1056
1063
1059
1059
1064
1058
1050
1058
1061
1069
1054
1062
1051
1062
1054
1055
1050
1061
1059
1065
1058
1054
1063
1059
1061
1057
1065
1051
1051
1055
1063
1059
1059
1050
1064
1064
1059
1058
1058
1055
1065
1057
1061
1054
1060
1052
1058
1051
1055
1065
1061
1055
1054
1054
1058
1051
1057
1065
1061
1051
1059
1058
1057
1050
1052
1056
1050
1060
1061
1060
1065
1052
1058
1064
1059
1058
1058
1061
1054
1062
1061
1062
1055
1051
1055
1058
1060
1062
1064
1061
1061
1060
1051
1062
1059
1059
1051
1066
1059
1054
1057
1058
1054
1053
1061
1061
1054
1059
1058
1061
1059
1059
1061
1055
1058
1059
1060
1055
1057
1059
1062
1055
1050
1059
1065
1051
1059
1059
1055
1059
1059
1059
1051
1055
1058
1054
1058
1057
1055
1062
1051
1061
1061
1059
1055
1055
1061
1061
1059
1061
1051
1058
1057
1054
1057
1056
1053
1055
1056
1061
1065
405
0
1359
931
317
547
