575
579
575
570
582
571
583
575
571
579
575
574
575
587
574
583
583
575
579
583
586
583
583
583
579
210
575
575
575
586
583
499
583
574
575
571
586
583
583
579
579
398
571
583
578
567
583
498
574
575
579
583
575
583
567
579
583
399
586
579
579
583
583
586
575
575
583
575
583
583
586
567
575
582
583
583
583
579
583
403
571
499
583
583
586
499
575
586
579
583
575
578
583
571
579
583
571
583
578
399
583
583
579
2155
583
579
574
579
583
586
583
586
571
575
575
574
585
579
579
586
575
581
585
495
574
579
582
2243
574
583
583
499
579
582
574
307
571
582
574
582
583
399
583
306
575
583
575
491
575
570
567
586
578
586
583
583
579
583
583
571
579
571
575
586
586
583
575
567
582
583
583
583
579
579
579
574
583
586
579
491
579
582
586
579
583
570
575
499
571
578
582
574
567
575
574
586
579
586
578
582
579
582
586
583
571
399
579
583
579
583
583
306
586
583
575
574
575
579
583
578
579
579
578
583
575
575
586
570
571
583
583
575
583
579
579
583
575
578
574
574
583
571
575
574
578
575
571
306
583
583
571
579
571
567
583
495
571
571
578
583
586
583
575
579
583
583
575
574
575
583
583
582
585
583
575
583
587
583
585
575
583
571
571
587
575
583
586
495
579
582
575
583
583
2170
571
574
571
575
575
575
579
579
586
495
583
499
574
583
583
578
575
575
579
582
571
586
582
571
586
571
575
307
585
578
575
579
579
579
583
403
583
579
571
571
583
571
587
583
582
571
583
579
586
403
583
503
571
571
583
579
571
579
574
575
583
578
574
586
575
571
579
586
571
575
575
583
574
583
579
571
574
582
571
583
586
571
579
575
579
578
571
579
575
579
579
579
583
575
574
570
571
579
579
575
579
582
575
583
582
586
586
579
575
582
586
575
586
583
583
582
586
582
586
574
579
574
582
579
575
575
575
579
579
502
582
579
583
491
582
583
578
579
574
211
583
502
575
575
579
2174
579
579
579
578
579
583
583
583
586
579
574
582
575
586
574
579
578
578
575
583
586
583
579
575
578
399
586
583
579
571
575
582
582
579
575
579
579
586
583
583
583
575
571
491
582
578
578
586
586
582
579
574
579
491
583
502
583
578
579
575
583
583
579
579
583
575
586
574
579
579
586
583
574
583
575
586
583
578
579
575
583
579
583
575
583
578
575
583
574
583
575
579
579
586
583
579
575
583
575
582
586
575
583
575
583
579
579
571
583
579
579
579
579
586
571
575
579
579
574
578
571
579
571
574
587
575
571
563
579
578
575
575
583
571
571
571
579
579
575
579
586
583
578
574
575
574
574
571
583
579
583
578
586
579
582
579
567
571
583
583
586
586
575
579
579
575
575
574
583
583
575
582
579
579
579
578
579
575
579
578
574
579
579
579
583
586
583
582
583
579
579
582
586
583
586
575
575
578
583
579
579
583
583
583
575
571
583
583
579
582
575
575
575
583
579
583
579
583
583
575
575
579
575
586
575
583
575
583
583
575
583
575
579
575
583
578
583
586
583
579
575
575
587
579
575
582
583
574
574
586
583
583
567
583
587
579
583
582
583
575
586
578
583
575
571
583
586
575
575
574
579
586
583
571
583
583
579
582
575
579
575
578
583
579
575
583
582
571
579
575
582
585
579
575
578
583
571
579
583
582
586
571
575
583
582
579
586
575
579
583
575
574
575
579
579
579
583
575
575
575
583
575
574
575
575
583
579
579
583
579
579
579
582
579
586
575
579
582
583
583
582
579
583
575
574
579
583
574
578
583
583
583
586
575
583
582
579
571
578
586
583
578
583
570
583
579
571
575
583
586
583
586
575
575
583
583
579
582
574
571
586
586
575
579
583
582
575
579
579
579
575
579
575
583
571
583
583
571
586
575
575
586
582
574
587
583
575
571
582
579
579
582
579
575
579
578
579
579
571
586
583
583
578
583
583
579
577
575
579
583
570
575
579
575
571
583
579
583
586
577
579
578
579
579
578
575
578
578
583
575
575
574
582
586
583
583
586
575
575
579
575
578
582
583
586
579
586
578
574
575
583
578
579
583
586
575
571
583
579
579
571
575
586
567
578
579
575
579
579
586
579
583
567
574
582
579
579
575
571
579
579
575
583
579
579
575
579
575
575
583
583
574
582
583
575
579
575
571
582
575
586
570
579
575
579
571
583
586
583
582
579
571
571
579
575
579
579
583
583
567
579
579
579
571
579
575
574
586
575
583
583
579
583
579
575
583
586
575
579
571
583
586
579
571
586
579
575
575
579
579
579
575
575
583
571
571
574
574
1166
959
563
990
1891
91
