1059
1055
1060
1060
1061
1059
1059
1061
1059
1060
1059
1058
1070
1060
1069
1063
1059
1065
1070
1059
1059
1060
1065
1060
1055
1059
1065
1062
1069
1065
1060
1059
1065
1055
1074
1059
1058
1060
1051
1059
1059
1059
1059
1059
1060
1058
1065
1059
1059
1059
1062
1063
1070
1055
1060
1058
1065
1059
1060
1062
1065
1055
1058
1059
1059
1054
1059
1061
1067
1059
1059
1065
1069
1059
1059
1063
1069
1066
1060
1059
1060
1059
1061
1060
1061
1054
1065
1060
1066
1070
1069
1065
1059
1060
1060
1058
1063
1059
1069
1070
1060
1061
1059
1059
1059
1059
1065
1074
1060
1059
1059
1065
1054
1059
1054
1059
1061
1070
1061
1055
1063
1059
1069
1074
1060
1058
1060
1053
1059
1060
1070
1055
1065
1060
1057
1073
1059
1054
1060
1058
1065
1061
1070
1066
1059
1058
1067
1062
1061
1059
1055
1055
1058
1059
1069
1066
1075
1057
1059
1059
1065
1058
1055
1063
1062
1060
1065
1061
1061
1060
1059
1062
1059
1059
1060
1060
1059
1066
1062
1062
1061
1062
1070
1066
1058
1066
1060
1059
1060
1070
1058
1059
1066
1058
1063
1061
1061
1055
1066
1069
1070
1062
1070
1060
1063
1065
1066
1069
1059
1059
1059
1063
1070
1058
1066
1070
1061
1061
1063
1062
1059
1055
1059
1059
1061
1061
1069
1059
1061
1061
1059
1061
1060
1065
1059
1059
1070
1059
1074
1070
1062
1065
1062
1069
1070
1066
1060
1061
1070
1059
1060
1060
1059
1069
1070
1053
1070
1054
1060
1059
1060
1061
1070
1065
1060
1070
1065
1060
1061
1059
1062
1055
1059
1060
1059
1059
1074
1062
1067
1060
1059
1059
1066
1061
1059
1065
1059
1060
1066
1061
1070
1066
1063
1066
1066
1059
1060
1062
1070
1066
1058
1050
1069
1060
1063
1054
1054
1063
1059
1060
1060
1062
1070
1069
1062
1059
1065
1063
1059
1066
1058
1059
1060
1063
1067
1054
1064
1062
1070
1060
1062
1055
1059
1065
1060
1065
1061
1055
1055
1059
1063
1061
1060
1070
1065
1063
1059
1070
1065
1061
1063
1053
1060
1055
1065
1063
1060
1059
1059
1050
1060
1065
1071
1063
1070
1066
1054
1059
1063
1054
1059
1059
1050
1054
1059
1060
1061
1060
1058
1059
1060
1065
1058
1058
1061
1060
1059
1050
1061
1060
1059
1068
1065
1058
1059
1065
1061
1054
1056
1059
1060
1060
1062
1065
1059
1066
1060
1059
1063
1059
1059
1061
1059
1063
1059
1061
1065
1069
1063
1060
1063
1063
1065
1061
1060
1055
1060
1060
1060
1055
1066
1066
1059
1059
1058
1065
1074
1064
1061
1065
1056
1060
1058
1059
1070
1070
1066
1058
1059
1059
1063
1069
1054
1066
1065
1061
1059
1058
1058
1058
1066
1067
1063
1055
1059
1070
1060
1061
1061
1061
1066
1059
1054
1061
1070
1060
1066
1059
1062
1061
1062
1061
1062
1065
1060
1058
1066
1054
1061
1067
1061
1061
1059
1064
1059
1055
1067
1055
1059
1065
1057
1070
1059
1065
1062
1063
1061
1061
1059
1062
1059
1070
1061
1059
1070
1066
1065
1066
1061
1059
1066
1059
1063
1055
1061
1061
1066
1059
1060
1065
1059
1061
1060
1063
1060
1059
1059
1059
1066
1062
1060
1065
1059
1060
1061
1061
1063
1061
1059
1069
1059
1059
1054
1059
1059
1064
1063
1059
1066
1060
1070
1061
1060
1059
1061
1059
1061
1060
1059
1062
1066
1065
1061
1063
1059
1059
1066
1061
1059
1059
1070
1070
1060
1061
1062
1060
1061
1061
1060
1064
1066
1055
1074
1059
1060
1065
1061
1067
1062
1061
1059
1073
1062
1065
1061
1058
1063
1061
1062
1063
1059
1061
1066
1059
1064
1062
1055
1062
1061
1063
1062
1059
1060
1059
1065
1059
1061
1055
1070
1055
1060
1059
1059
1059
1070
1060
1066
1066
1058
1065
1061
1061
1059
1060
1060
1061
1059
1059
1063
1061
1071
1060
1058
1063
1059
1058
1061
1059
1061
1058
1061
1063
1060
1061
1069
1059
1060
1067
1065
1059
1062
1065
1059
1055
1060
1063
1059
1055
1063
1058
1060
1066
1069
1059
1060
1055
1066
1055
1074
1058
1060
1061
1060
1067
1054
1069
1070
1059
1061
1066
1054
1069
1060
1067
1069
1061
1060
1059
1062
1059
1059
1066
1061
1059
1060
1059
1062
1058
1070
1061
1061
1070
1069
1074
1057
1059
1059
1057
1058
1059
1063
1067
1061
1061
1066
1065
1060
1050
1057
1059
1061
1059
1059
1058
1061
1069
1066
1061
1063
1058
1061
1074
1066
1055
1059
1074
1059
1073
1061
1059
1066
1063
1057
1059
1059
1054
1054
1059
1060
1055
1061
1059
1059
1058
1059
1074
1059
1067
1063
1060
1059
1054
1070
1070
1054
1061
1074
1063
1061
1065
1060
1061
1065
1059
1071
1060
1070
1059
1059
1059
1063
1058
1065
1059
1066
1062
1060
1061
1059
1059
1063
1066
1062
1070
1063
1066
1059
1058
1060
1061
1063
1059
1065
1059
1063
1063
1066
1066
1054
1066
1074
1060
1059
1060
1059
1065
1059
1063
1060
1059
1059
1064
1060
1062
1059
1059
1062
1061
1058
1059
1059
1058
1065
1059
1058
1065
1059
1059
1070
1058
1059
1060
1060
1060
1060
1065
1059
1070
1069
1063
1059
1055
1074
1060
1073
1059
1059
1062
1074
1067
1061
1063
1063
1058
1065
1062
1064
1060
1061
1065
1065
1060
1069
1061
1054
1058
1065
1058
1070
1060
1069
1060
1067
1059
1061
1065
1059
1059
1060
1074
1061
1064
1054
1059
1063
1065
1069
1059
1059
1059
1054
1059
1064
1069
1059
1059
1069
1058
1058
1059
1060
1066
1066
1059
1059
1066
1061
1063
1059
1060
1055
1060
1065
1059
1065
1060
1061
1069
1059
1059
1060
1060
1059
1062
1061
1059
1061
1058
1060
1065
1058
1061
1054
1059
1062
1060
1059
1060
1060
1062
1066
1061
1059
1066
1066
1055
1059
1054
1055
1060
1059
1059
1061
1066
1061
1058
1064
1051
1065
1065
1059
1066
1060
1059
1065
1059
1059
1059
1061
1065
1063
1059
1065
1062
1065
1061
1059
1059
1054
1058
1065
1059
1059
1066
1059
1059
1060
1059
1714
2119
766
1187
1794
1571
