896
891
887
893
895
895
890
889
882
897
891
895
889
883
891
901
883
897
891
895
887
891
897
882
882
895
895
889
895
889
890
890
887
891
895
886
891
890
895
891
899
890
882
891
890
891
882
890
896
893
889
891
890
886
891
882
890
890
882
882
891
883
891
889
881
887
887
890
895
889
891
883
889
893
881
882
887
891
890
897
887
891
888
886
886
888
882
883
892
887
891
895
891
891
882
889
893
890
890
886
885
895
883
884
896
895
883
893
889
883
891
894
883
889
885
897
882
897
893
891
895
882
890
892
891
893
891
886
895
890
886
891
889
887
891
892
893
882
895
891
890
891
891
886
882
895
889
883
890
891
887
891
887
892
893
886
891
882
891
895
886
897
887
883
883
890
882
887
887
883
882
895
891
895
891
890
882
882
893
893
892
891
887
897
895
889
883
897
887
895
890
889
887
889
887
887
883
882
891
882
891
888
894
891
886
882
881
897
890
890
887
881
883
891
892
893
882
897
883
890
889
890
887
895
887
887
889
895
889
887
889
887
895
891
882
881
891
891
891
895
896
895
883
889
883
883
886
886
890
889
900
890
882
891
895
887
883
883
882
885
889
891
893
897
882
895
890
883
889
887
882
895
893
890
897
886
887
883
886
893
895
895
887
887
891
882
895
898
886
886
886
883
886
893
886
895
883
897
887
891
890
897
887
883
895
893
897
893
897
895
883
895
890
883
889
895
887
890
882
891
889
890
892
883
882
896
891
882
883
895
883
896
895
889
892
895
895
890
897
886
883
886
897
886
891
896
886
893
891
889
883
891
882
892
890
897
894
883
889
895
883
893
901
890
883
893
883
891
899
891
895
883
896
895
891
897
887
891
884
895
891
901
895
889
891
891
882
891
882
882
891
891
891
887
901
895
896
883
886
882
883
883
890
891
887
889
891
893
895
882
891
893
890
885
891
891
891
889
882
889
897
896
895
892
897
882
897
901
891
892
901
897
882
895
888
886
883
891
895
895
883
883
883
882
891
892
881
887
883
891
887
891
897
895
893
886
895
892
893
892
893
889
895
887
887
886
890
890
882
894
886
883
891
893
897
891
893
893
882
883
891
891
890
897
887
889
891
881
889
882
890
897
883
883
887
891
887
885
883
882
883
886
883
886
883
891
891
882
882
882
881
889
896
886
891
886
882
892
886
896
887
886
885
882
886
883
887
891
891
886
891
887
892
882
887
892
887
895
891
887
894
895
895
893
887
895
885
891
892
883
895
889
887
890
889
882
891
892
895
889
891
882
883
887
897
893
893
882
890
891
891
896
893
889
890
882
895
883
893
888
895
887
882
889
893
882
889
882
893
891
886
883
891
882
893
891
882
895
889
889
883
887
889
887
891
882
887
895
883
882
891
895
887
891
887
881
882
887
883
881
883
883
901
882
889
886
890
883
883
887
887
891
881
891
895
885
890
886
887
897
893
891
891
885
891
890
883
889
887
895
891
889
889
882
895
891
889
894
890
895
891
885
885
890
887
894
887
890
895
897
897
895
886
887
891
891
889
897
900
889
881
883
893
897
889
892
889
882
882
895
897
893
883
891
886
891
883
891
890
882
886
895
885
897
896
890
893
883
899
887
891
886
883
885
893
887
893
886
893
887
885
890
883
895
883
893
895
889
890
891
895
887
894
889
895
889
886
882
889
895
895
881
891
891
883
882
887
894
892
882
891
889
895
882
889
898
887
891
889
887
889
887
887
882
887
885
893
897
883
888
889
895
891
891
892
897
899
882
897
889
895
891
891
883
891
887
890
893
887
891
891
887
889
890
883
895
883
882
895
891
889
887
883
890
885
890
887
893
882
897
886
887
882
887
883
887
893
883
887
889
891
895
883
882
891
900
890
887
886
897
889
882
887
891
891
887
890
899
895
890
895
882
893
883
883
882
887
893
896
893
883
891
887
893
897
889
893
889
890
889
899
883
887
887
891
891
893
893
883
899
896
894
890
883
891
886
883
891
883
894
892
895
897
889
890
891
894
890
893
886
887
882
895
891
897
886
889
886
898
883
891
886
882
883
882
891
890
896
882
883
887
886
889
891
887
883
890
882
882
889
891
886
883
891
888
899
882
883
883
893
890
893
890
893
889
882
887
886
887
886
883
895
887
883
890
889
890
899
895
897
891
886
883
895
886
895
901
889
889
881
882
887
883
896
891
895
883
891
889
887
901
889
895
900
891
887
882
887
883
895
882
887
891
897
896
886
881
897
895
891
882
895
886
882
887
891
882
897
883
895
896
887
892
883
883
889
883
893
882
886
886
893
893
899
891
891
887
894
343
885
499
41
1781
591
