1058
1066
1055
1055
1063
1059
1063
1065
1063
1055
1055
1063
1058
1066
1065
1055
1065
1055
1066
1066
1055
1063
1063
1063
1059
1055
1066
1065
1066
1059
1066
1063
1059
1055
1066
1054
1062
1054
1058
1062
1051
1055
1063
1055
1067
1063
1063
1059
1063
1062
1065
1063
1066
1063
1063
1054
1065
1055
1059
1067
1065
1062
1055
1065
1054
1063
1058
1066
1065
1057
1063
1063
1061
1063
1065
1059
1055
1051
1065
1065
1059
1066
1059
1054
1055
1067
1063
1063
1062
1054
1055
1065
1054
1065
1070
1054
1066
1065
1059
1055
1065
1065
1059
1063
1062
1055
1063
1063
1066
1055
1059
1059
1063
1071
1053
1054
1066
1061
1062
1058
1059
1059
1066
1053
1062
1063
1065
1066
1063
1059
1065
1066
1066
1059
1062
1063
1067
1061
1061
1062
1055
1059
1059
1063
1062
1058
1055
1055
1066
1055
1065
1059
1065
1066
1066
1059
1063
1065
1057
1059
1059
1066
1066
1065
1065
1065
1062
1065
1062
1067
1059
1059
1059
1065
1065
1065
1065
1066
1065
1059
1055
1062
1067
1059
1065
1055
1059
1055
1063
1054
1055
1054
1055
1055
1063
1059
1055
1055
1067
1065
1063
1054
1066
1063
1059
1065
1066
1065
1055
1063
1065
1055
1055
1065
1059
1059
1058
1065
1065
1055
1065
1062
1059
1063
1066
1050
1066
1062
1061
1065
1063
1066
1065
1065
1055
1062
1059
1063
1058
1055
1055
1059
1067
1063
1055
1059
1059
1055
1055
1055
1062
1061
1062
1055
1059
1066
1055
1063
1063
1065
1066
1061
1063
1059
1053
1065
1063
1059
1054
1059
1065
1059
1066
1066
1055
1063
1059
1063
1063
1055
1055
1055
1055
1055
1065
1062
1055
1059
1066
1063
1059
1063
1058
1062
1059
1063
1065
1051
1059
1066
1055
1066
1066
1059
1063
1065
1055
1063
1065
1062
1066
1066
1062
1062
1055
1059
1059
1062
1061
1065
1065
1055
1065
1065
1063
1065
1065
1059
1066
1066
1053
1074
1059
1058
1059
1065
1050
1059
1065
1059
1061
1059
1054
1063
1063
1055
1055
1065
1058
1063
1055
1065
1059
1058
1063
1058
1066
1055
1065
1062
1059
1055
1062
1058
1059
1063
1062
1059
1062
1065
1059
1065
1065
1066
1067
1063
1055
1062
1059
1065
1059
1065
1065
1065
1063
1065
1055
1061
1063
1059
1059
1055
1059
1065
1062
1066
1059
1058
1063
1059
1063
1062
1067
1063
1065
1065
1065
1065
1062
1063
1059
1063
1065
1055
1054
1055
1066
1063
1065
1065
1063
1055
1055
1063
1066
1063
1063
1055
1061
1058
1055
1059
1059
1062
1059
1063
1054
1063
1058
1066
1063
1059
1063
1063
1059
1066
1065
1065
1070
1062
1065
1063
1054
1063
1066
1059
1065
1067
1058
1055
1063
1055
1055
1057
1066
1063
1059
1065
1054
1066
1065
1065
1065
1059
1055
1063
1063
1055
1059
1055
1055
1065
1070
1066
1062
1055
1055
1059
1065
1065
1062
1063
1061
1065
1063
1057
1055
1065
1059
1059
1066
1055
1047
1063
1071
1065
1059
1055
1055
1059
1054
1061
1051
1058
1055
1059
1058
1063
1062
1063
1065
1059
1066
1065
1055
1063
1065
1059
1062
1070
1061
1055
1059
1055
1062
1059
1058
1059
1054
1063
1065
1051
1062
1061
1063
1059
1059
1063
1063
1055
1059
1059
1063
1059
1057
1061
1054
1063
1059
1066
1063
1059
1055
1055
1065
1062
1062
1059
1066
1063
1061
1058
1055
1065
1055
1063
1055
1059
1059
1058
1066
1065
1061
1067
1063
1054
1059
1061
1065
1051
1051
1061
1058
1061
1062
1059
1061
1055
1059
1066
1063
1055
1059
1059
1059
1069
1066
1067
1066
1063
1070
1065
1059
1059
1061
1063
1070
1065
962
951
1165
1051
985
1105
1219
1069
1090
1007
1231
1025
1213
1253
1247
981
1185
1006
937
982
1105
1065
1087
1166
1127
1058
1055
1067
1061
1061
1069
1062
1067
1065
1055
1058
1063
1070
1067
1055
1061
1059
1065
1063
1063
1059
1059
1063
1058
1066
1057
1067
1051
1070
1063
1065
1070
1063
1059
1063
1063
1058
1058
1063
1063
1055
1059
1066
1065
1059
1065
1063
1055
1055
1061
1063
1055
1066
1065
1059
1059
1059
1063
1066
1062
1065
1055
1063
1061
1062
1062
1059
1058
1055
1063
1054
1065
1063
1059
1059
1065
1054
1061
1063
1065
1062
1062
1066
1066
1059
1058
1066
1053
1059
1063
1066
1054
1059
1063
1063
1061
1066
1066
1055
1055
1055
1063
1059
1066
1059
1059
1059
1063
1063
1058
1058
1054
1058
1055
1062
1071
1065
1059
1065
1065
1065
1063
1065
1059
1065
1065
1063
1059
1066
1065
1055
1062
1058
1055
1054
1058
1062
1059
1065
1063
1059
1065
1065
1055
1059
1065
1054
1059
1062
1059
1063
1062
1062
1055
1063
1067
1065
1063
1059
1061
1055
1058
1059
1067
1065
1063
1062
1059
1065
1058
1059
1059
1065
1059
1066
1065
1055
1059
1066
1059
1066
1063
1063
1066
1063
1067
1066
1063
1063
1065
1065
1066
1059
1065
1065
1059
1065
1059
1065
1063
1063
1065
1063
1055
1059
1055
1065
1063
1059
1062
1059
1065
1059
1059
1055
1062
1065
1065
1054
1066
1065
1055
1063
1054
1055
1061
1059
1066
1059
1054
1059
1065
1062
1051
1054
1059
1059
1065
1065
1061
1062
1059
1059
1063
1055
1066
1063
1059
1059
1065
1065
1066
1065
1054
1059
1065
1065
1061
1063
1059
1062
1063
1059
1066
1054
1055
1065
1059
1059
1059
1065
1066
1063
1065
1061
1057
1055
1059
1058
1063
1066
1061
1066
1059
1063
1057
1065
1065
1063
1065
1063
1062
1059
1055
1057
1065
1055
1063
1059
1065
1055
1054
1063
1062
1063
1065
1059
1065
1063
1058
1058
1063
1059
1063
1059
1059
1065
1063
1065
1054
1065
1055
1063
1059
1066
1055
1065
1055
1057
1066
1063
1063
1066
1063
1059
1065
1059
1055
1063
1063
1059
1066
1063
1066
1059
1065
1063
1062
1059
1063
1059
1059
1055
1066
1063
1054
1065
1055
1065
1059
1063
1059
1062
1059
1058
1055
1066
1059
1057
1066
1067
1059
1065
1063
1065
381
0
870
2010
1382
846
