331
600
487
582
413
718
366
552
289
608
263
423
529
611
310
522
373
371
461
582
413
475
404
571
345
587
314
609
475
659
335
576
449
697
353
465
354
442
284
622
457
771
521
663
396
602
369
438
477
496
319
615
482
434
327
593
321
671
464
487
299
654
461
627
399
657
377
590
521
507
394
477
391
737
421
571
327
602
462
567
310
590
468
595
495
518
430
607
335
551
501
438
554
626
369
607
347
554
279
502
320
554
370
524
426
514
459
607
241
527
511
559
349
569
437
534
654
587
395
693
470
509
391
691
354
665
504
629
426
468
454
527
419
431
378
563
345
602
299
619
479
599
534
579
416
590
371
610
468
595
521
591
379
579
362
485
369
636
403
566
459
573
559
523
303
676
539
522
247
575
286
540
523
510
415
541
513
561
469
562
337
595
167
662
417
631
383
543
327
591
333
611
378
597
243
456
360
553
307
525
327
590
299
620
262
561
372
479
286
681
299
693
406
660
471
595
490
581
341
526
320
659
405
701
311
601
432
534
486
571
338
647
316
542
321
711
473
506
417
607
370
527
423
642
334
572
477
585
247
592
387
493
225
598
385
640
425
475
383
615
261
529
410
614
257
710
369
598
447
587
525
631
418
551
365
541
461
629
301
450
409
533
515
600
485
519
519
607
532
572
402
603
340
775
314
531
433
579
446
644
358
665
342
643
189
550
344
522
354
622
434
671
470
499
335
627
315
653
350
545
452
633
440
669
289
560
431
738
267
525
420
711
411
678
407
646
400
673
375
617
263
465
357
495
281
491
417
624
415
596
481
555
292
630
334
551
398
527
365
649
285
681
261
499
286
681
353
491
370
586
425
634
406
727
407
735
439
487
442
550
342
661
383
477
397
529
497
702
347
721
345
356
208
483
393
614
485
731
213
778
416
624
538
664
338
556
319
538
258
529
370
630
382
498
387
663
411
629
201
577
389
627
372
706
328
551
343
553
359
532
445
655
432
653
490
522
425
686
387
618
459
576
330
585
389
636
337
647
342
630
287
675
374
500
428
583
303
590
377
664
375
492
462
725
380
551
333
371
358
634
458
553
341
574
354
618
325
604
462
677
475
625
454
609
487
417
408
606
530
579
297
631
346
570
267
483
337
587
107
320
159
324
74
543
251
431
287
597
267
519
345
324
273
473
419
471
313
512
354
223
506
317
293
487
315
301
327
465
481
342
359
467
405
485
402
496
333
487
353
265
433
343
412
341
431
357
611
380
412
381
451
260
315
351
530
323
361
374
390
386
309
272
397
418
306
292
357
367
497
407
360
414
468
318
343
427
310
279
578
289
365
459
376
332
375
355
519
309
307
396
345
354
289
471
465
391
327
359
263
330
222
351
377
399
336
509
301
273
442
291
433
343
476
445
327
296
300
218
437
327
427
323
302
417
425
350
344
291
461
493
469
247
406
215
389
343
163
333
425
312
327
363
561
430
417
317
297
491
361
365
483
376
455
312
319
325
429
370
527
307
459
395
388
436
340
286
333
378
271
305
297
461
351
438
379
233
439
446
423
472
500
419
177
307
403
422
396
515
466
283
354
371
389
409
360
353
327
217
350
423
357
371
445
229
536
318
350
454
435
383
433
304
430
597
274
411
499
315
395
260
422
327
443
385
397
363
353
250
425
422
345
313
328
299
273
379
425
279
351
463
367
443
403
382
309
187
318
345
451
537
347
425
502
390
372
235
416
450
380
399
358
412
203
311
439
433
455
337
401
359
363
379
383
390
215
319
420
270
343
478
346
335
379
320
363
318
398
353
591
311
458
211
303
294
277
383
296
225
394
228
358
356
534
311
358
366
403
303
363
425
425
324
313
243
331
495
437
354
403
383
325
298
344
353
478
391
335
347
392
333
384
211
357
371
330
375
238
281
227
298
229
383
312
297
363
251
342
387
403
140
363
226
341
409
324
391
292
435
380
279
334
421
262
341
423
338
421
337
427
288
319
267
348
449
346
217
250
291
350
354
365
381
361
283
501
350
309
378
423
207
371
358
336
358
318
392
330
362
379
307
466
307
212
342
459
296
386
363
315
415
292
221
323
355
373
475
399
349
231
243
467
439
310
400
362
359
263
497
390
539
423
311
376
389
322
267
386
367
293
307
286
289
436
357
385
313
482
245
425
494
430
237
317
183
378
335
369
462
373
316
522
430
307
344
411
201
144
279
347
327
285
437
307
209
445
310
310
405
403
296
261
361
448
334
417
291
353
409
422
279
358
317
231
442
403
359
499
299
321
389
418
319
407
382
341
212
271
371
426
414
375
323
269
289
155
253
361
330
134
322
203
322
334
576
