357
559
507
647
379
626
406
655
375
619
418
527
446
639
431
683
461
771
450
766
391
815
498
474
399
691
485
557
387
545
427
773
414
670
437
799
482
619
518
663
585
639
398
723
499
570
463
591
447
603
447
544
381
651
475
496
448
710
555
655
286
591
447
730
507
723
518
692
495
633
471
663
430
599
351
627
535
694
491
773
423
590
479
614
338
872
644
669
537
541
543
795
427
615
461
733
321
581
415
507
614
619
582
589
503
542
391
763
399
765
619
556
465
671
557
579
603
689
381
491
418
663
566
653
543
769
375
719
450
631
362
827
579
678
577
721
419
730
507
707
494
772
541
622
430
699
523
686
493
513
523
709
555
626
550
627
510
682
394
621
481
633
542
712
531
707
386
709
445
693
419
619
563
665
497
675
486
615
563
770
377
670
515
683
496
662
450
773
522
599
365
631
618
563
545
609
531
692
375
693
523
594
319
727
591
783
431
640
401
535
411
693
458
690
546
607
645
591
371
590
263
567
446
726
495
590
371
699
334
634
501
586
435
710
413
704
505
655
551
639
579
673
522
684
499
799
461
645
443
689
509
610
357
806
486
614
386
695
467
665
387
578
378
549
329
576
321
631
495
694
355
799
498
711
595
703
521
651
458
645
474
831
427
637
466
503
299
725
342
813
363
743
513
717
469
703
479
697
550
563
648
531
517
607
451
583
482
640
594
669
347
739
562
635
441
746
347
659
465
837
507
751
579
730
445
719
503
637
515
791
375
659
367
761
404
766
427
555
378
658
611
643
309
586
446
703
363
635
533
655
552
689
517
711
410
541
557
715
543
591
422
731
623
698
479
582
399
627
531
683
431
649
450
666
587
656
487
545
419
647
449
643
303
593
512
611
494
708
449
505
555
691
439
675
286
749
351
690
407
649
423
626
602
673
518
671
499
665
428
661
507
591
470
589
403
667
497
629
475
707
422
682
427
692
325
657
553
743
415
543
511
763
467
594
512
670
458
759
422
675
359
623
319
643
311
689
379
601
377
643
629
763
525
519
435
670
543
667
406
642
375
484
514
739
558
678
549
687
587
583
412
703
523
679
467
679
382
735
451
671
514
723
450
511
566
711
531
582
341
723
417
712
470
595
431
679
502
407
207
469
0
370
223
622
395
673
349
549
463
741
379
579
467
347
466
419
411
398
370
427
415
349
526
369
455
586
377
447
451
565
449
387
522
587
473
395
403
529
547
303
348
403
525
265
426
299
531
315
482
375
309
423
408
453
353
396
475
373
497
319
462
405
482
413
510
414
429
385
281
486
474
162
566
401
387
319
385
547
471
388
523
461
399
323
403
479
415
503
570
398
455
283
499
355
409
489
413
474
554
331
409
339
407
463
195
333
339
395
439
579
381
369
339
387
381
359
303
387
322
530
534
390
466
422
374
458
458
350
386
458
358
438
470
306
442
474
390
450
394
346
562
366
570
358
347
310
405
258
443
317
490
424
375
303
331
423
653
313
395
397
350
438
394
455
391
267
397
277
434
391
379
387
370
317
523
463
563
354
221
357
373
383
478
501
410
410
538
398
503
458
547
419
373
389
315
278
510
417
498
313
397
367
211
479
418
407
234
426
278
447
426
421
395
547
435
498
401
355
442
328
379
426
383
351
451
371
459
482
463
414
274
373
443
343
437
467
211
467
423
300
501
430
362
382
402
517
433
461
571
369
362
335
367
334
390
270
267
347
355
358
352
271
513
302
493
477
443
322
535
251
431
570
439
527
411
637
313
363
263
363
463
319
470
470
439
387
398
419
282
431
421
349
294
374
501
419
431
499
553
247
474
360
530
397
546
465
521
427
395
382
523
353
314
454
390
207
563
435
490
306
379
306
447
515
409
545
391
306
311
511
359
283
323
462
421
319
551
511
447
377
310
485
490
419
474
322
362
514
325
463
378
477
489
322
455
461
413
327
455
306
314
303
410
358
494
455
287
305
476
313
438
347
497
433
453
601
483
422
509
339
431
495
483
405
459
406
495
361
372
350
493
491
355
515
507
190
434
465
495
445
365
383
431
485
429
561
335
403
407
439
469
503
487
381
537
484
366
336
349
470
451
359
231
431
441
333
528
331
454
507
474
461
383
376
415
430
361
337
401
437
358
459
451
502
459
398
498
427
406
395
419
335
456
437
387
388
411
585
367
355
363
493
567
459
473
375
402
545
310
475
442
399
507
465
393
309
443
543
527
539
466
418
399
461
427
443
502
453
418
430
367
359
547
410
581
255
509
382
457
315
297
320
459
403
391
337
445
467
499
378
293
210
299
398
422
378
363
339
425
337
306
341
451
635
