467
410
279
390
158
727
418
539
159
551
191
371
327
483
369
423
298
407
235
603
343
575
294
554
279
435
411
541
311
463
343
546
359
558
499
507
358
502
355
471
323
551
390
471
230
423
335
591
311
571
310
675
335
570
415
503
243
542
170
510
307
486
391
530
402
583
375
591
403
490
487
493
319
643
311
486
301
611
263
446
487
487
195
463
367
563
377
623
357
531
295
567
443
506
399
475
299
518
319
457
295
459
375
515
534
547
519
531
450
479
295
631
307
611
211
643
427
498
374
451
442
518
303
543
287
591
263
703
227
629
335
562
307
398
415
427
354
406
218
575
311
679
475
475
271
439
251
714
351
511
403
571
343
635
251
539
431
631
363
459
390
455
379
607
479
491
381
443
278
503
371
655
430
469
302
339
385
427
382
562
463
611
339
451
255
431
275
563
407
603
351
663
362
579
247
526
385
559
327
577
147
399
303
433
271
575
319
531
503
506
267
497
379
450
255
539
403
618
319
662
287
514
363
550
331
543
335
294
382
543
407
418
187
515
327
455
219
370
371
590
291
535
338
514
294
543
231
430
167
539
299
434
283
395
295
629
186
470
474
447
383
431
235
395
315
511
331
407
375
631
343
486
323
467
362
586
459
610
387
543
303
551
414
483
403
467
234
402
374
483
263
535
351
567
346
579
310
427
291
591
371
487
323
503
334
609
218
459
355
527
415
511
395
530
291
619
459
538
439
555
330
514
339
438
250
499
267
338
335
546
447
583
195
522
387
446
367
527
335
447
367
487
415
514
230
495
278
499
507
411
446
534
382
378
331
443
334
478
395
511
335
543
427
306
291
563
462
469
346
619
375
651
295
559
423
682
315
423
354
543
235
431
466
607
235
631
313
603
427
615
350
587
391
559
351
530
343
571
343
579
443
511
385
439
407
503
214
510
475
586
255
670
378
594
518
551
378
502
447
403
335
599
299
555
351
519
335
451
227
459
450
451
463
523
255
458
387
583
247
459
379
523
358
527
523
539
386
511
335
627
311
650
423
479
379
431
407
550
279
507
330
483
314
499
331
459
358
455
215
403
295
598
259
563
343
539
279
535
347
503
395
526
431
571
383
439
215
431
383
467
349
474
215
411
339
551
386
287
63
303
2
191
195
511
322
439
311
455
203
581
143
331
303
263
331
238
298
138
331
242
265
374
199
315
411
307
278
286
203
295
347
331
318
298
351
194
179
319
343
235
367
431
479
295
295
350
371
259
299
367
227
290
443
366
439
359
195
311
323
191
355
315
187
391
467
383
319
343
355
445
283
278
211
315
446
282
383
286
246
203
303
290
339
331
335
383
303
370
443
291
294
391
398
259
271
210
219
251
231
319
255
326
415
291
413
335
350
315
283
187
239
359
339
251
327
427
370
367
311
271
295
323
94
315
247
415
231
249
307
303
367
330
386
290
375
219
291
203
311
315
326
395
415
279
306
339
507
287
462
307
407
247
398
483
219
366
479
318
275
347
446
230
327
210
346
359
386
419
491
287
215
251
354
447
394
307
351
287
327
306
219
147
307
251
283
390
370
227
314
371
243
359
203
227
287
243
251
239
390
259
203
359
351
157
367
246
291
294
267
235
427
355
331
166
279
251
319
159
187
207
343
367
191
311
315
151
134
418
419
275
183
327
378
531
202
306
271
274
239
307
307
399
319
326
307
379
187
319
327
271
310
347
447
287
307
287
391
407
379
251
470
386
159
159
333
325
310
423
258
343
358
318
222
259
331
195
354
262
295
79
267
314
343
359
223
322
387
326
451
503
191
191
363
351
430
23
291
210
339
135
454
215
315
279
407
379
246
291
346
286
311
371
275
383
291
403
459
251
291
246
395
315
367
294
183
135
243
114
275
271
282
343
331
283
270
386
282
327
359
254
346
219
131
234
295
347
239
170
275
207
455
243
243
243
241
319
263
274
323
183
391
331
231
274
223
351
335
303
263
282
363
247
347
354
299
267
270
155
195
399
447
362
383
306
167
339
443
250
283
274
251
239
223
383
362
263
287
251
303
319
391
487
379
275
311
379
279
315
231
367
418
243
279
227
327
302
171
243
314
278
222
303
282
267
327
303
235
313
343
231
243
327
387
363
199
283
259
307
419
262
271
291
303
327
355
251
411
298
226
355
214
297
382
355
379
251
291
167
359
375
327
315
431
287
189
310
267
337
283
239
295
234
474
359
282
435
294
351
218
247
283
279
391
383
171
343
374
251
167
386
287
371
307
265
331
375
403
339
362
254
226
387
223
259
315
407
407
335
398
266
270
303
346
202
319
239
251
163
287
342
379
374
267
562
