241
633
359
560
331
543
285
571
335
387
467
424
394
475
322
529
443
656
299
454
298
585
345
403
287
530
303
528
371
457
273
525
425
640
401
521
420
521
520
529
431
535
499
333
361
504
433
497
340
477
347
553
389
562
372
539
299
462
300
474
390
538
384
566
427
553
421
571
230
401
257
643
249
529
383
607
357
512
378
677
245
354
451
538
393
439
261
487
295
568
204
531
307
590
266
600
302
608
262
606
271
464
373
445
413
539
324
420
257
311
375
445
361
625
508
653
341
474
306
569
344
599
315
514
363
378
353
566
481
492
383
498
141
572
322
571
297
520
255
555
267
579
261
589
287
475
165
495
355
404
337
435
295
515
399
618
412
634
318
460
488
656
404
524
319
427
443
614
288
590
299
429
330
465
337
546
428
466
410
558
280
475
459
582
287
600
309
454
355
365
312
584
438
462
367
603
241
498
360
567
288
565
383
610
237
508
391
510
409
495
339
555
289
518
274
577
315
478
211
539
482
526
314
536
361
515
311
430
316
673
299
507
298
386
413
437
259
536
359
486
355
657
319
563
339
607
353
491
389
479
305
475
379
571
295
685
173
624
421
584
455
465
282
482
301
533
473
445
387
593
245
547
327
397
362
625
327
703
327
465
177
507
332
467
379
531
345
491
352
577
380
414
457
535
359
581
277
393
253
472
258
579
442
684
308
381
475
726
514
666
362
639
527
592
367
534
342
487
356
523
278
625
249
467
329
539
253
569
307
609
378
587
395
542
379
658
245
539
314
592
462
465
206
539
414
441
437
474
319
433
387
671
409
533
458
639
443
407
397
584
287
476
302
568
308
551
345
483
268
632
409
663
251
378
360
583
283
516
377
441
381
479
374
585
297
586
243
540
217
306
376
513
355
478
421
635
319
487
402
498
327
661
362
469
207
467
318
586
330
523
439
415
325
554
383
486
251
546
304
661
391
593
337
608
486
560
357
562
326
483
469
443
470
683
288
544
450
500
431
686
409
607
345
643
263
485
393
508
346
560
345
542
257
428
282
515
310
642
261
598
442
570
232
578
287
555
375
527
382
619
403
533
394
447
431
425
357
601
375
676
350
786
339
591
391
531
357
588
322
635
290
485
364
494
325
439
341
437
99
387
17
319
206
602
398
664
130
442
365
493
371
270
322
319
354
416
413
357
295
351
289
405
218
259
263
425
291
201
369
431
363
291
418
391
327
287
395
323
303
245
316
270
371
318
335
291
391
303
288
373
436
374
197
247
301
401
328
369
327
303
366
283
311
308
433
266
319
310
268
206
370
358
246
333
335
274
305
320
369
153
342
344
373
281
414
336
498
307
351
295
279
314
383
353
311
335
205
303
300
396
344
274
390
261
666
390
309
194
271
359
342
299
293
429
379
259
331
196
319
181
378
317
242
326
436
349
378
162
328
373
201
394
405
273
435
319
144
367
414
387
321
329
221
282
321
330
324
403
423
247
344
370
411
281
483
222
453
229
359
235
343
301
154
241
325
345
332
349
365
373
369
249
406
262
426
320
268
475
330
285
288
274
375
437
381
384
455
369
486
203
293
403
302
315
370
323
326
291
419
189
391
245
323
351
381
472
419
204
315
345
269
184
347
411
279
367
341
307
362
156
265
306
377
223
388
266
280
166
325
298
303
304
296
337
290
276
347
287
348
431
313
230
401
454
366
247
252
391
369
346
305
263
351
207
179
326
337
288
307
251
323
164
396
154
322
325
398
302
446
361
347
334
388
255
325
183
247
285
402
317
319
513
309
254
391
271
185
345
283
335
159
431
210
324
235
311
420
387
250
355
289
356
416
227
270
420
337
267
278
353
159
325
346
349
189
415
384
298
319
261
273
374
334
138
461
315
462
372
435
301
485
232
287
208
343
329
339
321
334
303
319
279
350
278
403
276
379
330
455
311
329
317
329
234
216
333
278
252
325
325
275
295
369
309
299
210
315
218
319
301
382
324
235
279
259
275
433
364
308
289
398
335
347
341
431
203
230
249
282
366
327
197
293
363
355
376
273
392
397
328
315
279
338
303
201
363
258
287
442
302
284
397
339
278
400
370
337
319
421
286
175
338
367
267
377
462
295
285
339
290
339
479
308
325
287
191
354
242
311
322
315
279
262
356
261
275
319
247
286
434
266
137
298
286
381
337
282
251
373
266
444
418
336
370
417
233
267
350
340
312
443
359
498
343
238
382
249
327
263
379
199
246
382
416
306
379
299
301
379
337
493
423
318
321
269
158
417
323
215
277
382
317
229
196
211
358
302
210
367
356
314
229
154
258
403
490
255
126
295
263
269
125
249
358
