331
334
287
432
257
410
266
508
163
517
307
415
225
399
165
463
283
559
310
544
82
433
245
577
251
493
231
619
185
442
330
535
223
483
250
506
217
459
360
371
247
491
308
465
194
404
238
464
244
338
319
505
335
475
246
552
340
387
221
387
229
457
308
389
348
542
395
583
253
475
318
481
263
433
291
501
321
539
258
539
296
369
213
510
178
522
235
483
243
406
291
603
244
514
267
537
231
463
288
534
257
428
326
462
249
417
457
471
158
612
246
393
169
468
297
506
321
379
269
402
181
492
159
541
232
408
265
579
303
531
261
367
317
379
278
393
107
479
178
453
295
383
334
550
209
454
405
407
227
545
251
335
255
574
428
405
355
484
328
471
321
551
307
407
291
566
331
403
223
528
250
478
177
585
295
378
447
585
371
487
283
483
318
395
261
431
385
428
191
443
305
469
339
663
302
503
378
371
242
419
323
343
333
356
265
388
251
350
185
531
247
507
297
475
162
387
375
523
310
443
242
489
350
621
297
483
243
479
195
474
172
430
207
389
312
559
303
413
186
635
315
477
256
429
291
458
277
429
230
311
214
466
229
379
347
538
351
534
303
481
279
424
299
550
324
553
407
429
329
383
259
467
251
464
175
383
239
415
263
511
319
590
319
439
225
483
362
427
288
526
309
437
438
458
248
454
237
462
201
493
196
443
313
622
146
607
307
474
407
607
218
477
382
469
265
527
364
401
290
495
297
579
395
563
269
553
366
488
278
506
224
527
214
657
339
490
337
544
393
502
247
438
393
507
423
525
410
481
343
430
523
408
363
478
423
459
294
510
331
565
389
436
207
468
178
338
287
483
391
279
356
381
203
370
249
528
279
465
200
452
225
494
334
590
299
567
193
445
327
446
295
466
373
397
286
495
409
578
238
459
370
478
379
461
223
399
304
492
229
456
291
383
277
491
302
510
370
462
482
539
394
502
273
429
302
481
315
499
413
538
327
443
263
542
257
448
252
414
261
407
343
520
285
463
275
611
410
511
343
471
263
547
275
471
302
499
292
663
237
611
339
457
309
553
362
485
263
433
366
555
361
607
277
591
231
493
263
394
330
500
381
483
315
566
285
330
183
339
335
403
317
495
145
366
437
495
141
319
52
306
0
317
7
498
290
413
258
413
281
390
311
274
242
349
255
335
213
228
307
289
363
227
266
295
200
192
269
227
255
342
142
309
201
305
277
113
199
251
365
205
231
327
301
201
273
303
297
262
307
277
207
269
275
165
147
280
243
190
411
203
185
233
323
332
307
280
219
412
316
82
297
271
313
171
201
261
269
201
166
125
152
291
274
349
340
182
288
223
354
110
251
265
265
306
93
181
105
189
198
259
239
238
199
282
400
350
270
263
267
286
262
208
261
333
153
368
287
266
283
245
171
261
220
228
470
303
235
329
373
171
169
251
387
230
185
245
317
198
319
383
314
211
235
140
351
286
287
283
344
203
416
205
247
283
315
261
289
160
277
323
383
251
189
267
386
322
249
206
327
143
253
168
241
337
309
253
203
231
345
215
222
197
215
218
295
213
96
323
283
229
357
125
226
270
215
183
294
142
308
208
245
226
190
335
227
140
293
417
330
400
364
153
193
315
218
339
394
227
235
295
335
238
284
203
173
317
261
311
294
101
283
206
377
303
217
349
303
337
357
315
400
289
171
215
200
301
292
317
171
214
309
125
250
183
226
267
190
319
271
192
243
268
421
342
267
153
219
77
321
273
298
303
282
392
149
304
403
390
231
263
316
200
286
279
215
289
307
287
235
296
341
360
199
123
206
272
335
181
179
255
230
252
321
207
303
159
321
276
199
293
266
319
223
358
318
174
163
131
279
251
207
212
192
273
94
251
317
137
214
208
245
249
302
241
271
268
165
270
157
238
304
307
311
163
251
278
359
211
303
123
201
202
246
339
295
213
103
239
211
191
231
250
235
194
276
242
273
171
204
351
157
150
205
297
155
182
74
273
282
272
307
140
385
458
345
159
273
116
287
142
295
246
231
222
284
269
134
323
198
357
209
247
219
150
187
251
225
281
303
256
229
189
298
162
390
385
307
259
143
273
262
168
192
280
217
119
237
131
297
311
259
406
356
271
260
370
293
269
328
204
297
257
320
356
192
285
125
105
293
175
189
187
346
170
323
51
220
233
283
129
387
281
322
177
218
174
184
52
263
330
235
457
360
177
173
193
141
414
147
177
199
234
306
221
250
286
250
221
103
179
293
197
261
223
183
294
265
156
201
239
319
212
185
270
347
203
221
186
307
210
212
230
407
240
248
287
173
207
243
250
206
185
310
518
