317
575
319
655
247
615
479
541
406
567
447
547
395
655
533
602
266
543
375
447
363
597
279
477
286
610
307
585
430
566
459
475
286
591
421
679
455
487
439
518
554
641
523
641
291
567
299
727
419
582
341
659
311
507
451
707
401
575
398
551
503
623
627
682
459
534
391
631
390
507
425
523
379
595
366
681
407
773
411
559
589
587
267
603
406
649
414
679
422
603
433
607
433
559
427
650
519
547
515
502
323
551
310
442
311
547
427
569
306
595
447
535
474
423
259
527
433
483
446
491
330
583
363
610
443
617
385
479
483
538
487
546
407
479
371
673
321
662
351
570
419
577
350
559
479
451
459
483
522
515
431
491
279
687
310
625
355
467
427
530
501
643
479
517
175
683
311
555
443
497
395
595
345
622
467
594
378
471
401
591
438
547
499
421
330
614
411
615
226
474
422
619
470
615
323
458
490
575
251
638
394
551
367
511
483
595
363
619
319
690
403
545
394
635
311
551
307
483
338
647
355
521
442
499
327
489
450
507
339
447
314
646
426
594
383
565
361
651
403
619
387
447
238
595
435
446
459
437
379
569
305
610
311
533
355
503
463
570
326
478
339
707
461
475
437
509
362
549
498
586
402
735
394
591
399
559
423
423
259
523
381
541
282
615
366
535
331
599
355
703
462
594
299
650
355
521
219
447
259
653
387
595
429
599
297
599
367
649
257
539
475
657
367
519
342
475
555
525
371
563
563
549
427
562
401
615
373
575
274
617
331
550
394
655
495
749
335
539
389
655
411
535
358
519
455
507
410
454
309
631
445
689
465
467
402
698
247
499
282
645
451
515
355
567
239
450
378
554
327
626
578
539
411
499
351
658
511
467
471
593
387
647
655
531
511
483
382
739
343
463
167
597
355
433
327
503
301
710
575
687
207
607
381
638
402
553
443
439
305
562
363
455
355
503
419
575
289
487
339
551
547
419
457
542
483
547
431
591
449
539
413
635
259
555
362
611
329
519
411
502
333
479
423
429
167
571
530
495
554
499
406
635
491
501
235
655
547
567
299
639
314
525
335
619
343
629
399
559
411
627
355
686
379
495
433
431
442
587
354
715
283
546
458
651
422
526
357
565
334
674
214
630
289
551
294
506
247
302
85
363
35
307
39
483
191
510
321
527
435
459
394
331
527
331
361
277
387
419
371
387
275
355
305
315
193
291
390
371
379
473
427
371
343
337
343
199
273
335
365
331
406
309
573
323
327
367
454
203
263
298
371
393
391
410
295
415
482
247
371
263
481
489
439
311
355
303
246
279
338
191
311
235
251
319
331
315
286
462
407
343
483
431
259
363
343
383
327
230
362
483
315
303
302
450
221
410
302
358
359
199
391
278
330
247
355
407
283
294
362
469
402
335
370
370
323
345
333
295
463
199
371
274
429
290
387
373
422
410
347
489
123
279
323
455
338
223
313
353
370
345
367
411
321
311
398
227
502
318
402
254
382
270
343
382
381
254
365
289
399
295
450
215
427
263
459
295
393
393
442
259
479
215
458
427
383
429
383
87
330
255
450
391
323
414
306
502
321
327
415
251
249
197
323
319
487
195
383
310
415
113
274
367
457
310
315
375
505
371
315
454
335
347
335
274
305
378
395
399
334
367
414
183
421
269
415
327
291
403
481
367
267
251
270
278
283
235
286
310
391
367
391
465
602
343
262
331
247
211
394
327
403
369
491
443
473
371
291
165
359
387
439
135
419
241
270
254
266
215
363
494
449
371
406
210
295
402
358
223
370
295
325
357
287
263
467
309
279
407
295
445
303
347
385
427
427
307
274
469
271
362
299
307
403
346
174
447
411
349
493
367
271
279
319
371
162
341
230
449
315
363
213
275
186
539
383
391
471
391
239
359
251
337
375
415
315
349
318
211
283
206
438
453
315
358
483
407
322
275
443
257
463
322
517
315
459
251
301
327
377
334
430
311
467
330
359
389
450
375
245
386
422
315
345
309
295
547
387
339
325
433
311
447
443
295
311
341
175
263
299
425
374
431
394
275
423
307
426
386
359
379
511
310
398
243
327
314
263
265
199
299
383
230
363
429
289
307
287
306
327
377
367
399
223
315
315
335
459
247
287
343
315
229
342
307
443
373
287
327
321
334
374
217
333
254
409
309
383
269
290
387
359
423
407
379
383
306
378
327
221
278
370
286
391
394
441
538
291
262
363
459
403
402
319
381
369
175
433
375
447
489
446
341
369
341
375
371
367
258
215
447
343
355
397
491
445
383
267
298
342
294
327
398
317
226
477
547
243
345
422
395
267
335
347
423
191
314
319
177
167
199
355
145
251
523
