323
579
379
467
311
575
435
551
359
391
291
383
311
527
363
423
255
503
275
415
315
463
335
507
311
551
179
467
187
439
467
579
307
591
395
463
259
579
407
539
255
471
311
363
419
479
335
435
375
487
311
563
339
519
243
531
227
535
395
335
327
475
279
607
327
507
359
539
235
427
279
507
303
443
263
603
363
459
283
503
435
523
327
427
383
655
251
635
211
459
291
319
287
335
423
291
359
611
439
403
203
483
271
491
251
539
323
387
307
495
319
603
331
603
335
639
295
535
347
543
231
515
311
435
279
359
215
463
315
431
403
499
263
427
391
563
279
463
303
531
343
427
395
415
303
411
351
495
351
595
147
619
275
483
239
603
307
487
147
587
407
555
231
663
271
571
347
463
295
431
295
523
175
583
323
527
423
507
383
475
375
503
335
567
247
383
359
563
379
635
415
431
415
571
279
559
207
587
295
463
295
459
263
575
191
587
195
503
215
411
307
639
215
475
343
415
323
491
239
443
319
431
211
419
187
535
299
647
403
523
219
407
279
347
403
563
367
551
367
499
355
543
399
543
283
479
59
639
335
391
275
451
239
259
303
487
311
579
295
383
199
559
347
515
351
431
307
631
375
455
407
607
463
535
323
447
299
519
323
407
251
411
303
431
423
471
323
563
459
471
315
375
379
515
263
507
331
475
179
463
275
635
187
427
271
547
351
527
235
595
467
375
267
455
235
471
387
503
267
499
291
495
291
515
359
399
347
575
443
443
211
463
183
515
215
491
343
423
427
643
127
435
431
399
219
475
295
531
335
575
427
539
355
567
359
663
279
503
271
519
95
487
239
511
279
491
287
435
395
535
403
563
307
479
427
543
371
443
435
499
339
395
279
563
279
479
191
539
231
447
151
575
139
547
387
431
243
551
171
495
371
567
263
523
199
431
419
467
379
599
167
391
271
483
211
563
311
495
471
587
287
471
275
347
191
443
259
503
527
595
283
411
283
435
275
419
355
463
387
583
223
459
351
611
247
359
291
579
471
519
407
427
419
395
283
519
239
551
267
491
231
547
347
615
287
551
259
643
355
467
323
491
279
563
387
523
203
411
239
535
211
515
159
611
343
611
211
451
215
491
235
623
307
475
295
551
327
191
7
103
0
327
59
467
487
527
471
555
231
539
283
291
207
163
219
131
459
379
355
279
291
247
255
227
367
259
223
243
307
259
259
195
351
267
347
83
291
355
339
259
235
331
523
319
323
335
247
203
303
283
279
487
179
267
199
243
191
191
163
303
367
243
271
151
403
199
307
327
295
147
207
223
255
263
239
407
279
383
383
211
299
267
199
231
175
223
255
287
295
219
403
395
407
247
551
363
299
231
235
383
231
219
271
331
171
207
219
123
367
303
291
327
231
259
407
403
359
247
203
251
291
235
379
279
291
179
367
287
359
279
299
323
179
231
279
183
367
311
395
247
363
391
311
247
311
243
187
167
287
131
191
123
207
287
387
223
263
375
291
151
271
327
199
387
215
367
311
199
207
227
163
259
271
179
191
247
219
367
183
295
147
299
379
131
339
343
199
171
279
383
395
359
251
323
211
183
295
299
391
267
255
299
347
211
303
291
263
143
319
227
255
307
255
167
171
391
311
283
411
315
231
295
323
319
359
267
407
263
367
247
339
187
263
219
255
219
279
395
271
383
379
199
327
319
351
187
383
247
211
383
443
239
383
267
267
355
95
239
359
291
303
263
219
287
275
155
255
151
215
383
403
371
327
235
299
335
331
163
355
127
339
355
291
207
27
203
187
379
335
303
299
195
275
287
391
327
127
235
259
327
463
343
259
271
391
355
291
267
355
367
183
295
175
331
319
147
419
319
375
243
427
295
387
307
135
231
115
251
147
151
339
155
315
243
379
271
383
155
187
239
239
139
219
327
343
327
435
307
223
267
207
131
155
171
307
367
363
315
243
215
267
247
439
335
347
171
379
255
347
195
327
471
303
399
131
123
403
295
419
295
291
127
227
231
155
347
183
163
207
407
287
255
227
323
339
371
231
347
307
319
399
267
283
259
275
151
351
231
183
123
439
175
271
323
263
291
215
223
407
275
503
291
371
351
523
307
459
283
263
283
267
259
359
199
151
295
259
371
179
251
331
203
419
143
359
251
383
215
287
275
323
239
283
319
127
359
403
219
371
263
307
395
307
387
331
395
375
291
299
163
215
263
267
319
427
211
247
271
243
259
203
315
275
411
283
283
219
287
339
219
279
295
275
463
291
303
299
375
403
315
235
211
275
307
267
267
331
263
375
295
331
159
195
339
247
175
259
335
471
311
327
415
383
543
