555
747
379
599
419
727
375
679
351
707
491
763
483
771
527
619
495
775
511
735
503
683
479
651
303
535
415
695
279
731
351
743
399
571
535
715
355
555
415
619
291
647
295
511
351
759
523
651
447
687
471
651
431
711
643
635
419
611
475
603
471
715
455
679
543
715
535
743
459
663
307
619
463
683
491
707
487
671
639
787
531
783
419
839
391
635
471
695
503
651
331
727
555
695
539
727
427
623
563
811
423
743
283
671
479
539
471
611
423
515
423
599
543
763
503
607
451
635
407
643
475
583
411
527
431
631
467
643
611
639
587
683
435
683
427
871
459
663
651
607
591
607
427
679
463
663
451
695
459
799
395
615
427
615
435
711
463
583
399
559
487
607
523
647
307
627
587
807
327
675
323
699
487
751
411
627
391
639
503
675
415
691
431
743
395
591
435
659
439
671
479
803
359
615
483
667
591
583
391
755
447
615
435
675
491
779
379
711
307
543
531
651
347
587
359
647
443
703
499
651
391
627
507
807
423
643
571
631
571
527
447
703
503
659
387
571
495
599
523
739
479
643
619
631
551
531
591
563
319
671
415
579
567
619
475
739
307
651
475
775
447
675
371
663
479
615
535
647
311
611
411
731
411
651
463
747
459
535
519
639
511
695
367
575
223
699
447
739
355
567
527
607
475
595
567
759
399
631
607
683
411
659
535
763
507
695
579
655
291
567
363
671
471
619
511
511
459
611
403
767
511
679
495
623
467
507
619
647
463
679
535
635
499
579
527
783
535
763
623
691
439
611
515
663
347
631
531
839
319
639
399
703
451
615
383
579
467
663
347
667
407
539
487
643
371
671
455
803
439
539
595
755
595
531
543
779
547
643
523
607
547
639
335
735
531
699
527
839
367
475
407
571
431
767
483
651
335
691
463
627
511
723
415
567
479
771
591
623
471
639
391
655
463
731
575
639
459
679
475
647
555
611
367
531
375
595
419
531
471
635
435
659
467
555
311
731
419
639
435
639
407
643
411
683
427
551
427
803
463
531
487
683
407
575
423
655
363
543
535
635
475
647
419
711
475
647
487
655
459
643
463
711
455
499
507
671
463
739
491
715
367
583
311
771
495
635
559
623
523
591
415
599
347
583
431
579
507
487
91
463
183
311
0
719
335
547
459
759
387
543
347
447
491
427
435
415
447
451
559
487
367
387
235
471
323
259
339
415
395
359
331
363
419
431
339
483
419
515
403
251
459
331
435
471
455
535
491
419
451
363
363
639
363
483
415
271
483
419
327
415
531
475
243
475
543
455
451
395
579
407
443
367
415
335
451
423
299
463
355
531
523
539
391
451
567
375
479
279
503
431
251
451
435
367
511
331
283
375
367
435
551
391
259
367
471
575
383
327
495
435
423
387
383
359
295
355
483
231
419
467
531
439
391
307
415
415
423
327
463
391
355
355
535
423
491
423
487
515
299
387
447
551
471
563
399
471
323
367
411
427
443
415
431
359
363
407
359
467
583
459
623
379
323
475
271
351
559
427
355
371
419
339
471
331
491
443
543
279
371
475
587
407
419
443
467
535
459
323
383
523
579
403
443
379
543
567
479
327
571
295
283
391
483
463
503
463
595
439
411
447
279
359
475
435
327
387
463
571
419
431
331
411
475
423
339
347
439
319
463
399
467
439
435
479
275
343
399
327
359
363
415
355
335
375
299
547
403
363
479
491
531
455
443
531
539
491
491
419
443
431
315
279
435
419
427
447
479
391
323
371
503
323
567
383
335
387
479
291
591
427
459
491
363
423
275
347
403
327
431
439
435
379
551
391
451
427
287
555
495
431
431
399
631
531
367
483
427
463
507
391
391
411
407
547
395
467
479
415
391
303
411
447
383
427
579
375
415
335
363
499
359
355
395
371
375
483
427
451
455
483
531
407
339
383
291
447
243
379
471
451
591
383
531
447
475
551
507
363
507
527
239
339
303
327
575
395
387
379
491
471
451
267
379
343
591
519
447
231
319
579
411
439
359
403
411
347
419
291
343
383
539
335
467
555
475
327
275
335
455
411
443
443
339
479
499
431
383
395
419
439
423
503
415
379
275
419
479
459
447
351
263
455
595
607
423
367
383
391
539
475
567
331
391
531
335
379
491
327
423
411
643
347
387
515
475
435
267
375
335
447
359
391
327
447
419
343
411
343
495
339
595
475
475
511
503
391
471
431
439
419
427
363
383
403
483
611
315
459
335
307
575
187
431
347
423
503
375
311
579
531
443
339
475
439
383
391
471
355
535
391
415
403
367
411
359
399
539
299
491
435
255
395
339
367
435
403
447
507
363
307
175
355
403
639
