467
767
563
902
631
723
567
738
591
735
706
802
563
706
575
830
455
771
531
859
591
719
627
671
722
767
523
730
559
703
603
699
619
831
671
643
530
794
602
763
522
643
631
814
667
647
515
826
491
779
603
823
655
826
502
742
647
845
435
791
615
827
635
811
574
803
543
785
595
675
607
878
542
723
603
663
667
702
498
686
567
731
603
766
603
715
459
907
603
810
671
591
577
815
538
798
703
903
413
839
430
787
513
750
407
843
635
699
411
795
451
739
691
763
675
855
579
719
561
762
514
799
567
914
659
754
659
870
467
799
707
805
719
727
523
690
490
798
543
774
551
822
522
807
657
739
563
815
543
759
535
798
611
639
547
831
523
722
583
823
495
813
594
762
687
715
651
839
563
839
542
661
626
770
687
871
583
975
570
851
511
846
511
890
651
867
590
663
650
767
482
795
559
723
531
822
487
782
639
723
583
743
555
787
647
863
623
674
563
911
606
614
679
839
567
822
599
719
566
839
699
754
494
730
546
774
643
823
509
799
507
639
511
582
574
731
578
698
574
954
659
730
699
755
615
799
671
914
559
678
578
755
503
751
531
823
671
858
607
647
627
807
339
923
511
699
591
762
519
903
431
807
567
910
414
743
539
847
698
778
503
807
607
719
623
759
462
786
559
731
575
879
427
879
495
902
499
807
466
711
607
735
463
738
657
798
599
743
499
723
467
838
591
842
575
771
586
631
519
849
643
834
639
878
479
651
459
794
618
771
558
723
519
695
658
830
583
727
553
790
354
782
547
746
514
678
439
786
543
815
654
682
723
559
583
794
562
782
450
831
575
763
566
762
655
747
546
822
599
738
555
775
735
783
531
819
611
795
475
751
527
714
607
751
575
935
699
758
666
698
587
767
539
747
746
783
627
731
658
862
683
727
511
839
459
879
678
743
483
781
626
871
686
723
787
595
523
703
535
822
526
839
555
882
499
815
526
751
535
855
531
777
471
739
567
775
666
711
463
847
719
802
583
702
715
867
635
747
655
839
599
711
598
694
615
875
639
579
539
727
599
722
507
679
567
647
563
778
531
823
558
919
519
775
647
771
315
710
387
687
546
727
503
987
611
663
498
818
583
646
463
719
618
735
467
842
675
555
459
499
339
523
311
686
510
819
554
630
603
762
490
507
571
607
637
562
594
435
630
555
667
475
375
622
538
503
498
455
494
567
651
431
555
507
547
475
543
514
695
599
571
446
707
543
543
527
690
594
838
634
510
523
462
447
546
423
367
407
523
514
614
455
510
619
538
575
502
663
555
567
415
459
574
538
493
511
565
463
519
463
411
503
562
527
439
539
551
618
543
535
558
431
558
523
563
531
431
571
539
711
582
475
662
483
567
559
587
611
635
639
535
683
543
667
630
423
739
595
635
555
527
467
723
491
379
539
487
427
659
547
403
515
519
511
483
515
635
583
579
543
483
583
629
391
547
559
607
579
566
555
567
474
602
602
483
546
539
431
559
678
426
515
606
411
446
467
514
506
490
539
627
491
567
390
615
567
454
575
410
711
447
638
627
467
487
618
554
561
611
671
511
507
558
639
779
502
639
531
683
515
683
611
555
503
586
530
535
514
651
527
595
655
646
550
599
487
458
543
451
615
482
503
571
518
826
611
463
650
415
631
483
630
675
578
591
491
530
435
491
563
534
579
663
571
561
463
619
453
623
461
621
523
519
543
719
538
466
638
663
495
555
443
579
618
419
491
513
527
583
439
643
671
547
583
543
457
463
590
483
587
675
619
503
491
530
607
475
483
611
478
519
550
570
478
411
663
482
419
475
599
458
431
503
575
719
481
737
537
651
523
623
511
639
458
567
487
734
566
415
603
490
571
506
530
343
515
578
603
515
475
571
613
667
651
583
547
559
583
750
491
407
481
519
575
615
563
462
491
514
543
719
551
343
567
539
491
539
543
635
522
554
585
603
546
522
602
450
531
522
674
599
567
691
503
453
429
439
571
471
686
671
603
551
395
818
522
583
446
410
447
635
655
662
454
398
695
567
691
491
467
531
447
403
603
475
575
642
543
587
566
441
562
547
663
599
623
474
673
551
543
458
523
551
447
571
631
539
591
599
551
459
523
559
499
555
491
458
383
519
463
634
514
522
443
499
495
598
695
547
595
521
387
591
543
395
511
659
442
342
570
591
515
595
515
551
719
561
630
535
523
562
507
531
583
463
594
479
431
575
598
570
615
431
526
746
547
547
631
543
451
658
538
439
530
595
519
503
531
595
443
511
363
739
518
575
627
514
447
539
655
535
498
439
507
399
679
579
402
267
323
423
319
502
686
