473
682
514
699
471
682
427
750
574
774
447
599
491
593
419
769
570
663
467
811
561
710
463
703
395
818
427
629
518
693
566
725
481
821
523
666
615
639
633
742
507
678
403
661
374
715
517
650
531
638
603
714
591
779
610
757
518
719
583
591
469
646
411
817
603
807
541
687
582
683
407
858
471
866
527
691
535
775
566
619
655
730
459
658
449
807
770
697
483
762
539
794
343
802
543
618
463
735
551
645
531
746
511
837
553
555
553
729
450
611
439
771
495
705
466
637
374
685
579
685
595
601
469
583
583
725
525
730
566
763
543
831
650
829
507
643
535
751
567
777
537
706
586
709
505
827
507
827
478
675
499
755
613
702
387
771
379
607
486
637
514
559
599
767
339
795
482
763
585
587
651
722
590
742
626
718
527
651
458
681
551
638
407
678
598
818
423
702
442
851
478
706
450
662
527
883
551
681
517
715
451
777
694
811
503
715
523
698
530
758
554
723
379
767
603
831
457
702
579
678
471
827
407
723
511
818
419
803
595
725
509
669
573
523
434
822
315
723
631
747
663
747
697
847
349
550
405
759
426
639
454
770
538
671
481
595
447
729
527
741
343
739
586
769
550
601
358
779
527
791
575
811
451
791
603
815
434
654
435
807
551
701
451
670
539
711
495
731
599
855
509
563
579
706
651
787
598
705
634
682
533
707
527
703
526
707
515
666
517
697
591
697
405
843
519
691
578
725
487
723
501
750
525
698
410
698
462
747
778
674
505
627
618
731
495
701
561
677
401
711
387
582
709
823
454
937
454
794
626
639
615
786
486
654
507
650
439
771
586
687
571
578
401
699
561
633
541
853
430
943
622
758
573
731
681
691
498
661
585
607
526
731
498
795
471
723
561
601
602
625
578
643
369
723
642
791
535
757
571
623
494
738
367
751
471
634
501
755
450
879
551
887
463
638
567
951
447
758
475
663
499
674
374
637
686
755
607
691
405
630
563
686
419
781
435
798
627
809
431
767
571
698
563
597
575
655
433
807
453
697
629
721
513
827
474
642
555
653
483
681
551
771
597
654
534
615
519
703
423
529
518
590
486
825
502
753
563
682
493
739
361
719
495
767
615
881
601
622
555
603
615
871
566
863
461
615
563
627
291
478
201
438
190
675
525
765
474
638
521
642
527
466
475
525
647
551
617
503
547
389
435
423
550
414
485
527
567
523
569
418
491
350
409
559
567
493
438
329
363
438
447
489
518
513
542
542
446
401
355
511
599
483
586
457
487
495
489
342
419
487
478
410
439
521
386
507
447
397
615
526
475
553
705
471
593
629
610
465
443
471
635
515
539
370
531
411
575
535
509
367
511
523
594
383
446
539
559
590
417
543
421
307
513
578
378
490
443
489
449
430
587
534
479
390
463
499
418
369
391
366
439
575
285
535
463
619
526
577
541
547
451
427
467
427
367
419
449
467
435
495
507
497
539
575
586
557
583
463
446
577
419
481
543
431
454
525
362
449
482
559
597
547
455
434
437
375
383
598
498
543
507
495
581
423
451
515
458
565
666
370
497
487
426
450
443
485
503
409
549
482
606
435
487
558
311
441
290
417
435
462
539
554
515
474
503
519
573
486
567
545
491
659
465
526
479
513
529
417
365
431
534
591
494
423
549
371
313
503
453
415
449
470
502
450
567
445
411
347
547
517
470
495
547
485
382
385
437
386
566
610
458
519
533
371
585
585
579
551
454
394
374
481
326
455
521
450
635
478
419
471
522
419
543
554
609
474
586
555
427
333
482
451
527
523
571
591
391
543
586
530
437
483
559
443
486
535
522
527
490
383
551
586
341
407
431
582
585
577
451
601
571
462
487
594
590
514
506
639
567
541
506
674
647
378
509
383
451
271
619
355
534
359
641
529
469
455
371
499
415
490
471
379
415
331
487
573
449
503
525
498
509
451
475
615
451
483
475
465
603
337
503
550
547
350
345
563
573
445
463
425
637
390
513
506
415
426
623
599
537
543
374
459
415
435
471
539
342
467
479
479
490
553
415
421
459
477
566
327
555
453
455
517
458
503
459
399
518
543
519
378
442
455
478
497
497
534
545
339
475
369
431
371
437
545
475
394
631
502
473
507
430
487
505
510
573
337
503
517
583
447
489
391
427
502
499
561
485
490
447
351
467
542
407
551
378
397
538
535
415
538
435
523
594
442
482
602
553
471
499
378
555
434
559
491
418
451
418
485
486
479
682
527
443
586
426
407
423
569
545
566
475
609
501
562
527
490
559
607
495
419
351
462
478
449
373
527
555
534
533
431
330
449
617
397
469
551
551
387
254
211
266
251
231
485
