415
727
339
763
543
595
463
727
475
583
455
591
503
655
543
739
431
655
535
703
475
763
439
691
639
827
527
719
455
747
499
687
519
627
535
595
443
795
515
667
443
731
535
743
343
827
439
743
435
615
467
771
539
699
507
739
407
595
399
599
523
683
395
715
527
731
379
659
471
747
439
691
555
559
555
655
479
707
599
663
559
671
463
723
499
683
443
759
559
627
527
675
319
627
491
723
563
751
455
731
515
647
439
591
483
587
551
671
455
771
411
639
371
803
407
647
455
647
527
755
583
687
523
559
451
579
551
699
451
735
631
631
503
771
499
715
495
619
511
755
531
719
587
571
395
627
511
619
411
687
563
735
567
647
435
687
339
815
563
903
563
719
491
655
467
707
387
647
475
763
471
691
543
651
471
659
463
715
595
851
423
783
419
851
547
667
535
635
447
643
447
711
511
839
631
867
575
791
619
659
383
623
475
703
607
515
515
563
555
591
427
727
483
687
435
783
567
631
467
763
431
679
511
735
447
679
387
763
563
699
491
599
291
607
507
503
383
631
479
675
423
567
495
687
531
779
455
563
503
751
599
747
547
771
591
735
479
783
567
791
395
723
543
683
507
795
495
739
547
815
343
671
547
639
363
751
351
595
575
763
479
703
539
679
467
715
619
619
479
699
487
695
375
715
491
695
427
671
467
719
415
583
507
851
467
747
423
663
483
859
491
819
435
627
511
659
367
655
691
651
383
823
423
711
383
659
583
803
667
795
431
787
479
823
599
739
403
703
403
691
527
831
479
691
567
611
575
707
575
691
383
847
535
655
543
767
447
879
559
659
543
607
475
675
667
839
423
807
491
751
491
755
523
595
371
607
547
791
355
775
407
827
367
715
491
679
467
627
427
791
539
623
459
543
423
643
487
663
507
723
523
743
535
751
463
627
547
751
275
859
511
515
471
735
483
823
535
655
479
791
511
791
467
583
567
571
503
771
399
707
479
719
415
811
435
515
527
635
375
695
595
603
383
663
515
547
595
587
459
771
359
639
575
735
483
635
571
715
607
759
571
755
523
671
619
671
587
695
355
691
623
895
663
723
435
659
543
679
407
587
387
763
475
731
359
719
423
663
543
671
415
687
519
595
539
675
415
611
275
367
239
427
0
683
531
483
403
675
483
567
511
503
323
503
419
327
387
403
591
467
511
351
347
395
531
371
479
515
475
471
383
487
475
415
535
447
307
459
507
375
495
395
515
435
555
575
439
331
599
355
291
535
439
359
499
351
431
479
479
615
519
543
443
591
555
583
551
523
483
395
319
375
439
371
447
515
391
399
507
475
567
435
539
499
555
443
447
399
423
499
467
579
423
407
387
415
507
515
555
459
503
559
455
407
483
491
491
387
387
487
483
587
527
483
443
435
471
647
555
423
515
359
435
459
459
431
519
439
503
227
447
611
559
415
459
451
523
359
419
475
475
335
495
511
411
447
411
423
479
215
411
279
551
403
543
551
495
479
435
535
467
443
611
415
475
335
451
483
391
511
355
447
447
451
475
455
415
463
587
427
519
539
535
311
411
379
503
483
359
551
271
547
523
547
419
387
479
451
419
279
463
519
483
343
475
499
403
423
483
503
567
427
371
539
351
511
403
567
431
375
591
539
515
435
331
515
571
583
535
419
451
495
383
495
439
303
487
411
459
379
535
451
515
419
471
579
547
483
431
435
407
431
515
495
523
375
431
539
443
383
207
455
291
355
431
447
327
543
539
431
507
427
391
423
387
635
455
411
311
523
607
491
527
615
463
555
427
523
363
423
367
459
467
359
547
407
559
495
407
479
447
515
599
415
435
535
495
451
547
531
479
363
519
531
547
435
383
419
551
519
443
383
423
395
539
431
395
387
595
427
427
639
643
435
599
435
531
407
431
439
391
411
515
487
419
347
495
539
471
447
523
403
487
335
471
471
447
435
343
427
447
503
615
387
515
431
575
523
395
475
499
379
435
351
403
455
359
475
555
423
439
551
579
427
255
463
531
487
395
467
427
427
403
571
483
419
559
463
351
667
471
487
387
351
491
539
287
347
471
427
527
491
459
643
459
335
447
523
455
399
607
479
419
439
371
439
399
419
591
555
439
523
567
531
595
483
503
471
427
371
563
471
487
383
543
459
583
555
523
483
475
511
451
371
475
451
619
463
591
451
499
407
431
375
475
467
699
503
331
539
479
355
735
303
483
435
479
531
583
343
531
519
439
359
411
447
343
487
507
495
563
555
451
339
507
495
475
483
323
347
383
407
299
563
435
611
355
323
435
687
375
511
475
555
595
475
403
471
503
475
487
451
451
791
