327
559
439
619
403
691
447
731
371
703
567
635
379
671
347
499
459
571
395
675
351
727
455
443
483
655
467
547
259
659
355
719
431
659
555
683
491
503
391
551
459
591
363
551
363
651
471
599
475
591
555
591
455
723
435
531
411
599
427
643
387
611
463
655
435
695
631
631
447
635
411
631
455
603
435
483
619
531
363
567
459
615
495
475
563
643
439
639
483
639
427
623
419
715
319
699
411
567
363
759
423
659
471
735
355
599
287
563
439
731
431
579
535
663
311
595
527
643
471
587
459
583
475
723
451
579
399
655
419
703
447
711
387
591
443
683
451
635
435
747
431
783
383
603
483
707
451
767
391
507
467
527
335
443
411
575
531
627
415
627
615
855
483
663
511
639
535
639
467
595
483
651
435
599
583
627
427
779
343
743
415
547
227
571
523
799
543
583
463
603
455
599
531
667
519
595
443
667
563
735
323
647
455
583
467
695
367
623
359
667
439
723
435
671
363
527
383
587
395
659
411
711
435
751
511
619
395
615
423
635
307
515
483
475
431
627
447
435
495
767
415
571
575
555
271
511
523
587
491
707
439
643
563
499
543
847
391
699
495
635
343
435
403
459
483
591
487
607
407
647
339
595
479
667
543
563
291
539
395
603
375
619
451
627
491
727
547
559
483
727
423
511
455
711
455
615
519
667
523
623
271
671
355
715
431
507
535
671
427
503
431
807
491
727
431
571
435
591
471
671
399
647
383
623
459
775
331
727
399
683
455
567
443
639
531
695
443
651
515
619
391
555
463
691
511
563
423
635
367
567
395
651
303
715
495
667
375
619
499
651
411
635
355
679
319
647
491
579
647
639
459
683
659
639
511
647
527
607
439
523
431
555
379
831
451
683
371
723
399
695
359
575
515
683
415
663
555
623
515
683
307
659
495
639
499
667
331
659
487
551
471
739
343
555
407
803
479
643
543
763
431
551
551
715
563
519
463
539
339
711
347
423
347
595
483
643
367
655
419
727
455
571
531
695
471
715
383
739
423
607
551
599
507
891
547
707
435
463
495
611
455
575
523
623
579
751
643
759
391
499
575
703
335
679
371
703
323
671
587
671
431
631
343
563
531
663
491
615
415
671
571
731
319
619
427
547
423
495
43
259
283
319
123
679
419
655
307
551
375
607
475
427
415
295
419
519
447
423
511
427
427
363
603
519
383
255
423
351
463
375
335
403
407
419
579
451
391
355
351
291
439
439
571
451
511
331
447
587
367
415
527
315
403
411
523
491
459
451
383
451
415
387
395
255
523
347
271
311
363
455
463
323
427
483
427
479
559
531
467
399
407
455
503
443
323
439
523
531
399
395
523
431
423
479
451
423
551
347
383
391
431
543
495
251
387
519
435
351
507
351
619
359
419
347
327
479
411
391
319
351
475
499
343
439
435
379
251
319
455
415
607
295
487
407
403
267
447
323
579
547
367
479
399
319
339
495
475
407
495
367
375
371
371
451
563
403
391
395
539
223
563
403
411
499
443
415
479
439
391
351
439
379
471
463
331
483
523
363
387
491
471
399
395
331
467
511
475
539
331
359
415
395
539
443
355
431
435
347
439
267
407
511
607
363
523
511
427
403
399
419
467
391
427
323
407
439
387
527
459
467
355
463
515
391
483
351
403
487
379
523
411
263
603
327
575
395
615
495
463
399
451
403
555
487
383
403
439
371
351
383
411
519
391
527
303
527
531
487
479
187
383
327
399
407
463
491
331
587
423
367
483
403
455
355
491
547
439
391
451
291
363
403
403
363
475
371
387
363
431
439
567
327
527
375
399
455
367
543
527
367
355
403
403
439
539
371
527
403
379
499
391
335
263
395
419
315
475
391
491
443
311
363
343
511
439
487
391
443
487
343
375
375
563
395
467
435
511
503
363
351
395
407
431
451
551
435
403
443
571
471
415
419
527
423
395
519
331
439
459
375
391
399
547
383
427
379
351
391
599
359
299
383
443
355
347
299
459
435
511
371
447
419
243
327
471
483
555
283
407
475
439
339
487
395
439
435
455
455
431
443
527
315
391
299
311
515
379
339
359
283
411
375
487
407
471
463
443
351
427
375
527
431
451
363
263
407
343
415
443
383
351
379
359
495
319
323
335
327
367
447
375
415
419
367
251
439
495
343
575
383
419
339
391
479
331
407
391
323
451
411
495
419
447
303
459
427
483
471
395
411
519
359
439
375
515
503
423
355
491
471
415
551
463
331
447
471
543
475
403
339
451
415
459
299
387
355
391
431
351
315
267
371
447
299
411
339
355
371
451
415
415
187
279
247
379
255
487
283
367
359
295
263
387
611
