459
546
353
451
387
697
429
555
259
446
577
529
225
679
427
627
443
753
378
514
387
663
350
475
455
743
287
609
383
547
478
743
538
577
355
559
434
527
271
691
302
655
379
582
399
554
286
563
259
646
427
579
274
597
406
646
374
499
435
599
379
607
323
611
343
615
307
607
339
551
423
559
417
642
315
471
335
546
423
723
323
779
543
561
435
523
371
623
526
522
409
431
331
433
391
706
319
510
287
590
371
666
511
623
378
573
375
618
626
371
461
687
351
491
375
727
351
662
391
663
387
615
351
747
351
575
435
725
490
555
229
603
357
563
394
598
279
593
389
655
267
423
378
658
465
659
363
659
463
583
423
571
347
571
270
653
219
611
341
551
347
629
334
499
295
611
387
610
402
491
238
450
375
487
473
587
530
507
451
703
375
567
267
426
230
658
450
523
459
567
287
541
331
758
427
583
283
491
361
675
355
499
431
570
546
643
454
502
326
571
387
650
382
517
203
623
495
583
530
694
395
565
369
439
323
722
311
647
433
791
243
483
386
563
331
663
366
623
443
627
423
578
465
598
343
525
370
634
399
635
539
447
467
585
323
555
423
613
415
559
399
619
455
638
399
529
395
585
311
647
378
657
575
581
319
650
502
582
482
515
334
654
319
642
294
631
381
655
347
655
407
707
131
690
351
647
486
417
439
659
323
651
335
611
430
614
413
651
346
546
454
566
315
618
315
375
271
601
339
626
347
491
406
622
371
727
459
438
235
539
351
607
403
538
434
571
347
475
311
523
459
531
462
586
277
543
331
451
415
455
267
578
251
554
307
559
461
671
406
554
266
495
330
587
463
587
430
729
467
547
323
715
358
403
510
599
347
546
478
414
334
579
389
666
271
642
383
670
435
695
419
555
307
663
457
639
375
547
349
607
463
491
462
547
365
586
471
579
325
658
535
561
403
467
358
499
447
659
486
583
387
439
453
559
341
587
355
567
327
431
417
547
403
655
427
554
309
623
347
655
375
537
423
498
559
491
377
671
427
603
425
699
403
625
518
619
467
658
381
462
450
566
403
579
369
475
407
569
429
547
401
543
345
515
391
489
279
642
431
547
355
534
382
567
374
603
474
595
331
506
366
699
255
655
535
633
375
475
135
199
0
310
31
639
427
481
399
535
351
507
359
345
471
359
283
322
335
395
435
462
231
375
321
446
283
338
367
431
498
310
491
227
275
374
387
295
351
342
239
311
403
318
295
159
463
499
371
459
374
447
370
383
422
223
385
331
375
382
443
318
367
266
239
254
423
379
337
469
387
247
283
362
415
347
295
307
495
206
350
419
370
294
299
271
422
353
381
355
297
362
335
430
414
487
343
351
379
215
422
262
309
411
278
293
163
366
338
331
185
367
435
338
339
378
318
263
393
439
358
305
294
319
390
235
346
413
281
419
266
441
379
389
466
299
255
359
305
430
483
419
370
333
411
319
423
291
495
374
447
347
291
343
363
370
427
310
266
398
398
275
315
410
346
543
433
270
431
354
291
398
415
342
389
582
411
431
341
311
371
387
433
379
355
313
225
438
377
309
399
367
423
345
422
359
459
389
322
283
298
433
430
347
383
314
386
289
287
277
295
246
295
303
471
183
431
359
370
263
249
239
395
286
254
382
339
323
554
369
282
267
269
359
415
243
543
423
307
303
470
277
375
383
251
193
431
255
247
189
475
495
435
387
335
311
398
371
334
159
395
255
327
159
247
402
379
270
375
494
410
410
279
338
491
387
390
411
279
331
357
383
382
293
322
474
202
351
318
322
422
259
306
315
474
382
375
407
351
435
370
478
239
326
413
158
363
283
317
247
182
303
355
217
259
301
377
283
418
357
445
355
515
207
235
455
247
298
221
339
547
343
367
187
421
431
438
369
287
331
315
323
353
430
631
311
477
374
387
250
439
315
307
366
265
335
354
245
411
327
307
375
245
214
358
430
422
405
361
431
255
266
383
311
298
339
298
366
391
425
491
442
419
482
422
431
283
235
338
210
295
307
355
425
295
425
353
465
235
259
355
351
295
185
231
241
291
187
355
345
375
379
373
226
322
223
270
414
398
351
391
362
401
255
366
414
335
410
462
275
351
365
319
398
185
227
267
319
507
358
369
283
390
267
397
315
394
427
333
323
457
326
411
222
435
402
425
271
295
278
231
411
342
409
405
314
327
243
399
399
463
503
390
419
319
453
299
271
454
395
402
319
375
319
326
291
233
383
327
183
295
406
277
385
314
277
303
458
387
365
214
455
519
347
522
382
411
395
347
262
325
351
206
307
354
531
307
219
429
387
414
483
535
398
543
763
