499
727
379
491
375
539
427
599
255
583
387
487
455
591
367
527
479
699
503
415
423
651
351
683
407
491
511
731
395
571
455
659
439
667
419
603
455
615
423
639
407
515
551
747
263
579
439
687
455
575
319
739
399
511
559
659
443
659
519
619
463
603
583
663
303
607
407
803
467
703
543
595
375
479
403
543
451
703
407
771
531
695
355
751
407
635
463
627
283
639
311
427
367
535
451
527
379
551
499
707
391
455
351
575
395
627
335
655
487
679
559
583
375
543
419
579
479
579
503
763
487
575
407
711
307
583
523
563
331
679
403
715
510
559
519
639
459
719
363
531
351
659
243
595
419
611
395
663
467
695
407
711
439
615
467
687
327
615
495
763
403
603
383
639
487
647
299
563
339
551
523
463
307
475
511
771
471
519
403
651
387
599
438
503
347
531
439
635
495
583
399
687
375
579
339
707
379
587
455
555
447
559
587
651
315
587
243
595
491
811
395
663
303
763
419
715
375
475
391
731
459
619
487
711
455
635
435
579
415
687
399
603
443
539
375
647
455
719
543
659
427
691
451
579
543
591
319
511
331
567
487
599
463
591
419
811
559
559
503
639
283
587
403
699
347
555
439
615
355
587
467
619
371
735
439
567
451
663
471
691
375
531
383
543
431
607
387
583
435
695
467
591
327
595
423
647
503
607
439
579
391
599
355
755
411
715
415
639
475
575
403
747
443
539
487
523
359
495
567
615
355
511
523
659
383
535
471
535
491
547
359
735
451
551
411
555
531
599
343
551
395
691
259
619
455
591
415
547
431
575
471
495
379
607
427
691
347
643
419
575
351
647
347
671
439
523
415
667
407
623
423
591
443
707
451
667
371
595
367
555
363
531
367
663
515
531
551
739
359
643
347
751
383
487
435
559
435
447
607
687
435
703
335
767
403
687
395
655
327
563
371
739
383
507
411
795
435
623
503
655
459
523
527
531
291
607
383
583
399
643
491
611
287
595
535
655
455
619
435
575
403
607
311
571
515
603
415
575
395
627
527
595
435
491
463
507
435
691
439
627
307
691
435
719
403
423
343
759
491
475
479
403
491
603
323
543
367
563
455
635
471
703
363
739
475
707
399
627
239
671
443
671
439
635
467
683
319
519
47
327
127
343
263
607
363
623
199
587
335
634
347
166
491
479
519
411
303
499
267
295
507
427
435
327
443
279
419
343
383
403
375
327
367
315
351
319
551
271
287
427
523
319
411
399
299
447
391
447
319
431
339
575
531
347
247
379
335
447
391
311
383
371
283
455
427
455
459
351
379
135
295
219
327
399
523
443
415
411
547
311
483
415
483
359
463
271
499
407
435
307
395
187
403
491
475
323
375
427
447
523
323
455
311
375
391
471
375
251
359
527
211
483
363
503
447
303
279
311
279
459
479
323
483
403
451
387
507
347
307
403
355
619
331
247
459
339
419
407
379
399
419
347
359
399
343
447
319
407
447
431
511
275
327
323
359
331
355
315
399
247
459
279
387
391
451
407
279
307
447
367
459
335
523
443
419
375
519
395
247
227
411
543
235
403
291
259
443
383
379
523
219
523
375
419
339
375
447
503
303
539
395
331
391
327
475
439
335
335
431
427
359
395
391
423
471
291
515
347
443
311
303
347
399
243
423
291
443
499
491
323
327
275
403
571
391
319
371
379
411
283
327
435
311
315
443
463
415
379
411
355
495
475
523
471
395
615
363
443
355
299
447
443
523
427
375
363
299
411
443
347
479
351
223
323
439
427
335
403
403
367
471
395
275
319
467
383
455
391
439
519
515
415
479
451
443
451
459
235
483
335
407
363
523
295
351
451
419
359
335
331
315
535
363
443
571
391
515
363
522
407
327
327
435
515
411
351
423
371
379
443
467
467
367
411
375
371
471
399
359
403
355
283
315
391
467
367
347
327
447
463
731
603
351
463
395
507
403
199
431
223
451
463
359
423
451
415
367
379
463
331
371
407
435
275
371
383
439
439
487
403
335
519
291
303
311
347
571
499
467
303
431
443
343
358
279
491
359
447
523
315
423
359
447
363
595
455
303
319
391
427
355
351
527
367
431
363
455
327
259
423
295
523
311
271
527
383
439
451
355
379
339
507
191
415
403
319
379
311
371
391
422
351
423
543
383
363
383
451
383
351
411
191
447
343
431
395
391
355
299
543
375
271
383
271
471
203
391
343
539
339
523
471
431
343
355
371
527
523
407
323
379
311
415
403
355
459
435
227
355
455
459
515
303
443
499
495
471
427
371
395
391
343
471
379
475
435
491
427
459
451
263
291
319
427
355
339
287
415
551
463
427
291
427
803
