205
455
310
487
291
402
413
535
323
489
185
382
281
442
275
427
217
515
274
455
143
355
287
271
375
307
219
542
207
449
186
535
391
587
51
541
151
503
303
387
291
470
277
475
183
437
231
370
261
370
175
430
353
451
319
379
215
415
318
562
323
523
310
498
343
543
318
539
421
521
247
551
251
399
242
555
257
479
202
347
299
489
222
379
139
575
187
455
305
445
153
459
170
527
297
439
290
441
303
505
347
387
255
419
242
407
182
443
239
403
235
542
267
517
337
523
183
493
263
391
222
613
201
459
167
319
327
595
442
439
326
367
271
507
246
394
407
491
266
414
163
419
211
574
226
371
283
591
162
379
239
387
251
455
262
559
221
491
149
487
273
501
223
535
246
495
191
474
263
590
282
455
126
603
287
550
210
405
347
353
221
523
246
469
119
430
219
357
199
343
375
451
350
491
238
493
305
334
250
445
318
399
323
525
335
426
319
455
214
503
303
582
258
526
275
499
178
441
235
322
279
521
335
378
327
461
299
647
191
453
333
495
91
491
239
451
325
377
410
427
474
478
341
371
375
515
189
551
314
439
111
282
313
433
178
514
346
507
339
542
269
450
230
486
187
443
319
535
203
463
402
450
401
479
151
497
351
423
221
547
157
459
202
443
203
385
287
539
279
446
147
343
175
470
205
483
287
371
323
459
211
487
330
705
294
467
215
479
186
350
335
530
222
463
351
671
333
351
302
578
294
383
421
533
335
298
393
557
310
542
229
395
215
471
349
475
299
507
289
567
235
387
373
431
182
343
287
507
310
458
334
454
325
494
419
422
274
391
86
407
111
519
150
483
255
429
167
510
213
583
350
547
143
427
247
449
263
318
218
546
155
411
275
431
435
370
306
583
303
291
249
262
179
499
167
331
313
402
247
594
255
414
271
490
367
399
123
494
357
477
227
543
435
431
250
475
239
453
375
523
253
699
179
335
415
339
317
462
182
339
351
450
249
543
215
353
263
365
330
555
358
289
251
443
263
470
267
467
263
502
337
325
335
439
250
515
73
493
375
454
317
349
303
398
251
469
241
498
227
463
315
463
179
545
403
382
279
509
361
367
211
518
131
475
339
425
339
403
245
443
322
355
343
498
323
583
197
327
1
291
0
99
151
483
235
577
294
393
339
237
201
265
190
175
283
307
107
131
14
263
263
165
294
115
227
211
153
242
319
239
290
195
355
171
231
295
90
123
307
191
202
106
258
99
223
283
382
227
303
198
234
254
246
301
155
142
159
254
275
199
321
239
318
215
151
275
373
127
341
199
222
99
326
267
275
143
325
157
263
342
358
291
393
223
201
87
203
347
275
202
251
283
291
311
94
319
249
215
109
210
183
166
262
79
295
179
194
295
375
199
263
179
365
241
105
261
254
246
270
158
270
258
246
290
250
146
190
226
298
266
270
102
370
314
186
234
238
238
314
190
286
305
225
223
311
255
367
175
194
174
285
142
218
195
291
167
247
203
231
227
178
289
441
102
361
197
302
183
290
223
343
315
279
243
254
241
315
230
250
235
219
342
282
226
235
350
213
299
379
221
318
11
281
281
183
190
195
235
297
163
333
171
343
221
379
242
266
279
299
358
222
210
150
175
253
123
299
290
191
233
286
247
401
297
235
90
238
191
355
118
343
127
23
259
306
263
303
295
106
263
283
403
161
214
309
151
386
50
242
343
271
223
279
294
257
207
195
187
219
231
187
103
191
223
253
183
51
179
335
235
227
163
293
187
281
247
290
195
225
63
303
317
331
177
146
150
178
263
453
295
175
235
253
198
247
334
339
279
247
110
267
145
115
407
259
334
291
203
326
351
102
123
135
295
271
242
63
202
203
122
227
266
367
163
247
307
246
299
231
211
166
135
271
329
162
59
147
191
259
207
187
262
175
205
209
43
171
255
390
239
219
119
283
250
263
229
255
191
339
118
358
259
275
182
282
365
338
223
243
183
121
183
145
347
323
269
261
298
403
163
306
233
271
138
363
271
311
217
263
175
299
325
299
191
170
217
271
271
295
409
275
171
274
183
243
250
253
221
271
297
215
139
367
327
210
338
311
75
242
318
251
263
363
251
303
175
310
395
189
287
177
210
370
215
239
205
487
31
226
159
322
277
275
159
217
167
279
139
291
230
143
254
155
319
82
239
270
313
207
83
239
390
330
94
249
167
170
295
222
95
303
250
187
187
270
255
330
283
287
189
338
197
337
167
367
182
206
107
351
195
211
167
395
211
338
306
339
159
275
154
289
215
159
218
106
215
210
266
302
255
241
122
114
249
205
219
191
299
386
243
199
245
454
450
