371
539
443
567
571
823
403
739
371
531
331
591
511
555
431
707
439
643
375
583
451
787
559
807
631
619
483
767
423
547
355
631
475
671
419
667
583
539
487
679
447
747
323
743
479
555
463
555
439
791
483
607
387
511
439
667
391
691
395
583
527
447
387
667
519
739
403
739
427
627
387
835
451
739
503
775
515
615
543
591
379
667
547
527
447
527
439
611
407
759
359
715
495
655
371
723
587
603
519
735
411
663
479
675
395
543
295
611
503
623
511
691
559
563
523
559
367
759
431
683
311
563
463
815
339
651
335
691
611
731
563
699
615
707
395
655
527
615
423
627
355
631
503
727
475
639
399
771
295
603
535
719
367
723
511
651
291
675
443
607
407
643
603
555
415
579
327
679
491
611
507
619
447
771
483
847
455
711
531
563
367
699
459
643
535
855
287
683
447
583
411
647
471
667
323
579
379
539
503
575
431
731
503
579
539
703
275
655
379
691
507
719
435
591
475
647
455
687
351
459
403
599
387
571
463
691
435
675
311
595
471
763
415
623
463
595
423
575
511
831
483
839
363
627
283
651
515
635
391
683
415
679
487
663
387
639
423
715
423
627
423
627
499
787
511
555
443
635
495
671
551
571
447
551
483
755
427
775
367
783
535
607
499
739
387
575
531
631
559
619
515
727
315
583
411
759
403
639
579
699
319
631
367
575
391
619
431
583
523
747
447
571
519
615
395
535
431
695
331
519
499
887
311
647
407
651
419
743
435
767
491
523
439
499
619
551
439
659
551
703
579
699
423
699
259
615
395
815
439
715
327
875
431
715
411
699
439
563
415
575
519
531
499
675
499
655
491
751
387
563
435
635
427
491
419
607
403
507
383
671
483
619
547
699
543
615
411
807
427
667
283
623
491
719
451
723
499
591
499
671
355
647
499
507
255
683
495
519
503
691
339
803
551
715
423
643
343
619
383
639
503
671
431
639
467
795
499
663
387
639
575
659
487
675
435
691
387
739
631
539
447
479
407
731
471
751
527
591
387
567
395
679
539
775
459
679
415
523
555
691
487
671
555
687
447
695
443
667
395
751
439
727
535
635
547
563
363
603
407
743
419
895
595
595
427
571
403
747
315
695
367
595
383
467
523
595
487
539
159
439
155
327
147
803
319
527
255
555
499
587
483
451
543
459
459
483
523
387
327
331
427
483
243
335
579
583
191
383
543
307
351
451
527
511
467
383
403
387
523
319
451
359
423
347
491
339
327
319
475
359
523
391
455
351
443
479
463
539
487
399
455
387
499
471
483
319
499
291
503
359
383
219
415
379
431
563
391
411
407
479
415
491
407
343
459
547
439
415
527
455
311
311
467
435
471
495
355
299
251
519
407
431
523
247
475
447
415
351
379
411
415
243
395
343
379
491
651
315
475
335
479
503
407
507
411
379
399
463
503
487
563
499
439
527
375
435
579
419
407
343
527
459
399
359
303
311
371
243
395
391
515
423
383
423
467
431
567
487
243
323
331
399
395
427
259
459
307
259
395
255
323
343
371
359
371
543
415
327
459
551
351
287
343
411
427
383
355
391
423
491
499
243
447
419
447
467
415
347
331
343
283
315
515
395
519
507
279
495
527
295
535
295
407
391
407
335
495
403
431
403
407
403
443
323
443
507
439
423
515
195
407
299
503
299
263
307
511
415
439
323
291
447
375
431
235
539
287
331
379
431
431
375
375
511
447
391
471
383
355
315
375
335
475
383
347
303
591
559
383
499
531
223
455
375
431
451
519
359
407
359
383
235
511
403
419
443
423
267
471
483
411
359
475
451
383
331
555
331
431
403
475
359
555
551
467
331
343
335
495
319
299
319
471
371
423
351
547
299
435
299
479
375
331
431
379
463
615
303
399
455
463
291
539
375
367
499
427
563
383
391
275
443
423
503
447
375
367
355
515
331
379
443
423
383
439
371
387
431
347
415
315
327
343
435
591
387
383
491
351
479
375
471
343
331
483
523
471
339
431
243
359
279
475
375
511
311
475
323
311
323
439
195
483
459
535
327
283
187
415
347
451
319
435
347
555
523
359
291
475
491
583
323
483
415
599
443
447
363
491
263
431
371
287
339
483
407
451
347
415
623
507
451
323
535
391
379
439
419
543
467
387
451
451
603
415
343
539
407
279
391
419
471
579
419
559
415
511
363
507
375
259
263
375
399
435
447
395
423
335
375
551
375
507
375
527
447
407
347
539
443
407
551
523
283
391
495
491
443
435
463
403
387
471
375
355
371
311
551
451
587
427
327
307
395
399
503
323
415
519
247
471
275
443
411
387
399
303
391
495
367
503
283
351
743
