678
815
811
811
586
851
674
878
567
959
871
718
643
955
627
806
547
771
703
821
559
947
663
799
623
782
674
895
687
967
651
818
539
862
846
799
635
1018
727
850
610
823
647
835
534
855
505
983
571
803
679
830
678
759
643
963
623
759
547
775
806
831
806
839
643
775
730
914
719
898
719
795
702
747
663
919
690
786
607
767
509
835
663
853
685
827
751
927
663
787
723
935
467
871
658
849
570
831
745
930
673
835
538
847
774
769
595
863
722
898
675
867
674
823
651
965
591
955
623
1058
679
835
698
975
719
819
719
819
775
967
711
850
731
794
607
838
622
855
795
958
691
951
707
851
687
771
653
931
811
870
622
753
791
755
523
711
459
871
679
815
775
799
722
949
674
783
523
907
567
967
742
818
683
835
630
839
731
867
583
867
547
883
699
815
733
971
667
845
670
750
647
911
679
847
722
850
655
819
607
943
603
855
786
807
567
786
654
822
714
942
679
994
630
899
651
671
702
950
787
758
663
847
679
763
638
826
739
918
655
811
751
835
633
743
659
847
543
973
619
907
693
695
799
827
743
967
451
963
506
699
659
762
775
697
617
899
795
878
719
827
847
815
679
847
634
814
811
879
746
790
743
1015
551
801
723
827
619
943
742
878
633
719
563
887
598
902
571
895
699
850
679
787
779
811
719
795
607
879
715
791
531
859
734
1034
606
885
665
863
627
943
694
954
683
715
663
1043
631
869
634
1027
727
690
579
851
671
783
702
734
789
915
635
786
642
921
837
891
675
758
631
815
671
911
783
843
747
739
682
867
619
823
771
875
623
962
706
907
679
895
391
927
631
775
683
991
686
818
618
917
735
873
699
919
819
907
647
771
595
795
727
775
807
795
715
887
733
847
767
973
651
967
715
939
775
815
683
955
683
810
646
935
703
887
767
803
683
907
827
878
731
811
635
771
643
717
775
795
609
783
542
855
722
842
694
927
610
842
767
923
763
854
867
905
563
874
567
862
707
809
695
951
575
958
771
858
642
726
603
955
591
947
767
935
691
918
643
867
683
879
675
827
851
787
531
823
535
823
755
919
447
843
751
906
779
867
722
854
539
890
671
918
683
807
683
802
503
827
667
990
683
830
682
743
507
881
731
935
711
607
379
647
295
510
474
863
670
834
751
818
707
773
687
463
638
595
802
602
699
571
591
701
698
542
603
490
734
794
675
663
766
657
599
578
587
714
682
571
607
685
803
702
511
682
739
647
639
627
667
619
671
690
675
583
727
683
679
541
479
539
602
722
555
563
679
614
601
562
603
670
647
679
579
707
651
571
502
595
617
495
722
546
702
557
667
506
561
619
559
659
679
633
630
670
509
601
815
607
718
503
534
583
739
749
703
670
682
702
667
598
591
734
602
690
555
574
599
582
746
626
730
706
554
650
582
666
570
618
598
630
730
506
562
694
614
542
726
702
622
702
706
622
774
723
603
491
639
739
698
455
605
763
755
583
650
723
607
695
731
643
595
606
733
619
711
726
747
615
634
615
667
627
685
634
813
714
626
678
735
434
743
641
635
439
590
707
567
818
503
725
639
546
670
643
651
595
575
671
626
595
637
491
647
446
770
598
831
630
610
567
657
723
551
610
687
631
739
722
667
591
721
747
849
531
527
519
783
675
699
671
543
486
703
654
673
723
611
702
727
750
631
647
610
627
618
602
603
675
655
683
531
695
678
666
586
670
603
675
763
630
619
611
579
539
523
505
683
679
547
655
627
799
694
737
575
671
695
575
610
574
447
567
639
555
662
687
643
695
723
550
651
725
562
547
695
670
606
607
611
759
651
535
703
583
729
655
614
631
527
611
467
699
543
638
678
637
687
626
643
603
707
630
685
715
751
611
751
627
582
643
630
579
639
629
671
631
741
611
619
522
699
801
559
535
603
663
823
495
755
551
766
603
763
586
683
667
710
599
735
523
762
787
723
683
715
595
646
670
797
651
598
667
650
671
757
587
671
741
639
675
738
582
731
543
643
575
515
631
739
445
515
562
699
559
591
545
479
739
603
611
691
639
714
621
755
743
447
775
710
643
655
590
607
747
691
635
663
694
575
627
687
661
599
690
670
718
719
566
695
718
659
626
747
603
561
711
543
727
651
683
707
642
739
571
662
674
651
655
619
599
595
731
738
723
570
445
557
595
602
742
635
566
663
678
586
626
739
746
599
491
594
658
623
506
579
577
558
707
691
611
730
695
718
635
719
647
794
646
746
634
615
811
687
639
603
563
665
498
667
727
538
391
759
667
587
534
601
606
607
794
663
502
575
495
547
559
639
635
726
503
526
451
447
463
578
767
