379
707
454
591
471
627
682
794
430
738
461
635
515
657
499
699
495
735
490
795
435
559
478
699
418
743
691
703
603
707
371
639
557
707
363
847
610
582
595
694
305
599
687
791
406
678
563
795
549
846
465
779
403
758
559
714
497
610
575
638
463
698
526
771
517
543
527
714
593
682
457
675
543
719
435
754
463
715
314
781
427
614
517
639
407
602
429
715
611
575
549
639
467
719
441
774
495
686
499
813
519
719
579
786
437
771
531
586
549
646
495
591
439
659
399
587
394
634
453
651
514
757
497
687
347
769
495
881
475
701
602
719
551
617
539
701
391
699
587
819
461
663
509
607
477
583
539
791
479
751
498
775
546
771
491
723
491
763
373
822
455
747
502
719
479
767
355
651
502
791
434
538
455
723
455
586
379
662
431
655
414
637
470
651
439
617
582
755
463
753
434
822
503
610
523
647
471
867
457
765
275
715
391
703
495
647
558
687
591
630
515
774
617
653
315
743
382
747
411
561
607
639
487
678
471
706
467
769
499
730
375
782
387
583
383
674
511
655
443
739
549
650
523
735
478
719
567
761
523
619
313
550
395
670
537
625
603
611
463
831
594
669
367
867
443
710
462
655
547
710
514
759
471
691
467
658
495
838
569
786
535
547
433
683
403
795
495
555
531
659
473
739
411
707
369
746
383
611
371
666
543
678
547
746
498
642
590
631
442
727
506
567
486
613
586
575
383
539
523
715
483
646
590
738
581
706
378
751
531
583
573
657
550
659
611
801
615
762
611
671
570
609
527
695
517
670
474
742
439
625
406
795
382
747
518
602
394
689
335
679
555
686
527
630
470
671
430
761
451
711
331
613
439
651
506
778
339
651
459
607
463
719
371
765
355
679
383
478
498
623
463
687
527
531
473
659
439
667
503
835
326
694
417
614
591
683
423
769
407
779
431
631
515
645
439
781
523
721
542
810
331
754
451
731
471
645
511
623
450
635
619
650
434
749
455
813
382
717
539
891
411
746
427
727
371
775
631
719
543
703
482
715
575
679
451
567
402
709
427
667
430
665
651
787
527
535
483
781
537
737
423
779
358
626
578
759
311
571
410
667
431
777
379
675
550
639
566
635
421
646
589
706
450
783
446
598
419
523
169
415
87
358
219
806
479
530
430
687
366
715
511
562
578
615
519
305
467
359
511
339
474
530
563
362
451
487
509
555
407
523
386
539
463
551
427
395
498
463
463
555
558
395
438
447
455
543
355
559
590
390
354
394
454
371
455
463
443
462
383
375
513
487
331
566
466
391
379
515
483
299
306
427
523
511
537
358
507
347
590
443
471
387
410
511
395
519
551
358
499
510
582
515
473
431
501
379
531
286
338
417
487
579
375
375
465
482
411
563
471
399
483
511
426
471
422
427
311
538
426
394
458
550
286
402
510
458
546
478
370
458
502
438
422
502
522
386
382
590
494
458
542
362
450
443
491
395
343
451
487
311
359
527
483
513
322
363
477
635
442
387
591
322
425
445
549
554
394
419
427
415
509
591
450
615
459
407
417
426
526
439
482
298
450
462
393
531
647
507
518
529
410
311
298
470
449
395
487
306
435
619
483
474
415
422
503
331
371
495
529
435
383
383
474
595
507
451
503
431
415
395
622
539
531
394
391
391
410
451
375
438
523
431
342
391
454
275
535
431
494
438
631
479
475
471
359
395
630
439
459
466
518
439
458
471
505
450
475
487
485
378
467
487
422
387
485
495
403
563
491
402
394
531
311
477
399
439
433
407
366
443
479
373
391
475
450
518
526
457
354
491
511
438
377
397
551
351
435
495
473
495
438
459
359
402
625
359
487
514
362
443
573
470
454
395
481
482
459
470
583
453
399
367
367
555
479
439
390
423
515
287
703
482
531
315
527
479
459
591
407
539
517
385
511
446
370
561
463
531
634
403
557
402
443
463
355
379
535
478
365
443
465
623
519
447
497
567
525
363
479
511
509
555
386
387
374
347
463
409
441
446
431
366
499
443
435
431
458
471
639
431
367
375
543
502
483
283
535
613
442
511
538
535
357
459
486
419
379
477
601
535
474
431
663
471
411
551
319
345
547
467
471
298
391
434
463
447
405
563
587
467
355
493
467
451
635
354
363
535
339
431
459
407
375
315
543
531
555
458
471
431
333
290
487
483
421
353
395
399
551
346
503
523
459
467
459
483
555
335
434
398
502
498
286
402
421
379
399
491
431
327
538
319
547
479
339
443
367
487
579
443
549
547
529
399
514
482
478
435
542
427
478
535
554
343
471
603
623
399
442
375
511
483
643
506
447
494
403
354
485
351
374
419
497
590
