355
639
438
679
355
611
298
667
463
682
362
606
410
647
483
575
311
581
339
551
267
555
331
639
451
757
334
675
330
651
415
703
483
671
395
629
250
619
255
566
361
722
466
631
267
545
501
691
503
618
373
659
479
581
401
662
319
715
379
626
297
558
495
659
447
439
511
643
371
619
382
571
439
667
371
599
371
611
411
719
494
699
319
635
439
703
363
643
511
559
446
678
354
535
498
603
623
543
287
725
490
663
318
783
274
587
363
663
342
607
407
674
526
543
371
566
446
535
355
534
425
678
367
713
211
423
391
871
399
683
351
702
465
550
427
747
291
606
390
609
409
731
330
739
343
655
327
699
259
627
531
590
419
343
550
582
331
474
270
655
242
507
255
555
422
566
494
543
447
491
441
587
295
511
503
681
405
542
439
710
470
467
302
586
198
675
359
702
295
654
563
543
425
607
463
633
219
521
227
611
370
511
399
579
299
711
229
671
418
503
355
735
275
481
558
619
367
543
343
471
435
498
287
603
377
419
491
639
370
667
191
681
375
583
399
590
347
543
447
659
391
581
266
487
295
471
447
751
439
403
499
545
571
555
562
711
413
591
379
671
315
526
349
403
309
618
354
651
297
595
563
614
279
547
438
665
379
626
411
602
531
603
337
538
347
546
407
714
341
511
465
606
451
794
513
611
467
617
287
671
369
587
398
699
358
709
323
510
331
651
371
469
441
538
322
665
251
523
322
663
439
742
495
629
211
466
475
563
311
735
355
462
427
411
446
639
371
434
295
599
323
525
399
727
389
691
455
663
479
585
253
633
343
567
359
683
331
443
431
633
474
671
458
619
402
627
515
447
555
650
547
643
354
582
395
587
539
643
491
559
323
623
325
451
354
578
463
679
433
650
517
551
407
489
539
643
439
499
210
651
338
658
474
515
322
535
378
486
389
667
510
639
427
527
539
571
391
507
367
583
467
501
293
703
439
522
482
707
315
598
251
627
347
769
446
690
395
539
298
795
406
555
475
575
326
671
523
666
342
659
323
610
467
615
403
502
339
579
507
429
455
534
439
671
567
734
471
679
343
602
410
627
355
490
283
634
419
631
546
451
317
547
275
707
387
543
459
623
427
607
463
563
455
710
450
691
402
471
70
343
166
311
75
663
347
463
335
482
422
574
435
459
415
374
447
439
302
251
339
215
495
423
143
302
323
370
402
263
475
243
383
383
406
435
394
327
283
406
395
409
366
571
362
334
309
307
499
462
563
355
501
379
362
378
355
346
389
358
403
303
418
475
539
415
393
527
394
230
435
367
415
294
363
235
221
539
331
361
350
451
461
374
391
399
403
379
431
187
459
478
387
507
422
251
391
270
337
361
358
443
451
234
331
298
486
387
427
339
443
417
355
178
443
418
418
427
383
423
419
255
323
330
465
263
490
378
349
399
331
370
371
295
406
482
506
259
355
335
263
243
218
277
286
313
371
431
347
415
407
451
473
345
367
463
390
395
395
485
263
163
427
394
347
247
387
382
350
266
466
339
401
175
439
419
263
418
291
403
381
411
439
222
435
381
449
426
425
467
315
407
534
522
383
435
463
346
335
527
417
350
523
382
447
341
414
402
315
255
435
285
394
427
505
395
355
427
423
447
354
299
315
359
453
455
409
379
435
239
318
419
259
375
215
439
391
279
459
342
451
339
457
459
455
183
351
295
511
199
381
386
395
422
531
374
359
443
487
377
514
370
297
313
283
323
407
450
431
346
314
378
373
422
262
402
222
391
394
375
430
414
479
515
491
290
335
474
259
391
523
335
339
467
399
451
223
326
391
479
275
307
538
471
454
306
453
355
329
455
483
195
403
451
273
287
431
355
506
523
327
406
451
363
371
306
317
439
491
255
358
342
429
283
287
467
438
382
414
131
373
283
323
354
219
322
337
295
458
263
515
303
403
331
338
287
267
419
351
283
291
290
293
318
359
299
477
391
373
219
289
547
511
327
351
263
363
299
461
374
457
410
474
383
299
529
499
506
345
419
459
317
265
499
307
426
303
226
311
375
453
395
363
279
359
338
431
367
427
471
271
319
247
299
367
387
363
369
394
382
395
387
483
399
351
482
231
385
395
266
483
286
467
383
463
311
395
334
339
467
179
283
346
267
319
279
427
345
386
307
391
391
423
311
382
311
427
421
359
283
327
354
327
585
342
375
243
463
379
410
351
422
238
218
207
431
274
319
319
279
357
526
446
413
442
451
395
367
419
318
443
467
438
363
375
419
441
250
358
271
399
306
299
377
383
335
411
321
379
283
362
470
266
245
379
415
339
453
429
255
347
323
371
399
406
495
