654
835
585
730
635
647
489
767
574
514
494
677
643
670
598
731
627
770
487
613
694
847
619
703
423
646
558
767
591
883
599
750
607
693
577
774
610
817
471
757
606
905
518
741
687
731
654
817
695
751
547
751
509
802
415
762
499
750
598
894
463
714
485
787
593
667
510
863
533
847
503
887
697
745
601
799
527
735
539
863
519
706
430
799
555
675
571
743
613
859
630
759
466
763
541
905
542
795
633
681
562
591
563
782
631
866
555
695
706
723
583
787
655
751
559
807
702
810
515
867
438
702
427
762
523
758
619
843
747
747
535
817
521
850
546
751
653
741
519
750
601
683
514
813
569
755
623
779
650
707
545
842
509
682
682
715
561
687
639
838
474
822
631
787
595
693
518
839
691
615
563
741
511
746
517
827
423
879
707
794
507
841
618
717
417
783
609
775
574
847
455
909
695
843
758
682
638
763
595
621
677
779
519
762
493
786
526
758
722
918
555
817
563
823
738
855
687
713
663
787
501
747
675
823
565
759
602
907
579
715
581
861
634
671
535
815
591
787
447
966
591
715
535
685
633
639
495
799
721
734
659
621
605
629
565
807
665
809
589
717
675
753
635
670
601
561
533
798
609
817
507
691
562
786
526
875
539
639
514
811
501
826
505
635
517
675
591
703
561
839
551
661
483
683
470
811
613
670
587
711
675
861
541
894
602
851
603
803
505
919
462
902
503
719
498
651
498
741
553
715
675
726
511
611
451
739
527
730
599
727
653
717
582
799
647
706
565
770
649
807
545
782
575
869
515
797
563
802
529
753
559
762
670
631
595
698
727
753
529
793
545
722
691
735
534
810
606
783
607
715
511
945
463
727
715
891
521
719
630
679
506
767
419
723
573
855
661
733
633
863
545
775
503
747
547
835
507
838
677
643
594
673
663
763
526
750
545
695
567
718
514
769
527
691
585
865
557
889
615
773
619
721
497
815
449
733
623
773
559
827
554
695
534
874
575
866
487
718
594
747
546
659
598
862
497
589
597
941
714
731
738
878
529
858
527
791
322
739
454
719
423
822
541
655
682
801
555
747
475
879
610
839
469
762
565
853
595
618
647
827
362
795
613
882
551
797
523
711
595
746
526
871
517
731
645
830
549
561
262
550
265
498
415
711
534
747
623
623
558
757
459
515
509
591
574
551
509
367
683
494
557
663
622
383
459
598
499
455
619
559
487
515
515
567
590
553
514
525
595
599
582
626
475
597
497
669
643
489
407
427
623
507
518
605
482
547
541
545
627
339
623
605
586
466
443
567
527
655
541
619
643
531
595
503
587
410
563
467
479
431
546
583
522
435
651
451
613
561
495
617
494
647
465
521
619
607
517
586
567
579
581
534
495
470
521
511
603
453
598
535
531
614
667
563
622
715
466
630
638
554
594
534
550
502
514
618
542
662
458
490
370
454
606
454
594
538
554
562
390
414
823
490
505
502
531
535
415
426
565
559
498
458
641
623
711
665
471
547
542
525
502
538
398
446
471
643
465
455
543
458
598
402
621
542
407
561
622
607
645
555
497
470
386
443
545
437
419
583
583
715
595
355
507
594
481
410
541
571
447
547
506
499
446
538
489
591
475
489
427
463
455
615
583
443
614
543
710
591
562
589
579
629
597
487
479
477
662
542
815
498
577
590
646
473
491
519
451
479
627
449
569
335
481
719
525
395
422
458
478
535
501
669
621
595
567
502
519
621
333
358
665
651
579
409
551
541
562
545
587
535
466
473
559
458
531
574
558
603
529
501
566
531
659
610
511
678
577
467
545
585
619
647
573
567
433
445
567
435
537
463
526
623
563
575
449
491
587
390
474
438
626
411
554
461
427
566
655
467
671
470
486
515
421
489
445
399
466
550
563
557
587
467
471
551
585
583
490
605
615
465
470
459
487
559
694
410
574
599
523
539
637
449
670
506
605
543
495
459
625
523
461
398
469
559
606
519
563
606
459
447
577
691
499
789
529
507
547
446
675
621
478
482
523
607
482
590
647
487
557
522
525
534
495
535
423
463
559
741
563
415
625
547
505
443
626
367
595
467
557
743
394
625
595
487
562
635
575
599
575
481
673
399
629
521
683
503
535
430
654
491
537
551
663
523
459
458
523
535
494
514
658
331
549
571
539
503
615
519
595
551
627
522
591
423
462
473
485
473
455
711
587
586
547
606
382
699
626
609
430
551
395
337
401
591
638
570
663
613
459
607
547
441
621
415
414
383
670
379
570
486
627
619
563
581
538
662
747
535
555
495
527
443
574
466
602
478
575
510
593
563
489
489
638
518
587
603
581
507
327
282
345
302
351
515
