487
655
583
811
583
727
567
751
543
635
451
719
443
707
495
763
467
699
423
715
647
799
447
603
523
791
439
779
471
839
535
687
659
839
427
695
519
727
471
727
535
767
635
659
527
631
515
819
559
795
603
671
451
835
499
647
407
695
643
719
475
631
523
727
391
839
507
687
583
655
539
695
487
687
399
651
543
707
463
739
623
847
555
659
439
679
523
687
563
675
503
683
491
851
619
643
731
751
455
811
419
671
483
731
495
823
439
723
483
663
387
551
531
655
471
663
519
539
651
831
651
643
511
763
451
631
495
871
475
759
387
699
411
727
487
759
423
563
555
787
439
819
579
795
463
903
451
735
439
623
471
747
475
831
467
627
567
847
539
767
535
715
495
775
611
591
467
615
603
815
467
751
655
703
523
607
435
723
571
795
667
511
307
711
575
671
571
727
443
635
403
843
443
783
511
839
503
763
651
731
527
663
579
659
667
615
523
771
407
675
635
599
491
663
431
835
435
639
443
687
523
675
555
811
383
827
463
763
491
675
435
711
415
659
483
731
491
595
459
859
563
827
575
655
535
699
623
731
443
823
455
719
451
755
407
783
403
739
639
803
471
739
479
835
451
679
531
599
391
567
415
787
603
763
507
659
403
639
519
759
415
787
483
719
583
767
567
715
671
843
519
783
643
783
423
763
567
655
443
803
703
535
587
615
543
707
435
759
679
659
459
847
607
771
551
671
423
907
447
747
499
619
587
739
519
679
515
775
535
695
399
699
467
591
491
915
643
755
467
739
551
663
463
787
447
635
491
743
655
659
511
719
627
719
487
635
659
663
371
823
575
627
463
727
587
715
475
827
559
811
455
771
615
747
591
579
447
683
403
655
379
783
571
743
579
775
631
799
499
811
459
891
419
751
403
871
603
695
583
799
511
731
527
835
527
779
515
771
403
603
483
611
335
683
539
675
471
787
547
639
615
703
539
695
431
731
479
679
439
779
559
879
447
787
555
599
303
695
535
699
567
727
539
723
443
611
495
755
595
691
587
747
495
759
511
707
351
775
411
647
495
651
559
671
571
647
391
699
487
743
639
675
427
587
503
831
527
703
567
795
451
755
599
699
419
695
591
787
395
831
483
691
539
723
523
763
483
639
383
403
303
407
35
755
599
719
671
699
459
751
531
455
555
475
471
507
483
567
503
567
315
451
599
563
455
547
515
551
523
547
523
491
643
623
535
499
531
395
403
463
679
479
423
331
543
515
367
503
371
487
511
303
419
539
491
483
443
535
511
423
555
563
395
539
647
387
479
443
363
471
435
523
579
415
419
427
471
595
439
483
339
503
639
351
435
563
471
551
611
363
427
619
451
527
467
403
579
375
471
431
507
631
575
407
431
551
487
479
571
535
315
403
647
495
511
487
531
591
399
387
455
399
507
407
535
547
583
423
535
499
603
395
483
531
511
359
419
599
439
311
531
363
511
575
371
627
419
571
431
471
515
275
459
431
507
543
567
579
535
563
543
503
507
603
435
483
631
495
423
339
539
459
539
543
475
559
547
531
479
355
551
435
551
407
519
555
503
483
507
543
447
439
411
587
531
415
507
599
571
511
599
443
527
455
439
423
619
475
575
555
627
419
615
511
431
351
575
459
499
395
415
527
455
395
495
587
335
599
427
399
511
455
395
447
427
463
503
495
443
667
559
455
427
411
535
371
271
471
423
459
423
611
447
411
619
579
503
503
323
455
531
495
439
591
303
419
455
435
575
575
511
415
439
471
587
431
399
583
467
363
371
351
571
447
547
447
415
575
435
539
523
431
503
519
591
603
483
403
411
555
567
527
615
371
539
423
519
531
459
375
451
463
399
387
627
491
543
455
407
375
635
579
503
579
491
551
559
479
403
539
439
463
371
579
403
507
607
463
411
583
547
531
663
551
455
487
559
499
515
447
511
611
547
455
603
371
515
491
503
519
623
447
395
379
455
515
559
411
439
451
563
495
551
371
539
543
427
523
319
459
635
635
427
515
467
463
479
403
407
455
399
455
451
343
479
535
387
491
523
379
455
379
439
471
375
479
563
419
647
531
451
527
295
475
431
399
607
479
539
487
463
523
539
571
619
419
503
511
511
635
435
623
479
619
271
515
387
591
547
435
595
295
535
579
539
419
579
495
583
543
435
403
471
515
515
491
475
459
575
583
427
507
631
475
595
571
471
615
527
371
459
507
535
451
379
475
579
463
411
495
527
459
451
455
487
515
679
363
555
567
423
403
355
427
547
323
467
467
531
431
407
383
535
567
419
507
455
467
471
343
315
435
451
347
431
551
639
359
503
327
407
535
463
667
