327
567
387
575
527
699
542
598
331
523
695
782
291
787
563
599
431
649
558
715
485
719
419
615
323
759
447
747
467
595
535
655
495
610
386
655
338
599
314
663
386
654
343
595
507
563
503
454
439
597
415
650
259
587
411
515
399
714
591
607
402
570
399
562
506
695
519
719
383
755
355
538
363
667
429
635
555
602
558
743
511
535
283
577
415
559
475
507
535
607
423
487
446
589
523
603
431
623
467
522
515
543
563
619
290
623
283
575
339
671
382
711
491
735
470
490
430
525
542
719
463
562
311
659
623
631
498
703
402
558
455
630
463
679
562
685
273
715
571
645
283
726
367
701
491
595
439
719
483
630
575
739
363
574
342
515
431
595
427
655
515
615
595
751
307
663
462
759
431
523
346
567
462
743
275
575
503
627
474
706
354
663
471
703
434
663
383
687
431
499
371
607
443
731
386
702
579
703
414
627
443
482
451
767
431
795
358
571
415
687
455
631
446
567
523
633
379
594
455
695
467
679
447
674
419
726
423
639
535
623
362
679
469
566
414
691
267
559
439
687
470
707
611
470
302
659
383
597
450
651
539
714
278
551
358
527
462
727
383
675
426
679
307
719
494
663
347
735
399
623
523
639
395
707
367
623
503
654
403
574
531
489
415
779
371
691
327
799
467
737
334
795
466
630
343
614
235
719
471
615
463
678
411
551
514
667
434
775
403
647
519
738
435
474
531
535
366
494
215
746
507
678
418
703
498
563
299
551
579
563
323
650
422
635
343
611
459
702
447
715
371
679
431
622
427
515
603
722
367
786
454
619
499
531
491
702
563
567
310
482
427
594
439
659
403
667
530
667
447
751
311
647
419
534
319
683
471
589
487
681
503
611
355
575
647
750
446
622
574
611
319
563
543
594
431
623
363
587
359
681
454
650
367
735
479
522
391
635
419
623
230
470
379
678
311
726
291
603
415
479
383
507
514
626
443
547
315
582
402
643
471
659
306
662
607
551
615
691
298
766
327
590
398
715
271
550
423
627
603
675
499
651
382
590
419
815
443
607
519
691
467
666
499
614
415
707
475
647
495
707
399
695
375
659
459
579
283
599
507
499
511
602
371
687
646
662
470
559
378
647
377
727
422
647
351
607
563
342
91
395
0
495
91
535
431
603
398
597
427
727
279
343
283
455
367
299
499
527
385
434
387
455
519
371
343
438
371
322
395
459
406
483
417
341
439
419
303
327
307
379
518
415
359
259
483
447
473
286
343
495
274
391
374
298
223
314
519
438
526
523
414
491
498
347
502
431
327
406
590
423
443
350
518
415
287
318
399
535
522
366
427
371
355
531
375
439
519
487
475
563
479
230
302
399
399
203
423
359
343
358
398
462
439
451
323
467
467
410
415
335
486
371
467
271
531
479
570
387
371
415
530
447
339
311
515
503
430
239
399
334
435
375
495
502
459
322
343
438
283
274
431
317
427
462
397
335
367
391
371
435
423
447
445
343
385
427
431
503
467
439
463
423
363
358
550
402
295
295
411
495
354
418
355
318
423
390
543
439
438
363
355
327
431
311
382
371
559
255
223
387
306
367
427
491
430
423
515
315
383
303
451
407
571
339
451
422
439
503
467
439
422
347
370
383
411
483
527
451
467
419
303
435
526
347
527
455
459
382
518
339
387
442
506
305
327
394
279
363
471
426
411
335
567
418
471
315
347
359
319
319
462
375
423
567
406
443
323
523
279
481
407
215
430
319
362
415
479
438
331
565
543
303
459
399
395
362
438
466
495
363
419
370
483
367
355
291
351
315
337
331
407
542
454
323
459
395
437
335
407
355
547
543
279
346
279
402
455
410
438
355
363
327
431
303
498
306
563
455
374
447
511
395
299
378
327
423
379
327
479
454
403
390
343
491
486
238
295
487
403
366
539
415
435
411
530
394
466
483
354
454
371
319
459
334
459
426
191
337
486
283
431
287
443
407
479
387
442
367
378
375
442
339
546
455
427
385
583
466
323
502
343
591
622
579
442
414
327
315
367
322
314
415
507
299
431
435
355
478
335
379
515
427
430
283
434
287
379
295
446
395
443
395
447
531
378
514
494
334
507
551
338
318
470
446
453
539
310
351
387
319
562
390
394
439
394
422
303
403
282
538
602
335
315
358
471
475
459
363
394
451
367
347
386
406
330
403
271
491
343
326
327
462
435
437
406
347
383
279
423
459
423
353
551
395
510
223
510
478
239
511
475
475
427
423
411
518
354
447
338
255
367
307
351
495
419
434
295
299
395
371
430
371
303
357
411
515
419
279
363
474
298
447
271
387
291
310
403
387
531
463
586
582
562
959
