442
471
309
557
285
499
258
565
291
495
249
486
222
391
265
485
266
518
235
467
242
515
178
489
227
313
271
569
221
614
275
501
391
522
331
453
370
517
273
402
234
533
322
443
226
435
347
554
273
506
323
591
274
355
225
426
275
495
369
527
329
433
202
533
302
574
323
461
274
521
274
603
293
409
307
461
127
534
195
479
357
471
287
623
105
570
346
455
165
379
194
481
223
507
319
507
303
455
331
559
390
498
387
563
250
387
362
630
294
498
333
443
243
447
277
494
243
519
283
543
350
415
247
374
303
635
174
471
239
627
306
623
122
506
399
467
191
549
122
499
290
413
327
595
259
566
491
351
370
481
371
459
162
543
455
591
223
339
255
574
225
439
343
449
251
482
330
562
410
413
326
322
251
434
122
519
271
429
283
531
366
525
527
474
307
583
334
490
331
411
222
562
262
407
378
550
379
479
261
567
295
297
315
542
266
490
331
549
299
471
355
487
397
502
217
645
239
454
259
567
243
451
331
590
219
491
354
458
250
407
142
526
186
369
267
527
287
622
478
562
265
554
319
559
263
534
214
450
367
491
183
413
274
495
227
639
431
365
375
537
221
447
289
519
378
411
489
615
439
387
463
379
299
615
87
486
387
459
293
565
322
566
374
502
363
491
279
530
311
530
218
571
365
690
187
546
174
519
393
505
266
490
347
401
271
579
507
571
202
567
310
459
350
523
203
519
335
503
163
475
319
461
391
610
317
619
307
571
271
622
346
511
319
506
323
407
274
513
377
491
239
498
217
687
307
563
261
553
225
434
255
467
325
521
382
471
173
531
334
402
251
591
345
675
405
523
351
427
295
534
415
470
207
459
401
491
359
578
195
646
303
519
341
498
209
563
271
501
329
466
283
539
98
403
379
491
250
450
347
561
201
643
379
453
295
542
237
430
391
419
198
535
371
531
174
473
269
663
375
491
341
475
253
451
214
435
502
515
289
407
290
582
247
430
423
302
263
633
319
473
239
517
267
471
341
410
367
459
426
591
310
490
313
351
209
471
411
502
433
543
334
367
335
479
161
527
415
663
335
635
391
398
343
497
223
450
353
475
133
487
283
441
319
619
182
437
257
499
301
639
219
401
267
527
231
378
250
291
21
258
0
127
43
603
270
601
299
473
295
485
359
315
307
267
222
253
278
342
333
313
354
163
105
399
207
234
327
227
398
301
263
265
226
217
219
271
271
99
258
123
371
239
311
265
499
182
242
147
391
175
203
185
155
302
330
135
286
134
299
275
543
313
281
271
383
223
295
143
295
318
198
327
98
294
274
439
311
189
251
311
245
242
231
465
221
311
198
227
283
167
183
295
307
247
247
281
195
279
185
227
353
394
214
223
254
309
307
346
266
366
358
219
283
186
259
129
422
254
334
302
330
234
214
382
226
322
218
298
294
134
426
242
210
214
210
214
318
282
430
218
357
221
362
195
342
242
187
258
365
213
271
351
245
399
326
223
202
333
225
306
303
217
379
335
203
277
250
245
239
245
346
242
315
267
306
234
317
281
238
267
351
163
333
229
211
51
279
198
263
239
221
247
290
325
151
321
393
211
347
222
253
231
259
265
245
214
337
206
201
330
234
237
199
342
247
243
271
343
137
151
263
189
423
371
233
163
195
294
213
225
259
242
157
143
233
322
261
255
179
350
189
275
307
314
319
161
243
371
287
387
233
295
467
215
279
259
319
358
281
191
266
237
257
203
291
415
243
281
443
249
199
430
246
263
341
146
143
381
327
171
267
323
121
282
347
335
303
254
231
198
354
87
493
258
299
190
318
243
383
402
219
321
298
287
335
125
243
311
245
271
314
270
443
182
229
303
295
318
209
202
263
262
279
231
285
259
73
243
317
426
169
275
218
339
207
271
290
345
295
339
218
186
282
325
231
133
291
387
355
198
257
258
323
245
215
281
166
258
357
273
267
259
242
162
247
214
110
319
407
287
369
185
242
227
250
287
238
302
243
269
355
370
239
281
241
170
282
303
246
299
290
195
217
211
427
186
271
321
265
226
295
195
242
289
315
379
335
166
319
239
299
231
303
343
331
186
366
179
233
194
291
349
109
194
290
219
326
298
299
295
337
407
315
282
277
283
191
331
133
187
195
399
331
162
339
334
323
247
462
262
303
237
193
223
117
162
293
287
171
313
363
291
306
357
301
249
186
279
349
235
279
174
387
189
343
398
211
235
154
243
338
231
327
413
407
159
111
254
298
199
165
359
323
291
319
278
187
150
222
150
227
159
267
349
297
323
305
159
339
283
257
195
270
254
171
183
398
203
422
430
518
501
479
690
