443
607
415
595
395
567
271
571
335
511
347
555
371
603
435
571
459
527
371
619
403
595
431
591
343
431
355
507
511
543
379
671
339
639
419
447
527
563
487
551
423
467
411
655
295
539
535
787
435
587
367
419
435
691
335
487
339
575
347
703
287
503
327
615
315
627
419
583
451
675
459
527
447
491
395
719
375
611
431
587
347
607
451
643
347
551
347
647
315
575
395
639
371
495
415
463
419
567
431
507
379
535
387
639
387
591
339
491
467
463
495
455
407
603
403
439
395
643
287
571
427
595
367
659
311
631
299
647
299
531
519
491
279
579
419
475
479
699
427
575
387
519
467
595
391
575
511
451
447
523
383
535
359
599
267
555
311
503
395
643
371
663
495
551
503
643
435
591
391
463
539
555
287
655
339
343
371
467
351
551
355
743
387
651
379
363
375
555
351
475
447
467
339
691
367
543
579
515
495
595
375
579
299
571
479
523
367
599
395
651
343
539
339
511
431
711
303
579
455
511
387
467
479
683
339
591
487
519
511
507
335
671
403
571
395
583
327
635
463
727
399
595
415
707
319
611
383
511
315
475
327
559
407
503
303
711
403
655
515
647
407
511
283
487
423
583
483
595
395
671
491
731
303
655
471
619
427
579
351
783
367
595
295
455
347
511
367
583
563
599
403
631
307
499
371
647
343
351
391
575
431
491
391
531
387
563
331
615
311
591
363
435
399
439
383
511
379
527
187
567
495
623
331
583
455
491
387
483
479
539
343
487
411
515
455
607
571
567
283
711
487
619
359
631
351
527
591
595
547
631
299
683
411
523
467
587
363
599
427
539
503
547
391
411
335
563
419
527
315
551
407
515
431
551
291
627
391
483
387
611
331
543
479
671
559
611
395
667
495
583
327
643
371
619
467
619
275
703
295
639
419
719
403
535
351
663
519
499
311
551
383
595
343
647
363
607
411
703
419
635
375
483
551
535
519
643
423
699
439
531
451
619
467
443
367
575
447
559
527
583
419
579
319
639
427
511
391
655
515
615
331
559
423
623
455
611
363
411
455
659
407
655
387
551
415
659
319
519
419
591
515
643
391
559
331
515
407
659
447
607
523
507
307
655
343
699
347
519
291
559
547
527
247
619
367
607
347
407
107
311
0
291
99
535
435
419
459
571
499
615
311
411
399
427
319
435
379
275
275
315
255
451
363
327
291
343
319
367
579
391
471
307
415
215
251
371
483
347
255
335
435
327
387
351
443
403
523
351
383
267
279
283
455
271
351
379
411
239
415
399
323
351
255
327
411
327
223
311
319
375
347
427
319
431
399
399
331
339
459
291
327
343
275
331
315
235
367
335
315
427
283
459
351
375
447
195
331
355
319
251
367
231
375
387
335
291
415
343
459
331
279
363
403
495
315
175
383
331
455
311
247
391
259
323
335
427
359
331
447
363
415
187
487
451
291
399
371
347
307
371
503
383
355
339
503
291
379
371
359
439
411
295
459
299
383
339
367
419
311
187
415
403
199
291
275
291
311
459
491
375
307
383
403
475
467
311
495
427
379
403
347
347
455
271
563
271
347
403
319
347
343
311
403
211
355
267
339
287
291
375
471
335
331
379
459
371
263
351
387
455
283
343
351
367
403
431
507
315
275
427
427
403
251
451
343
359
267
191
283
331
239
387
391
383
415
447
331
435
363
447
303
339
507
335
379
235
351
251
403
391
343
307
419
487
331
611
375
303
351
299
191
339
319
275
287
379
303
395
399
439
467
231
427
367
403
271
459
359
279
439
315
283
427
299
391
355
355
219
259
271
363
275
331
431
387
267
335
363
267
327
311
375
347
355
355
347
355
263
359
351
347
339
339
371
331
279
471
467
267
395
383
335
511
371
279
363
307
191
355
319
211
311
391
415
387
343
331
275
391
327
399
451
415
251
355
263
367
367
347
343
359
435
323
455
387
367
263
343
411
419
463
383
431
207
331
443
475
383
363
315
347
367
483
331
499
379
271
383
331
263
375
319
455
359
359
407
355
279
371
267
391
263
287
323
351
491
299
275
299
319
411
295
327
279
335
319
359
335
527
399
407
491
419
351
383
339
355
383
359
263
531
211
351
219
527
391
375
363
347
323
299
443
315
451
351
355
303
323
379
379
363
399
275
311
359
407
463
311
471
375
459
219
403
363
275
383
247
367
299
295
399
319
231
339
331
255
371
303
315
299
475
219
511
263
347
387
351
279
339
275
303
379
283
243
359
283
351
339
363
311
335
363
431
283
451
551
327
467
363
131
375
483
191
319
323
343
219
363
411
227
167
383
283
283
459
303
395
343
355
271
411
395
399
699
