391
635
499
742
443
465
282
574
410
651
314
615
419
643
479
515
483
595
453
707
259
647
370
699
478
515
371
743
410
654
483
771
323
611
433
597
323
587
435
699
427
559
302
571
267
587
442
547
351
710
343
611
398
574
345
627
458
587
363
559
231
715
455
662
351
490
346
647
413
526
415
775
415
547
499
547
415
474
421
671
337
675
555
719
471
483
346
819
287
619
323
659
431
527
403
699
362
651
358
539
435
679
583
719
543
651
307
586
615
555
431
689
475
639
370
522
343
581
387
587
419
658
450
631
271
619
266
535
389
711
415
626
390
595
243
679
530
547
347
750
379
517
422
467
553
590
495
599
399
643
391
586
443
661
421
555
375
599
401
566
502
682
583
555
386
721
401
791
421
623
431
595
377
493
443
753
451
662
583
622
375
646
383
546
339
551
379
597
459
649
490
614
475
583
278
631
358
611
502
543
327
591
443
542
503
459
487
647
418
619
451
659
438
581
471
503
379
699
411
579
443
659
483
541
269
559
570
593
287
637
415
542
363
525
375
599
307
615
471
627
463
611
395
555
401
686
423
614
211
539
425
719
459
427
495
575
287
375
419
402
371
549
435
610
453
521
449
723
451
558
455
581
283
705
510
643
398
643
439
587
370
455
363
506
431
603
358
559
410
507
491
734
355
482
571
627
347
511
426
581
215
639
558
459
299
642
347
553
375
659
422
585
450
523
370
551
339
415
331
593
374
683
527
591
371
594
442
575
362
603
327
599
515
483
466
715
367
746
371
630
421
554
467
574
371
515
431
734
379
567
298
523
515
590
450
714
213
619
299
630
427
494
473
675
399
687
358
591
426
571
433
535
433
543
454
603
527
515
365
667
239
519
411
675
507
613
479
674
391
557
413
681
275
611
387
563
366
743
531
550
294
634
571
742
414
663
471
695
534
575
447
631
365
478
402
566
415
543
354
651
291
602
518
595
369
682
351
627
379
723
314
651
433
647
423
459
326
731
435
718
307
571
466
663
458
565
339
631
383
567
415
667
430
539
375
494
339
369
291
607
567
635
405
582
447
539
402
671
375
551
350
510
399
554
531
799
415
495
587
639
307
667
539
631
379
638
403
639
375
603
458
687
367
525
475
583
414
415
117
398
119
267
0
687
405
699
390
474
235
571
534
451
339
278
439
566
513
402
122
249
277
331
451
350
389
367
481
437
383
275
419
287
290
214
398
335
531
247
311
450
355
467
387
330
455
322
427
229
362
286
475
387
463
419
275
286
398
483
335
339
362
427
206
479
475
379
275
433
395
335
351
287
443
259
317
175
379
474
411
338
323
419
471
331
229
331
382
375
423
494
419
303
322
343
271
327
267
391
334
383
535
393
405
302
438
474
499
254
377
495
331
537
527
287
299
365
438
262
486
258
318
206
430
422
498
278
510
454
366
298
398
374
374
206
518
322
510
326
450
354
362
425
291
258
499
191
507
333
314
371
331
306
462
431
367
530
454
498
435
378
335
398
367
301
371
391
343
271
363
375
347
499
519
407
434
406
427
303
279
323
439
426
477
383
314
359
402
381
338
262
281
287
238
395
366
346
463
371
315
227
390
342
370
291
479
466
546
458
414
281
451
439
279
450
366
410
422
363
318
335
338
319
578
409
326
503
375
285
342
387
370
327
442
390
479
326
335
530
335
307
359
245
299
518
530
241
263
287
451
195
247
422
431
299
387
507
466
311
461
254
327
349
406
310
363
321
354
341
331
446
306
195
483
415
355
299
378
314
322
301
379
347
431
442
459
489
435
385
283
482
247
467
311
357
307
193
382
370
435
386
535
327
334
423
423
415
327
250
515
423
239
353
411
343
299
250
415
413
510
255
533
483
294
375
435
379
419
314
335
375
251
375
457
443
319
274
359
401
435
501
407
489
427
286
479
567
246
399
342
331
483
330
583
345
319
314
471
395
385
327
283
317
498
299
449
431
407
342
479
433
377
378
278
243
343
405
411
357
463
491
495
453
355
319
379
423
283
315
323
277
415
383
419
265
442
351
410
335
471
251
411
419
373
407
519
379
347
515
458
275
435
423
325
310
431
305
471
339
483
267
311
370
339
371
383
371
454
503
311
471
427
369
371
342
367
451
278
238
343
394
215
259
343
447
469
471
391
398
263
343
327
418
474
315
351
415
303
222
475
295
426
386
546
418
331
447
427
363
265
227
410
361
437
439
351
259
467
431
454
383
522
431
305
334
293
343
375
491
411
399
379
477
415
458
423
431
311
413
411
251
459
462
310
225
502
355
303
271
427
367
423
429
355
335
289
379
470
311
249
259
375
327
515
670
