467
583
531
611
423
559
419
679
331
471
539
615
455
627
507
479
447
651
435
619
427
667
355
619
435
627
375
651
355
527
339
667
267
587
371
495
351
591
463
619
387
535
339
527
387
735
391
559
319
647
395
619
255
559
443
551
263
683
475
727
431
543
483
659
399
591
431
643
367
575
339
659
391
667
419
579
479
555
367
519
575
695
439
563
271
559
327
563
347
643
303
639
411
583
463
779
531
627
483
607
391
631
491
743
475
627
435
607
419
647
347
659
479
703
427
763
327
611
467
635
335
555
271
483
419
531
379
567
403
611
391
755
319
595
479
703
259
511
379
635
303
595
251
643
351
491
375
663
291
619
587
743
563
683
511
655
339
579
415
567
375
619
435
495
539
563
407
631
407
587
371
635
411
543
375
723
327
615
347
455
347
651
287
599
499
463
371
543
327
595
359
671
687
503
363
535
347
543
367
567
463
551
419
591
411
631
319
623
631
607
363
567
323
555
419
635
383
527
487
639
259
567
467
719
379
747
567
719
463
567
207
527
367
603
435
619
335
427
415
687
363
611
399
715
275
571
475
615
423
507
327
627
363
659
403
655
539
555
535
767
431
651
491
503
471
591
607
551
375
683
571
623
271
711
403
807
395
703
343
555
191
627
391
571
395
615
391
691
419
531
319
579
427
838
495
583
283
651
387
675
467
635
387
771
395
615
295
531
431
731
411
683
371
723
479
499
415
679
431
863
387
587
371
639
351
543
567
831
431
511
467
747
375
423
307
551
339
503
459
607
435
683
427
627
423
451
527
631
439
559
303
687
419
415
383
595
479
503
375
703
459
611
439
615
351
783
439
551
455
735
367
747
491
703
303
579
411
563
407
643
227
547
443
631
387
559
491
623
479
639
207
551
363
643
375
731
303
619
343
595
443
747
459
579
359
631
279
559
363
607
319
739
391
583
407
559
231
683
631
519
359
571
531
707
339
687
331
551
303
699
359
675
483
559
491
711
559
695
387
635
391
531
423
671
271
587
475
571
335
663
347
679
419
715
411
651
375
603
531
563
391
603
435
723
479
619
547
715
491
559
411
535
367
759
522
587
431
471
415
791
275
671
511
571
411
627
331
671
183
511
295
683
523
475
483
627
511
455
107
211
103
159
0
487
295
563
495
611
431
551
383
319
411
443
339
227
451
319
327
279
395
199
447
239
279
415
519
331
475
327
387
415
215
399
283
503
447
467
455
415
423
311
527
323
439
311
363
367
455
243
387
347
463
399
423
399
391
279
447
395
519
395
407
423
471
391
531
363
347
347
443
347
375
367
291
343
487
311
439
219
411
351
183
310
319
363
447
431
379
351
439
399
479
259
419
307
331
427
379
443
503
435
411
359
267
415
399
375
359
303
367
371
307
359
491
387
375
359
263
259
455
355
283
395
523
363
387
299
543
343
507
543
539
287
483
299
223
287
399
371
383
479
423
271
403
315
363
299
395
331
307
431
487
307
351
315
323
411
343
375
391
255
355
363
411
335
419
355
439
387
419
491
315
299
367
223
347
479
327
367
371
287
503
123
303
523
415
383
431
459
539
371
351
379
275
315
267
351
403
307
307
319
327
323
355
475
283
267
391
327
311
327
471
383
287
335
531
343
227
359
311
311
311
387
467
335
395
395
487
463
391
267
423
343
479
407
475
275
503
363
439
315
347
319
355
255
203
447
239
207
315
483
507
439
491
363
467
371
383
311
451
415
287
347
335
339
347
399
343
451
291
251
303
399
399
395
319
535
491
283
411
467
475
283
375
243
411
219
510
467
363
271
467
571
515
435
415
239
267
267
435
399
471
267
359
351
443
379
379
303
439
555
315
383
351
327
491
427
415
247
391
307
223
375
387
371
315
315
355
375
447
399
375
431
167
383
451
335
363
259
607
363
411
279
443
303
387
391
415
379
195
455
395
179
415
411
455
331
319
315
259
403
395
355
347
443
447
379
427
347
239
299
431
391
395
303
271
439
395
367
395
383
423
515
307
299
315
347
551
355
275
339
431
335
323
303
471
379
391
475
447
479
311
271
375
339
395
419
491
367
319
355
419
223
399
319
451
211
303
303
327
323
319
327
455
363
503
331
447
387
291
391
407
219
391
366
323
427
411
323
367
323
439
395
347
427
455
419
423
383
339
263
459
447
307
359
411
511
367
439
327
411
535
435
355
343
311
415
387
367
327
411
382
463
319
391
315
307
335
415
415
491
379
287
223
383
367
379
483
231
527
387
467
331
391
407
379
507
355
307
491
295
371
403
355
311
399
515
403
355
279
283
571
355
343
319
367
327
439
243
395
447
479
763
