726
732
727
726
730
730
729
733
730
728
727
727
726
727
733
728
733
730
729
727
731
729
732
729
726
726
726
726
730
726
733
732
726
731
727
733
732
731
731
733
729
727
731
726
731
732
725
731
727
727
726
728
731
729
729
740
733
727
729
735
731
729
735
727
730
730
729
730
730
733
732
726
732
729
731
731
730
731
727
727
736
733
729
730
731
726
727
729
730
727
726
731
730
733
732
728
727
736
733
730
730
730
729
729
732
732
727
730
733
732
732
733
727
733
726
733
735
730
726
731
734
736
731
733
731
725
727
727
729
731
726
733
727
731
728
729
733
730
731
729
731
729
726
731
731
727
730
733
734
730
727
726
733
727
726
728
732
726
729
730
727
729
731
733
731
733
728
733
730
732
730
736
726
735
726
730
726
731
731
726
731
727
732
726
726
729
726
731
730
728
733
724
733
727
735
731
735
734
731
726
730
729
727
726
727
731
736
732
735
735
733
729
732
733
730
731
730
727
730
726
730
731
731
727
729
726
736
730
735
726
732
732
727
727
727
726
726
735
727
730
732
733
733
730
731
731
730
737
727
733
727
726
729
731
732
732
733
735
731
733
737
726
730
730
733
731
723
730
730
727
732
733
733
731
735
727
733
733
731
730
732
730
729
731
734
737
737
728
731
727
726
730
734
737
726
727
733
729
733
726
733
728
726
727
731
733
730
732
726
731
732
737
729
730
730
729
737
736
731
730
730
730
728
733
733
736
730
733
736
731
733
729
733
727
730
732
727
727
726
731
732
731
735
733
731
731
731
735
729
730
732
729
728
733
729
728
736
732
733
729
730
731
731
733
733
733
730
724
731
728
733
731
730
731
731
732
730
736
733
726
727
732
731
731
727
733
731
730
730
732
731
726
737
736
730
730
736
731
730
732
733
733
731
733
735
737
732
736
730
729
731
733
733
733
727
732
726
733
727
735
735
733
733
726
732
729
730
731
733
730
733
733
733
730
733
726
730
730
730
733
727
737
727
730
726
733
731
730
729
727
734
733
731
732
737
733
736
731
732
728
732
733
726
729
735
731
731
728
733
733
732
727
730
730
731
729
733
729
731
728
734
728
730
732
732
733
730
733
730
732
733
726
726
737
733
733
731
731
736
730
730
740
731
729
731
729
731
730
731
727
726
727
736
733
731
733
736
734
733
733
729
730
732
732
730
732
730
731
730
732
731
732
737
727
728
727
730
725
727
733
730
727
735
730
733
730
736
729
730
727
731
732
727
735
731
731
735
729
732
727
731
729
730
736
731
730
733
737
733
733
727
730
732
730
730
730
733
729
732
730
734
730
731
731
735
726
733
730
730
731
732
731
727
726
728
731
730
731
733
731
730
731
726
732
733
730
730
734
729
730
733
727
732
732
735
731
730
733
731
727
730
735
726
730
734
731
737
732
727
729
736
733
737
731
733
735
733
731
732
733
733
727
732
731
736
732
732
736
735
731
729
727
731
727
730
731
735
733
732
733
726
734
730
731
734
731
731
727
733
737
735
730
733
731
727
732
733
728
731
731
731
730
730
730
733
736
727
726
738
730
733
733
733
733
730
733
729
726
727
728
732
733
732
731
731
729
731
739
735
733
732
735
729
733
733
733
737
731
733
730
730
730
731
735
735
736
730
732
731
731
727
727
730
729
726
735
730
731
730
735
737
735
731
732
730
733
730
726
730
732
737
726
735
727
731
727
729
734
733
731
731
733
727
727
732
733
732
731
730
731
731
732
731
737
735
737
726
732
731
730
730
726
730
727
726
729
732
735
731
733
733
731
733
727
736
733
731
729
726
727
733
733
736
733
735
731
728
735
728
733
732
733
731
727
733
730
732
728
731
726
737
728
734
730
733
736
727
730
727
730
736
726
727
733
726
731
735
733
733
733
736
732
730
729
731
731
731
731
733
730
733
734
730
730
733
733
735
731
732
730
726
731
738
731
731
731
734
727
733
733
728
733
731
732
733
727
731
733
730
731
730
734
734
726
730
733
731
735
733
731
730
729
730
726
727
737
733
727
731
733
741
732
731
729
730
734
734
733
732
727
730
733
735
728
730
731
729
733
727
730
733
731
733
730
727
732
731
730
731
729
733
729
727
728
727
731
731
726
731
732
727
735
731
733
734
733
733
736
730
730
726
732
737
733
726
732
730
733
732
732
730
727
730
730
736
732
732
727
730
731
731
726
733
730
731
734
730
731
732
730
736
730
728
734
732
732
733
735
730
730
737
732
733
730
733
733
730
733
733
730
731
730
730
731
730
733
736
729
727
726
731
730
732
733
730
736
747
723
487
1389
1
0
890
545
