236
235
235
234
238
237
237
234
235
239
235
235
238
238
234
238
237
235
235
237
234
234
235
237
233
237
238
232
235
231
238
235
238
239
235
239
236
239
239
236
236
239
237
235
238
235
240
238
238
239
237
239
238
235
239
235
238
238
239
235
235
233
233
235
239
238
239
240
235
238
238
235
239
238
235
238
232
234
237
235
234
237
239
233
238
239
235
234
239
235
232
241
238
230
236
236
238
236
235
234
239
239
238
239
236
237
232
235
238
241
239
237
237
238
235
238
238
237
239
238
238
237
233
233
237
231
235
235
235
227
235
235
232
239
239
239
237
239
238
235
232
238
239
233
235
235
232
236
235
235
237
238
238
235
237
235
235
238
238
239
235
236
237
235
240
233
235
235
239
235
235
233
235
235
235
241
239
237
238
234
237
239
238
237
238
239
237
235
234
241
239
235
241
235
240
235
238
233
239
233
238
234
233
237
229
235
238
234
234
237
239
238
239
239
238
240
235
236
234
235
233
239
235
235
237
234
232
239
239
233
238
235
235
235
234
233
241
234
231
232
237
238
235
235
239
238
236
237
233
239
236
234
229
234
233
231
235
235
237
237
233
236
239
239
233
235
237
236
235
237
239
236
235
234
235
235
239
239
239
237
240
235
236
234
239
237
238
241
236
236
235
229
237
238
241
234
237
235
235
236
235
235
237
239
239
242
235
234
241
239
235
238
239
234
237
235
238
237
233
228
238
237
237
232
239
240
237
239
241
237
235
239
237
238
239
233
235
229
244
237
233
241
241
238
239
238
237
234
235
239
236
232
234
237
236
235
238
233
235
236
239
239
237
235
238
239
242
239
235
233
237
238
239
240
238
238
239
238
237
239
232
235
239
235
240
235
236
237
238
237
238
236
232
233
237
239
241
237
239
238
239
238
233
238
238
235
236
237
239
236
239
237
236
239
235
237
237
237
238
239
239
239
238
236
233
238
235
236
241
239
238
235
237
238
238
239
238
236
233
230
238
238
235
235
238
239
234
233
233
233
241
232
238
241
237
239
235
239
236
235
235
233
238
235
237
238
233
237
237
234
233
238
235
233
234
236
237
239
229
235
238
239
237
233
232
239
236
239
234
238
238
235
234
236
236
235
239
235
237
238
239
235
236
239
233
239
238
236
235
235
234
238
233
239
238
245
236
239
234
238
235
239
233
233
232
235
239
238
238
239
239
235
244
238
238
238
235
221
233
234
236
239
235
239
236
235
240
233
237
239
239
238
238
237
235
239
235
236
241
233
234
235
233
241
237
238
237
240
238
237
238
240
235
236
235
235
239
233
239
238
235
239
239
238
232
235
235
233
239
241
239
240
235
239
235
239
235
236
239
235
236
237
235
237
240
237
235
238
235
239
236
238
239
238
236
238
234
239
235
238
237
238
237
238
236
240
238
239
237
235
234
239
238
235
239
236
235
237
235
237
235
239
241
238
238
238
239
238
235
238
238
235
239
238
241
238
238
240
233
233
239
239
241
234
238
238
235
237
235
237
237
233
238
239
236
237
235
235
235
235
235
237
238
239
237
238
238
237
238
233
237
237
237
235
237
238
236
235
235
239
237
235
240
235
235
239
241
239
235
238
236
234
238
237
235
239
238
237
238
234
238
239
241
239
241
237
237
236
239
233
237
235
241
237
238
238
238
239
232
237
232
243
245
238
238
236
239
239
236
237
238
235
239
238
239
237
238
241
238
239
238
238
240
233
235
238
235
239
237
239
239
239
237
239
239
239
235
241
239
238
235
236
238
237
239
237
236
241
240
237
235
240
241
237
237
238
238
239
237
236
235
237
235
238
238
229
235
236
235
239
236
238
236
238
238
233
239
238
241
238
238
238
239
237
235
233
239
237
238
235
239
239
235
239
238
239
235
238
238
232
234
239
235
233
234
235
235
233
236
239
238
233
240
239
237
235
236
237
235
235
235
235
238
237
233
238
235
239
238
239
237
236
236
239
238
240
237
239
235
235
241
236
238
239
238
237
239
237
238
239
238
235
237
235
237
238
237
239
235
238
239
237
238
233
238
235
233
238
235
239
237
239
235
235
237
238
239
237
240
235
231
239
235
239
235
237
234
233
236
238
239
237
238
235
239
239
239
241
235
235
238
238
235
234
237
239
235
237
237
239
239
239
235
234
237
237
236
238
239
236
238
238
235
237
235
235
237
239
235
244
239
240
235
235
238
239
235
238
239
242
240
237
240
238
238
236
233
235
234
232
239
239
235
238
239
238
237
235
236
239
235
239
239
238
239
239
234
239
239
233
235
235
239
236
241
237
253
235
122
226
237
0
11
317
