1927
431
439
439
439
443
439
435
439
439
439
439
439
439
435
439
439
439
439
439
443
435
435
439
435
443
431
439
439
443
439
431
439
439
443
439
439
435
439
435
439
439
439
439
443
435
439
439
439
439
443
439
439
439
435
443
435
439
439
439
439
439
443
439
439
439
439
435
435
439
439
443
443
439
431
439
439
443
443
443
435
435
435
439
435
439
443
435
443
439
439
439
439
439
439
439
443
439
439
443
443
439
443
435
435
435
443
435
439
439
435
439
435
435
439
439
439
435
435
443
443
439
439
439
439
439
435
439
439
439
439
439
443
443
447
439
439
439
443
439
443
443
435
439
439
439
439
439
439
435
439
443
443
439
439
443
435
439
443
435
439
443
439
443
439
443
435
439
435
435
435
435
439
439
443
435
439
443
443
439
443
439
443
439
439
435
443
439
443
443
439
443
439
443
443
439
443
439
443
435
443
439
443
439
439
447
443
435
435
443
439
443
443
443
439
439
439
435
443
435
439
443
435
435
439
443
435
439
439
447
443
439
439
435
443
439
439
435
435
439
439
443
443
443
443
439
435
443
439
435
439
439
439
439
439
435
443
443
443
439
443
443
439
439
443
435
443
439
443
439
439
435
443
443
435
439
439
435
435
435
443
439
439
439
435
439
439
443
439
443
443
439
439
435
443
435
435
431
439
435
439
435
443
435
435
439
435
439
435
443
443
439
435
443
443
439
439
439
443
435
443
443
439
439
439
443
439
435
439
439
443
439
443
439
443
435
443
435
435
439
435
443
435
435
443
443
439
439
443
443
439
439
439
439
439
439
443
439
443
439
435
439
439
435
443
443
439
439
439
443
439
443
443
443
443
443
443
435
435
435
439
439
439
439
443
435
439
443
435
435
439
443
439
439
439
439
443
435
439
439
435
435
443
435
435
443
443
435
447
443
439
435
435
443
443
439
435
435
443
439
439
435
443
439
439
443
443
439
439
443
443
439
439
435
443
439
443
435
435
439
443
439
435
443
439
439
443
439
443
439
439
439
443
443
439
443
443
439
435
435
443
439
439
439
435
435
443
435
439
439
435
435
431
435
435
431
439
439
439
435
439
439
435
435
435
439
443
431
439
439
443
439
439
443
439
439
439
439
443
435
435
443
443
443
443
439
439
435
439
439
443
439
439
439
439
439
435
439
447
439
443
435
443
439
439
443
443
443
439
439
439
443
443
435
439
439
439
443
435
439
439
443
443
439
439
439
443
443
435
439
435
435
435
443
435
443
439
439
435
443
443
435
435
435
443
435
439
443
439
443
439
439
435
439
443
439
439
439
443
439
443
443
439
439
443
443
443
439
443
435
435
443
439
443
443
443
435
439
443
435
443
439
435
439
439
443
435
439
443
447
439
435
435
435
439
443
439
443
443
403
427
551
475
615
519
355
515
367
515
367
455
207
467
595
391
387
455
427
387
407
487
447
399
463
531
439
439
439
443
439
443
431
439
435
439
443
435
439
439
435
435
443
443
439
443
443
431
439
439
439
439
439
439
439
439
439
439
439
443
439
443
435
435
439
435
439
435
439
439
443
435
435
439
435
439
439
439
435
443
439
435
435
439
439
439
443
439
439
439
439
443
435
439
435
435
435
439
431
439
443
439
439
435
439
439
435
439
435
439
439
443
443
435
435
439
435
439
443
435
439
439
435
443
439
439
435
431
435
439
435
435
439
435
439
435
443
439
443
439
439
439
439
435
435
431
431
435
439
439
439
435
439
439
443
439
439
439
435
435
439
439
443
435
443
439
439
435
443
439
443
443
443
443
435
439
439
439
443
435
439
435
435
439
439
439
439
439
439
443
435
439
443
439
439
435
443
439
435
439
439
435
439
443
439
435
439
431
439
439
439
439
439
435
439
439
439
443
439
443
439
443
439
439
439
435
439
435
439
439
443
439
443
435
439
439
439
443
439
439
439
439
439
435
431
439
443
439
439
439
439
443
439
439
439
435
439
435
435
439
435
435
435
443
435
435
443
435
435
439
443
435
439
443
439
443
443
439
439
435
435
439
439
443
443
439
439
443
435
439
439
439
439
443
439
439
439
439
431
439
439
439
439
439
439
439
439
439
439
443
439
439
439
443
443
439
435
443
439
439
435
435
439
443
439
439
439
443
439
439
435
439
439
443
435
439
439
431
435
439
435
443
439
443
435
439
443
435
439
435
439
443
443
439
443
439
439
443
439
435
443
435
435
435
439
443
439
443
439
439
439
439
439
439
443
435
439
443
439
435
439
443
439
443
435
443
439
435
435
451
431
439
435
439
439
439
443
447
439
1103
515
883
451
703
1111
