506
503
509
503
502
509
507
511
513
506
507
510
505
502
503
511
511
511
503
508
507
513
513
509
509
509
511
509
507
506
511
513
499
505
505
513
511
501
513
510
503
505
509
507
510
511
499
502
505
511
507
510
510
511
508
511
513
511
507
507
511
507
507
499
511
510
503
506
505
508
511
517
511
510
513
508
506
506
514
502
511
505
506
503
506
514
509
507
503
507
510
507
507
497
509
508
510
506
505
506
511
506
503
511
511
511
499
512
515
507
510
503
511
513
501
501
511
503
503
511
502
509
507
505
511
499
505
509
510
507
511
513
511
495
505
499
510
511
502
498
503
509
509
503
513
513
509
510
514
507
506
513
499
511
503
511
510
511
511
507
503
502
507
511
508
508
509
507
503
506
499
510
513
506
509
509
513
507
511
513
513
505
506
505
507
510
503
509
507
511
510
507
510
507
516
506
506
502
515
511
506
508
503
512
506
502
499
513
506
514
507
513
515
503
507
514
507
513
499
500
508
502
511
499
507
509
509
511
513
510
507
507
506
504
499
506
498
502
507
507
503
503
515
507
502
518
509
510
510
509
517
503
507
513
509
507
513
506
521
506
509
511
510
509
510
513
511
511
513
511
511
506
506
513
515
509
499
507
513
505
505
511
514
507
507
506
503
503
508
505
506
517
510
494
497
510
507
514
506
506
511
511
497
510
506
502
507
505
510
505
513
513
511
515
501
504
514
501
518
501
507
501
505
515
507
507
507
507
513
509
514
505
514
506
506
507
513
510
502
507
502
511
504
511
513
511
510
514
511
511
502
510
507
507
500
507
507
499
510
513
514
508
509
511
509
503
506
507
510
507
499
511
514
505
502
514
511
510
505
503
513
511
515
507
511
517
511
506
502
513
509
506
515
510
515
513
513
517
507
498
510
510
507
505
515
499
512
509
519
505
496
513
511
507
514
502
511
507
507
511
514
511
509
515
511
503
515
507
502
507
510
513
507
506
510
513
517
510
511
510
514
514
509
514
511
499
511
495
514
509
507
513
495
510
511
510
507
510
509
512
515
505
508
506
502
510
503
517
503
507
513
513
514
503
514
515
513
499
513
507
507
503
509
507
499
507
507
506
515
508
516
510
510
510
499
514
510
505
510
514
507
513
503
509
515
505
511
501
510
507
513
509
501
506
511
513
507
510
507
509
507
507
503
510
506
514
503
511
506
502
511
509
499
513
511
510
499
510
499
503
507
505
509
511
507
506
505
507
507
514
508
507
514
509
515
505
509
511
502
511
511
504
501
511
501
507
506
506
510
507
506
513
510
509
511
503
510
514
505
510
504
503
517
513
516
505
511
514
505
502
511
511
511
511
509
511
509
506
513
510
506
513
513
506
504
506
502
513
511
506
497
514
510
510
509
502
505
508
546
370
334
426
446
418
362
430
414
438
418
454
386
450
594
506
490
318
526
478
602
370
502
358
430
501
509
511
507
510
502
509
502
509
498
505
507
511
503
513
511
514
510
507
514
509
511
505
507
506
511
509
503
509
510
507
507
506
511
511
506
504
509
510
503
502
503
499
502
511
505
511
507
511
508
503
511
511
509
505
508
506
503
509
506
509
507
507
509
509
503
507
495
510
507
509
511
510
509
507
499
505
513
502
505
500
503
511
503
507
503
507
503
509
511
503
495
507
509
511
500
510
505
513
515
505
509
511
499
499
506
503
506
509
499
511
511
513
509
506
501
513
506
507
510
507
498
509
498
511
498
506
513
511
503
511
510
511
506
511
511
507
515
505
507
509
507
503
510
506
507
503
507
510
509
506
511
508
506
509
510
507
502
513
510
511
509
505
510
509
514
506
499
504
498
507
505
503
507
503
507
507
509
506
505
507
498
509
508
507
499
502
506
499
511
503
511
511
503
511
506
507
503
499
511
507
505
508
503
506
505
504
510
511
508
507
507
507
505
507
507
509
502
506
509
502
507
507
507
511
514
503
514
507
506
505
511
510
506
515
504
509
503
507
509
497
507
509
506
506
509
503
511
499
507
511
509
501
509
498
498
507
511
509
505
509
501
507
509
510
509
499
507
508
505
502
507
502
511
509
515
501
499
506
513
511
509
499
509
500
511
501
510
511
513
510
507
509
509
510
510
503
495
503
502
509
503
503
509
507
503
507
504
509
507
503
511
498
506
511
501
510
502
507
503
501
505
506
510
501
507
507
503
502
503
507
507
505
511
511
506
510
509
514
511
505
505
509
507
513
507
508
507
509
503
501
510
509
510
506
505
502
507
510
498
506
506
499
503
503
511
502
496
503
501
507
503
501
483
499
0
883
556
209
27
130
