867
867
871
862
867
863
863
871
866
863
863
863
863
862
863
871
867
867
863
859
871
859
867
859
870
859
867
862
871
871
871
867
863
866
867
871
875
867
866
867
867
863
871
866
871
862
866
863
859
863
871
858
863
862
863
871
863
862
858
871
867
863
870
863
866
863
863
871
867
867
867
862
863
871
867
867
867
863
863
867
866
863
871
867
867
875
871
871
867
862
863
862
863
867
867
863
867
871
871
867
867
866
866
867
871
867
863
871
866
863
871
867
863
863
863
867
871
863
871
871
871
871
863
863
855
859
859
863
867
863
863
867
867
862
866
863
863
863
863
871
867
863
863
863
867
866
862
871
871
866
867
863
866
867
862
871
863
863
867
862
862
863
866
863
867
871
863
863
862
863
863
867
862
871
863
866
867
863
871
863
862
867
863
863
862
862
862
863
867
863
867
858
867
862
871
867
875
862
863
867
863
859
863
863
867
863
871
862
875
863
863
863
867
863
866
866
862
858
875
871
863
863
863
859
867
863
871
871
867
867
870
875
863
863
867
863
862
870
863
867
867
862
863
863
871
867
867
859
879
867
862
858
863
866
863
863
863
863
863
871
871
866
863
863
871
866
863
863
863
866
863
866
867
867
879
867
862
863
870
862
863
867
867
863
870
866
863
863
866
862
867
862
863
863
867
867
863
871
867
871
871
863
871
867
866
867
867
862
867
867
867
875
871
867
863
863
863
867
866
871
863
862
875
867
875
866
867
875
862
866
871
863
867
867
863
875
863
863
863
859
867
867
863
867
863
863
866
871
866
867
863
863
863
858
862
870
862
863
871
863
867
863
867
859
866
867
863
866
867
867
863
875
867
858
867
867
863
870
867
859
863
870
863
871
863
862
871
875
863
871
871
866
862
863
871
867
871
863
863
863
867
871
871
871
867
867
863
875
871
867
867
867
867
867
867
867
862
863
863
862
871
862
859
867
867
870
867
863
871
863
871
866
870
867
866
867
863
863
867
871
866
871
863
867
862
866
863
863
867
863
871
863
871
863
875
863
879
862
863
867
867
867
867
863
871
867
866
863
866
863
867
867
867
863
867
863
863
866
871
867
862
867
867
867
871
867
867
866
871
863
867
871
866
875
875
862
867
866
863
874
859
867
870
871
879
871
867
871
867
866
862
863
871
867
867
867
871
866
863
871
866
871
859
871
870
863
859
863
871
871
867
863
863
867
867
867
867
870
863
874
863
870
862
862
871
871
867
867
867
863
867
871
862
863
875
867
874
859
863
863
875
863
871
867
875
863
866
867
867
867
867
867
863
867
867
867
863
867
871
866
862
867
867
867
870
863
871
866
863
862
871
862
862
863
871
866
871
867
867
870
871
863
871
867
863
863
867
867
871
867
867
866
870
863
867
870
867
867
862
863
867
867
863
866
866
863
875
871
870
867
874
863
867
871
867
871
867
871
871
867
862
871
863
871
866
867
867
871
871
871
867
863
871
863
867
871
871
871
867
879
867
871
867
867
867
866
867
871
871
871
871
862
871
867
871
862
871
867
867
867
863
867
879
863
862
866
863
862
867
871
879
867
871
867
866
863
863
867
863
867
867
867
862
863
867
862
867
867
867
862
871
867
871
871
874
867
871
867
863
867
863
867
863
867
867
875
867
871
863
863
879
871
866
863
867
866
863
863
867
867
875
871
871
871
863
863
871
866
863
862
863
866
867
871
867
871
867
867
867
867
866
862
867
863
863
867
866
862
870
863
883
867
867
871
878
867
863
862
863
867
866
863
875
867
867
867
862
863
863
863
863
866
867
862
871
871
875
863
871
874
859
866
879
867
866
866
862
867
867
867
862
863
866
867
866
863
862
863
859
863
867
866
875
867
871
875
871
875
863
871
875
863
867
866
874
871
867
863
863
867
867
863
871
863
866
867
863
866
867
863
871
862
863
863
875
863
867
871
867
871
866
858
862
866
866
867
871
863
871
867
867
878
871
867
871
863
867
863
867
862
866
871
867
867
879
871
862
879
863
867
863
863
867
867
863
863
871
863
867
862
871
867
875
867
859
871
866
871
863
871
867
871
871
859
867
863
863
866
863
863
867
863
862
866
863
859
862
867
859
867
867
867
871
867
871
867
863
862
871
870
863
870
862
862
866
867
871
867
863
863
867
867
874
871
859
866
871
866
863
863
863
867
871
859
875
871
867
867
867
867
863
871
867
863
863
875
867
875
863
871
871
867
870
871
871
863
863
871
859
871
867
867
862
863
863
862
863
867
867
867
862
867
875
875
867
863
867
863
863
867
867
866
867
871
863
859
874
867
1742
695
487
1206
739
907
