491
487
495
487
487
491
491
411
491
406
483
491
491
491
407
491
406
487
491
487
490
487
491
407
491
491
491
495
491
491
487
407
490
491
491
495
491
495
487
406
487
411
487
407
490
491
487
487
491
403
490
491
491
487
491
487
494
487
490
491
487
407
491
483
491
411
491
407
495
406
495
495
487
491
491
490
491
407
487
407
487
491
491
491
491
487
491
407
487
487
487
490
491
2219
487
491
487
494
491
487
491
403
491
487
491
491
491
487
491
411
491
487
487
490
491
487
491
487
491
491
491
491
490
407
494
487
491
407
487
487
491
407
491
487
491
407
490
487
487
411
491
403
487
407
487
483
491
407
491
411
491
407
495
495
495
407
491
490
491
407
487
491
491
491
491
491
487
487
495
490
487
403
491
407
487
491
495
487
487
487
491
487
491
491
491
407
491
487
487
407
495
491
487
403
491
411
491
491
491
487
487
487
491
406
491
407
487
491
491
491
490
495
491
490
491
487
491
487
491
487
487
491
491
403
266
487
491
491
487
491
491
495
487
483
490
487
487
491
487
491
495
491
495
491
487
491
495
494
491
407
487
411
491
403
487
491
487
407
491
491
495
491
491
491
491
407
487
403
491
411
490
403
491
411
491
491
494
487
491
403
491
491
490
487
491
491
487
483
491
491
491
487
495
407
483
495
495
487
487
411
491
487
487
407
487
411
491
491
487
411
495
491
491
407
487
494
491
407
491
487
487
403
491
491
487
407
487
487
491
491
487
491
487
407
487
487
487
487
491
407
491
411
498
406
491
487
487
407
490
491
487
487
495
487
491
487
491
491
491
491
491
494
491
490
491
403
487
483
495
491
491
490
487
403
491
491
491
491
487
491
487
491
491
487
491
491
491
491
487
491
487
491
491
411
491
491
491
411
491
491
487
491
487
487
491
487
491
487
491
407
487
407
491
407
491
411
487
490
491
491
494
491
491
491
491
407
487
407
499
411
491
491
487
487
491
407
495
406
487
407
491
487
491
407
490
406
490
487
491
411
491
483
487
487
487
487
491
494
491
403
491
403
491
487
483
495
487
491
491
406
494
490
495
406
491
487
495
407
487
406
491
407
490
491
487
411
491
487
487
407
487
491
491
487
491
487
495
495
487
491
491
491
487
491
491
487
491
407
491
490
487
487
491
490
491
494
491
487
491
491
491
490
491
491
491
490
487
491
487
491
491
487
487
491
491
491
490
495
491
487
487
487
491
491
487
487
491
495
487
495
487
491
487
491
491
495
491
491
495
491
487
491
487
491
491
491
495
487
491
487
487
491
490
491
491
491
487
491
491
491
487
487
491
491
491
495
487
487
491
491
491
487
491
490
491
491
491
487
495
491
487
487
491
491
490
491
494
487
491
491
494
491
491
491
491
491
491
491
490
491
491
491
491
490
487
491
487
491
491
491
491
491
491
491
491
491
483
491
487
487
491
491
491
491
490
491
491
491
491
487
491
487
490
487
491
491
487
491
495
490
491
491
491
499
491
495
491
491
491
491
487
487
487
491
491
487
487
483
491
491
491
491
491
491
491
487
487
491
487
491
491
491
491
490
487
491
491
491
491
491
487
491
487
491
495
491
487
491
494
491
495
491
491
491
495
491
487
487
491
495
491
495
494
487
487
491
491
491
491
491
491
491
487
487
491
495
487
491
499
491
491
491
495
491
495
487
487
487
483
491
491
491
483
491
490
491
495
495
494
491
491
495
487
487
483
491
487
491
491
487
487
487
487
491
491
495
491
487
495
491
495
487
487
487
487
491
487
491
487
491
491
491
491
495
487
491
495
491
491
491
491
491
491
491
498
487
487
491
491
491
495
487
495
487
491
487
491
487
491
487
491
487
491
491
491
491
487
491
487
495
499
491
487
490
495
491
491
494
491
491
491
491
487
491
491
487
491
491
491
487
487
491
491
495
487
491
495
491
491
491
487
491
491
491
498
491
491
487
487
491
491
491
487
491
491
491
487
490
487
487
487
487
491
491
487
491
490
491
487
495
487
491
491
495
494
487
487
491
491
491
491
487
490
491
487
491
491
491
487
491
491
483
487
487
491
491
491
491
490
491
491
491
490
491
491
495
487
487
495
491
487
491
491
491
495
491
495
487
490
491
487
491
490
487
491
487
487
491
487
491
491
494
487
490
487
487
487
490
491
487
483
487
487
487
490
491
487
491
487
487
491
491
491
487
491
491
487
487
495
491
483
491
491
491
491
491
494
487
491
491
491
487
491
491
491
491
491
491
491
483
487
487
487
491
491
487
491
490
483
491
487
491
491
487
491
495
483
487
1235
979
378
0
427
1342
