641
642
647
647
643
639
647
645
646
642
643
647
639
642
647
645
649
642
647
651
639
649
649
643
645
647
649
647
642
642
642
645
638
639
642
649
649
643
647
647
642
643
639
642
647
641
643
645
643
643
642
643
641
647
641
647
647
649
647
647
643
643
649
643
647
642
638
649
643
647
647
647
647
643
649
647
641
642
643
639
642
639
643
647
645
647
649
647
645
647
646
642
642
637
643
643
647
643
643
649
647
642
647
643
647
647
639
650
646
635
643
645
643
643
645
639
645
645
643
641
642
639
643
647
639
639
639
639
645
639
643
651
643
643
647
642
647
646
641
635
643
645
647
643
645
649
646
647
646
645
651
647
642
643
649
645
645
642
642
645
643
639
635
649
646
642
647
639
639
643
641
643
641
647
639
645
645
639
651
641
647
643
643
645
649
643
643
649
649
647
643
645
639
642
647
643
649
639
649
643
642
643
639
642
646
645
638
651
643
647
643
642
649
641
646
643
649
649
645
642
646
642
643
643
650
642
647
647
647
639
646
641
637
639
643
645
631
649
641
649
645
643
649
638
645
651
643
647
643
651
643
641
642
643
639
643
649
646
647
643
645
647
651
643
643
645
646
649
651
642
643
649
642
647
643
647
647
645
646
638
643
645
647
642
646
642
645
647
643
643
642
643
645
639
631
647
651
643
646
643
639
647
641
641
647
643
641
642
639
642
643
642
649
647
638
639
642
645
651
643
637
639
646
647
643
643
642
651
651
647
649
647
646
647
645
647
639
642
642
641
635
643
647
646
642
642
651
649
646
645
638
643
649
642
645
643
635
638
645
643
646
643
645
642
649
642
639
643
645
643
643
650
649
642
638
649
649
650
639
643
651
645
649
649
649
647
643
649
642
647
645
643
647
643
647
638
646
642
647
642
645
647
645
646
647
639
646
643
646
642
645
651
649
646
643
639
651
655
645
647
647
647
645
649
643
645
647
647
643
649
647
645
643
649
643
643
643
645
643
649
645
646
642
643
643
641
645
638
645
642
645
642
639
645
642
645
642
650
643
643
646
643
649
643
634
646
647
642
643
650
649
649
647
646
651
642
649
643
647
643
643
639
647
643
639
649
645
643
645
643
649
649
647
649
638
649
639
647
647
647
647
645
635
643
651
645
646
639
649
639
646
643
645
641
647
643
643
649
647
642
646
643
645
642
639
651
639
643
642
643
649
643
639
647
647
646
639
642
645
643
645
642
643
647
639
646
645
643
647
635
639
646
651
643
650
650
646
651
637
645
642
641
643
643
639
649
647
645
649
650
655
647
645
643
647
647
647
645
646
646
641
646
649
647
647
643
643
649
643
643
645
642
643
647
639
643
641
649
649
647
643
646
642
641
643
647
638
647
647
649
645
647
643
649
651
642
643
645
706
718
662
626
522
574
566
638
670
662
726
666
754
398
598
562
734
606
646
654
594
514
702
630
670
639
639
637
639
643
642
639
642
639
638
647
643
635
643
641
643
647
643
643
643
645
647
647
645
639
643
642
643
642
639
643
642
639
651
651
643
643
641
642
643
642
643
643
639
642
641
643
639
642
643
643
642
647
647
645
643
639
638
641
647
643
641
643
643
639
639
642
639
642
643
642
641
647
645
643
634
639
642
643
641
639
643
646
647
639
639
642
642
642
643
643
635
642
642
646
643
643
645
642
647
639
643
643
638
641
639
643
642
643
645
645
643
639
643
642
647
649
647
645
639
642
638
635
634
649
639
642
643
645
635
647
647
639
643
647
642
643
642
645
643
645
642
641
647
646
639
639
642
643
645
649
639
645
643
643
643
643
641
646
647
642
643
647
642
645
646
642
647
643
643
647
643
638
639
643
643
642
642
641
641
643
643
647
649
641
643
639
641
639
643
643
647
645
641
646
646
642
641
639
645
639
643
647
642
643
642
643
639
642
642
645
647
646
639
642
647
642
639
643
643
641
642
643
643
646
642
643
643
642
645
642
642
647
645
641
641
642
645
639
642
631
643
642
641
643
645
635
643
642
642
639
635
638
647
638
639
639
649
647
643
643
643
638
641
643
645
639
645
643
641
645
647
639
643
643
647
639
645
647
645
645
641
641
639
639
643
643
645
645
651
642
647
639
639
645
645
645
639
643
635
647
647
641
647
635
638
642
643
646
638
639
643
641
638
641
638
646
639
645
651
645
638
647
647
639
643
642
645
635
638
639
639
638
642
643
643
646
641
643
647
645
643
639
639
641
646
649
647
643
639
645
649
643
639
647
635
638
647
651
637
643
643
638
643
643
643
635
639
645
645
642
643
639
615
635
615
641
1062
1258
1287
918
