727
735
735
727
727
731
727
735
727
735
731
735
731
731
723
739
735
735
739
739
739
731
735
727
735
731
735
735
735
731
727
735
723
731
731
731
739
731
727
739
731
727
735
735
731
735
731
731
731
727
731
735
727
731
731
731
731
739
735
735
739
723
731
731
735
731
723
735
731
735
727
735
739
735
735
735
731
735
735
731
735
731
731
735
731
739
735
735
731
739
735
735
723
731
735
731
727
723
727
739
727
731
735
735
731
727
727
735
727
727
735
731
731
735
727
731
739
731
735
735
731
727
727
731
727
731
731
735
731
735
735
735
735
727
735
731
739
731
735
731
735
735
735
731
731
739
735
731
731
739
731
739
731
727
727
731
735
731
739
731
731
735
723
727
739
727
739
723
731
731
735
731
731
731
731
731
739
735
739
727
735
727
723
731
735
723
719
735
731
723
731
731
735
739
739
735
739
731
735
735
735
727
727
735
735
727
727
735
731
727
731
727
739
735
739
735
731
727
727
731
735
731
735
735
727
731
735
731
739
739
735
735
735
727
723
735
731
731
731
735
731
735
743
735
735
739
735
739
735
731
731
731
727
731
727
727
731
731
735
735
735
731
739
731
735
735
735
735
739
731
731
731
739
739
735
735
739
731
739
731
727
739
731
727
723
731
723
735
731
731
735
735
739
731
727
735
739
731
735
731
735
731
727
731
727
735
727
727
731
731
735
739
739
735
723
731
735
723
739
731
731
731
735
735
735
735
731
731
735
735
731
731
727
731
731
735
735
731
735
731
727
731
735
731
735
727
731
731
735
735
731
735
739
735
731
735
735
731
735
731
731
735
735
731
727
735
723
727
731
735
735
735
727
727
727
739
731
739
735
735
731
731
735
731
735
739
735
735
731
731
731
735
731
731
735
731
735
735
727
727
739
731
731
731
739
731
739
735
735
735
731
735
739
739
731
727
727
735
731
731
735
735
735
727
739
731
739
739
727
735
735
735
735
731
731
735
735
735
739
727
735
735
735
739
735
731
739
727
731
739
735
735
727
735
735
727
731
735
735
735
739
735
731
727
727
723
727
735
727
735
727
739
739
735
735
735
727
731
731
731
727
731
735
731
731
735
739
731
735
735
731
735
735
731
727
735
739
735
731
731
727
735
727
735
739
723
735
735
735
739
727
735
723
739
735
735
735
739
735
735
731
739
727
739
731
727
731
727
731
731
727
731
731
739
735
731
735
735
727
727
727
727
731
731
719
735
735
739
727
735
735
727
735
731
735
739
727
731
727
739
731
735
731
739
731
735
731
731
739
735
731
735
731
727
735
735
731
731
739
739
731
739
735
731
735
731
731
735
723
731
735
735
727
731
727
735
735
731
731
727
731
735
727
731
727
727
727
731
739
731
731
735
739
735
735
727
727
731
975
959
895
739
951
847
935
787
871
727
859
887
947
1003
903
919
883
919
1031
843
935
851
979
947
979
727
731
731
727
727
731
731
731
735
723
727
727
723
731
727
739
735
735
731
735
731
735
735
727
727
735
735
731
731
727
731
731
735
731
723
739
731
727
735
723
727
727
727
723
735
727
731
735
727
735
731
731
727
731
727
727
731
731
731
731
731
727
731
735
731
735
735
727
727
731
731
731
731
727
731
727
727
735
723
731
731
727
731
735
731
731
735
731
731
735
731
727
731
731
731
727
735
727
731
735
727
731
731
727
719
723
723
735
731
731
731
731
739
735
727
735
735
731
735
731
727
727
727
731
735
731
735
739
735
731
731
731
727
735
735
735
727
731
731
727
735
735
731
739
731
735
735
735
727
735
735
727
735
727
731
735
727
727
735
735
727
727
731
727
735
735
735
739
731
727
731
727
731
731
731
731
735
731
735
731
735
731
735
723
731
723
727
731
731
735
735
739
731
731
731
731
731
723
735
735
727
727
723
731
727
731
731
735
735
731
731
731
735
727
735
719
735
731
731
727
731
731
731
731
727
735
735
727
731
735
731
735
735
731
731
727
727
735
731
731
731
723
731
731
731
731
731
731
731
723
727
735
731
727
731
727
735
735
727
727
735
731
731
735
727
735
723
735
727
735
731
727
731
735
727
735
735
731
731
731
727
727
727
735
727
731
731
731
735
731
727
727
727
731
731
731
731
731
731
731
735
735
735
727
731
731
723
735
727
727
731
731
727
731
735
735
735
731
731
739
727
727
735
739
727
731
731
735
735
727
731
727
731
727
727
739
731
731
727
735
731
731
735
727
731
735
731
727
735
735
727
731
735
727
735
731
731
731
731
727
727
731
723
735
731
735
735
731
731
731
727
727
727
715
731
115
0
439
559
923
1
