867
863
863
867
875
867
867
867
871
863
866
871
871
870
867
871
871
871
875
863
867
867
863
866
871
866
867
866
871
867
867
859
867
867
867
866
874
874
867
867
866
871
871
871
871
867
863
863
867
867
871
867
863
867
871
867
867
871
863
867
875
863
870
871
870
863
867
863
871
863
874
863
863
867
867
867
867
870
867
871
863
863
871
867
867
867
875
874
866
866
867
871
867
871
871
867
867
867
871
870
871
866
871
871
867
867
867
874
871
866
867
871
867
866
867
867
867
867
875
871
871
871
863
871
867
863
867
867
867
867
870
866
867
866
867
870
867
863
867
875
867
867
867
867
871
863
863
870
874
867
867
867
870
867
870
871
870
863
866
866
867
867
871
867
871
867
867
867
867
867
867
859
867
867
867
867
874
875
875
870
867
874
863
867
871
871
871
866
866
867
874
859
874
871
870
863
871
862
871
871
875
867
867
863
863
867
867
867
875
866
866
867
867
870
866
867
867
866
875
871
867
867
867
863
870
867
871
871
867
871
870
875
866
867
866
867
863
867
867
866
871
871
871
867
867
863
870
867
874
871
867
866
867
875
866
863
867
863
867
870
867
863
867
863
875
870
867
866
863
871
866
867
867
870
875
870
867
863
871
867
867
871
875
863
875
867
859
867
874
867
863
863
867
870
874
871
870
871
875
871
871
871
871
863
866
871
867
859
867
871
870
871
871
867
863
867
863
863
867
871
867
867
871
871
871
871
866
874
867
867
871
866
867
867
871
875
871
870
871
871
871
867
875
875
875
871
875
875
863
866
863
866
871
863
867
867
871
866
879
867
870
870
867
870
867
863
867
871
875
871
866
867
871
863
870
871
871
875
867
867
867
875
870
870
867
863
867
867
863
866
867
871
871
871
875
867
867
870
867
870
871
867
871
870
871
875
871
874
867
870
866
863
867
867
871
863
867
870
867
870
871
867
867
866
871
871
867
870
870
867
867
863
875
867
874
874
859
867
871
870
867
871
859
863
867
871
867
867
874
867
879
871
871
867
863
867
875
871
870
867
867
871
870
870
875
871
866
871
863
870
871
867
871
871
875
871
867
871
870
866
867
870
867
867
871
867
871
867
867
867
867
871
874
871
871
870
859
871
875
870
863
871
870
867
874
866
867
870
867
871
863
870
867
871
866
866
867
871
867
875
867
871
867
871
870
867
863
863
863
871
870
867
874
871
870
871
867
870
866
875
863
871
870
870
871
874
871
867
875
870
867
875
871
866
878
870
867
867
870
871
870
867
883
871
875
867
867
867
875
870
871
867
867
871
871
870
867
871
870
874
871
867
867
871
870
867
871
867
867
867
859
866
875
870
871
870
863
867
867
875
867
867
871
870
866
871
871
867
867
867
871
870
867
875
867
871
871
867
867
867
867
867
871
867
867
867
875
871
879
863
879
867
863
871
867
867
867
867
875
875
871
871
862
875
871
871
867
834
875
859
871
870
854
874
862
859
870
827
867
870
875
863
866
871
866
867
867
863
870
871
867
859
867
867
867
867
867
867
867
871
870
871
874
867
863
862
862
867
867
875
878
871
867
871
871
879
859
870
867
863
867
870
867
866
859
866
867
866
867
866
867
867
867
866
875
867
870
867
859
863
867
867
867
871
866
871
867
871
866
871
871
871
862
867
867
867
866
863
863
867
867
867
871
867
863
866
874
867
867
863
863
871
867
867
867
870
867
867
867
871
867
871
867
866
863
866
870
863
875
871
875
867
866
866
875
867
867
863
867
870
867
863
867
870
867
871
859
863
871
863
867
859
870
863
870
874
871
867
867
871
863
863
871
867
863
867
871
867
870
870
867
867
867
867
870
863
863
863
866
875
867
871
863
866
866
875
871
871
863
871
863
867
866
867
875
870
870
867
867
871
866
866
867
867
867
867
863
867
863
867
875
870
867
871
879
867
867
875
867
879
866
867
863
867
871
871
874
866
871
871
870
875
875
867
867
866
867
870
871
867
875
867
866
871
879
871
871
874
863
867
870
867
863
867
867
863
874
870
866
867
867
871
871
867
871
867
867
870
866
870
867
867
863
867
871
867
867
870
870
863
866
867
867
867
867
866
866
870
866
867
870
871
867
866
867
867
866
866
867
867
863
866
863
871
867
867
867
866
867
871
867
871
874
870
870
867
871
867
863
863
866
863
875
870
867
871
871
871
867
867
863
870
863
863
863
874
867
867
866
867
863
863
867
871
867
867
866
863
862
871
867
866
867
867
870
867
867
867
867
867
863
867
875
871
875
875
866
863
863
871
867
863
867
871
867
867
871
859
0
1046
1251
538
995
823
