987
995
995
987
987
999
999
987
990
987
995
1003
999
987
987
991
979
995
986
994
987
999
999
999
999
991
987
987
991
1003
991
1003
991
995
991
995
994
987
999
995
999
995
995
999
991
999
999
1003
979
995
987
995
1003
991
991
987
999
983
991
991
994
1003
979
1003
994
995
991
995
987
986
991
987
991
995
979
1003
986
1003
979
999
995
995
995
991
1003
999
983
987
995
987
983
991
990
983
983
991
999
991
995
979
979
995
1003
998
983
995
995
999
994
999
995
991
987
983
1003
991
995
987
987
991
991
999
987
999
1003
995
987
987
987
995
1003
994
987
1003
995
999
987
991
983
991
1003
991
995
1007
999
999
991
991
995
999
991
1003
1003
987
994
1003
998
991
991
995
995
991
995
999
991
986
995
983
987
991
991
991
1003
995
995
1003
999
999
995
991
983
994
991
983
1003
991
986
999
987
990
991
995
987
987
979
995
995
991
999
999
1003
999
995
999
987
999
995
999
995
999
991
999
986
991
999
991
999
995
999
987
994
999
987
995
999
995
999
1003
1003
999
1003
991
1003
991
991
994
999
990
1002
991
987
995
991
995
994
991
995
987
998
995
983
999
995
998
979
991
999
991
991
999
999
990
1003
999
995
983
991
998
999
987
995
995
991
995
995
999
986
991
991
987
1003
999
991
999
999
994
999
1003
995
991
1003
987
995
999
994
999
995
998
983
999
991
990
991
987
991
995
991
995
995
999
995
999
999
983
995
991
987
991
995
999
991
1003
999
991
995
995
995
991
991
990
999
995
991
991
999
995
987
995
991
995
1003
999
999
998
1003
991
991
995
999
995
1003
987
995
991
979
983
1003
1003
987
999
991
991
1007
995
999
999
991
995
999
995
987
999
987
999
983
999
987
991
1003
991
995
999
983
995
995
1003
991
991
995
995
991
991
991
983
995
999
987
995
995
987
999
991
991
998
1003
983
990
999
995
994
986
995
987
999
999
999
991
991
1003
991
991
987
991
991
987
987
1003
999
987
991
999
999
995
1003
995
983
995
991
999
995
991
999
987
991
999
995
987
999
991
987
991
991
987
991
999
1003
991
987
995
991
999
991
983
995
995
991
991
999
1003
990
999
995
1007
995
995
991
1003
995
983
995
1003
999
1003
995
999
995
999
999
995
998
1003
999
995
991
995
1003
999
999
991
987
998
998
999
1002
1007
995
991
994
995
995
987
999
998
995
987
991
1003
995
990
995
991
995
995
995
987
987
991
991
983
999
991
999
987
999
991
999
983
983
991
995
990
999
991
998
983
991
1003
1002
987
995
987
987
999
999
987
999
995
995
995
995
1003
999
995
995
995
995
987
999
987
1003
991
991
995
991
995
995
1003
983
999
999
987
987
1003
991
987
999
995
995
987
991
987
991
994
999
1003
1003
995
1003
995
999
995
999
999
991
994
995
999
994
999
999
991
1003
987
991
983
987
991
999
999
991
999
991
991
995
991
991
1003
994
991
995
1003
995
995
1003
987
987
983
999
995
995
987
1003
995
999
1002
991
995
995
983
991
987
995
995
999
987
987
991
999
1003
999
991
991
991
995
995
1003
987
995
979
995
991
999
1002
995
1007
1003
987
999
1003
999
999
995
998
995
999
991
991
999
987
987
999
995
991
983
998
995
995
991
1003
991
990
983
999
999
991
995
1003
991
1007
995
991
995
999
999
990
991
991
995
999
999
995
999
995
995
987
998
999
1003
995
987
1003
999
995
991
987
983
991
999
990
991
999
995
991
998
991
1003
991
991
991
983
995
999
987
1003
1003
999
991
999
991
999
987
990
986
987
998
999
995
1003
991
1003
1003
991
987
987
1003
999
991
999
991
1003
998
999
991
991
995
995
983
991
995
991
990
999
991
994
995
999
998
999
991
999
995
999
995
994
983
983
995
991
987
995
991
995
991
987
995
999
995
1003
995
995
998
1003
991
999
987
987
991
999
979
987
995
1003
987
995
991
979
1003
994
991
1003
995
999
999
999
995
991
995
991
994
991
1003
995
995
995
998
991
995
995
999
1003
1003
995
990
995
991
987
991
995
987
991
994
987
994
991
995
983
1003
991
979
999
998
999
1003
999
991
1003
999
998
1003
991
995
1003
999
995
987
987
999
995
994
999
991
995
999
983
991
991
987
999
991
991
1003
1003
991
987
995
995
995
998
983
1003
991
999
991
999
983
995
999
995
995
991
1003
987
987
987
987
991
998
995
995
987
995
998
991
999
995
995
998
991
998
995
995
999
999
987
991
991
995
995
995
1003
995
991
999
994
986
999
991
1007
987
991
999
999
998
1003
987
999
995
986
987
999
991
995
999
995
987
991
987
991
995
991
1003
999
987
995
991
1003
1006
995
998
995
995
991
995
999
995
999
999
987
999
991
999
991
994
995
991
991
991
979
1055
0
627
855
742
1014
