493
497
498
496
494
487
491
493
493
489
489
494
493
491
496
491
491
489
483
495
494
493
486
488
492
489
490
495
488
488
494
492
496
494
484
502
490
494
494
488
490
491
487
494
495
493
488
488
487
495
495
488
490
489
490
495
492
494
491
494
491
489
503
497
490
493
491
494
486
492
492
490
494
487
489
488
484
493
484
497
492
494
493
488
491
491
493
497
493
489
489
489
493
491
494
494
494
495
487
495
488
488
495
492
493
502
488
491
494
488
489
489
503
489
491
489
498
494
488
490
494
493
483
501
488
495
491
494
497
490
490
490
493
493
487
494
488
495
488
489
489
488
492
489
489
498
490
492
496
487
492
488
490
493
496
487
483
487
492
499
493
488
491
495
501
501
495
491
500
495
490
491
505
493
490
485
494
488
493
491
492
487
495
496
498
490
490
497
490
488
488
491
507
491
486
494
493
490
484
498
496
491
493
498
496
493
489
487
496
493
492
490
495
494
505
494
500
498
492
492
489
495
489
495
503
494
495
491
492
493
490
489
487
489
483
507
487
491
484
493
492
488
495
492
488
495
493
490
501
488
484
488
488
489
488
497
490
493
494
495
490
505
492
503
488
502
490
497
501
493
488
487
488
491
488
501
491
497
493
494
497
499
490
490
489
480
493
494
497
494
498
484
491
483
490
495
499
488
494
498
493
494
489
497
488
492
501
489
493
498
492
492
494
491
493
488
493
489
493
494
495
494
492
498
493
499
490
498
494
489
489
493
491
489
493
494
495
492
488
490
495
492
502
497
493
488
487
494
488
493
501
491
495
495
489
501
493
487
491
493
496
495
495
495
488
490
489
489
501
488
498
487
492
489
494
492
493
493
493
490
493
494
493
488
487
484
492
484
506
489
498
497
493
494
491
489
491
489
491
489
487
498
494
488
496
491
494
493
489
492
494
499
495
491
484
491
489
487
499
491
490
499
488
490
486
494
488
493
493
488
489
494
492
495
493
491
489
498
494
491
492
492
493
488
501
492
490
495
494
492
490
489
492
489
498
489
495
488
494
498
493
494
498
489
494
492
492
488
501
496
497
488
500
488
490
494
484
493
487
491
492
490
496
493
490
488
491
497
489
498
494
493
495
498
493
498
496
495
489
496
495
492
487
492
493
487
489
497
494
489
489
495
493
493
496
488
497
494
491
494
492
489
489
498
493
491
496
488
492
493
502
499
492
494
492
494
495
489
488
486
490
494
494
490
491
493
493
496
495
494
490
493
496
491
488
488
487
484
487
493
490
490
493
497
499
498
496
488
493
488
491
495
494
494
494
493
493
495
491
494
493
487
489
494
498
488
499
494
487
488
493
494
493
491
491
502
484
483
503
488
492
502
494
496
494
493
489
500
495
491
487
494
491
490
494
499
493
489
491
495
498
488
497
490
491
494
494
493
494
489
491
493
495
491
494
493
488
488
491
498
494
497
490
493
491
491
494
492
493
491
499
486
499
487
494
484
493
495
489
493
497
494
491
487
493
491
489
495
484
503
486
491
490
492
490
506
489
494
488
492
495
487
492
495
494
494
503
495
493
489
495
494
491
493
489
492
489
491
501
491
494
493
501
489
502
496
495
493
494
491
493
494
498
493
492
502
490
491
494
493
491
495
494
498
507
493
498
505
495
491
494
489
493
494
498
495
495
489
491
488
501
493
492
491
503
494
494
489
503
502
488
497
493
501
492
492
493
496
494
496
490
491
483
488
486
487
501
493
489
493
493
500
493
493
494
493
491
500
489
489
492
494
501
498
492
490
494
494
489
490
498
493
488
486
494
488
492
497
492
493
487
503
507
489
489
489
493
496
492
501
499
494
489
497
496
488
497
489
489
488
493
491
492
493
491
500
489
488
495
499
494
494
492
492
494
491
494
497
491
496
494
498
502
498
487
488
503
491
499
494
499
487
492
496
494
492
493
488
495
483
491
490
493
494
493
488
492
493
495
494
490
492
494
487
493
493
495
494
495
488
492
490
494
493
490
494
500
493
492
489
488
490
495
488
488
492
503
491
494
496
492
493
494
491
493
491
490
491
493
491
493
499
488
494
495
492
498
495
491
494
490
490
491
487
493
488
499
495
495
492
489
491
491
493
492
493
484
503
490
492
497
492
491
497
490
496
493
498
493
484
498
492
498
491
495
497
492
490
487
495
503
503
492
499
498
494
491
497
489
497
497
489
494
492
489
488
491
487
499
494
501
494
493
493
488
495
494
490
493
493
492
483
497
489
499
490
491
492
501
495
494
493
492
493
494
490
499
503
499
495
495
491
492
492
492
495
519
491
676
532
881
381
983
850
