480
487
486
482
480
481
480
482
483
485
479
482
487
484
486
482
480
476
481
483
485
476
480
476
487
476
481
476
481
478
481
483
478
482
478
491
479
480
482
489
477
475
483
483
481
476
472
484
476
477
481
482
480
480
472
478
482
480
479
485
478
479
491
486
482
478
473
478
479
487
478
479
478
481
478
486
478
479
480
485
485
483
485
476
483
481
476
489
476
477
477
481
483
479
484
481
482
481
480
478
479
478
484
483
482
490
479
487
479
477
478
483
488
485
479
476
485
486
478
479
476
483
482
485
479
486
478
483
489
475
477
476
479
478
481
484
481
481
475
481
478
487
482
479
483
487
478
480
483
476
484
478
480
483
483
485
481
480
480
488
479
476
478
477
489
485
482
483
489
481
479
481
489
480
484
476
477
485
483
489
479
482
482
489
486
485
476
480
478
483
485
472
487
481
479
477
483
482
488
487
483
478
482
485
488
479
478
481
483
480
490
480
484
484
488
480
485
487
485
484
479
478
484
485
490
482
482
475
482
482
481
476
481
482
478
485
483
482
478
483
485
484
486
482
480
483
477
483
492
476
477
479
480
481
480
486
483
481
482
484
478
494
488
488
475
487
476
485
491
479
472
478
484
481
477
488
488
482
485
485
481
489
478
476
479
477
488
484
485
485
486
478
478
480
479
490
491
471
480
486
482
476
478
488
477
478
490
481
486
485
481
485
480
479
481
476
477
476
483
481
478
477
482
485
478
487
480
481
485
478
478
482
479
476
486
485
478
483
481
480
477
477
490
486
481
475
482
481
479
479
491
481
490
478
479
487
480
478
484
490
491
485
479
477
478
482
479
476
490
485
484
478
480
480
480
480
479
483
478
472
486
482
480
490
471
483
485
476
494
478
489
481
473
486
485
481
486
478
482
478
481
486
475
483
488
482
482
483
475
480
483
487
483
480
475
472
474
471
489
480
482
482
482
476
480
483
472
486
479
472
480
471
476
482
476
485
477
482
482
481
484
481
481
479
491
482
483
482
489
475
477
476
484
484
489
476
483
485
483
483
477
483
486
479
484
484
478
479
487
489
479
483
483
481
471
483
479
476
480
481
483
484
486
480
477
485
477
479
475
483
479
483
482
483
480
480
484
485
484
486
482
485
485
489
479
482
479
488
485
484
478
487
479
481
479
479
484
480
477
476
481
486
477
485
481
482
485
476
478
475
489
480
483
484
480
487
475
478
483
476
473
480
481
477
481
477
485
486
482
475
482
487
483
482
479
484
477
477
479
484
477
476
485
486
486
483
486
478
482
482
479
486
485
485
481
484
480
485
482
482
480
483
484
488
482
481
484
485
480
480
476
480
481
479
481
484
482
480
486
482
485
490
484
487
478
479
478
488
482
477
475
486
477
480
479
490
479
476
477
513
465
429
441
601
573
469
601
457
393
425
569
517
449
565
557
381
405
641
473
525
697
365
517
461
381
478
479
483
478
481
477
474
484
470
475
479
476
483
479
486
487
482
479
481
479
476
481
484
478
487
478
480
482
480
481
492
474
482
482
482
479
474
486
479
480
480
485
476
480
484
481
484
477
482
477
477
475
473
484
480
487
480
484
478
487
487
484
482
475
481
475
481
487
482
475
488
478
479
485
483
480
482
484
485
481
484
489
490
481
472
474
479
478
481
481
483
475
476
476
474
487
482
484
480
483
482
485
474
486
485
475
493
481
491
483
480
476
488
483
481
478
483
471
476
477
476
487
482
475
485
475
488
480
487
486
483
479
488
476
480
483
475
485
487
486
480
476
484
478
478
487
479
479
477
472
479
482
480
479
482
478
488
490
477
477
485
484
484
479
488
479
479
475
480
491
481
488
476
478
483
478
478
481
479
476
487
477
476
478
479
480
475
481
481
479
476
481
476
485
480
478
487
487
485
475
477
484
482
472
480
487
479
476
480
486
476
477
477
486
479
478
482
480
486
484
479
483
483
478
479
482
475
483
476
482
478
482
482
483
481
479
477
481
487
477
480
488
483
486
478
478
482
474
478
479
483
490
486
477
483
483
479
481
476
482
483
481
481
479
482
478
478
482
478
480
483
484
486
478
484
482
476
481
476
484
476
484
481
477
476
479
487
483
485
480
476
475
489
483
485
481
483
479
485
477
481
484
481
480
476
485
484
483
481
484
486
486
475
478
485
485
485
482
487
484
480
486
488
478
483
479
479
482
480
479
478
478
482
486
483
487
482
482
481
485
479
480
478
480
480
483
476
484
478
484
478
483
483
488
475
481
482
482
478
482
479
480
487
480
482
479
482
478
483
476
489
507
475
311
454
101
607
0
119
