742
743
743
743
743
747
747
739
739
747
741
743
747
739
739
746
743
742
743
743
743
746
746
742
743
743
743
743
747
743
743
742
750
745
739
746
746
746
746
743
746
743
743
747
743
743
749
743
750
743
743
741
749
742
741
742
743
746
746
742
742
743
739
746
743
743
746
743
746
750
746
746
747
738
743
743
739
739
743
743
750
746
743
743
746
731
743
746
743
739
743
743
739
745
745
749
747
746
743
739
746
743
742
749
742
739
743
743
743
746
743
746
746
747
743
739
743
743
742
739
743
739
743
743
743
743
739
743
738
742
743
746
739
743
739
739
746
739
743
743
739
743
742
747
747
743
742
742
745
743
742
742
746
743
743
739
743
743
746
741
739
743
746
739
743
746
743
745
743
747
743
743
743
745
743
747
743
743
742
743
746
746
747
743
747
743
742
743
743
743
743
750
747
741
746
743
747
743
745
745
743
739
742
739
747
742
739
743
739
743
750
747
743
741
743
747
747
739
743
747
743
743
739
741
747
739
743
746
743
747
745
743
743
743
735
746
739
743
750
743
743
743
743
743
747
745
745
743
745
743
742
743
743
743
743
739
747
749
747
747
746
743
747
750
739
743
742
743
745
743
745
749
739
743
747
739
743
743
743
741
745
745
747
742
747
743
743
750
746
742
743
742
743
747
743
743
746
739
743
743
742
749
741
743
742
747
747
746
745
747
739
746
743
2563
747
743
743
746
743
739
745
743
745
743
749
743
743
746
743
743
745
743
743
746
743
746
742
743
743
749
743
743
746
743
743
745
747
739
747
743
743
743
747
742
751
742
743
739
743
743
739
743
743
741
745
746
743
746
747
743
743
747
750
742
749
743
746
743
739
746
747
746
746
738
739
739
743
743
750
743
741
747
743
747
743
746
739
743
743
743
746
739
743
747
739
739
743
746
743
747
745
742
746
743
739
739
743
742
745
746
743
749
746
738
747
747
750
745
743
747
739
742
743
745
746
743
742
743
743
746
742
743
745
739
741
738
749
747
742
743
745
747
747
743
750
743
739
747
747
746
743
739
743
743
747
746
739
743
747
743
743
738
743
739
746
743
750
743
747
743
749
749
747
739
746
745
743
743
743
750
743
743
743
743
750
747
765
742
751
747
751
746
751
747
742
745
751
742
741
743
743
746
743
746
747
746
746
747
745
739
747
743
739
747
743
739
741
746
746
747
743
747
743
742
746
739
749
742
743
743
742
743
743
747
745
743
745
747
743
746
742
746
750
743
743
745
743
746
743
743
745
743
743
738
742
743
742
743
742
743
746
743
743
743
743
743
747
745
743
747
746
739
743
747
743
742
745
739
747
743
743
743
745
743
743
743
743
743
747
745
743
743
746
747
743
743
743
739
743
743
743
749
746
743
746
750
743
745
742
682
638
738
830
862
806
750
714
894
606
790
770
714
722
726
734
870
774
626
746
810
690
690
730
918
743
743
743
745
739
735
739
738
743
745
742
739
742
747
743
743
745
741
746
742
743
742
747
739
743
746
743
743
739
743
743
743
738
742
747
743
743
742
742
742
739
743
739
738
743
743
743
743
743
743
738
738
745
746
745
739
743
741
739
742
743
739
746
738
747
742
739
750
742
747
746
742
743
743
743
743
741
747
743
742
743
742
746
739
746
746
743
738
746
745
739
743
743
747
739
747
746
745
747
743
743
743
739
743
742
743
739
742
743
739
745
746
745
747
746
743
747
739
742
743
743
742
743
746
739
743
747
743
743
743
747
743
735
743
743
750
739
747
738
742
743
739
743
743
742
743
739
739
743
742
745
743
743
743
743
741
742
743
738
747
742
746
743
742
742
743
746
743
743
743
743
747
741
738
743
742
747
746
742
747
739
745
747
743
741
743
741
742
743
743
743
743
743
741
743
743
745
739
745
743
747
743
741
743
739
743
743
743
739
746
747
742
738
742
743
750
743
742
739
743
743
743
739
741
741
738
743
742
741
750
742
747
739
743
743
743
743
743
743
743
743
743
741
743
747
743
747
739
743
743
742
742
743
742
743
746
743
743
743
743
739
743
742
735
743
743
743
739
742
739
743
743
743
745
743
743
745
743
738
741
743
743
739
743
742
739
739
743
743
747
742
746
739
743
743
743
743
743
739
743
747
743
742
739
739
743
742
743
743
743
745
739
742
745
738
743
735
739
743
739
743
747
743
747
741
739
743
738
743
743
742
742
746
746
741
742
743
746
743
739
739
743
743
743
743
743
743
743
743
739
742
746
739
743
743
739
742
743
739
743
743
739
739
747
750
743
743
739
742
743
743
742
751
742
383
807
295
0
2243
731
