2003
747
746
743
745
743
746
743
743
747
743
743
739
743
743
743
743
743
743
743
743
743
743
746
738
743
746
741
739
742
746
750
743
743
746
743
746
746
738
750
742
743
746
739
743
739
743
746
739
743
742
743
747
747
743
743
750
743
743
743
746
739
743
741
743
743
739
743
742
739
746
747
750
743
743
739
742
743
742
743
743
739
741
746
747
738
743
743
743
743
735
743
742
746
739
743
743
747
746
747
742
743
743
743
745
747
743
747
743
743
743
747
742
747
739
745
743
739
739
743
743
742
743
743
743
746
743
743
746
743
743
743
749
746
741
750
742
743
747
743
746
747
746
743
743
739
743
747
747
743
743
743
747
742
738
741
743
743
743
746
742
747
743
743
746
747
746
743
743
746
743
751
747
747
746
747
745
743
741
743
746
749
743
739
747
746
743
739
743
746
743
743
743
746
746
739
743
747
738
747
745
743
743
743
742
735
741
742
743
746
745
746
743
747
743
745
742
743
739
743
741
745
743
743
747
743
743
747
747
743
749
743
747
743
743
739
746
743
743
743
747
746
743
746
739
747
747
739
746
743
743
747
746
745
743
742
743
739
747
743
743
746
746
745
746
743
743
743
743
743
743
743
743
741
743
743
742
747
741
739
747
743
743
746
739
743
745
746
746
745
742
746
743
746
743
738
743
743
743
746
742
746
743
743
747
743
742
746
746
747
746
743
746
747
743
739
735
743
743
743
745
743
743
746
743
747
747
747
739
742
747
747
747
743
747
738
746
743
743
743
743
743
743
743
743
747
743
747
739
743
745
747
747
743
749
739
743
747
743
743
739
743
743
746
746
743
742
747
743
747
745
746
747
743
747
743
745
743
746
743
742
747
743
743
746
750
741
743
746
743
743
750
743
746
747
743
743
746
739
743
739
743
747
739
745
746
747
743
741
746
743
743
743
746
743
743
743
743
743
750
746
747
753
743
743
747
747
739
747
743
743
749
747
743
743
743
747
747
743
743
746
747
746
739
743
742
747
743
746
743
747
749
747
750
743
743
749
747
747
747
745
745
747
743
743
749
743
743
754
747
743
743
743
750
742
747
747
743
746
743
743
743
743
743
746
739
746
746
747
743
743
743
747
743
742
743
755
743
742
743
743
747
739
743
742
746
753
747
743
741
737
742
738
739
746
747
746
747
747
743
746
745
743
739
743
745
745
739
746
749
743
743
747
747
746
747
743
743
747
742
747
743
747
742
743
739
743
745
743
747
743
743
743
746
742
743
743
746
747
747
739
747
743
747
743
743
747
742
746
743
746
747
743
747
745
746
743
743
747
743
743
743
747
747
747
739
743
746
741
743
743
743
743
743
739
746
746
743
743
743
745
746
747
743
743
747
747
743
749
747
739
743
746
747
747
746
743
745
742
741
747
750
743
746
747
743
743
747
743
746
745
743
747
742
745
743
743
743
746
743
746
746
746
746
746
745
739
747
745
743
743
747
743
743
746
747
747
742
743
747
743
743
739
747
747
743
747
743
743
743
739
743
743
745
749
746
746
743
743
742
746
746
739
743
747
743
743
746
747
747
743
743
747
747
746
747
747
747
743
747
746
745
746
746
739
735
747
739
751
747
741
747
746
743
735
746
742
743
750
746
739
743
747
747
747
739
747
746
743
745
743
747
739
742
742
743
743
743
742
741
746
747
747
743
746
746
735
743
743
743
743
739
743
747
747
747
746
747
745
747
746
739
742
747
741
743
746
743
743
743
749
750
746
743
747
746
743
743
747
743
743
743
742
743
743
739
743
742
743
743
743
743
747
747
745
743
747
743
743
743
743
743
745
743
747
743
747
743
746
747
742
739
739
739
743
743
745
747
747
743
747
747
743
747
739
743
746
747
739
743
743
739
743
747
746
747
747
742
746
746
745
743
743
747
747
747
743
739
743
742
743
743
743
747
747
746
737
747
743
747
747
746
750
739
743
743
747
742
747
747
743
745
743
743
742
747
743
739
741
743
746
741
743
750
747
743
747
743
747
747
739
745
743
743
747
743
742
743
739
746
743
746
747
747
747
742
743
742
746
747
746
745
743
743
743
746
747
742
743
747
747
746
750
746
742
747
747
746
739
739
741
743
742
745
747
743
742
739
746
743
746
743
743
747
747
743
746
743
746
743
746
746
747
743
747
743
739
743
745
749
743
743
745
742
746
743
746
747
743
747
749
741
743
743
743
745
746
747
747
747
746
745
747
746
743
739
743
739
746
746
743
742
743
747
743
746
743
743
739
743
743
739
746
747
742
746
745
747
751
745
742
747
739
739
743
747
754
747
1103
679
1186
1491
821
2231
