951
957
959
949
954
953
959
959
953
952
956
958
957
956
955
960
953
956
952
957
954
953
958
958
958
961
956
953
949
958
948
954
959
959
959
957
953
954
957
953
963
955
952
958
957
960
959
961
948
961
957
958
962
957
954
959
960
950
954
954
962
959
959
962
957
956
962
963
953
951
955
953
957
956
945
960
954
963
953
963
963
953
959
955
952
954
951
960
958
954
955
958
957
953
958
953
959
963
961
950
957
958
959
963
955
954
958
957
959
960
958
956
959
959
962
959
962
959
958
963
961
960
951
962
957
957
953
954
958
955
962
962
962
961
959
953
957
958
950
952
963
955
953
960
953
954
957
953
955
957
955
963
960
957
959
956
958
961
953
954
955
959
960
960
957
956
958
951
957
956
960
954
957
963
962
960
962
958
955
963
959
962
953
958
957
962
956
956
953
959
959
963
953
953
949
956
953
959
953
960
962
957
959
960
952
960
958
962
956
967
959
959
952
961
956
956
959
958
953
957
955
955
954
955
955
954
962
962
962
963
957
956
965
953
957
958
956
953
958
963
963
954
955
963
956
955
963
956
960
959
952
963
950
957
951
949
958
957
953
962
959
956
961
959
956
952
958
955
959
953
959
954
955
957
959
955
950
961
959
955
963
958
953
963
960
958
957
960
960
959
963
954
959
963
954
960
956
953
950
963
955
953
956
954
959
958
955
962
958
959
956
960
963
958
957
959
954
959
959
959
957
958
959
963
959
959
958
956
955
950
963
958
953
956
959
963
954
952
954
960
960
960
962
958
960
963
958
959
959
957
963
958
953
957
954
953
958
963
959
963
957
960
958
960
958
964
959
956
963
960
950
963
955
957
956
963
956
955
964
953
956
953
955
956
953
961
955
953
961
959
954
949
953
959
955
967
952
963
953
963
955
953
959
959
960
955
956
953
964
949
952
958
957
963
957
957
954
959
953
949
961
952
955
953
954
959
959
962
957
954
963
960
962
961
956
953
963
956
956
966
949
963
955
959
963
957
954
954
959
952
956
958
950
955
961
959
954
954
963
958
961
959
958
959
958
956
955
961
959
958
966
956
963
959
963
953
961
963
954
957
967
958
962
959
956
955
961
960
957
953
962
959
959
958
963
960
961
959
951
957
956
958
958
962
962
953
957
960
956
960
953
959
962
953
954
955
962
963
953
963
955
957
959
961
959
955
957
958
959
962
953
960
958
957
952
961
954
958
954
957
949
962
959
954
957
961
958
963
951
962
952
954
957
959
957
963
957
958
958
958
957
962
956
961
957
957
959
959
955
960
952
951
963
953
960
959
960
957
961
956
953
958
962
954
951
963
956
955
954
959
962
955
956
962
963
961
959
963
988
962
957
956
953
963
955
954
957
959
953
952
957
960
949
957
959
958
960
958
960
953
958
954
959
953
954
955
964
962
958
958
959
957
961
963
952
958
953
961
957
959
954
956
963
962
959
958
963
953
949
958
957
956
949
956
957
958
953
963
960
962
963
960
957
962
957
960
959
958
955
961
951
957
958
960
961
960
959
960
958
957
957
956
955
956
957
962
953
962
953
956
958
956
956
953
961
962
958
952
956
963
952
955
958
963
951
958
961
959
965
963
955
962
959
962
961
961
952
960
958
962
958
953
958
960
953
953
965
958
957
957
959
959
951
959
954
955
960
956
951
962
956
963
964
961
957
963
961
964
954
950
956
963
953
960
962
963
956
957
961
963
955
951
951
958
963
963
955
954
959
955
962
958
956
952
961
959
946
959
953
959
963
956
955
959
960
960
954
955
962
961
958
964
962
962
959
956
963
955
962
960
955
957
953
959
954
955
955
957
954
962
961
959
956
959
955
958
958
957
953
958
963
959
962
961
959
954
954
955
954
954
963
953
953
957
961
956
963
953
963
958
963
961
953
957
957
953
961
953
962
953
963
960
957
958
956
958
962
959
963
957
961
958
951
962
956
952
954
955
954
963
955
956
959
956
962
953
960
954
954
962
959
959
960
963
955
958
962
963
963
955
963
960
959
960
951
956
960
953
960
960
952
958
960
954
957
957
957
957
952
952
963
959
953
955
961
960
955
967
953
963
955
958
956
958
956
958
953
956
959
963
959
958
953
958
955
956
959
960
957
951
961
956
953
963
960
959
957
959
966
959
961
957
957
959
955
959
960
954
953
960
959
959
962
958
958
957
951
966
951
955
963
960
962
958
958
957
959
959
957
961
958
963
960
958
958
957
957
958
949
955
965
960
955
955
958
960
957
957
958
958
954
958
955
963
959
963
955
959
961
957
956
961
956
958
955
952
962
951
335
897
1231
699
0
1454
