495
503
499
499
499
503
503
503
503
499
495
495
499
499
503
499
495
495
495
503
503
499
495
499
503
499
495
495
495
499
503
495
499
499
499
499
499
503
503
503
499
499
499
499
503
499
495
499
495
495
499
503
503
495
499
499
507
499
499
503
499
499
503
499
503
495
499
503
499
503
495
503
495
495
491
503
499
499
503
499
499
503
503
503
499
499
499
503
491
499
491
499
503
495
499
503
495
503
499
503
503
499
503
503
503
507
499
503
499
499
495
499
503
503
499
503
503
503
503
503
503
499
495
503
499
503
495
503
503
499
499
499
495
503
491
499
499
495
499
499
499
507
499
495
507
503
499
499
503
495
499
499
495
499
503
499
499
499
495
499
499
499
503
499
503
503
503
503
507
495
499
499
507
499
499
499
503
503
499
503
499
499
503
499
503
499
503
499
491
499
499
499
503
503
495
499
499
499
507
499
499
495
503
499
503
503
495
503
495
499
503
499
503
503
503
499
503
503
503
499
503
495
499
499
507
495
507
495
495
499
499
499
499
499
495
503
495
495
499
503
503
495
503
503
503
499
503
495
507
495
499
499
499
499
495
503
499
499
503
503
499
503
499
499
503
499
495
499
507
499
495
499
503
499
499
507
499
495
503
495
499
507
491
499
495
499
503
499
503
499
503
503
499
495
499
507
503
499
499
499
499
499
499
503
503
499
503
499
507
503
503
499
499
499
499
499
495
499
499
499
499
503
503
503
499
503
495
503
503
499
499
499
495
499
503
503
499
507
495
499
503
503
503
507
499
503
499
495
495
499
507
499
511
499
499
499
503
499
503
507
503
503
499
499
499
503
499
495
503
495
499
499
499
499
503
499
503
499
495
495
499
499
503
499
499
499
503
499
507
499
503
499
499
503
503
495
503
499
503
495
499
499
499
503
503
499
503
503
499
499
503
503
499
499
499
495
491
499
495
503
495
499
499
495
499
499
503
503
499
499
503
495
495
495
499
503
499
499
503
503
503
503
499
499
499
503
499
503
503
499
503
499
507
503
499
499
499
499
503
499
499
499
503
499
499
495
499
499
503
503
499
499
503
499
499
503
499
499
495
507
499
499
503
503
499
503
503
499
495
503
499
495
499
503
499
507
503
503
499
503
503
499
495
503
495
503
499
499
499
499
499
495
495
499
499
495
503
499
495
499
499
499
499
499
495
499
499
503
499
499
507
499
499
503
503
503
491
495
503
499
499
499
503
499
499
495
503
495
503
499
499
503
495
495
495
495
499
499
499
503
495
499
499
507
503
503
503
499
499
503
499
499
503
503
503
495
499
503
503
503
503
499
503
507
503
495
503
503
499
499
499
499
499
499
499
507
499
499
507
503
503
503
495
503
499
495
499
503
499
495
495
507
499
495
499
503
499
491
503
507
371
375
475
467
319
375
467
223
447
335
531
379
275
547
299
211
487
411
515
415
399
383
275
267
303
503
503
503
499
503
495
499
503
491
495
499
503
503
499
499
499
495
503
499
499
503
495
499
503
495
495
495
499
499
499
503
491
499
495
499
495
495
499
495
499
503
499
499
495
499
495
495
491
503
499
503
495
499
503
499
491
495
499
499
503
503
503
499
495
491
495
503
499
503
491
495
495
499
499
503
499
499
499
499
503
499
503
503
499
495
491
495
499
499
503
503
495
499
499
495
503
499
499
499
499
499
499
491
503
503
495
503
499
499
499
495
499
503
503
503
499
503
499
495
499
499
503
499
495
499
495
499
499
499
503
503
499
507
495
499
499
499
503
503
503
499
495
503
503
499
503
499
499
495
499
495
495
503
503
499
495
503
499
499
495
499
499
503
503
499
495
499
499
503
507
503
503
495
499
495
499
499
495
499
495
503
495
491
499
499
499
499
499
499
503
499
495
495
503
507
499
499
499
503
503
499
507
495
499
499
495
503
495
503
503
499
503
499
491
495
495
503
499
507
499
503
495
499
499
499
499
499
499
503
499
495
495
499
495
499
499
499
499
499
499
499
503
495
499
499
495
499
495
499
495
495
499
499
503
503
503
499
503
499
499
495
495
503
499
499
495
499
499
495
499
495
495
503
495
507
499
499
495
495
499
495
507
499
499
499
495
503
499
503
499
499
499
499
499
499
503
499
499
499
495
499
499
499
503
491
495
499
499
499
499
503
503
499
495
499
503
503
499
507
499
503
503
499
495
499
495
499
499
499
499
499
495
499
499
499
503
499
495
495
495
499
503
499
499
499
499
495
499
499
507
495
499
499
503
499
495
503
503
499
495
495
495
503
503
499
495
499
499
499
503
503
515
495
387
467
999
619
1007
947
