981
986
981
975
983
983
982
975
975
975
983
979
979
971
990
971
975
977
975
975
975
975
973
975
975
979
978
975
975
979
978
979
983
979
979
975
975
978
977
975
978
979
979
979
978
975
979
971
979
983
977
978
979
982
979
978
983
973
979
978
978
979
979
975
978
979
975
975
982
979
975
971
983
975
975
982
975
975
978
978
978
979
974
979
986
975
978
979
979
978
979
975
978
981
975
975
978
979
982
975
975
978
977
975
979
975
981
977
975
975
986
979
983
971
982
975
971
979
975
977
979
979
979
983
982
979
971
986
977
977
974
978
979
979
979
975
975
971
981
975
979
979
975
978
971
975
983
979
986
975
975
975
982
979
975
975
979
979
975
978
977
979
981
985
979
979
990
975
986
975
977
979
986
979
975
971
986
975
979
975
985
979
982
982
981
975
979
982
975
978
975
975
979
979
979
975
979
986
979
983
986
979
975
983
990
979
981
975
986
981
982
982
975
975
979
975
975
981
979
974
982
982
975
979
982
983
986
975
981
979
979
975
981
975
978
990
971
978
982
986
979
975
983
975
979
979
983
979
979
975
975
975
979
982
975
975
979
982
979
982
979
985
983
982
975
975
975
982
981
982
983
979
977
971
975
979
982
983
981
979
979
982
979
982
981
982
977
975
975
979
978
977
978
975
975
975
982
981
979
975
971
979
977
975
975
975
979
975
979
979
971
971
975
979
982
981
983
979
975
975
981
979
975
979
979
981
983
975
982
979
982
975
982
982
975
978
986
979
979
979
986
975
983
986
975
982
979
971
981
979
975
983
975
986
977
975
983
975
979
979
979
979
975
979
975
982
979
982
983
979
975
975
987
982
977
986
982
975
981
981
979
975
971
986
981
979
979
975
979
979
979
981
983
975
979
982
981
981
979
975
975
981
975
975
981
986
983
981
975
979
978
987
982
975
979
979
975
978
975
975
981
975
983
977
978
982
975
975
979
979
982
982
986
983
979
983
979
982
982
979
979
982
977
979
982
986
978
979
983
975
986
981
983
979
982
979
979
975
975
979
982
978
975
979
975
983
975
979
981
981
986
981
986
981
979
979
979
975
979
975
982
975
986
975
978
979
975
979
982
975
979
982
986
979
983
979
971
979
975
977
975
990
983
986
979
978
978
985
979
977
979
979
977
986
983
978
979
986
983
975
982
981
982
977
975
983
979
987
983
975
982
983
987
975
975
975
977
978
983
975
979
979
978
975
975
982
978
981
975
979
979
979
975
982
981
982
982
979
975
982
971
982
979
981
975
983
975
986
983
987
987
975
977
975
975
979
981
979
975
981
979
979
975
986
981
977
979
978
977
979
979
986
982
975
979
983
977
982
979
981
983
982
986
975
982
979
983
982
983
982
978
979
987
975
975
981
982
990
982
975
983
975
981
979
981
979
977
986
979
979
975
978
975
975
979
979
979
978
983
979
982
975
986
975
979
981
983
975
978
981
978
975
982
978
977
982
979
978
979
975
983
977
982
982
986
982
981
983
978
986
975
975
978
981
982
979
983
971
982
977
981
979
981
983
979
983
985
979
975
977
978
979
975
985
975
983
979
982
983
975
977
975
983
981
975
981
975
979
978
982
979
986
975
975
982
983
975
987
975
982
982
979
983
986
983
982
982
982
982
982
979
975
975
986
975
971
985
982
975
983
983
983
975
979
983
975
975
971
982
983
982
979
977
982
978
975
986
982
982
975
979
975
973
979
977
977
975
982
978
978
975
981
975
982
979
975
975
987
981
979
986
986
983
982
978
983
975
978
975
979
983
975
975
982
982
979
975
977
982
975
975
983
986
979
982
977
979
983
986
977
975
978
978
981
983
979
983
971
986
982
979
983
975
975
982
983
979
975
975
979
986
983
979
982
986
978
982
979
983
975
975
983
982
975
986
979
979
982
975
979
985
983
975
978
977
979
983
983
979
975
975
982
979
986
978
975
983
982
979
975
981
975
979
979
979
978
978
975
982
979
979
979
979
977
975
975
979
979
979
978
982
975
975
975
982
979
983
975
977
975
982
979
982
986
979
979
979
979
975
978
978
986
975
978
975
975
986
982
975
986
982
979
975
979
979
974
975
979
982
975
975
979
979
982
979
983
979
983
971
982
975
979
975
975
975
977
979
982
983
986
979
979
990
975
982
982
979
982
971
986
979
983
979
982
983
979
975
982
978
982
983
979
982
975
986
975
975
979
975
979
981
977
986
979
978
975
975
979
979
975
979
975
981
975
990
975
982
978
982
975
975
979
975
985
983
978
983
986
987
979
975
982
979
978
975
987
983
982
75
511
933
923
1971
1115
