995
999
999
995
991
999
999
994
995
995
999
1003
999
995
995
999
994
999
991
999
995
999
999
1003
999
1003
999
991
995
999
991
999
995
1003
999
995
1003
991
999
999
999
999
999
1003
999
999
999
999
991
999
995
999
999
999
1003
1006
1003
991
994
995
999
999
995
1003
999
995
999
999
991
995
999
995
1003
995
990
1003
991
999
994
999
1003
999
999
1006
999
1006
983
999
999
999
995
999
1007
995
995
995
1003
999
999
991
991
999
999
1003
994
1003
1003
995
999
999
1003
999
995
991
1003
995
999
999
995
1003
1003
1003
991
999
999
999
991
1003
1003
995
1003
1003
1007
1003
999
1002
1003
998
994
999
1003
999
1007
1003
999
999
1003
995
995
1003
1003
999
1003
999
999
1003
1003
1003
995
1003
998
999
1003
1002
999
999
995
991
999
995
1003
999
1003
1003
999
1006
1003
1003
1002
999
995
1003
1003
999
1003
1003
991
995
999
999
999
1002
995
999
999
998
1003
995
1003
1003
1003
999
1003
999
991
999
1003
1003
1003
999
995
995
995
1003
999
998
999
1007
1003
999
995
999
995
999
999
1006
999
1007
1007
1007
1003
999
999
1003
998
995
1007
995
1003
1003
999
995
999
1003
1003
999
1003
999
1003
1002
995
1006
999
1003
991
995
1007
999
999
999
1002
999
1007
1003
1003
995
995
999
999
995
1002
1003
1003
1003
1003
1003
991
999
999
999
1003
1006
999
1003
995
1003
995
1002
999
995
1003
995
1003
999
999
1003
999
999
987
999
995
995
999
995
1003
999
999
999
1003
1003
999
1003
1003
995
1003
1002
991
995
1003
999
995
999
1003
1006
1003
995
1003
991
995
999
1003
1003
999
999
1003
1003
995
995
999
999
1003
1002
1003
1007
999
1003
991
999
1003
1003
1007
991
1003
995
991
995
995
1003
1003
1007
995
999
1006
1003
999
1003
1003
995
998
1006
995
1003
995
1003
995
1003
999
999
1003
995
999
1003
995
1003
1003
1003
995
995
1003
995
999
995
995
998
1003
999
995
999
999
1003
999
1003
999
999
1007
991
999
1003
1003
995
999
999
995
999
1006
999
995
991
1003
995
995
995
994
999
1003
999
1003
999
1006
999
1003
1007
999
1003
999
991
1003
999
1003
1003
995
1007
995
995
999
999
999
1003
1007
995
995
995
991
999
1003
1003
995
991
999
999
1003
995
995
999
999
999
995
1003
999
995
1003
1003
1007
999
1003
999
999
999
995
999
1003
1003
999
1003
999
995
1003
1003
1002
1010
1007
999
995
999
999
1003
1003
999
983
991
1003
999
1003
1003
1007
1002
999
1006
998
999
994
999
1003
999
995
999
1003
1003
1003
1003
995
995
999
999
995
995
999
995
995
999
999
1003
999
999
999
1003
995
995
999
1003
995
999
999
999
991
1003
1003
999
995
1003
1003
995
995
999
999
1003
999
999
1003
1002
1006
1003
1002
1007
1003
1003
999
1003
999
1003
991
995
999
995
999
1003
1003
999
999
999
991
995
1003
995
995
1002
999
1006
999
999
998
991
1002
1007
999
1003
995
1007
995
999
995
999
995
1003
999
999
999
1003
1003
999
1003
1003
991
999
995
995
1003
1003
1003
855
971
779
971
955
1071
919
959
871
839
935
851
951
815
915
827
863
1003
783
843
935
1019
799
871
799
991
995
999
999
987
999
995
995
987
999
995
999
991
1003
999
999
1003
1003
995
1003
995
999
995
1003
990
999
991
1003
1003
1003
999
1011
995
995
999
999
1003
999
999
999
999
999
999
999
995
991
999
1002
999
995
999
1006
990
999
995
999
990
999
999
999
991
995
999
995
999
999
995
995
1002
999
991
999
995
991
995
995
995
998
995
999
991
999
999
998
1003
995
1003
1003
991
995
991
991
1003
995
991
995
995
1003
999
999
995
995
999
995
991
994
994
999
998
999
998
999
995
999
1003
1002
991
995
991
995
998
995
995
998
999
1003
999
995
995
991
999
1003
991
999
995
999
995
991
999
999
995
1007
995
999
999
1003
999
1006
1003
999
1003
999
999
1003
995
1003
999
999
1003
999
990
995
995
995
999
995
994
999
995
995
999
999
999
999
995
999
995
999
999
1003
991
995
998
995
987
991
998
999
995
995
1003
991
999
995
999
1003
995
999
999
999
1003
999
999
995
995
999
995
995
991
995
994
999
999
999
1003
995
999
999
991
1003
995
991
995
995
995
1002
995
994
995
1003
1002
994
1003
991
991
999
999
999
1003
1003
991
1003
999
998
1003
991
999
995
1002
999
995
999
998
999
999
995
995
999
1007
991
995
1006
995
999
991
990
998
999
995
995
999
1003
995
999
990
999
990
999
995
999
991
995
995
995
999
999
999
994
991
995
991
999
995
999
999
995
999
991
991
995
998
999
999
995
995
995
999
999
999
999
998
999
999
999
995
999
995
999
999
991
995
998
995
1003
991
999
999
999
999
999
999
999
999
991
995
994
999
998
1003
999
999
999
999
999
991
991
999
999
995
995
999
999
1007
995
1003
999
998
995
995
999
995
995
999
991
999
995
999
999
999
995
999
991
995
991
923
1987
1359
1127
1247
987
