295
299
302
294
295
299
303
299
299
303
299
303
307
299
299
303
299
299
298
295
294
303
306
299
299
299
299
295
295
299
295
299
295
295
302
299
299
298
299
299
302
299
302
299
295
299
303
298
298
299
299
302
299
295
298
299
299
295
299
295
299
299
295
303
295
298
299
299
295
299
299
299
303
299
295
299
295
303
295
303
303
299
299
299
299
298
299
299
302
299
299
294
299
299
295
295
299
302
303
295
299
299
298
299
294
303
299
302
299
303
302
294
299
295
307
295
298
299
299
299
299
302
298
295
302
299
299
299
299
299
303
303
303
299
303
299
303
299
299
290
303
299
299
303
303
295
303
299
299
303
299
299
303
299
295
299
303
299
299
295
299
299
295
295
294
298
299
295
298
295
299
299
299
295
303
303
303
299
295
303
299
299
303
299
299
299
299
299
299
295
299
303
295
295
295
302
299
295
299
303
303
299
299
303
295
299
299
298
299
310
295
303
295
299
303
299
299
299
303
303
299
299
299
299
303
299
303
299
306
303
303
299
303
303
302
299
299
294
303
299
303
299
299
299
303
310
298
299
299
299
298
299
299
299
295
295
299
299
299
299
299
303
302
303
299
294
299
295
298
291
303
299
299
299
303
299
295
303
295
299
303
303
298
303
303
299
303
303
303
299
303
295
303
299
295
299
303
302
295
299
299
303
299
299
303
299
299
303
299
303
299
295
303
295
302
303
299
299
299
299
299
303
299
299
299
299
302
299
299
299
303
299
295
299
306
299
295
299
298
303
299
303
303
299
303
299
298
298
299
303
299
299
295
302
299
299
303
299
299
299
299
303
299
295
306
298
299
298
302
303
299
303
299
303
299
299
295
295
303
294
299
299
299
295
306
302
295
295
303
299
299
299
294
295
299
311
299
299
298
299
299
298
303
303
303
299
299
302
307
299
299
302
299
299
298
303
299
295
302
295
299
294
299
303
295
295
303
307
295
298
303
299
299
299
299
291
303
299
303
303
299
307
298
295
303
294
295
299
302
299
298
295
295
299
303
299
299
299
299
295
299
299
295
302
303
294
295
299
306
302
303
303
299
299
303
295
302
299
299
299
303
299
307
295
299
299
302
303
299
303
303
299
303
295
303
299
302
299
302
303
307
303
303
303
299
303
303
303
299
299
295
303
299
298
298
299
307
299
299
299
299
299
294
299
299
295
295
299
299
303
299
303
295
294
299
303
295
299
299
303
299
299
299
299
295
299
303
303
299
303
298
295
303
299
299
303
299
299
303
303
299
299
299
299
299
302
299
303
295
307
299
303
299
295
299
299
298
295
299
303
295
299
303
299
299
303
295
299
299
299
299
299
299
299
307
303
298
303
299
303
299
303
302
295
303
299
299
303
307
303
299
306
295
303
295
299
299
299
303
383
291
255
471
355
423
311
527
319
447
363
299
547
311
467
403
379
243
183
399
495
343
355
447
383
295
295
299
299
295
299
295
295
299
299
299
298
299
298
299
303
299
295
299
303
303
307
299
302
299
303
295
298
303
295
303
299
299
299
307
299
295
299
299
295
299
295
295
299
295
299
303
299
295
299
299
303
295
291
299
299
295
299
295
299
295
295
299
299
303
299
299
295
299
299
303
295
294
299
295
299
299
295
295
299
295
303
299
303
295
299
299
299
295
295
295
295
302
295
295
303
295
302
303
303
299
303
295
299
291
295
295
299
303
303
299
299
299
302
295
303
295
298
291
295
299
295
295
299
295
295
303
295
299
299
303
303
294
299
295
303
295
299
298
299
299
298
299
295
291
299
298
299
295
298
299
303
299
303
299
295
302
295
299
299
295
295
299
299
295
299
299
299
299
295
295
302
295
298
299
299
299
298
303
299
290
295
299
299
295
295
299
295
295
299
299
295
298
299
303
303
294
295
299
303
295
299
299
295
302
299
299
299
295
295
299
299
303
302
298
299
303
298
295
295
295
295
298
295
298
299
299
303
299
299
299
298
302
295
299
299
295
298
299
302
295
299
302
299
299
299
299
299
299
295
295
299
299
295
299
299
299
302
299
299
295
303
295
303
295
291
299
299
295
299
295
299
299
303
299
302
303
303
295
295
299
295
295
299
295
294
299
299
294
295
295
295
299
302
295
295
295
299
298
299
302
299
299
295
295
303
303
303
299
294
299
299
302
302
291
298
299
299
299
299
299
303
298
299
295
291
299
302
299
299
299
299
303
295
299
298
295
298
299
299
295
299
303
295
299
303
298
302
299
295
299
303
299
299
295
299
299
295
291
299
299
298
295
295
303
299
295
299
295
303
295
299
303
295
391
523
0
291
447
399
