983
981
978
979
983
983
979
979
983
977
983
983
979
979
982
985
975
979
979
978
983
983
979
983
983
981
978
979
979
979
983
979
979
979
979
983
977
977
983
983
978
978
983
979
982
978
983
978
981
979
977
983
979
978
983
983
983
983
983
979
983
975
983
982
978
978
983
979
975
979
977
979
982
978
977
983
978
987
979
978
979
978
979
978
983
978
983
982
983
983
979
975
983
979
979
978
981
983
979
979
983
979
975
981
978
983
977
977
975
979
975
978
978
975
977
975
978
983
979
979
981
983
977
983
983
982
979
978
983
979
983
979
983
979
978
979
979
979
981
978
982
981
983
978
979
979
983
983
979
975
983
982
978
983
983
983
979
979
983
979
978
975
983
979
978
982
983
977
982
982
979
981
983
979
977
977
978
985
983
979
983
983
983
987
983
979
983
979
978
983
983
979
983
979
978
983
987
983
978
977
979
979
983
983
983
983
977
979
983
971
981
978
983
982
982
979
983
983
982
978
982
983
978
979
975
982
979
974
983
979
983
977
979
979
979
987
981
978
977
979
982
979
987
983
983
978
983
983
987
975
983
979
979
983
985
978
983
979
981
985
974
987
983
982
977
987
983
983
983
979
982
979
983
983
983
987
983
979
981
983
983
983
979
985
979
979
975
983
971
983
983
979
983
974
978
979
979
975
978
979
983
975
983
983
979
982
981
975
981
983
983
977
983
983
983
983
983
983
981
983
983
975
983
983
981
982
978
983
983
979
977
981
983
978
983
978
982
983
978
981
983
982
987
981
979
977
983
977
977
981
979
983
982
981
975
983
983
978
983
981
979
979
977
975
983
981
975
975
982
979
983
978
983
983
983
982
983
979
978
981
983
983
978
983
975
978
975
983
987
979
983
979
985
983
983
975
982
974
983
975
975
982
979
985
979
983
978
983
983
982
978
982
975
975
983
981
975
975
979
975
978
983
983
978
978
978
978
981
981
979
983
979
983
982
978
982
977
982
983
983
983
982
973
985
982
983
977
983
983
981
983
979
981
983
983
982
978
982
983
978
985
979
983
975
975
979
982
979
985
982
982
982
983
981
983
979
983
983
977
978
983
978
983
983
979
983
979
983
983
979
979
979
983
985
982
979
975
978
974
983
986
978
981
983
977
979
977
983
977
983
983
979
979
975
982
978
983
983
978
981
978
983
983
979
979
977
982
983
979
985
990
978
985
979
979
982
979
979
975
978
979
987
983
977
981
983
978
982
983
979
979
983
983
983
979
977
979
983
978
982
974
983
982
981
982
979
982
983
983
978
982
983
979
978
983
983
987
985
983
983
983
981
983
982
982
982
983
983
977
983
983
981
982
983
983
987
982
983
986
983
983
983
979
978
983
983
978
982
983
983
979
983
982
978
978
979
979
978
978
975
914
1062
1014
1054
1114
994
1034
942
970
1030
922
1034
998
990
946
962
1110
950
1038
850
962
1046
954
1062
1206
979
978
983
978
979
983
975
983
975
979
975
975
979
981
981
979
983
983
979
983
979
979
978
983
983
979
979
983
978
975
979
978
987
981
977
983
982
975
978
979
975
983
979
979
982
979
983
983
978
983
983
975
971
983
987
983
977
982
979
982
986
979
983
983
979
978
979
981
983
975
987
977
979
979
982
979
981
978
978
983
977
982
982
983
978
979
975
979
979
983
975
978
983
983
983
987
983
978
979
981
979
977
979
983
978
973
987
979
987
983
981
979
982
983
983
978
979
977
979
979
974
981
979
979
977
979
978
978
983
983
983
978
982
979
977
978
978
979
981
979
979
983
981
978
983
975
979
979
983
981
975
978
979
979
979
979
983
977
983
977
979
978
981
983
982
983
983
979
983
982
983
979
978
979
978
978
983
983
983
979
981
979
983
978
978
983
979
977
975
979
979
983
982
983
979
983
977
983
983
983
983
983
979
979
978
982
983
978
978
978
978
983
978
978
978
979
979
977
979
979
978
982
975
979
978
983
978
979
983
975
983
983
978
978
977
977
979
979
983
979
983
985
977
978
978
978
974
979
973
979
977
982
983
977
983
975
979
978
981
979
977
978
979
977
975
979
983
979
979
977
983
983
978
978
978
979
978
978
979
983
979
983
983
983
978
979
979
983
975
987
983
975
979
983
977
985
978
979
985
978
978
978
979
983
975
983
979
983
979
978
983
975
975
975
977
983
983
982
978
983
982
983
983
979
983
981
979
979
983
978
977
978
979
978
981
983
982
983
979
978
983
975
979
979
979
979
979
983
977
986
979
983
979
983
979
977
983
979
981
983
979
979
982
987
979
981
978
975
983
987
987
990
978
1893
1459
1029
1043
0
843
