505
502
508
514
507
501
505
507
509
510
501
507
498
505
505
509
506
515
515
510
515
514
510
500
519
503
514
510
501
507
509
511
499
511
507
509
515
507
514
510
505
503
502
510
515
511
498
501
502
503
502
506
507
505
502
510
510
515
511
510
514
502
510
499
515
511
503
507
508
515
503
513
511
513
515
507
503
509
515
502
517
500
509
498
506
513
510
502
511
510
511
502
505
497
509
511
510
506
502
515
513
506
515
515
511
502
498
515
515
503
511
506
515
506
498
498
512
501
502
503
506
503
503
503
511
502
507
502
515
505
505
507
509
499
503
503
515
510
503
499
505
507
501
507
510
510
501
509
509
515
506
515
502
511
503
506
511
515
510
502
511
507
502
515
515
499
515
501
499
503
503
509
513
515
507
506
515
511
513
515
509
501
507
502
505
497
499
515
506
506
515
503
515
509
514
506
511
503
506
513
507
506
497
505
503
507
499
510
510
505
507
506
513
506
514
506
509
507
502
503
510
507
507
511
504
505
511
511
519
503
515
506
502
499
498
511
502
515
497
515
501
503
511
511
506
513
502
514
500
510
515
499
511
511
502
509
510
510
511
507
511
511
510
506
509
508
514
511
514
511
512
503
513
509
510
501
509
504
519
499
499
510
510
513
502
515
501
511
503
507
506
515
513
499
495
502
515
510
506
510
506
508
497
501
513
502
498
493
513
507
503
511
515
515
497
503
519
507
509
498
501
502
506
510
515
504
507
510
513
510
511
503
510
511
510
513
511
507
499
509
507
510
502
510
515
506
513
511
505
505
495
523
510
513
501
501
507
499
511
507
515
511
506
510
505
507
503
507
509
503
498
515
507
506
506
507
508
511
506
506
510
511
515
507
511
515
510
507
502
512
500
503
515
502
515
511
511
507
508
498
512
515
507
507
515
499
515
501
513
503
497
514
519
509
509
501
507
514
510
509
513
510
502
513
509
501
509
514
498
509
515
514
511
513
511
511
507
509
514
515
507
513
502
509
510
495
517
502
510
515
509
510
503
515
510
506
502
513
513
510
515
510
505
509
498
507
507
515
502
519
512
513
515
514
515
514
515
503
511
515
507
499
503
507
498
505
512
503
510
509
511
515
515
506
497
510
509
501
519
511
510
506
507
505
515
515
511
503
515
509
510
505
502
514
509
511
503
511
515
503
518
515
505
515
507
511
505
511
506
507
505
503
507
509
515
515
503
510
502
502
507
500
511
515
504
515
502
514
502
511
501
504
511
511
514
514
503
519
498
519
511
504
504
515
504
513
513
497
519
506
514
513
511
506
515
513
506
511
513
514
503
515
507
519
519
511
511
498
502
503
511
515
507
506
505
510
505
514
505
515
501
513
507
505
501
503
500
511
509
512
502
509
515
511
507
502
507
511
510
511
509
505
515
511
506
515
514
513
499
511
515
514
507
507
513
501
499
505
509
501
515
503
513
506
513
514
505
502
511
510
509
515
498
505
501
509
511
509
514
510
505
510
515
509
513
513
505
504
509
503
503
506
507
509
505
509
510
513
515
507
510
509
505
506
511
501
507
512
507
507
514
511
507
501
519
511
509
505
511
501
505
507
511
507
503
505
519
503
506
513
503
513
509
519
515
506
507
515
499
505
510
507
503
509
503
517
513
509
502
503
515
506
509
510
501
513
513
515
512
515
507
506
513
506
501
503
507
507
499
505
501
507
503
517
510
515
510
498
511
514
507
514
511
509
503
507
497
515
500
510
514
513
501
515
515
510
515
514
513
513
513
507
509
514
503
503
519
506
515
518
513
510
508
509
513
506
507
509
511
505
497
521
513
509
510
510
509
505
513
515
511
503
500
515
513
509
506
507
507
511
506
501
503
507
503
516
510
509
498
503
501
501
511
510
514
504
502
511
511
509
503
502
514
511
503
515
510
507
515
502
511
515
505
511
509
515
502
515
503
511
501
506
506
502
502
506
503
511
515
511
503
513
507
511
515
511
509
510
503
509
505
503
513
503
503
507
515
515
506
516
515
502
507
511
511
497
510
501
498
507
515
515
505
513
507
505
519
506
506
499
503
506
511
510
511
505
511
511
513
515
502
510
515
506
504
503
507
503
514
501
511
510
511
515
509
501
515
511
511
504
503
507
507
511
509
509
504
511
502
510
503
514
503
511
507
497
502
515
511
515
499
507
509
505
502
511
517
505
501
505
511
507
505
507
508
507
515
510
519
520
513
513
507
507
505
504
501
511
509
510
508
506
515
502
507
509
507
513
503
503
511
516
497
511
506
503
515
505
513
511
498
505
506
506
509
504
487
502
1009
108
443
795
977
881
