219
219
218
221
219
222
221
219
221
218
218
219
221
219
218
219
222
218
219
219
222
221
221
219
221
221
222
219
221
217
219
219
219
219
219
218
221
219
221
219
218
218
219
219
218
219
219
218
221
219
219
219
219
219
218
219
221
219
219
219
219
221
221
219
221
219
218
219
217
221
218
221
221
217
219
219
218
219
219
219
219
221
220
219
221
221
219
219
222
218
218
219
219
221
221
219
218
218
221
218
222
219
219
219
221
219
221
221
219
219
222
218
218
218
221
217
219
221
219
219
219
218
219
218
221
219
221
219
218
219
218
219
221
219
219
219
219
221
219
218
219
219
221
218
219
219
219
219
219
218
218
219
218
221
221
219
221
219
219
217
219
219
221
220
219
221
218
219
219
218
219
217
221
219
219
219
218
218
221
219
218
218
219
219
218
218
221
220
221
221
219
219
218
221
219
218
218
219
219
219
219
221
221
218
219
219
218
218
222
218
219
219
221
218
219
218
218
217
219
221
222
218
221
221
219
219
219
218
219
221
218
219
219
218
222
219
218
218
222
219
218
219
219
221
218
219
218
219
219
218
219
219
221
218
219
218
219
219
219
221
218
221
218
219
219
219
219
219
219
221
219
218
218
221
219
221
219
219
219
221
218
218
218
219
218
217
221
219
219
219
219
219
218
218
219
221
219
219
219
219
219
219
219
221
218
218
221
219
219
217
219
219
218
217
219
219
218
219
219
219
219
221
219
221
219
219
218
219
218
219
221
221
219
221
221
219
218
219
219
218
218
221
219
221
219
219
221
219
219
221
218
218
219
219
219
219
219
219
219
221
219
220
221
221
219
218
219
219
221
219
219
221
219
219
221
217
221
221
218
219
219
219
219
218
221
221
222
221
219
219
219
217
219
217
217
218
219
218
219
219
218
219
221
218
217
218
219
219
221
217
219
219
218
221
219
219
221
221
217
219
218
221
218
219
219
222
221
218
219
219
219
219
219
219
221
218
221
217
219
221
219
221
219
219
221
219
218
221
221
219
218
218
219
219
219
219
219
218
219
219
219
219
221
218
221
219
219
219
219
221
221
219
221
219
219
219
219
221
218
221
222
219
219
219
221
218
219
218
218
219
219
218
219
219
221
219
218
217
218
219
215
221
219
219
221
218
218
219
218
218
218
221
221
218
219
219
221
218
219
219
221
222
218
221
222
219
218
218
219
221
218
221
221
221
219
221
221
219
221
221
219
219
219
217
221
219
219
219
221
218
219
219
218
219
221
218
221
219
221
219
218
217
218
219
218
218
221
219
219
219
219
219
219
219
219
221
219
217
219
218
219
221
221
221
221
219
218
219
222
219
219
221
219
221
221
221
218
221
221
219
219
219
219
219
221
222
221
219
219
219
219
218
219
222
221
217
214
210
226
222
238
222
214
218
234
210
222
214
218
218
218
210
226
198
210
222
218
218
226
218
230
222
219
219
219
219
219
221
219
218
221
221
219
219
218
221
221
219
217
219
217
219
217
218
218
221
219
221
218
219
218
219
219
221
218
222
219
219
221
219
219
221
221
219
221
219
221
221
219
221
221
221
221
222
221
219
219
219
219
221
222
219
219
218
219
219
219
219
221
218
222
221
218
221
218
221
219
221
221
218
218
219
217
222
219
219
219
221
219
218
221
221
221
219
219
219
220
219
219
221
221
219
219
219
222
219
218
218
218
219
219
219
219
221
218
219
218
222
222
219
221
219
219
221
218
218
219
220
221
218
221
219
221
218
218
219
218
219
219
221
221
221
220
219
218
218
219
219
219
218
221
222
219
222
218
221
218
219
221
218
221
221
221
219
219
219
218
218
218
219
221
218
221
219
218
221
219
222
219
219
219
219
221
221
219
218
219
219
221
219
221
220
219
219
219
221
219
222
221
219
218
221
221
219
218
218
221
219
218
221
219
219
219
219
218
219
218
219
218
219
218
219
218
219
219
219
219
218
218
221
221
222
219
219
219
219
218
222
219
221
219
219
219
221
219
221
218
218
219
222
219
218
218
221
219
221
219
219
218
219
219
219
218
219
219
221
218
221
219
221
219
219
218
219
219
218
218
221
218
219
218
219
221
221
219
222
218
221
222
219
221
218
218
219
221
219
219
221
218
219
222
218
219
219
219
221
219
221
219
219
219
219
221
219
218
219
219
219
219
218
221
218
218
219
221
221
219
218
219
221
219
219
221
219
218
221
222
219
219
218
222
218
219
218
218
221
221
221
219
218
218
221
219
219
219
218
219
218
221
222
218
219
218
219
219
218
218
222
219
221
219
218
219
218
222
221
221
219
439
265
67
323
423
147
