142
142
139
139
139
142
142
142
139
142
139
139
142
141
139
142
139
139
143
142
139
139
143
139
139
142
139
139
139
139
139
139
139
139
143
139
139
143
139
139
139
143
139
143
142
143
139
142
142
139
139
142
142
139
139
139
139
139
139
139
143
139
142
139
141
142
139
141
139
139
139
142
139
143
139
139
143
143
141
139
139
139
139
143
142
139
139
142
139
142
139
143
139
139
139
139
139
143
139
142
142
139
143
142
139
143
142
139
139
139
139
142
143
139
139
143
139
139
139
142
139
139
139
142
139
139
139
139
139
143
139
139
139
139
142
142
142
139
142
142
139
139
142
139
139
139
142
142
139
142
143
143
139
143
139
139
142
139
139
139
139
139
139
142
139
139
139
139
139
139
142
143
139
139
139
139
139
139
142
139
139
139
139
143
139
142
139
142
142
139
139
139
142
139
143
139
142
143
139
139
139
142
139
143
142
143
139
139
139
139
139
139
142
139
142
139
142
139
139
142
139
139
139
139
142
142
139
139
143
139
139
139
142
138
139
142
142
139
142
139
139
142
139
139
139
139
139
142
139
139
139
143
142
139
139
139
142
139
143
139
139
139
139
141
139
142
142
143
139
143
143
139
139
139
142
139
141
142
139
142
139
139
142
139
139
139
139
139
139
142
139
139
142
139
142
139
139
139
139
139
139
139
139
142
139
143
139
142
139
139
139
139
139
139
139
142
139
139
139
143
139
139
139
139
139
139
139
139
139
139
142
143
139
143
142
142
142
143
142
139
143
139
139
139
142
139
142
139
142
142
143
143
139
143
139
143
139
143
143
139
143
142
139
139
143
139
139
139
143
139
139
139
142
139
142
139
139
142
139
139
139
143
142
139
139
143
139
139
142
139
139
142
139
143
139
139
139
142
139
143
139
139
142
139
138
139
139
139
139
141
139
139
139
139
139
142
142
143
142
139
139
142
139
139
139
139
142
139
143
139
142
139
142
142
139
142
142
139
139
143
139
139
142
139
139
142
143
139
142
139
139
143
142
142
143
139
139
142
139
142
143
143
139
139
139
139
139
139
139
142
139
143
139
142
139
143
142
143
139
139
139
142
142
143
139
143
139
139
143
139
141
139
139
142
138
142
139
139
143
141
139
142
135
139
142
142
143
139
139
139
143
139
139
139
139
139
139
139
139
143
139
141
139
139
139
139
139
139
139
142
139
139
139
142
139
139
139
139
139
139
142
139
139
139
141
142
139
139
142
142
142
142
142
142
139
142
139
142
139
139
143
139
139
143
139
139
142
142
142
143
139
139
139
139
139
141
142
139
142
141
142
139
139
139
139
142
142
139
139
139
139
142
139
142
143
142
142
142
139
142
139
139
143
139
139
142
139
139
139
138
139
139
139
139
139
139
143
147
139
127
135
151
159
127
147
139
147
139
139
135
131
131
147
143
143
335
347
139
135
139
167
139
138
142
139
139
138
142
139
143
139
139
142
139
139
139
139
142
139
139
139
139
139
142
139
143
142
139
139
139
139
139
139
143
139
139
139
143
139
139
139
139
139
139
142
143
139
141
139
139
139
143
139
142
142
139
143
139
143
142
139
139
139
143
139
139
142
143
139
142
139
139
139
142
139
139
142
139
142
139
143
142
139
139
142
139
142
142
139
139
139
142
139
139
139
143
142
139
139
139
139
142
142
139
139
142
139
139
139
142
142
139
139
142
139
143
139
139
142
142
139
139
139
139
139
142
139
142
139
139
142
139
139
139
139
139
139
142
143
139
139
142
139
139
139
139
139
142
139
141
139
139
139
139
139
139
139
139
139
143
139
139
139
139
143
143
139
139
142
139
142
143
139
139
143
139
139
142
143
139
139
142
139
139
139
142
139
139
139
139
142
139
143
143
139
143
139
142
139
138
142
139
142
142
139
142
139
139
139
139
141
139
142
142
139
139
139
139
139
139
142
139
139
139
139
142
139
139
139
139
142
139
142
142
139
139
139
142
139
143
139
142
139
139
143
142
142
142
139
139
139
139
139
139
139
139
139
141
139
142
141
139
139
142
139
139
139
139
139
139
139
139
139
142
139
139
143
142
143
143
139
139
139
139
142
139
142
143
139
139
142
142
139
139
139
139
142
139
143
139
139
139
142
139
142
142
139
139
139
139
141
143
143
143
139
139
143
139
139
139
139
139
142
139
139
139
142
139
139
139
142
142
143
142
139
139
139
142
139
139
142
139
139
142
139
143
139
139
139
139
139
139
143
139
142
142
143
139
143
142
142
139
139
142
139
139
139
142
139
142
139
141
141
143
139
139
139
142
134
282
219
47
126
263
