218
218
215
215
215
214
216
217
216
216
215
217
215
217
216
216
217
215
214
218
215
215
217
214
215
215
214
217
215
215
214
215
215
215
214
215
214
215
215
214
215
215
217
215
215
216
215
216
217
217
217
215
214
217
215
214
217
217
216
214
217
214
215
216
214
217
214
217
218
217
215
214
216
216
217
215
216
215
217
217
215
215
216
214
215
214
217
217
218
218
215
217
215
217
214
215
214
216
215
215
218
216
217
217
214
215
216
216
215
215
215
215
217
214
214
214
218
217
214
214
215
217
217
217
214
215
217
217
216
216
217
217
214
214
215
215
218
216
214
218
215
215
216
216
214
214
215
215
215
215
217
215
217
214
218
215
216
218
214
216
215
217
217
217
217
217
218
216
215
214
215
215
215
217
217
218
218
214
217
215
215
217
215
216
217
215
216
215
216
215
215
218
215
215
217
215
215
215
215
217
217
214
214
217
215
217
218
217
216
217
214
215
215
218
216
215
215
218
217
215
217
214
215
217
218
215
218
218
214
217
214
218
214
218
216
214
215
216
217
215
215
216
216
217
216
215
216
215
216
215
218
217
218
214
216
214
215
217
217
217
214
217
216
216
214
217
217
215
215
215
217
215
214
214
215
217
215
216
216
216
216
216
216
215
217
218
215
216
217
217
215
216
215
218
216
215
217
215
215
214
215
214
214
215
215
217
215
214
217
217
214
218
217
218
215
215
215
215
214
216
217
215
217
217
217
217
217
215
213
214
214
217
216
215
216
217
215
215
218
218
218
216
214
215
218
215
215
217
214
216
216
217
214
214
217
218
218
216
217
214
217
215
214
218
216
216
214
216
213
217
216
218
217
215
216
217
216
218
217
215
217
214
217
217
218
218
216
216
218
214
215
215
215
218
215
217
216
214
217
215
217
214
214
217
217
217
217
217
218
215
215
215
217
217
214
214
214
215
217
218
214
216
216
216
214
216
217
215
218
217
216
215
215
217
215
215
215
215
215
217
217
217
215
217
215
214
214
218
214
215
217
217
213
217
215
215
217
214
215
216
217
216
216
214
218
217
217
217
215
214
217
217
217
216
215
216
215
215
216
215
215
217
214
218
215
215
217
215
217
217
215
215
216
218
216
218
215
217
214
215
217
215
211
215
214
217
216
215
215
214
215
214
216
215
215
217
215
215
218
216
218
217
217
217
215
217
218
216
214
215
218
214
216
215
213
215
214
216
215
215
217
216
218
214
217
216
216
218
215
215
215
217
217
216
214
218
215
217
216
214
216
215
215
217
214
215
218
215
217
215
217
218
216
217
215
215
216
215
217
214
214
215
217
215
216
215
215
216
218
215
215
216
218
216
218
214
217
216
216
219
217
215
215
215
217
219
218
218
214
215
215
218
215
215
217
219
215
218
217
209
217
217
225
209
213
225
221
221
217
221
209
205
205
433
425
217
201
205
217
209
221
237
229
215
215
215
217
214
217
217
215
217
215
215
215
214
215
215
215
215
218
215
218
215
216
217
214
214
218
215
214
214
217
216
214
215
215
215
215
218
215
216
217
215
216
217
217
216
217
216
215
215
217
216
215
217
217
215
218
215
215
218
218
217
218
214
216
217
218
215
218
216
217
215
218
217
215
218
217
214
218
217
217
215
214
217
218
215
218
214
218
215
217
215
214
215
215
216
217
218
214
215
215
215
214
215
214
215
215
215
217
217
215
218
215
218
215
215
215
214
215
217
217
216
215
217
216
217
214
216
218
217
217
216
215
218
216
215
215
218
216
216
217
215
217
218
215
215
217
214
218
218
216
216
214
214
215
215
215
216
217
214
214
215
217
215
214
217
216
214
215
218
214
214
216
216
216
217
218
214
215
217
217
218
215
216
217
216
215
218
215
216
217
218
217
215
214
217
216
217
216
217
217
217
217
215
215
214
217
217
215
216
218
215
218
215
215
216
218
214
216
215
218
218
215
217
214
214
217
215
217
215
217
216
217
217
215
214
216
216
217
217
217
215
214
216
215
215
217
216
216
217
217
215
218
216
215
215
217
216
216
217
215
218
216
215
217
215
215
217
215
215
214
217
217
215
217
215
219
215
215
215
215
218
217
218
215
217
218
217
217
217
218
216
214
215
215
215
217
215
218
215
217
215
219
217
214
216
217
216
217
216
215
215
215
215
217
216
215
216
215
217
218
217
215
216
218
213
215
217
215
217
218
216
216
215
217
215
217
215
215
215
216
216
217
217
218
214
213
216
218
215
217
215
215
215
218
218
215
217
217
217
216
215
216
214
216
215
215
215
216
218
218
215
215
217
217
216
102
0
182
374
270
178
