271
275
271
274
275
271
275
271
275
275
271
271
271
271
271
271
271
275
275
271
271
275
271
271
274
275
271
275
274
271
274
275
275
275
275
271
271
271
275
271
274
275
275
271
271
275
275
271
275
275
271
275
275
275
271
271
271
271
271
271
271
275
271
275
275
275
271
275
275
275
271
271
271
275
271
275
271
275
271
271
275
271
271
275
275
275
275
271
275
271
271
271
271
271
271
271
275
275
275
275
271
271
271
275
271
275
271
271
275
271
271
275
275
271
271
275
271
275
271
275
271
275
271
271
271
271
275
271
275
271
271
274
271
274
275
275
271
275
271
271
271
274
275
271
275
271
274
275
275
275
271
271
275
271
271
275
275
275
275
271
271
275
271
275
271
275
275
271
271
271
275
271
275
275
275
271
275
275
271
275
271
275
275
274
275
271
275
271
271
271
271
271
274
275
271
274
271
271
271
275
275
271
271
275
275
275
271
275
271
275
275
271
271
275
271
271
271
275
275
271
275
274
271
275
271
275
275
271
271
271
271
275
271
271
271
275
271
275
275
275
275
275
271
271
275
271
275
275
271
275
271
275
275
275
271
271
271
271
271
271
271
271
275
271
274
271
271
275
271
275
271
275
271
275
275
271
271
274
274
275
275
271
271
275
271
271
271
271
275
271
271
275
274
275
271
271
275
275
271
275
271
271
271
274
275
275
275
275
271
275
275
275
275
271
271
271
275
275
271
275
275
275
271
271
275
271
275
275
275
275
271
275
271
275
275
275
275
271
271
275
275
271
271
271
271
275
274
275
275
271
275
275
271
275
271
274
275
271
275
275
271
275
271
274
271
275
271
275
271
275
271
275
275
271
271
275
274
275
275
275
271
275
271
275
275
271
275
271
271
271
275
275
275
271
271
275
275
275
275
275
275
271
271
271
271
275
274
275
271
271
271
275
271
275
275
275
271
275
275
271
271
275
275
275
275
271
271
275
275
275
271
275
271
271
271
271
271
271
275
275
275
271
271
271
275
275
271
275
271
275
271
271
271
271
271
271
275
275
271
271
271
271
271
274
275
275
271
271
271
275
271
271
275
275
271
271
275
275
275
275
271
271
271
274
271
275
275
271
275
275
271
275
275
271
275
271
274
275
275
271
271
275
275
275
274
275
271
275
275
271
275
275
275
271
275
274
271
275
275
271
274
271
275
275
271
275
275
271
271
275
271
271
275
271
271
275
274
271
271
275
271
271
275
271
275
271
271
275
275
275
275
275
271
271
271
275
271
271
271
274
271
275
271
275
275
274
271
275
271
275
275
271
275
271
271
271
271
271
271
271
275
271
275
275
271
275
271
271
275
275
275
275
271
271
271
271
274
271
275
275
271
271
271
271
271
271
275
271
271
271
271
271
271
271
271
275
271
271
143
111
183
271
0
123
251
175
271
199
87
167
219
159
143
215
255
115
103
319
227
175
251
87
183
279
275
271
271
271
275
271
275
271
274
274
275
271
271
275
271
275
275
275
274
275
271
271
274
271
271
275
271
271
271
275
271
275
275
271
271
275
271
271
271
271
271
275
275
271
271
275
275
271
275
275
271
271
271
275
275
275
271
275
275
271
271
275
275
275
275
271
271
271
275
275
271
275
275
275
271
275
271
271
271
275
275
275
275
274
271
275
271
271
271
271
275
275
275
275
275
275
275
271
275
271
271
271
271
271
271
275
275
275
274
271
271
271
271
271
271
275
271
275
271
271
271
271
271
271
275
275
271
274
271
275
271
274
275
275
271
271
271
271
271
274
271
271
271
271
271
275
271
271
275
271
271
271
271
271
271
271
275
271
275
275
275
275
271
271
271
275
271
271
271
275
271
275
271
271
275
271
275
271
274
275
271
271
271
271
271
275
275
275
271
275
271
271
271
275
275
275
274
271
271
275
271
275
271
275
275
271
271
271
275
271
275
271
275
275
275
275
271
275
271
271
275
271
275
275
275
271
275
275
275
275
275
275
275
271
271
271
275
271
275
271
271
275
271
271
271
271
275
275
275
271
274
271
271
274
275
271
271
275
275
275
275
271
271
271
275
271
271
271
275
275
274
275
275
275
271
275
275
275
271
271
271
271
275
275
275
275
274
275
271
275
275
274
271
275
271
275
274
275
271
271
275
275
271
275
275
271
275
275
275
275
271
275
275
275
271
271
271
275
275
275
271
271
271
271
271
271
271
271
271
271
275
271
275
275
274
275
275
275
271
271
275
275
275
271
274
271
275
271
274
275
271
271
271
275
275
271
271
271
275
275
275
275
275
274
275
274
271
271
271
275
275
271
271
275
347
143
115
295
230
99
