191
191
191
191
191
191
191
191
191
190
191
187
191
190
190
191
191
191
191
191
191
191
190
190
191
191
191
190
191
190
191
190
191
191
191
191
190
191
191
191
191
194
191
191
191
191
191
191
187
191
191
191
190
191
191
191
190
191
191
190
191
191
191
191
191
191
191
191
191
191
191
187
190
191
191
191
190
191
190
191
187
187
191
191
191
191
191
190
191
191
191
191
190
194
191
190
190
191
191
191
191
191
190
191
191
191
191
191
191
191
191
190
187
191
191
190
191
191
194
190
191
191
187
191
191
191
191
191
187
191
191
191
190
191
191
191
191
191
191
191
191
191
191
191
191
190
191
191
191
191
191
191
191
191
191
191
191
191
191
191
191
191
191
191
191
191
190
190
191
191
191
191
191
191
191
190
191
191
191
191
191
191
191
191
191
191
191
190
190
191
191
190
191
191
191
191
190
191
191
191
190
190
191
191
191
190
191
187
191
191
191
191
191
191
191
191
191
191
190
191
191
191
191
191
191
190
191
191
191
191
191
191
191
191
191
190
191
191
191
191
191
191
190
191
191
191
191
191
191
191
191
191
191
187
191
191
191
191
191
191
191
190
191
187
191
190
194
194
191
191
191
191
191
191
191
191
191
191
191
187
191
190
191
191
191
191
191
191
191
191
191
191
191
190
190
191
190
191
191
191
187
191
191
191
191
191
191
191
191
190
191
191
191
191
191
187
191
191
191
191
191
191
191
190
191
191
187
191
191
191
191
187
191
187
187
191
191
191
187
190
191
191
191
191
191
191
191
191
191
191
191
191
191
190
187
191
191
191
187
191
191
191
190
191
187
191
191
187
191
191
191
191
191
191
191
191
191
187
191
191
187
191
191
191
191
191
191
191
191
191
191
191
191
191
190
191
191
191
190
191
190
191
191
191
194
191
191
191
190
187
191
187
191
191
190
187
191
187
191
191
191
191
191
191
191
191
191
187
191
191
191
191
191
191
194
190
191
187
190
191
191
191
191
191
191
191
191
191
191
191
191
187
190
191
191
191
191
191
191
190
187
191
191
191
187
187
194
191
191
191
191
191
191
187
190
191
191
191
191
190
190
187
191
191
191
191
190
191
191
191
191
191
191
190
191
191
191
190
191
191
187
191
191
191
191
191
191
191
191
191
187
191
191
190
191
191
191
191
191
191
190
191
191
191
191
191
190
191
191
191
191
190
191
190
191
191
191
190
187
191
191
190
191
191
191
191
191
191
191
191
191
187
191
191
191
191
191
191
191
191
187
191
191
191
191
191
191
191
190
191
191
191
191
191
191
190
191
191
191
191
191
191
187
191
191
194
191
187
191
191
191
191
191
190
191
190
190
191
191
191
191
191
187
191
191
191
191
187
191
191
191
191
187
191
191
187
191
194
99
311
323
187
251
211
191
239
243
143
175
247
151
235
259
111
239
271
183
243
187
131
367
159
375
207
191
191
191
191
191
191
191
191
191
191
191
191
191
191
191
195
191
191
191
191
191
190
191
190
191
191
191
190
191
187
191
191
187
191
187
191
191
187
191
191
191
191
191
191
191
191
191
191
191
191
191
191
191
191
191
191
191
191
191
191
191
191
187
191
191
187
191
191
191
191
191
191
194
191
191
191
191
191
190
191
191
194
191
191
191
191
191
190
191
191
190
191
187
191
194
191
191
191
191
191
191
191
194
191
191
191
191
191
191
191
191
187
191
191
187
190
191
191
191
190
191
191
191
191
191
191
187
191
191
191
191
191
191
191
191
191
191
191
187
191
191
190
191
190
191
191
191
191
187
191
191
191
191
190
190
191
191
191
191
191
191
191
191
191
191
191
191
191
191
191
191
191
191
191
190
191
190
187
191
191
191
191
191
191
191
191
191
191
191
191
191
191
190
191
191
191
191
191
191
191
191
191
191
191
194
191
191
191
191
187
191
191
191
191
194
191
191
190
191
191
191
191
187
191
191
191
191
191
191
187
191
191
191
191
191
191
191
190
191
190
191
191
191
191
191
191
191
191
191
191
191
187
191
191
191
191
191
187
191
191
191
191
191
191
187
191
191
191
191
191
191
191
191
191
191
191
191
191
191
191
190
191
191
191
191
190
191
187
191
191
191
191
191
191
191
191
190
191
187
191
191
191
191
191
191
191
187
190
191
191
191
191
191
191
191
191
191
191
187
191
194
191
187
191
191
191
187
191
191
191
191
191
191
191
191
191
191
187
187
191
191
191
191
191
191
191
191
191
191
191
191
191
187
190
191
191
191
191
191
191
191
191
191
187
191
191
187
191
190
191
190
191
187
191
279
39
119
0
271
211
