215
215
215
214
214
215
215
215
215
215
215
215
215
215
215
215
215
215
215
215
215
211
215
211
215
214
215
215
215
211
215
215
211
211
215
215
215
215
215
215
215
214
215
215
215
215
215
215
215
215
215
215
215
215
215
215
211
215
215
211
215
215
214
215
215
215
215
215
215
215
211
215
215
215
215
215
215
211
215
215
215
215
215
215
215
215
215
215
215
215
215
215
215
215
215
215
215
215
215
215
215
215
211
215
211
215
215
215
215
215
215
215
215
215
215
215
215
215
215
215
215
215
215
215
215
215
215
215
215
215
215
215
215
214
215
215
211
215
211
211
218
215
215
215
215
215
215
215
214
215
215
215
215
211
215
211
215
215
215
215
215
215
215
215
215
215
211
215
215
214
215
215
215
215
215
215
214
215
215
215
215
211
215
215
215
215
215
211
215
215
215
215
215
214
215
215
215
215
215
215
215
211
215
215
215
215
215
215
215
215
215
215
215
215
215
215
215
215
215
215
215
215
211
215
215
211
211
215
215
211
215
215
214
211
215
215
215
215
215
211
215
214
215
215
215
211
215
215
215
215
215
215
215
215
215
215
215
215
215
215
215
215
215
215
215
215
215
215
215
211
215
215
215
211
215
215
215
215
215
215
215
215
215
215
215
211
215
215
215
215
215
215
215
214
215
215
211
215
215
215
215
215
215
215
215
215
215
211
215
215
215
215
215
215
215
215
215
215
215
215
215
215
215
214
215
215
215
215
215
215
215
215
215
218
215
215
215
215
215
211
215
215
215
215
215
214
215
215
215
215
215
215
215
215
215
215
215
215
215
215
215
214
215
215
215
215
215
215
215
215
215
215
215
215
214
215
215
215
215
215
211
215
215
215
215
215
215
215
215
215
215
215
215
215
215
215
215
215
215
215
211
215
215
215
215
211
215
215
215
215
215
215
215
215
215
215
215
215
215
215
214
215
211
215
215
215
215
215
215
215
215
215
215
215
215
215
211
215
215
215
215
215
215
215
215
215
215
215
215
215
215
215
215
215
215
215
214
215
215
215
215
215
215
215
215
215
215
215
215
215
215
218
215
214
215
215
215
215
215
211
215
215
215
211
215
215
215
215
211
215
211
215
215
215
215
215
215
215
215
215
215
214
211
215
215
215
215
211
215
215
214
215
215
215
215
215
215
215
215
215
211
215
215
215
215
215
214
215
211
215
215
215
211
215
215
215
215
215
215
214
215
215
215
211
215
215
215
215
215
215
215
215
215
215
215
215
211
215
215
211
215
215
215
215
211
211
215
215
215
214
215
215
211
215
215
215
215
215
211
215
215
215
211
215
215
215
215
215
215
211
215
215
215
215
215
215
215
215
215
215
214
215
215
215
211
215
215
215
215
211
215
215
215
215
215
211
215
215
103
87
299
199
135
247
367
215
243
139
375
175
355
391
387
123
335
159
79
123
247
207
227
311
267
215
215
215
219
215
215
215
219
215
211
215
215
215
215
215
215
215
215
215
215
214
215
218
215
215
215
215
215
215
215
215
211
211
215
215
215
211
215
215
215
215
215
215
215
218
215
215
215
215
215
215
214
215
215
215
215
215
211
211
215
215
215
215
215
215
215
215
215
215
215
215
215
215
211
215
215
215
215
215
215
215
215
219
215
218
215
215
215
215
215
215
215
215
219
218
215
215
219
215
218
215
215
215
215
215
215
215
215
215
215
215
215
215
214
211
215
215
215
215
215
211
215
215
215
215
215
215
215
215
215
215
214
215
215
215
215
215
215
215
215
215
215
215
215
211
215
215
215
215
215
215
211
215
215
215
215
214
215
215
214
215
215
215
215
215
215
215
215
215
215
214
215
215
215
215
215
215
215
215
215
219
215
215
215
215
214
215
215
215
215
215
215
215
215
215
215
215
215
215
215
215
215
215
215
215
215
215
211
215
215
215
215
215
215
215
215
214
215
215
215
215
215
215
215
211
215
215
215
215
215
215
211
215
215
215
215
215
215
215
215
215
215
215
215
215
215
215
215
215
215
215
215
215
215
215
215
215
215
215
215
215
215
215
215
215
215
215
215
215
215
211
215
215
215
215
215
215
215
218
215
215
215
215
215
215
215
215
215
215
215
215
215
215
215
215
215
215
215
215
215
215
215
215
215
215
215
214
215
215
215
215
211
215
215
211
215
215
214
215
215
215
215
215
215
215
215
215
215
215
214
211
215
215
215
215
215
215
215
211
215
215
215
215
215
211
215
215
215
215
215
215
214
215
215
215
215
215
215
215
215
215
215
215
211
214
215
211
215
215
215
215
215
215
215
215
99
0
179
371
267
175
