215
215
215
215
215
219
215
219
215
219
215
215
215
215
215
219
215
215
215
219
219
215
215
215
215
215
215
215
215
215
219
219
215
215
219
215
219
219
215
215
215
215
215
215
215
215
215
215
215
219
219
219
215
215
215
215
215
219
215
215
215
215
215
219
215
219
215
215
215
215
215
215
215
215
215
215
215
215
215
215
219
215
219
215
215
215
215
215
219
215
219
219
215
215
215
215
215
215
215
215
215
215
215
219
215
215
215
215
215
219
215
215
215
215
215
219
219
215
215
215
215
215
219
215
215
215
215
215
219
219
215
215
215
215
215
215
215
215
215
219
219
215
215
215
215
215
215
215
219
215
215
215
215
215
215
215
215
215
215
215
215
219
215
215
215
215
215
215
215
219
215
215
215
215
219
215
215
215
215
215
215
215
219
215
215
215
215
219
215
215
215
215
215
215
215
215
215
219
215
215
215
215
215
215
215
215
215
215
215
215
215
215
219
215
219
215
215
215
215
215
215
215
215
215
215
219
219
215
215
215
219
215
215
215
215
219
219
215
215
219
215
219
215
215
215
215
219
215
215
219
219
215
215
215
215
215
215
215
215
215
219
219
219
215
215
219
215
215
215
215
215
215
215
215
219
215
219
215
215
215
215
219
215
219
215
215
215
215
215
215
219
215
215
215
219
215
215
215
215
215
219
219
219
215
215
215
215
215
215
215
219
219
215
215
215
219
215
215
215
215
215
215
219
219
219
215
215
215
215
215
215
215
215
215
215
215
215
215
215
215
215
215
219
215
219
219
215
215
219
215
215
215
215
215
215
215
215
215
215
215
215
215
215
215
215
219
215
215
219
215
219
215
215
215
215
219
215
215
215
215
215
219
219
215
215
215
215
215
219
215
215
215
215
219
219
215
215
215
215
215
219
215
215
219
215
215
215
215
215
215
215
215
215
215
215
215
215
215
215
215
215
215
215
215
215
215
215
215
215
215
219
215
215
215
215
215
215
215
215
219
215
215
215
215
215
215
215
219
215
219
215
219
215
215
215
215
215
215
215
219
215
215
219
215
219
215
215
215
219
215
219
215
215
215
219
219
219
215
219
215
215
215
215
215
215
215
215
215
215
215
215
215
215
215
215
215
215
215
211
215
211
215
219
215
215
215
215
219
219
215
215
215
215
215
215
215
215
215
215
215
215
215
219
215
215
215
219
215
215
215
215
215
215
215
215
215
215
215
215
215
215
215
215
215
215
215
215
215
215
215
215
215
215
215
219
215
215
215
215
215
219
215
215
215
219
215
215
215
219
215
219
215
215
215
215
219
215
219
215
215
215
215
215
215
219
215
215
215
215
215
215
215
215
215
215
219
219
219
215
215
219
215
215
215
215
219
215
215
215
215
215
215
215
215
215
215
211
195
215
115
219
207
203
247
183
83
147
175
243
223
227
59
319
279
139
195
179
183
271
139
223
227
215
215
215
215
215
215
219
215
215
219
219
215
215
219
219
215
215
215
215
219
215
215
215
219
215
215
215
215
215
215
215
215
215
215
215
215
215
215
215
215
219
215
215
215
215
215
215
215
215
215
215
215
215
215
219
219
219
215
215
219
219
215
215
215
215
215
215
215
219
215
219
215
215
219
219
219
219
215
215
219
215
215
215
219
215
215
215
215
219
215
215
215
215
215
215
219
215
215
215
215
215
215
219
215
215
215
215
215
219
215
215
219
215
215
215
215
215
215
215
215
215
219
219
215
215
215
215
215
219
219
215
215
215
215
215
215
219
215
215
215
215
215
219
215
215
215
215
215
219
215
219
215
215
215
215
215
215
215
219
219
215
219
215
215
215
215
215
215
215
215
219
215
215
215
219
215
215
215
215
215
215
215
215
215
215
215
215
215
219
219
215
215
215
215
219
215
215
215
215
215
215
219
215
215
219
215
215
215
215
215
215
219
215
219
215
215
215
215
215
215
215
215
215
219
215
215
215
215
215
215
215
215
215
219
219
219
215
219
219
219
215
215
219
215
215
215
215
215
219
215
215
215
219
215
215
215
215
215
215
215
215
215
215
219
215
219
219
219
215
219
215
215
215
215
215
215
219
219
215
219
215
215
215
215
219
215
215
215
215
215
215
215
215
215
215
219
215
219
219
215
215
219
215
215
215
215
219
215
215
215
215
219
215
219
215
215
215
219
215
215
215
219
219
215
219
219
215
219
219
219
215
215
215
215
219
215
215
215
215
215
215
215
215
215
219
215
215
215
215
215
219
215
215
215
215
219
215
215
215
215
219
215
215
215
215
215
215
215
215
219
215
219
215
215
215
215
435
263
67
319
423
143
