219
215
215
219
219
219
215
219
219
215
215
215
215
219
219
219
215
219
218
219
219
219
219
215
215
219
215
219
219
215
219
215
219
219
215
219
218
215
219
219
219
219
219
215
219
215
219
215
219
219
219
219
218
215
219
215
215
219
219
219
215
215
215
215
219
215
219
218
219
215
219
215
219
219
219
215
219
215
219
219
215
219
219
219
215
219
215
215
219
215
219
215
219
219
215
219
215
219
219
219
215
219
215
219
215
215
219
219
219
215
219
219
215
219
219
219
219
219
219
215
219
215
219
219
219
215
219
215
215
219
215
219
219
219
218
219
215
215
215
219
215
219
219
219
219
215
215
215
219
215
219
219
215
219
219
219
219
219
218
215
219
215
218
219
215
215
219
215
219
219
219
219
219
219
218
219
219
219
219
219
219
219
215
215
219
219
219
215
215
219
219
219
218
215
215
219
215
219
219
219
219
219
218
219
215
215
219
215
219
218
215
215
215
219
215
215
219
219
218
215
219
215
215
219
219
219
215
219
219
215
219
219
219
219
215
219
215
215
219
215
219
215
219
219
219
219
215
219
219
215
219
215
215
219
219
219
219
215
215
218
219
219
219
215
219
219
215
219
219
219
215
215
215
219
219
215
219
219
219
215
219
219
215
218
215
219
215
219
219
215
215
219
215
215
219
215
218
215
219
218
215
219
215
219
215
215
219
215
219
219
218
219
219
219
219
219
219
215
219
215
219
218
219
218
219
219
219
219
215
215
219
215
219
215
215
219
219
215
215
219
219
218
218
219
215
219
215
215
219
219
215
215
219
215
219
215
215
215
219
219
215
219
219
215
219
215
219
219
219
215
219
215
219
219
219
219
218
219
219
219
215
219
219
219
219
219
215
219
218
215
219
218
219
219
218
219
219
215
218
219
219
219
215
219
219
219
215
219
219
219
215
218
219
215
219
219
215
215
215
219
215
215
219
215
219
219
219
215
219
215
215
219
219
219
219
219
215
219
219
215
219
219
219
219
219
219
219
219
219
219
219
215
219
215
219
219
219
215
219
215
218
215
215
215
219
218
215
215
219
219
219
215
219
219
219
219
215
215
219
218
219
215
219
218
219
215
219
219
219
219
215
215
219
219
219
219
215
219
219
219
215
219
215
219
215
215
215
215
219
219
215
219
219
215
219
219
219
219
219
215
215
219
215
219
219
219
215
219
219
215
215
219
219
215
218
219
219
219
219
215
219
219
219
219
219
215
219
219
215
219
215
218
218
215
218
219
219
215
215
219
219
219
219
215
215
219
215
219
218
215
218
219
215
215
219
219
215
219
219
215
219
215
215
219
219
215
215
215
219
215
219
219
215
219
219
219
219
215
219
219
219
219
219
219
219
219
215
219
215
215
219
215
219
219
215
219
243
435
319
175
283
115
207
235
235
203
287
207
283
0
223
375
319
187
247
235
303
163
203
247
222
215
219
219
215
215
215
219
219
219
219
215
219
219
215
215
219
219
219
219
219
219
218
219
219
215
219
215
215
215
219
219
218
219
219
219
219
219
215
215
219
219
219
215
219
219
219
218
219
215
215
219
219
218
219
215
215
219
218
219
219
219
219
219
215
219
219
219
218
219
219
219
215
215
218
215
219
219
219
215
219
215
218
219
219
218
219
219
215
215
219
219
219
219
215
219
219
219
219
219
215
219
219
215
219
215
219
219
219
219
215
219
215
219
219
219
215
219
218
219
215
215
219
219
219
219
218
219
219
215
219
219
215
219
219
215
219
215
215
215
215
218
218
219
218
219
215
218
219
219
218
215
215
218
215
219
215
219
219
219
219
219
215
219
219
219
215
215
219
219
219
215
219
215
215
215
219
219
219
218
218
219
219
219
219
215
219
219
219
218
219
215
215
219
218
215
219
219
215
219
215
219
219
219
219
218
218
215
215
219
219
219
219
219
215
219
215
215
215
215
215
219
219
215
219
219
219
219
215
215
215
219
219
215
215
218
219
219
219
215
219
215
219
219
215
219
219
219
215
219
219
219
219
219
219
219
215
219
218
219
215
219
219
219
215
219
215
215
219
219
218
219
219
219
219
219
219
219
215
219
219
215
215
219
219
219
219
215
219
218
219
219
219
218
219
215
219
219
219
215
218
219
219
215
215
219
215
215
219
219
219
219
219
215
218
215
215
218
218
215
219
215
219
215
219
215
219
219
215
219
219
219
219
219
215
215
219
219
219
215
219
219
215
215
219
215
219
219
219
219
219
219
215
219
219
219
215
219
219
219
219
215
219
215
215
219
219
219
218
219
219
219
219
219
215
219
219
219
215
363
303
131
207
343
