243
243
243
243
243
243
243
243
243
243
243
243
243
243
243
243
243
243
243
243
243
243
243
243
243
243
243
243
243
243
243
243
243
239
243
243
243
243
243
243
243
243
243
243
243
243
243
243
243
243
243
243
243
243
243
243
239
243
243
243
243
243
243
243
243
243
243
243
243
243
243
243
243
243
243
243
243
243
243
243
243
243
243
247
243
243
239
243
243
243
243
243
243
243
243
243
243
243
243
243
243
243
243
243
243
243
239
243
243
243
243
243
243
243
243
243
243
243
243
243
243
243
243
243
243
243
243
243
243
243
243
243
243
243
243
243
243
243
243
243
243
243
243
243
243
243
243
243
243
243
243
243
243
243
243
243
239
243
243
243
243
243
243
243
243
243
243
243
243
243
243
243
243
243
243
243
243
243
243
243
243
243
243
243
243
243
243
243
243
243
243
243
243
243
243
243
243
243
243
243
243
243
243
239
243
243
243
243
243
243
243
243
243
243
243
243
243
243
243
243
243
243
243
243
243
243
243
243
243
243
243
243
247
243
243
243
243
243
243
243
243
243
243
243
243
243
243
239
243
243
243
243
243
243
243
243
243
243
243
243
243
243
243
243
243
243
243
243
243
243
243
243
243
243
243
239
243
243
243
243
243
243
243
243
243
243
243
239
243
243
243
243
243
243
243
243
243
243
243
243
239
243
243
243
243
243
243
243
243
243
243
243
243
243
243
243
239
243
243
243
243
243
243
247
243
243
243
243
243
243
243
243
243
243
243
243
243
243
243
243
243
243
243
243
243
243
243
243
243
243
243
243
243
243
239
243
243
243
243
243
243
243
243
243
243
243
239
243
243
243
243
243
243
243
243
243
243
243
243
243
243
243
243
243
243
243
243
243
243
243
243
243
243
243
243
247
243
243
243
243
243
243
243
243
243
243
243
243
243
243
243
243
243
243
243
243
243
243
243
243
243
243
243
243
247
243
243
243
243
243
243
243
243
243
243
243
243
243
243
243
243
243
243
243
243
243
247
243
243
243
243
243
243
243
243
243
243
243
243
243
239
243
243
243
247
243
243
243
243
247
243
243
243
243
243
243
243
243
243
243
243
243
239
243
243
243
243
239
243
247
243
243
243
239
243
243
243
243
243
243
239
243
243
243
243
243
243
243
243
243
243
243
243
243
243
243
243
243
243
243
243
243
243
239
243
243
243
243
243
243
239
243
243
243
243
243
243
243
243
247
243
243
243
243
243
243
243
243
243
243
243
243
243
243
243
243
243
243
239
243
243
243
243
243
243
243
243
243
243
243
243
243
239
243
243
243
243
243
243
243
243
243
243
243
243
243
247
243
243
243
243
243
243
243
243
243
247
243
243
243
243
243
243
243
243
243
243
243
243
243
243
239
243
243
243
243
527
371
443
415
447
359
319
499
351
423
315
403
399
235
539
351
319
315
335
327
423
399
539
323
255
243
243
243
243
243
243
243
243
243
243
243
243
243
243
243
243
243
243
243
243
243
243
243
243
243
243
243
243
243
243
243
243
243
243
243
243
243
243
243
243
247
243
243
243
243
243
243
247
243
243
243
243
243
243
243
243
243
243
243
243
243
243
247
243
243
243
247
243
243
243
243
243
243
243
243
243
243
243
243
243
243
243
243
243
243
243
243
243
243
243
243
243
243
243
243
243
243
243
247
247
243
243
243
243
243
243
243
243
243
243
243
243
243
243
243
243
243
243
243
243
247
243
247
243
243
243
243
243
243
243
243
243
243
243
243
243
243
243
243
243
243
243
243
243
247
243
243
243
243
243
243
243
243
243
247
243
243
243
243
243
243
243
243
243
243
243
243
243
243
243
243
243
243
243
243
243
243
243
247
243
243
243
247
243
239
243
243
243
243
243
243
243
243
243
243
243
243
243
243
243
243
243
243
243
243
243
243
243
243
243
243
243
243
243
243
243
243
243
243
243
243
243
243
243
243
243
243
243
243
243
243
243
243
243
243
239
243
243
243
243
243
243
243
243
243
243
243
247
243
243
243
247
243
243
243
243
243
243
243
243
243
243
243
243
243
243
243
243
243
243
243
243
243
243
243
243
243
243
243
243
243
243
243
243
247
243
243
243
243
243
243
243
243
243
243
247
243
243
243
243
243
243
243
243
243
243
243
243
243
239
243
247
243
247
243
243
243
243
239
243
243
243
243
243
243
243
243
243
243
243
243
243
247
243
243
243
243
243
243
243
247
243
243
243
243
243
243
243
243
243
243
243
243
243
243
243
247
243
243
243
243
243
243
239
243
243
243
243
243
243
247
243
243
247
243
243
243
403
451
483
487
483
439
