391
391
391
391
391
390
391
387
387
391
391
391
391
391
391
387
391
391
391
391
391
391
391
391
391
391
391
391
391
391
391
391
391
391
391
391
391
391
391
391
390
391
391
391
387
391
391
391
387
391
391
391
391
391
390
391
391
391
391
391
387
387
391
391
391
387
391
391
387
387
391
391
387
391
390
391
391
391
391
391
391
391
391
391
391
391
390
391
391
391
391
391
391
387
387
391
391
391
391
391
391
391
387
391
391
387
387
391
387
391
391
391
391
391
391
391
391
391
391
391
391
391
387
391
391
391
391
390
387
391
390
391
390
391
390
391
391
391
390
391
391
387
391
391
391
391
391
390
391
391
387
391
391
391
391
391
391
391
391
391
391
391
391
387
387
387
391
391
391
391
391
391
390
387
390
391
391
391
391
391
390
391
391
391
391
391
391
391
390
391
391
391
391
391
391
391
391
391
387
391
391
391
391
391
391
390
391
391
391
391
391
391
391
391
391
391
390
391
391
391
391
391
391
391
391
391
391
391
391
391
391
387
387
391
391
390
391
391
391
390
387
391
391
391
387
391
390
391
390
390
391
391
391
387
391
391
391
391
391
391
391
391
391
391
390
391
387
391
391
387
387
391
391
391
390
391
391
391
391
391
390
391
391
391
391
390
391
391
391
391
391
391
390
387
391
391
391
387
387
391
391
391
391
391
391
391
391
387
391
391
391
391
391
391
391
391
391
391
391
387
391
391
387
391
391
391
391
391
391
391
391
387
391
391
391
391
391
391
391
391
391
391
387
391
391
391
391
391
391
391
391
391
391
391
391
391
391
391
391
390
391
391
391
391
387
391
391
391
391
391
387
391
390
387
391
387
391
391
387
391
391
391
387
387
391
391
387
391
391
387
391
391
391
391
391
391
391
391
391
387
390
391
391
391
391
391
387
391
391
390
390
391
391
387
391
391
391
391
391
387
391
391
391
391
391
391
391
387
391
391
387
391
387
391
387
391
391
387
391
391
391
391
391
391
391
391
390
391
391
387
390
391
391
387
387
391
391
391
391
387
391
391
391
391
387
391
390
391
391
391
391
387
391
391
390
391
391
391
391
390
391
387
391
391
391
387
391
391
391
391
387
391
391
391
391
391
391
391
387
390
391
391
390
391
391
391
391
391
390
391
391
391
391
391
391
390
390
391
391
391
391
391
391
391
391
390
391
391
391
387
391
391
391
391
391
390
387
391
391
391
387
387
391
391
387
391
391
391
387
391
391
391
391
387
391
391
387
391
391
387
391
391
391
391
391
387
391
391
391
391
387
387
387
391
391
391
391
391
391
387
391
391
391
391
391
391
391
387
391
391
391
391
387
391
391
391
391
391
391
391
390
391
391
391
391
391
387
387
391
391
387
387
390
391
387
391
391
387
215
135
399
163
267
395
259
171
211
175
379
151
247
179
347
0
107
171
303
155
395
227
175
343
299
387
387
391
391
391
395
391
394
390
391
391
391
391
391
391
387
391
391
391
391
387
391
391
391
391
391
391
391
391
387
391
387
391
391
387
391
391
387
391
391
391
387
391
391
391
390
391
391
390
390
391
387
391
387
391
387
391
391
387
391
387
387
391
391
391
391
391
391
391
391
391
391
391
391
394
391
391
391
391
391
391
391
391
391
391
391
391
391
391
390
391
391
391
391
391
391
391
394
390
391
391
391
391
391
391
394
391
391
391
387
387
387
391
391
391
391
391
391
390
391
390
391
391
391
391
391
391
387
391
387
391
391
391
391
391
391
391
391
391
391
391
391
391
391
391
391
391
391
391
391
391
391
387
391
391
391
391
391
387
390
391
391
387
391
391
391
391
387
391
391
391
391
390
391
391
391
387
391
390
391
387
391
391
391
391
391
391
390
391
391
391
391
387
391
391
391
391
391
391
387
390
390
391
391
391
391
390
387
390
391
391
391
391
387
391
391
391
391
391
391
391
391
391
391
391
391
391
387
391
391
391
391
387
391
391
391
391
390
387
391
391
391
390
390
387
391
391
391
391
391
391
391
391
391
391
391
391
391
391
391
391
391
387
390
391
391
391
391
387
391
391
391
391
391
391
391
391
391
391
391
390
391
390
391
391
391
391
391
390
391
387
387
391
391
391
387
390
391
391
391
391
391
391
391
391
391
391
387
391
391
391
390
391
391
391
391
391
391
391
390
391
391
387
391
390
391
391
391
391
391
391
391
391
387
390
387
387
390
391
391
391
391
391
390
391
391
391
391
391
391
391
391
391
390
387
391
391
391
391
391
387
391
387
391
391
391
391
391
391
387
391
391
391
391
387
279
207
439
367
267
307
