227
231
227
227
227
227
227
227
227
227
231
227
227
227
227
227
227
231
227
227
227
227
227
231
227
230
227
227
230
227
227
230
227
227
227
227
227
227
227
227
227
227
227
227
230
227
227
227
230
230
227
227
227
227
227
227
227
227
231
231
227
227
227
227
227
227
227
227
227
227
227
227
227
227
227
227
227
230
227
227
227
227
227
227
227
230
227
227
227
227
227
227
227
227
227
227
227
227
227
227
227
231
230
230
230
230
227
231
227
227
227
227
227
231
227
231
227
227
227
231
227
227
227
227
227
227
227
227
227
227
227
227
227
227
227
227
227
227
227
230
227
227
227
227
227
227
227
231
227
227
230
227
227
227
230
227
230
227
230
231
231
227
227
227
227
227
227
227
227
231
227
227
227
227
231
227
227
227
227
231
227
227
227
230
227
227
231
230
227
227
231
231
227
227
227
231
227
230
227
230
230
230
230
227
227
227
227
227
227
231
227
227
227
227
230
227
227
227
231
231
227
227
231
227
227
227
227
227
227
227
227
227
231
231
227
227
227
227
227
231
227
227
227
227
227
227
227
227
227
227
227
227
227
227
227
227
227
227
227
227
227
227
227
227
227
227
227
227
227
227
227
227
227
227
227
227
227
227
227
231
227
227
230
227
227
227
227
227
227
227
230
231
227
227
227
227
231
227
227
227
227
230
227
227
227
227
227
227
227
227
227
227
227
227
227
227
231
227
227
227
227
231
227
227
227
227
227
227
230
230
227
227
227
231
227
231
227
227
227
227
227
227
227
227
227
227
227
227
227
227
231
231
227
227
227
227
227
227
227
227
227
227
227
227
227
227
227
227
227
227
227
227
227
227
227
227
227
227
227
230
227
227
227
227
231
227
227
227
227
227
227
230
227
227
227
231
227
231
227
227
227
227
227
227
231
227
230
227
227
227
227
230
227
227
230
227
227
227
227
227
227
227
231
227
227
227
227
227
227
231
227
227
227
231
227
227
227
227
230
231
227
227
227
227
227
230
227
231
227
227
227
231
227
231
227
227
231
227
227
227
227
227
227
227
227
227
227
227
230
227
230
227
227
227
227
231
227
227
227
227
231
227
227
231
227
227
223
227
227
227
227
227
230
227
227
227
227
231
227
227
231
231
226
227
230
227
226
227
227
231
227
227
227
227
227
227
227
227
227
231
227
227
227
227
230
227
227
227
227
231
227
227
227
227
227
227
227
227
227
227
227
227
227
227
227
227
227
227
227
227
227
227
227
227
227
227
227
227
227
227
227
227
227
227
227
227
227
227
231
231
227
227
227
227
227
227
227
227
227
227
227
227
227
227
226
231
227
227
227
227
226
227
227
227
227
227
230
231
227
227
227
223
227
230
227
227
227
227
227
226
227
227
227
227
227
231
231
51
267
31
99
0
239
215
267
59
291
235
155
91
183
155
155
7
315
131
291
119
243
135
139
235
227
231
227
231
230
231
227
227
227
231
227
230
227
227
227
227
230
227
227
227
231
227
227
226
227
227
227
227
227
227
231
227
227
227
231
227
227
230
227
227
227
227
227
227
227
227
227
230
227
227
227
227
227
227
231
227
227
227
227
227
227
227
227
227
227
227
227
227
227
227
231
227
227
227
227
227
227
231
227
227
231
227
227
227
227
227
227
227
227
227
227
227
227
227
227
231
227
227
227
230
227
227
227
227
227
231
227
231
227
227
227
231
227
227
227
231
227
227
227
227
227
227
227
227
227
227
227
227
227
227
227
227
227
227
227
227
227
227
227
227
227
227
227
231
227
227
227
231
227
227
227
227
227
227
227
227
227
231
231
227
227
227
227
227
227
227
227
227
227
227
227
231
231
227
227
230
227
227
227
227
227
227
227
227
227
227
227
230
227
230
227
227
227
227
227
227
227
227
227
231
227
227
227
227
227
227
231
227
227
227
230
231
227
227
227
227
227
227
227
227
231
227
227
227
230
227
227
227
231
227
227
227
231
230
227
227
231
227
227
227
227
227
227
230
227
231
227
227
227
231
227
227
227
227
227
231
227
227
227
227
227
230
231
227
231
231
227
227
227
227
227
227
230
231
227
227
227
227
227
227
231
227
227
227
227
227
230
227
230
227
227
227
227
227
227
227
231
227
231
230
227
227
227
227
227
227
227
227
227
227
227
227
231
227
227
227
231
227
227
227
231
227
227
227
230
227
227
230
227
231
227
227
230
227
227
227
227
227
227
227
230
231
227
227
227
227
227
227
230
227
227
227
230
231
231
227
227
231
227
227
231
227
231
230
227
227
227
230
227
227
227
227
227
227
230
227
131
167
235
159
343
407
