243
243
247
243
243
243
243
243
243
247
243
243
243
243
243
243
247
243
243
243
243
243
243
243
246
243
243
243
243
243
243
239
243
243
243
243
243
243
243
247
243
243
246
243
243
243
243
243
243
243
243
243
247
243
243
243
243
243
243
243
243
246
243
243
243
243
243
243
243
243
243
243
247
243
243
243
243
243
243
243
243
243
243
243
243
247
243
243
243
243
243
243
243
243
246
243
243
243
243
246
243
243
243
246
247
243
243
243
243
243
246
243
243
243
243
243
243
243
243
243
243
243
243
243
247
243
246
243
243
243
243
243
243
243
243
247
243
243
243
243
243
246
243
243
243
243
243
243
243
243
243
243
243
243
243
243
243
243
243
243
243
243
243
243
243
243
243
243
243
243
243
243
243
243
243
243
243
243
246
243
243
243
243
243
243
243
243
243
243
243
243
243
243
243
243
243
246
243
243
243
247
243
243
243
243
243
243
246
243
243
243
243
243
243
243
243
243
243
246
243
243
246
243
243
243
243
243
243
243
246
243
246
243
243
243
243
243
243
243
243
243
243
243
243
243
243
243
243
243
247
243
243
243
247
243
243
243
243
243
243
243
243
243
243
243
243
243
243
243
243
243
243
243
243
243
243
243
247
243
243
243
243
243
243
243
243
243
243
243
243
243
243
243
243
247
243
243
243
247
243
243
243
243
243
243
243
243
247
243
243
243
246
243
243
243
243
246
243
243
243
243
243
242
243
243
243
243
243
243
243
243
243
243
243
243
243
246
243
243
243
243
243
243
243
243
243
243
247
243
243
243
243
243
243
243
243
243
243
243
243
243
243
243
243
243
243
243
243
243
243
243
243
243
243
243
243
243
243
243
243
243
243
243
243
243
243
243
243
243
243
243
247
243
243
243
243
243
243
243
243
243
243
246
243
243
243
247
243
243
247
243
243
243
243
243
243
243
243
243
243
243
243
243
243
243
243
243
243
243
243
243
243
243
243
243
243
243
243
246
243
243
247
243
243
243
243
243
243
243
243
247
243
243
246
243
246
243
243
243
243
246
247
243
243
243
243
243
243
243
243
243
243
243
246
246
243
243
243
247
243
243
243
243
243
243
243
243
243
243
246
243
243
243
243
243
243
246
243
243
243
247
243
243
243
243
243
243
243
243
243
243
243
243
243
243
243
243
243
243
243
243
243
243
243
243
243
243
246
243
243
243
243
242
243
247
243
243
243
243
243
243
243
243
243
243
243
243
243
243
243
243
243
243
243
243
246
243
243
243
243
243
243
243
243
243
243
243
246
243
243
243
246
246
246
243
243
239
243
239
243
243
243
243
243
243
243
243
243
243
243
246
243
243
243
243
247
243
243
243
243
243
243
243
243
243
243
243
243
243
243
243
243
243
247
243
247
243
123
223
203
35
147
75
159
51
91
83
119
215
0
43
183
95
47
227
203
103
179
199
115
271
243
243
243
239
243
243
243
243
243
243
243
243
247
243
243
243
243
243
243
247
247
242
247
247
246
243
243
243
243
243
243
243
243
246
243
243
243
246
243
243
243
243
243
243
243
243
243
243
243
243
243
243
243
243
246
243
247
247
243
247
243
243
243
243
247
247
243
247
247
247
247
243
243
243
243
243
246
247
247
243
243
243
243
243
243
243
243
243
243
243
243
243
243
243
243
247
243
243
243
243
246
243
243
243
243
243
243
243
247
243
243
243
243
243
243
243
243
243
243
243
247
243
243
243
243
243
243
243
243
243
247
243
243
243
243
243
243
243
243
243
243
243
243
243
243
243
243
243
243
243
243
243
243
243
243
243
243
243
243
246
243
243
243
243
243
243
247
243
243
243
247
243
243
243
243
243
243
243
243
243
243
243
243
243
243
243
243
243
242
243
243
247
247
243
243
243
243
243
243
243
247
243
243
247
247
243
246
243
243
243
243
243
243
243
243
243
243
243
243
243
243
243
243
243
243
243
243
243
243
242
243
243
243
243
243
243
243
247
243
243
243
243
243
243
243
243
247
243
243
243
243
243
243
243
243
246
243
243
243
243
243
243
243
243
243
243
243
243
243
243
243
243
243
247
243
243
243
243
243
247
243
243
247
243
246
243
243
243
243
243
243
243
243
243
243
243
247
247
243
243
243
243
243
243
243
243
243
243
243
243
243
243
246
243
247
247
243
243
243
246
243
243
243
243
243
243
243
243
246
243
243
243
243
243
243
246
243
243
243
243
243
243
247
243
243
243
243
243
243
243
243
243
243
243
243
243
246
243
243
243
243
243
243
243
243
243
243
243
243
243
243
243
243
243
243
246
243
115
179
59
126
267
111
